2.997021866E+1
2.974632072E+1
2.945885277E+1
2.912373161E+1
2.886086464E+1
2.856444359E+1
2.825037956E+1
2.792946625E+1
2.765192795E+1
2.734452629E+1
2.704191399E+1
2.672305679E+1
2.643205070E+1
2.613656807E+1
2.585077477E+1
2.554093170E+1
2.523691368E+1
2.492065620E+1
2.463887024E+1
2.429890633E+1
2.403371620E+1
2.372601318E+1
2.341413879E+1
2.320125580E+1
2.283709526E+1
2.248047638E+1
2.220791626E+1
2.189983559E+1
2.171197319E+1
2.141964912E+1
2.106170464E+1
2.079040337E+1
2.039383888E+1
2.019443893E+1
1.988724518E+1
1.955656624E+1
1.926451302E+1
1.894585228E+1
1.865913773E+1
1.835879517E+1
1.805381584E+1
1.775796700E+1
1.745177078E+1
1.713208961E+1
1.683049583E+1
1.653457451E+1
1.623313522E+1
1.593094921E+1
1.562283802E+1
1.533314705E+1
1.508333492E+1
1.473022461E+1
1.443306351E+1
1.413339329E+1
1.379961681E+1
1.359524441E+1
1.317987156E+1
1.299899006E+1
1.268279552E+1
1.238943005E+1
1.208093929E+1
1.177045536E+1
1.148267651E+1
1.116977215E+1
1.085070705E+1
1.055317020E+1
1.025001907E+1
9.939488411E+0
9.638275146E+0
9.334843636E+0
9.049440384E+0
8.704505920E+0
8.406285286E+0
8.190933228E+0
7.788262844E+0
7.573231220E+0
7.284002781E+0
6.948083878E+0
6.654078960E+0
6.352660656E+0
6.055031300E+0
5.745798111E+0
5.449828625E+0
5.130824089E+0
4.843676567E+0
4.516412258E+0
4.218660355E+0
3.920280457E+0
3.714513779E+0
3.298784256E+0
3.088900328E+0
2.684944153E+0
2.481283188E+0
2.169739485E+0
1.880606174E+0
1.596829653E+0
1.240341425E+0
9.224773049E-1
6.338235736E-1
3.084897399E-1
1.824802347E-2
-2.196596861E-1
-4.824065566E-1
-8.368870616E-1
-1.086510181E+0
-1.444718599E+0
-1.729927897E+0
-2.021347046E+0
-2.358533144E+0
-2.658328533E+0
-2.958020687E+0
-3.271699190E+0
-3.595860004E+0
-3.894244432E+0
-4.124000072E+0
-4.440121651E+0
-4.754459858E+0
-5.057827473E+0
-5.398933411E+0
-5.593907833E+0
-5.901898861E+0
-6.327304363E+0
-6.539522648E+0
-6.828437328E+0
-7.120315552E+0
-7.445781708E+0
-7.775538445E+0
-8.074043274E+0
-8.378390312E+0
-8.736577034E+0
-8.998117447E+0
-9.216504097E+0
-9.533392906E+0
-9.869367599E+0
-1.017033100E+1
-1.051467133E+1
-1.077853870E+1
-1.100120831E+1
-1.132790470E+1
-1.166027451E+1
-1.197167110E+1
-1.226885223E+1
-1.258072186E+1
-1.280819225E+1
-1.309713364E+1
-1.342494392E+1
-1.375148487E+1
-1.405078793E+1
-1.436941242E+1
-1.469617367E+1
-1.502177715E+1
-1.531071663E+1
-1.549406910E+1
-1.583207417E+1
-1.613821411E+1
-1.645019722E+1
-1.675810242E+1
-1.706124687E+1
-1.735402870E+1
-1.763032722E+1
-1.799266052E+1
-1.827527428E+1
-1.858240128E+1
-1.887526512E+1
-1.918554115E+1
-1.952148628E+1
-1.969154358E+1
-2.012095070E+1
-2.031998253E+1
-2.060873032E+1
-2.091740417E+1
-2.121620560E+1
-2.152457047E+1
-2.180758858E+1
-2.214457321E+1
-2.241012383E+1
-2.274711990E+1
-2.306125259E+1
-2.334101295E+1
-2.366676331E+1
-2.396370125E+1
-2.426530266E+1
-2.459425926E+1
-2.486634636E+1
-2.518622398E+1
-2.539339828E+1
-2.569469070E+1
-2.611359787E+1
-2.632420921E+1
-2.664781380E+1
-2.692525864E+1
-2.724031067E+1
-2.755030441E+1
-2.785393143E+1
-2.811877251E+1
-2.845370865E+1
-2.877381897E+1
-2.906284332E+1
-2.941234207E+1
-2.971485519E+1
-2.989928246E+1
