6.568115950E-2
4.263196513E-2
-1.924260333E-2
5.828512833E-2
-4.294436797E-2
6.371949613E-2
-6.935184356E-3
5.944423005E-2
-1.475617476E-2
-8.872239292E-2
4.007229116E-3
-1.151620671E-1
1.365367207E-3
-7.466249913E-2
1.379645988E-2
-5.751144886E-2
1.404972561E-2
-6.604158878E-2
3.876323998E-2
-2.429608628E-2
3.087120317E-2
-3.888684884E-2
7.503095269E-2
7.583022118E-2
9.256355464E-2
9.219249710E-3
-7.375140488E-2
2.205293626E-2
4.475347698E-2
-5.062392727E-2
8.423076570E-2
-1.666323654E-2
-3.336564451E-2
-2.013988979E-2
1.104526967E-1
1.156640146E-2
-8.911051601E-2
4.587113857E-2
-5.733514950E-2
3.708313033E-2
-5.730620399E-2
8.301179856E-2
-4.926878586E-2
8.159877360E-2
3.113890532E-3
-7.392244041E-2
-6.015570252E-4
-8.037776500E-2
4.685197026E-2
-4.059853405E-2
-3.587001935E-2
-2.457171865E-2
1.222147718E-1
7.951603271E-3
-9.288779646E-2
-9.323184937E-2
-8.917103708E-2
-5.811797455E-2
5.521501601E-2
-4.045052081E-2
7.117341459E-2
-6.680602673E-3
1.054518372E-1
-4.494619556E-3
-8.483853936E-2
4.481531307E-2
-3.243744373E-2
5.801607296E-2
-1.615012623E-2
6.940449774E-2
-2.902003238E-3
-8.077509701E-2
3.898427263E-2
3.760939837E-2
6.629820913E-2
7.896546274E-2
-2.864173986E-2
8.821855485E-2
2.346399054E-2
-5.687006190E-2
3.993615881E-2
-4.221417382E-2
7.563089579E-2
2.745503327E-3
1.169817001E-1
4.458902031E-2
-4.687229916E-2
5.475189909E-2
6.786582619E-2
7.302127033E-2
8.381041139E-2
-9.510996193E-2
-7.744842768E-2
2.938712947E-2
-6.448778510E-2
6.009088084E-2
-2.336265752E-3
-1.047057882E-1
6.020201836E-3
-6.150647625E-2
7.383106649E-2
6.301495433E-2
-3.344590217E-2
5.544788763E-2
1.023951219E-3
-1.001062095E-1
2.809053846E-2
-4.533230886E-2
7.284957916E-2
-3.869476169E-2
-1.163501143E-1
8.804813959E-3
-8.007187396E-2
3.131326661E-2
4.624084011E-2
-3.780010715E-2
-1.092343181E-1
-1.149134431E-2
-7.137530297E-2
-5.113308877E-2
5.274550617E-2
8.295457065E-2
-9.378705919E-2
3.637859225E-2
-6.918998063E-2
4.633622617E-2
-1.504562236E-2
5.025034025E-2
-1.187880803E-2
-9.378640354E-2
-1.446873881E-3
2.522632852E-2
-6.163541228E-2
5.996391922E-2
-1.110519562E-2
-8.896710724E-2
2.584798262E-2
3.164021298E-2
-3.144476935E-2
6.187361479E-2
-2.995477617E-2
6.951107085E-2
2.329361252E-2
5.767399818E-2
-4.276083410E-2
7.296009362E-2
-1.523968298E-2
-8.774419129E-2
-3.533523995E-3
-5.359470472E-2
4.435088485E-2
-3.235718608E-2
4.092747811E-3
-9.441989660E-2
8.410771377E-3
-5.542085320E-2
1.892493479E-2
-6.436607987E-2
-1.098336056E-1
1.575943641E-2
-9.185499698E-2
3.581351042E-2
-6.412531435E-2
6.952488422E-2
-4.145309795E-3
-1.006009057E-1
8.737061173E-2
-6.623959541E-2
-4.837018624E-2
6.778228283E-2
-2.980413288E-2
9.535934776E-2
-1.257742848E-2
1.309323907E-1
3.913294151E-2
-2.502102032E-2
5.191334710E-2
2.162662335E-3
-9.228127450E-2
7.496344042E-4
-5.883238092E-2
2.274300531E-2
-2.731225640E-2
4.691907018E-2
1.181831467E-3
2.056623064E-2
-8.186513186E-2
-4.753342271E-2
-3.871646896E-2
7.051952928E-2
-3.273610026E-2
-7.093850523E-2
2.640779875E-2
-3.217496723E-2
7.258052379E-2
2.777737100E-3
-9.745053947E-2
3.786727041E-2
-6.412333995E-2
4.752032831E-2
7.059649378E-2
