4.215993424944532714e-07
3.458141174121397654e-07
3.427580157078802365e-07
3.822393429706492621e-07
3.638367536508791036e-07
3.694673282226773196e-07
4.266520992135950968e-07
4.128858994650700436e-07
3.633059149731131562e-07
3.735599822970145965e-07
3.622554818626001238e-07
3.325073844843681585e-07
4.002233040657066626e-07
4.525954722992690773e-07
3.876842214797759786e-07
4.030435777669731863e-07
5.309266955108485671e-07
5.300758876421089975e-07
4.403648979596798422e-07
4.563428728968870940e-07
4.867834023805045387e-07
4.673282388209124139e-07
4.724159349226619899e-07
3.577536136603472704e-07
1.331950147170459415e-07
1.988296590943523183e-07
4.875780964429751012e-07
4.868094764806630416e-07
3.409079070533728476e-07
4.256201921839423934e-07
3.886547041155502693e-07
1.486129010948774246e-07
4.041625754937106342e-07
9.990417570308032518e-07
9.336073939877866087e-07
4.053075350081642059e-07
3.506479289470652962e-07
5.033328996167473757e-07
2.955638967613042981e-07
2.949944553798367684e-07
8.612575875826158426e-07
1.218336800399144717e-06
9.201871351339889851e-07
4.496024886931896104e-07
2.149323384551831085e-07
2.531743624168787833e-07
4.583065187830490852e-07
6.241616953911976730e-07
7.858403103681203740e-07
1.012936726317116746e-06
8.775893496966901906e-07
4.549346249822427019e-07
7.850429779644410774e-07
1.679368913546078286e-06
1.529522904946126485e-06
5.991988280166064009e-07
5.527526728860439772e-07
6.723660846229613004e-07
4.359097927843639212e-07
4.531637003945271431e-06
1.683263247453749265e-05
2.995669647657618249e-05
3.043522130571926321e-05
1.670233464650708289e-05
3.555820156354649482e-06
1.348631195159359793e-06
1.104922111457999878e-06
1.961312508708149086e-05
1.986215242620948719e-04
8.294169294383056451e-04
2.166856122564188390e-03
4.124169091422423897e-03
6.166383007515851764e-03
7.588309890492987188e-03
7.958149629167497047e-03
7.327795140188051067e-03
6.076242742435820215e-03
4.610194908611103641e-03
3.194596468730603010e-03
1.968278981056892796e-03
1.019366977983732041e-03
4.027836845828503508e-04
1.006487381918140072e-04
9.253495688177647405e-06
2.743222105177999297e-07
3.061980637565561604e-07
3.459544598717579496e-06
1.989699959526720983e-05
3.849698625206220159e-05
4.082718796783105225e-05
2.636725685627907463e-05
9.650528476375059978e-06
1.247212850255391363e-06
4.351595240030943378e-08
3.571603004078769959e-07
3.436915398499961332e-07
1.970939267090012371e-06
5.242885897193894528e-06
6.676284194502309151e-06
4.523407847795523129e-06
1.476031581327537933e-06
2.863008033701342510e-07
3.489843408161855021e-07
2.365191747697086043e-07
1.942550799492075506e-07
7.141388932201760722e-07
1.213097874969658960e-06
1.098151527081492355e-06
6.545834349478314480e-07
4.640853894225731679e-07
6.019230628097262506e-07
6.254701900362412074e-07
3.308600037550825945e-07
1.461184262891966842e-07
3.270851028584896698e-07
4.218161892143385580e-07
1.898514226152463444e-07
1.255927399655301678e-07
4.599098688138436465e-07
7.029663631727243542e-07
5.593164561562522375e-07
3.104844790285351701e-07
2.065843151649451842e-07
1.996409906575626860e-07
1.526129772207984481e-07
3.031505229071991921e-08
6.202650740682420891e-08
4.499937979525603658e-07
8.027824571162809593e-07
5.972407675288213527e-07
1.420044268208021789e-07
7.038981926177362871e-08
2.205032989708534361e-07
1.240931317167642268e-07
1.900251038730939514e-09
2.368439580783204313e-07
5.657667764032642545e-07
5.741298773112880993e-07
3.315639143084320089e-07
1.185583697578403485e-07
4.966080226632376199e-08
8.125837644680156769e-08
1.011882880997830935e-07
8.920751098680408706e-08
1.781082564552107505e-07
3.641797674138276586e-07
4.058314335297679542e-07
2.200002297161228090e-07
3.385823627733800280e-08
2.357137746607694191e-08
1.317492774172569759e-07
2.298087549952281883e-07
2.255346187720461311e-07
1.192305785474842406e-07
3.959447782332086893e-08
7.611436625696114931e-08
1.446230678779228779e-07
1.549798692702146308e-07
1.419227352763845590e-07
1.413737836360217798e-07
1.244871564007693559e-07
8.193634324029508131e-08
4.672058533545380851e-08
5.558716534516604814e-08
1.152765467784471027e-07
1.681657713966959049e-07
1.507344402310554602e-07
9.254179819819773321e-08
5.638612152088295888e-08
4.586537463225221980e-08
6.096830790590666939e-08
1.070252739069416601e-07
1.249579771055670883e-07
8.622522341987584111e-08
7.432129753814433029e-08
1.131740977489329390e-07
1.074088205434897981e-07
5.097893901469683541e-08
3.600655408043949253e-08
5.550409339042245808e-08
5.459655020239523183e-08
6.327416080894321173e-08
8.787381771806881390e-08
7.399250418760887116e-08
5.329421010095076448e-08
8.954302198024080938e-08
1.320420364659010596e-07
1.274031710387946691e-07
1.172317564767464084e-07
1.120888545919359439e-07
8.146413498502529868e-08
6.100456390528722692e-08
7.676005449782014049e-08
8.480214363064334260e-08
8.678363905366340724e-08
1.057866642465537729e-07
8.252374173632250361e-08
1.374428169250501175e-08
2.182761670638676794e-08
1.221331799275578946e-07
1.936422548450827624e-07
2.244739983166583653e-07
2.629516975590535743e-07
2.291113020283069176e-07
9.122430169667832922e-08
3.824428745503237959e-09
3.728758088429752110e-08
7.777801397547408942e-08
9.482422577709199241e-08
1.598027442898301001e-07
2.212455405218138467e-07
1.807522457904303327e-07
8.465867732049890733e-08
2.582479168615591094e-08
2.085678455092449285e-08
7.011482650109961631e-08
1.515221864370724004e-07
1.773345687569954235e-07
1.181862735085254890e-07
7.230742092455201468e-08
1.041481648098283485e-07
1.473598285517082684e-07
1.399501686178550872e-07
1.676226353704015697e-07
4.466644334221571886e-07
1.168687768986578470e-06
2.317737477329507417e-06
3.635777970656728689e-06
4.741456149579256512e-06
5.226887667176785234e-06
4.791331438790027721e-06
3.526747965677018904e-06
2.002095273853218372e-06
8.408457019061992952e-07
2.559097489049251667e-07
9.596764917824279753e-08
1.677692941519097535e-07
3.438882900231533099e-07
4.907274660828161256e-07
4.871915172423772147e-07
3.265348579355721790e-07
1.289159497422716887e-07
3.018462059962027459e-08
7.986369526639450728e-08
2.474685850712179287e-07
4.621649560012296094e-07
6.121406521531907891e-07
5.915315952235184612e-07
4.098871615175054709e-07
1.933580686032228896e-07
5.502054909088223330e-08
2.468797129229882432e-08
8.283801722818338272e-08
1.881033046799883799e-07
2.919666289974344834e-07
3.627027328835510747e-07
3.761512023446272223e-07
3.116288351822293459e-07
1.943064938463360323e-07
9.237677044718881450e-08
6.291716195660798330e-08
1.576048488204625216e-07
4.206107405613802874e-07
7.885647863387422518e-07
1.081452298461407127e-06
1.174378402613912472e-06
1.091564832704510727e-06
9.444261270830063966e-07
9.226438789921718250e-07
1.271789589993827648e-06
2.078583028837362949e-06
3.124133176403521775e-06
4.059172864553583316e-06
4.635074012896514979e-06
4.781842027387059107e-06
4.699381075919170845e-06
4.892929743130189163e-06
5.884644491985973545e-06
7.812688128303551085e-06
1.031434966526728096e-05
1.264857538824728999e-05
1.397066951121060115e-05
1.388048731269500245e-05
1.290539349337920324e-05
1.224922587745378787e-05
1.290978795420237372e-05
1.498339120449368918e-05
1.760704640668197686e-05
1.946890394950761741e-05
1.969784985799458399e-05
1.860921253318550964e-05
1.759687887648855935e-05
1.819054269707117780e-05
2.106585301522438634e-05
2.561724650097574790e-05
3.024548055181331405e-05
3.330882572339467556e-05
3.425571758367203131e-05
3.407018469391950486e-05
3.461540806878452600e-05
3.731301637768496806e-05
4.200718468488405066e-05
4.682306766040831799e-05
4.929738804225452370e-05
4.804052869012177276e-05
4.369814071221314947e-05
3.861921456036069352e-05
3.549709655737446425e-05
3.572795195859187567e-05
3.854622157665951325e-05
4.165416328979779851e-05
4.284917586287017427e-05
4.145413495755535772e-05
3.879016753844025366e-05
3.740889349300230080e-05
3.925863008117345693e-05
4.401748322200384244e-05
4.913752677373297878e-05
5.163096472849600127e-05
5.014437970211425285e-05
4.593165938275644916e-05
4.204279900722695352e-05
4.102928254200876755e-05
4.289677694818486289e-05
4.518692940447337588e-05
4.505247233632712309e-05
4.147029068161357329e-05
3.605162866898506537e-05
3.199053899330724516e-05
3.171653904429739082e-05
3.491453397729140469e-05
3.860335683763106116e-05
3.932383057213907672e-05
3.579817335362651633e-05
3.002525142310162869e-05
2.577946851059787964e-05
2.559782931169090960e-05
2.881015113739487658e-05
3.210729854820267579e-05
3.197652837106424752e-05
2.733953848503369358e-05
2.053273368489934628e-05
1.545191500967815908e-05
1.428478462334117707e-05
1.601608072987656362e-05
1.772646356637765281e-05
1.690109110626086792e-05
1.316643959970429013e-05
8.702874017673791220e-06
6.625175539952607135e-06
8.260461833819317902e-06
1.196041342154751379e-05
1.446680206882593210e-05
1.339342125827266350e-05
9.119212638134529343e-06
4.676854043672657142e-06
3.190281331243889917e-06
5.176346081297974833e-06
8.482083801131399869e-06
1.024712665172452055e-05
8.841807164473493042e-06
5.112557049866080519e-06
1.956808674658679890e-06
1.684766319938760957e-06
3.947326083864081340e-06
6.484869897166663808e-06
6.839537752457604524e-06
3.989603043637933564e-06
4.904450236574524147e-07
2.074831515463503305e-06
1.369858995354729413e-05
3.868285070647356082e-05
8.125664687248261770e-05
1.422734438900427221e-04
2.117670646311685747e-04
2.758076478359981548e-04
3.303995207965440117e-04
3.751848819899614032e-04
3.953129247476879155e-04
3.693648780260003857e-04
2.985807476494464806e-04
2.108642525345544175e-04
1.328556271629252725e-04
7.305776262459974372e-05
3.195720405604396598e-05
1.068525953068853905e-05
5.623382961224534611e-06
7.045103231367216810e-06
7.435237684483087760e-06
5.544281117482714350e-06
2.817594971909492733e-06
6.663763187446473630e-07
8.194023006120819397e-08
7.539834415345368379e-07
1.308465816487623242e-06
1.100333848346339532e-06
5.536587288262118062e-07
1.426070585109970567e-07
1.797714644402874790e-07
7.997132099580287794e-07
1.492143501871423910e-06
1.526673049556351033e-06
9.340648830935034036e-07
3.255089252823549647e-07
8.002442406600586821e-08
2.224032561929876809e-07
5.766010435768243415e-07
7.883456760536318232e-07
6.467601680208733566e-07
3.387474740004807786e-07
1.287434468263903904e-07
7.803049280708626722e-08
1.621415071461022335e-07
2.977868602410007920e-07
3.154773667222985486e-07
1.800887090895679591e-07
5.275913843224034434e-08
2.606954277785523451e-08
5.637755768225018962e-08
1.169424011889884043e-07
1.757167783008196217e-07
1.600067404381308570e-07
8.635173132926926978e-08
4.684014075293082887e-08
5.832288241974496114e-08
8.815283469286473396e-08
1.223455200540442837e-07
1.154120298513491632e-07
4.713500721495388413e-08
1.445428238682469097e-08
7.499039347086934236e-08
1.223535463510728484e-07
8.261188246211676522e-08
3.637875886486971411e-08
3.905895778500571921e-08
4.460621040540429198e-08
4.127176476998964093e-08
5.879706364876645363e-08
7.315438340862147283e-08
5.327041540959267124e-08
2.708929780514379704e-08
2.269193474211919936e-08
3.325865142859915255e-08
5.365918723937064498e-08
7.353510858785579208e-08
6.492698875523191923e-08
2.792550718276123820e-08
2.104058666695699596e-09
1.308785691367831504e-08
4.559930887308583689e-08
6.535641214316847868e-08
5.249386430280145047e-08
2.368399285193097114e-08
9.448839382526920495e-09
1.059510768364566272e-08
1.187209202271070685e-08
1.821950611516219755e-08
3.252225472541342871e-08
3.476402434262086383e-08
1.945526665788555345e-08
7.475425047939848551e-09
8.190239718049138399e-09
1.477344130940290056e-08
2.280943900875536626e-08
2.289141274693498615e-08
9.610927616873537458e-09
2.601016998703613649e-09
1.451197086727407327e-08
2.341177936492100130e-08
1.686121459222914784e-08
1.305998713039598908e-08
1.533623138319707006e-08
9.536581629037460986e-09
4.886949557383261765e-09
1.447506492973137733e-08
2.163274894339829909e-08
1.378468370131517493e-08
5.274587961326971506e-09
3.301609982571961416e-09
2.327488998467335950e-09
7.420854603053538771e-09
1.764205215350941896e-08
1.566813204243674519e-08
3.266942999537721859e-09
1.577338146891210913e-09
8.662858125114544071e-09
7.778067628024937329e-09
4.269262623991740255e-09
8.555559926302486607e-09
1.106300124641122970e-08
5.737203597625477869e-09
2.742714874843180448e-09
4.582101219180036314e-09
4.978773424181037860e-09
7.169742552818630017e-09
1.375068906260414092e-08
1.489945319240671406e-08
7.165824297616831960e-09
2.045719314801702259e-09
5.221838079668338997e-09
8.866224539297102835e-09
7.564665625694646372e-09
4.487084138906489993e-09
2.846365071923674404e-09
2.660797051926848627e-09
3.721439391556429136e-09
5.624744244595747266e-09
6.496975709112118964e-09
4.736734332932846301e-09
1.672269279342985695e-09
3.493228424284316465e-10
1.287531239087640196e-09
2.414317499135549133e-09
4.000976464807946283e-09
9.524527606076155329e-09
1.979993824893562001e-08
2.972567231058343586e-08
3.420432493313207003e-08
3.627601847392495197e-08
4.356024232672338369e-08
5.502222388378932284e-08
6.219467803836975076e-08
6.730832815330692331e-08
8.095300262336232130e-08
9.557297953090543636e-08
8.921879114512870209e-08
6.327655226410675981e-08
4.311095665571417851e-08
3.648027749251142195e-08
2.804405147503781436e-08
1.442650091683863330e-08
7.192952006429161924e-09
6.608433759577767618e-09
5.227457965230900429e-09
6.383408001721574786e-09
1.384428887243986155e-08
1.881860436523096934e-08
1.496301329722124124e-08
9.510901320352266023e-09
8.970638912961182781e-09
9.380602267603838950e-09
6.832646692381951686e-09
5.058565611562048203e-09
7.386566093523704433e-09
9.620717273903779932e-09
7.192246481540400851e-09
3.609681692135485627e-09
3.458147448775634254e-09
3.494834546633233273e-09
1.428425360080669350e-09
3.110620812570067376e-09
8.843157887525301638e-09
8.652158469676291181e-09
2.178713520528542543e-09
1.326949846362093381e-09
6.554744794519528428e-09
6.955941000473123921e-09
3.699440305788635041e-09
5.532910039009077586e-09
8.766711011794413207e-09
6.610989291650635272e-09
3.717178567543796585e-09
3.884181602239853947e-09
3.055185951910660268e-09
2.024636782598871904e-09
4.464850753577778014e-09
5.504720392725238213e-09
1.801452714060003962e-09
2.226256789896211625e-10
2.695990466941821187e-09
2.265166750877963447e-09
1.708249181995907654e-10
3.349037148689262597e-09
7.187685102879691278e-09
4.143531460070041467e-09
1.111853464376040262e-10
2.221674383930815119e-09
5.002961415237176727e-09
3.437416504021463480e-09
2.377200920802549639e-09
4.010200217696416781e-09
3.673942145346739816e-09
1.606558372121200105e-09
2.546230193429193059e-09
4.711489924328804360e-09
3.289874835453809962e-09
5.747753177412866519e-10
9.947715020551299539e-10
2.456802904508849569e-09
1.718804948268763117e-09
6.783808149428449212e-10
1.004721262825339037e-09
1.080039371779728937e-09
1.249922999136582969e-09
2.840943874767386791e-09
3.050884490678565682e-09
6.143987885300793255e-10
9.409235016970124903e-10
5.863984809232611696e-09
8.131560919255856693e-09
4.509719580642902769e-09
1.291928223530013980e-09
1.503612105825484800e-09
1.419234449340987316e-09
5.603674400540506388e-10
9.514563342848225897e-10
8.742591519197789538e-10
2.365233461256373423e-10
2.520847338351211673e-09
5.768127038089021771e-09
4.817548214770649477e-09
1.895810705911504675e-09
1.380109912117228455e-09
1.239443614159544469e-09
4.042374972094262474e-10
1.922034291967749883e-09
3.793135304983335274e-09
2.375273115492061342e-09
1.992814653537156339e-09
5.366738599340124511e-09
5.728436977342309957e-09
1.550471604010203059e-09
1.286086108488817217e-09
5.557524036962404050e-09
5.863558427809724794e-09
2.133181755180574283e-09
7.753308510839227009e-10
1.071589841686277295e-09
2.148972973972623679e-10
5.239375848407655066e-10
1.815075453876280743e-09
1.025583584203687115e-09
9.431733288507854718e-10
4.522976357797606748e-09
6.636904441835604390e-09
3.808412280157309390e-09
8.059872147092349786e-10
4.064336447796324833e-10
4.608170579591058572e-10
1.691642593953695358e-09
4.653785202589321026e-09
4.657350087618281531e-09
9.952926079895838719e-10
7.006379104820841363e-10
5.629448085986439643e-09
8.728902183324661093e-09
6.711023544928502464e-09
3.997365044234130814e-09
3.783712990550395886e-09
4.605045466228369721e-09
4.095065927426369251e-09
1.689951463802045141e-09
3.656778038395474563e-11
2.473808823789595914e-09
6.603015941041838037e-09
6.320576476269882112e-09
2.063897751556474309e-09
2.241052094331389452e-10
1.978312076827924610e-09
2.646645933856873144e-09
1.158318028551078903e-09
7.499101198706336728e-10
1.996966320024468134e-09
2.461559045464156801e-09
1.356874331053374541e-09
2.103345054288655616e-10
4.766507768293357141e-10
1.936256272107967863e-09
2.804288626726202293e-09
2.304399223924350653e-09
2.253402526693278907e-09
3.580716618698492781e-09
3.960625693963095761e-09
2.306521795975864928e-09
1.319701871834464665e-09
2.183575229581381336e-09
2.293702961986803461e-09
8.265702750864540796e-10
1.747493686579868552e-10
6.623036373939673357e-10
4.347333043113425125e-10
2.576481141971708941e-11
8.187252691724842205e-10
1.377818315633123570e-09
5.344167734615166529e-10
9.771460818383432726e-11
8.569753534250454872e-10
1.147143927093864040e-09
1.059883324195583490e-09
2.129606354019839413e-09
3.155665217636385092e-09
2.194693200118688614e-09
6.392073773821945498e-10
4.536863895592786958e-10
7.933173194713250480e-10
6.135747783355465257e-10
5.086360105469940903e-10
6.069546317343366712e-10
4.737841583813539669e-10
4.675634705142349598e-10
5.568482845586421779e-10
1.742305335053242934e-10
1.027822811322852935e-10
1.046087377580999598e-09
1.495417939048451869e-09
6.125901089537332868e-10
1.296929718787529289e-10
6.235275968292632459e-10
5.270978974508105276e-10
9.043019795040463123e-11
9.112280123047150165e-10
2.047553225350525458e-09
1.788233404379147500e-09
1.053092074813236442e-09
9.785185480952164629e-10
7.230487662126286622e-10
9.946090910374425527e-11
1.895781198501841817e-10
6.990774081799611888e-10
5.654335604539177580e-10
1.714659149486951864e-10
1.321067925504291725e-10
7.674823533891660443e-11
1.899278667104394490e-11
3.314741535181840442e-10
5.213477404796328480e-10
2.869213261969192169e-10
2.972222524317725795e-10
5.591077483415367366e-10
3.516761695214204588e-10
2.404772206237768392e-11
3.114751100705981346e-10
6.807025793352100915e-10
5.046406684653742162e-10
3.049579604370045950e-10
4.466133362406475031e-10
4.652053340291853068e-10
2.186811016256953614e-10
9.454616820035728122e-11
2.810963568567227806e-10
7.497134102480120953e-10
1.233677908838735220e-09
1.150030729663280160e-09
4.858490753822348332e-10
1.435568560979637116e-10
5.922421221667159118e-10
1.187610918859611750e-09
1.271523632593859946e-09
8.938792263525904138e-10
4.412536606692368022e-10
3.130098861254622952e-10
6.017502112789909231e-10
8.236246516243733728e-10
5.568489640142332884e-10
1.489832532070652238e-10
1.623910510291204154e-10
5.678168077652766212e-10
9.300373384603738604e-10
9.388849707053852783e-10
6.151952905626151792e-10
2.557700920448460241e-10
9.607754814292948069e-11
1.052867821429432813e-10
2.403921491698417926e-10
4.777747153169569051e-10
6.363135219632433007e-10
7.192844572015685130e-10
9.077118222304413426e-10
8.443025764836205630e-10
2.494203678430799691e-10
2.158373316494427037e-10
1.616500648156329756e-09
2.768970035394963909e-09
1.788746130760302830e-09
1.754050135426287000e-10
4.566184257719224510e-10
1.875990436053408540e-09
2.088319390207311369e-09
1.136896729453522906e-09
4.844230976465641655e-10
2.941513636024619081e-10
1.153362184060179075e-10
9.840621629317748155e-11
2.066698028834543018e-10
1.644117890476870879e-10
2.932963259168843459e-10
7.955536602539005831e-10
1.058799217442389541e-09
7.495827052339725491e-10
3.951672410689263183e-10
9.328047761081533906e-10
3.773578832108297752e-09
9.170684874729490349e-09
1.315217900722584127e-08
1.062029281730370934e-08
3.877560921004530164e-09
1.839102364023011888e-09
7.316906502859320432e-09
1.220235815494411298e-08
9.562764037258565847e-09
3.206859776744420265e-09
3.441141946781090102e-10
1.442685394767304549e-09
2.466358915775811431e-09
1.905309625555881702e-09
1.055614765834788261e-09
7.653601909804967301e-10
9.088284081444039335e-10
1.064720124798092097e-09
7.139414011233139077e-10
2.409767036951912225e-10
1.066598358359448713e-09
3.218496613065961480e-09
4.354141545222904678e-09
2.979323706609226392e-09
8.156116335536768528e-10
2.207061466725955143e-10
1.064140368011652817e-09
1.728082826708933808e-09
1.556602989900227401e-09
1.059050203959924771e-09
1.009419376521013323e-09
1.906601644786814256e-09
3.165694714619942839e-09
3.239951301390005639e-09
1.944307521277916286e-09
1.479053900878120233e-09
3.357458610764253588e-09
5.860896000290145452e-09
6.422281716424046601e-09
4.885955524607096830e-09
2.910596088954553735e-09
1.878659112568597396e-09
2.244243544982057284e-09
3.264758943003884513e-09
3.409577757121854916e-09
2.476204219447649702e-09
2.104140784132420524e-09
2.878312445950928273e-09
3.133934170271385466e-09
1.917779221318568712e-09
5.051721564841847458e-10
1.005087579181066322e-11
8.486497452973218377e-11
3.559434446203012535e-10
8.318294665422628520e-10
1.121400926003377486e-09
9.689349260286638200e-10
7.731540607082133819e-10
6.547414353437836428e-10
3.253266401093428613e-10
1.165977759413217449e-10
5.660040262073806883e-10
1.220934214606755960e-09
1.268911050550919079e-09
7.609804900785896065e-10
2.427374658446561573e-10
1.341253252478772098e-11
2.036794746668309866e-10
6.990482852815068212e-10
9.947231856474835611e-10
8.085273797419456130e-10
4.324949524100483057e-10
1.576210285453989711e-10
3.333721774351573391e-11
1.326572450651559473e-10
3.266251752388859875e-10
2.494250046815311897e-10
2.718692645025262605e-11
1.766247599515241283e-10
5.285201678783904858e-10
4.576063384991386463e-10
1.388444709031082100e-10
2.075386740977094030e-10
5.079770211079646920e-10
5.116660320507710399e-10
3.600364560192150964e-10
3.606790794116541158e-10
3.025805078859647381e-10
8.278111828751350186e-11
2.253741644000917390e-11
1.735158832519896850e-10
3.230023155896461302e-10
5.690653779509749567e-10
9.157789505153892444e-10
8.874012937867037152e-10
4.055763135696214315e-10
1.270011747673570689e-10
2.971119692571315375e-10
3.929886569666008751e-10
1.914895621360982187e-10
2.532674860377177406e-11
1.606543878354976825e-11
4.145051221023362783e-11
1.126437789058101863e-10
1.576376405559776541e-10
6.629316237703306008e-11
1.451027095497636755e-10
6.983282961638700684e-10
1.321829568516172937e-09
1.421605285756447573e-09
1.019793541715420495e-09
5.012321946707450913e-10
1.415731329300714188e-10
6.993037812794429979e-11
1.438199204778853813e-10
1.035634692473588058e-10
1.842944120367704062e-10
8.419166236496467617e-10
1.736305519901229334e-09
2.010209522776559692e-09
1.543503871372377596e-09
9.636973562490439616e-10
7.031548408539466767e-10
7.901442059282812528e-10
1.096014342747589717e-09
1.361356950877032308e-09
1.426996592252417609e-09
1.405140283218840773e-09
1.296463850688886225e-09
9.229906908090343453e-10
4.345461733658963086e-10
1.889650127127819320e-10
1.625527826801247408e-10
1.570972669613663338e-10
2.730684565773553761e-10
6.170837323971390918e-10
1.001499930076935245e-09
1.225572323381747540e-09
1.196473373805039735e-09
8.501293811649337271e-10
3.526484426572220712e-10
5.104551001341098260e-11
1.598327438444526534e-11
7.243535167392504333e-11
1.913963723569777863e-10
3.754849081984563403e-10
4.655630995011231321e-10
4.183443718761858386e-10
3.610940903377211061e-10
2.787494276695901486e-10
1.185790013643121886e-10
5.584912446186040963e-11
2.272282060001574084e-10
4.876331396105625699e-10
6.813706478679897365e-10
7.891200449797550175e-10
7.547810376630447155e-10
5.360033839387892025e-10
2.598054369474522417e-10
7.890692170415803555e-11
1.253023100451947110e-11
1.953463502762933778e-11
6.169876106981074114e-11
1.016087986149257728e-10
1.455366365609458300e-10
2.236921348784694386e-10
2.989389728227290932e-10
2.809949167736347280e-10
1.491992031607386134e-10
1.894964731163179095e-11
1.755532429883507526e-11
8.234360401460508513e-11
6.092019460076875833e-11
3.171479265530278866e-11
1.871688615195906777e-10
4.157264908565356482e-10
4.576285157026306865e-10
3.576639888550593754e-10
2.981798921381595966e-10
2.778923058537636017e-10
3.135871798374497041e-10
4.748232109142443187e-10
5.715533778248524975e-10
4.113500606538684275e-10
2.257117433403534342e-10
2.430382292469830514e-10
2.829176904196316602e-10
2.314977146204506651e-10
2.485938502325264711e-10
3.044999297404474033e-10
2.526460770532009790e-10
2.240619213296376944e-10
3.095796798153706004e-10
3.102622996656191969e-10
1.930329598033794857e-10
1.360514116305780871e-10
9.704614516236099575e-11
2.113331609324734705e-11
1.063684801653031063e-10
3.178479145849788374e-10
3.143683565921159708e-10
1.202680183524739584e-10
5.587634017422437912e-11
9.512051295614297024e-11
6.011379001797485773e-11
4.710501317850939175e-11
1.150773293125149562e-10
1.273355223254818803e-10
8.962889271882063583e-11
7.922503403296706038e-11
3.948615854216758007e-11
2.552087451678574702e-11
1.457836729298345922e-10
2.137226718117583570e-10
1.352068404010229535e-10
2.875917972831452250e-10
7.961057525122472410e-10
1.098777777582994008e-09
8.396104416253489555e-10
3.972744799275064757e-10
1.666001989372995710e-10
9.767662884581185827e-11
6.244318742897327195e-11
6.868368212102502318e-11
1.386362276156363816e-10
2.512262974274183842e-10
3.057882658452315142e-10
2.074127522787876511e-10
6.245368163443301567e-11
2.636917540923914286e-11
6.632537566889291159e-11
1.914153742404869190e-10
5.146683952066644868e-10
8.084434050967476873e-10
6.619248431604463730e-10
2.275863079436458141e-10
2.051967462436041106e-11
6.239880325015223809e-11
4.583670423906647771e-11
3.750086867152244018e-11
2.445667131041993967e-10
4.800200337726197018e-10
4.544459232411087477e-10
2.315231520577655662e-10
6.087779383821437450e-11
4.726750165278661561e-11
1.079110824204705715e-10
1.079336728202861098e-10
3.384589292099321926e-11
1.863127459092816509e-12
4.372886115892973519e-11
6.061507172293349352e-11
4.075007273651136591e-11
7.749019581910591924e-11
1.527140130090929040e-10
1.463796320203629219e-10
5.629449938432256838e-11
1.279303391238356292e-11
6.615953579043373803e-11
9.830229364594956478e-11
2.716691840326757648e-11
3.736651829534647497e-11
4.807441014974689482e-10
1.547573776403665143e-09
3.036268715506241633e-09
4.273068904399195552e-09
4.373921630878860531e-09
3.088345102241923827e-09
1.323755606157537268e-09
2.405496183185729853e-10
6.586963880121249909e-12
4.708731665259417676e-11
6.425982598455248865e-11
9.323921825014529178e-11
7.936457529140477836e-11
3.024613857973499204e-11
1.019644917525675937e-10
2.321211076346618162e-10
1.989071795831355208e-10
5.355970840900174786e-11
1.178911840120297874e-12
2.927600661132812523e-11
3.302625268745718219e-11
3.686223808065890045e-11
6.548679038450379886e-11
7.258370310302530158e-11
9.142872581546858353e-11
2.219491662341980345e-10
4.156565444581379737e-10
4.485585917075413648e-10
2.325819481233865510e-10
1.976155792018464730e-11
3.545579264161466883e-11
9.512219939604487466e-11
1.879684758545760104e-11
7.646688504852339728e-11
4.128989314690584278e-10
5.767065154029625373e-10
3.028101228173166567e-10
3.278333614156219930e-11
7.436298689581618933e-11
1.327527161068114781e-10
4.651291671752087101e-11
4.151047389568559350e-11
1.389884160320737922e-10
1.405915976286874450e-10
6.260039623306496650e-11
3.296955343319447137e-11
8.144259934497849181e-11
2.189474293384975445e-10
3.477566561218511795e-10
2.702998090536154944e-10
6.615038912151156278e-11
1.386484042215930462e-11
8.841484761962200536e-11
9.715845810657077593e-11
8.430926925358021930e-11
1.043362331485022766e-10
5.678850074014008529e-11
7.913961235149110132e-12
9.128790473749805959e-11
1.524586239799043094e-10
5.878969642262363910e-11
4.282508362497306371e-12
1.057051529919930883e-10
2.170322771092917184e-10
2.670994692879269511e-10
2.685104597708718679e-10
1.718451983116953163e-10
5.344742373807449936e-11
5.021491108599423116e-11
6.508430892788602827e-11
1.764462451049319377e-11
1.002346221084232336e-10
3.566158989315575734e-10
5.046038933504040337e-10
4.091374844947943850e-10
2.117340997647099905e-10
5.773193048494624691e-11
7.152299170741343230e-11
2.659919507908008265e-10
3.769276397979389489e-10
2.513687067474362620e-10
1.408469178254394823e-10
1.795729947474334639e-10
1.516840129685572846e-10
3.009179098574393264e-11
1.311302643746303040e-11
5.504737538515828946e-11
3.158009411760818899e-11
3.784235729933812866e-11
9.374621417453178573e-11
8.621726503826142520e-11
7.726147914232569857e-11
1.367760626128512462e-10
1.719762554996729247e-10
2.360277121451230827e-10
4.095173799336386708e-10
4.370765854139622702e-10
1.946878330966480006e-10
3.965035365168423248e-11
1.062187859997549022e-10
9.030752956359410586e-11
3.390653066546370099e-12
1.044623029060642309e-10
2.187763226236134567e-10
1.107125284362845592e-10
1.098958069128531551e-11
7.978007278310470488e-11
1.416704892764103939e-10
2.069310150082097426e-10
3.780387024721867027e-10
4.347203812246637077e-10
2.467320291050567318e-10
6.918327725921565521e-11
3.004321834028370908e-11
8.720581278909696948e-12
1.851022716982217447e-11
8.734035990507932516e-11
9.215275477567237286e-11
5.636203678853481727e-11
9.399524258258178515e-11
1.014827274754207375e-10
2.550084730313349303e-11
4.328885225763980273e-11
1.434794899782350248e-10
1.342377499537515306e-10
8.980995104592886949e-11
1.530339354281702859e-10
1.867187509693653777e-10
1.043771010463020222e-10
5.099550044670588610e-11
5.410505529455412698e-11
2.783335272106902275e-11
2.265862929736346151e-11
7.022563320277818843e-11
8.046657493083366595e-11
4.223026353322804497e-11
8.907553469353999901e-12
1.357967501751471390e-11
1.314161611247193175e-10
2.950894884945205465e-10
2.450881728196532513e-10
3.886852333915042078e-11
4.515329807426000169e-11
2.097433780767058695e-10
1.868259080340687834e-10
1.160021605308681995e-10
2.775552241931018549e-10
4.056279539982279925e-10
2.359613952733188688e-10
3.591121097845167018e-11
2.304212511930147208e-11
7.314303197042246198e-11
1.281228497464680791e-10
1.714542565514475690e-10
9.923750549055308922e-11
2.754966865334791226e-11
1.343193549850553315e-10
2.240827102025333026e-10
1.240513840601192785e-10
5.226121060628050124e-11
8.716741542744308234e-11
4.242330454534418503e-11
1.019572478061442624e-11
1.480746451107352099e-10
2.150435917226506256e-10
7.405722492815531334e-11
4.819908404372086243e-12
8.296361080163383094e-11
8.193830807032190282e-11
1.786041557289610995e-11
2.174097984357235673e-11
2.404900959571492059e-11
4.790447847465800463e-11
2.067474194162710692e-10
3.249967160486255085e-10
2.161302328750872293e-10
5.424122707889372961e-11
2.733683199102555029e-12
5.045716564981372268e-12
7.058327745998063875e-11
1.860313875786046787e-10
1.779564947019322627e-10
6.958550036407377787e-11
6.002051360695378666e-11
8.273750406786932622e-11
1.741587030987751592e-11
3.544304892669428309e-11
1.885907067573994222e-10
2.367758974253658802e-10
1.596173391991027183e-10
1.441159563692189754e-10
1.410176092262338240e-10
5.396729317857936659e-11
3.390354312410099900e-12
3.185602935793055934e-11
4.661074965382114073e-11
7.868701340230335218e-11
1.440248583867116510e-10
1.266346559025603784e-10
4.792430573916525246e-11
2.636428901188716132e-11
2.552187103786497161e-11
1.862646723620172500e-11
6.935342551350128224e-11
9.999369227544178059e-11
4.677665509674888649e-11
5.647009528581815640e-11
1.279898166886516536e-10
8.005867599427793048e-11
2.395319038125465457e-11
1.451412899568277481e-10
2.260895926305508517e-10
9.732366391072069205e-11
6.639512109167122964e-13
3.254134559154604567e-11
1.739889765250521783e-11
1.309186712632249336e-11
1.283482548665181058e-10
1.733798553122069148e-10
9.244597465012828003e-11
1.015090482806721012e-10
1.790551852712366645e-10
1.527070140082103656e-10
8.655125882739551488e-11
4.228574724407758963e-11
2.017690546205344052e-12
1.331037703736471274e-10
4.124297337242211432e-10
4.124739522025012377e-10
1.087905103884633804e-10
1.564593015643597917e-11
1.764037595821659522e-10
1.689168635448866704e-10
2.811376116043652346e-11
3.364451002211955799e-11
7.317457516391934684e-11
2.623208695459085625e-11
2.390901978104024904e-11
3.808019942205304034e-11
7.919277061244833471e-12
1.063941568557858643e-10
2.883889710446761599e-10
2.615920309023478788e-10
1.117007544317360592e-10
1.076550414927246268e-10
1.342168798180662108e-10
5.114138512626115444e-11
1.593145102286262358e-11
6.139662195551976258e-11
7.355148067917362048e-11
1.156406763472743481e-10
1.883106290123272287e-10
1.390271934194432670e-10
4.593833563458420877e-11
4.938422101372111241e-11
3.491520756272303466e-11
1.232796727876705611e-11
1.471982138971468724e-10
2.490300780762717635e-10
1.143893554066197340e-10
3.799167729089361871e-11
1.647553970268064490e-10
1.651226985309232533e-10
2.718483712939029974e-11
4.868511130878882701e-11
1.031795238696808700e-10
1.822965291392106645e-11
5.091107975783307713e-11
2.134064961806419345e-10
1.742241769027122327e-10
4.475220892164221721e-11
9.630427010137141297e-11
1.182436938033386334e-10
1.150102779510767042e-11
7.468459311880494261e-11
2.333327212812004345e-10
1.741061340209402433e-10
8.477307368646592497e-11
1.672084306207374977e-10
1.536580292204194466e-10
1.400253430251492246e-11
6.380906015847977664e-11
2.165461067949915565e-10
2.069408925704150483e-10
1.568768032533793818e-10
1.622932765474704128e-10
8.918844021221524964e-11
1.762654249075354809e-11
6.107083905192103021e-11
5.918513795183980236e-11
8.562186098858448004e-12
7.955437084538291743e-11
1.325084848037349216e-10
4.270010804272425623e-11
3.774209556052506546e-11
1.218716196356762282e-10
5.614543498123863520e-11
1.333963247416778642e-11
2.030409386484846712e-10
3.040696414559281592e-10
1.379082709617036401e-10
1.077826655557256382e-11
6.536802564367707221e-12
9.253153499188870254e-12
1.658425799725081442e-10
4.032746674119131262e-10
3.228915331494235946e-10
5.114735240744171335e-11
3.336789825936624708e-11
1.259872027197936696e-10
4.793860522536889338e-11
1.192261221668604068e-11
9.848574792133047260e-11
6.652187063545331720e-11
3.041721254413735181e-12
8.337858622390567993e-11
1.066896713107894818e-10
3.820742152421735795e-11
1.256068725599005625e-10
2.450839129760253320e-10
1.626923464801605932e-10
8.261524960401820347e-11
1.238553985021032253e-10
8.061635121975597037e-11
2.505618183578147272e-11
1.356298003670152188e-10
1.865949147486941279e-10
5.988021788093541658e-11
2.287964963334501478e-11
8.498844089209116806e-11
3.915933158522216534e-11
6.170362640663792452e-12
9.565683598400114260e-11
1.199040681352617274e-10
6.841510803197457746e-11
7.528072702371222798e-11
5.731675441149202289e-11
3.638360389094786934e-11
1.709144225600642836e-10
2.555720031552175230e-10
9.999252544961086730e-11
1.939773416501807265e-11
1.325506219419009607e-10
1.134361141732840928e-10
3.569469518860350398e-11
2.030115910288855084e-10
3.418489646908349949e-10
1.712560645826847266e-10
7.228661808763813241e-12
2.273238402284211925e-11
1.562962308217766100e-11
2.724777095731327229e-11
1.152774887742599741e-10
7.132157245101876380e-11
3.211054789546493779e-12
1.616375096010599356e-10
2.561361152320663158e-10
9.115178303962468339e-11
7.065413665980029834e-11
2.395839289846264876e-10
1.741307898797524193e-10
6.412373612933231135e-12
6.694162992378051620e-11
1.062360038379639969e-10
4.066731009185001719e-11
2.119653226072933036e-10
4.173719060470589034e-10
2.468648295848007474e-10
3.871841086763491076e-11
1.107939252974072286e-10
1.297090549804893824e-10
4.067247184502569498e-11
1.332578429675902519e-10
2.021691072566314600e-10
5.129951268124574083e-11
2.400549463288551518e-11
1.570638724668530968e-10
1.163921356321316790e-10
4.744935133392771625e-11
1.462932047934892693e-10
1.261406494830340800e-10
1.190294293580673407e-11
1.566197803476967627e-10
3.188560338822951936e-10
1.604531350535072694e-10
1.325512404510490759e-11
7.261261998938848325e-11
5.160836543902155707e-11
9.083088548773648392e-12
1.467753989610015581e-10
1.986947140760927403e-10
5.894703775485810760e-11
1.805557780569508685e-11
4.760116967009568475e-11
7.496633628316064696e-12
7.692679614982187176e-11
1.770455664570945892e-10
7.393129226043605129e-11
8.202110790038712180e-11
3.547836034307189233e-10
3.648076873466315035e-10
7.394214820236197354e-11
2.682853604483430155e-11
1.036357922347735722e-10
1.028290713766665167e-11
1.432453530661629418e-10
4.760077273631184135e-10
3.570304956301536241e-10
3.207504689454886134e-11
1.422355950899201046e-10
2.683700692948637102e-10
4.956482667160500181e-11
9.050372639487527043e-11
4.179935675444727358e-10
3.426813320901841089e-10
6.732956640927859821e-11
1.290590322093206664e-10
1.911203695632366960e-10
4.090853303855879533e-11
5.075184638493565691e-11
1.145788584763975680e-10
2.270336303723267813e-11
1.717050202932527834e-10
4.970362992039489146e-10
3.801292632580772019e-10
5.207404152315365552e-11
7.928642401580766265e-11
1.528084255558324675e-10
2.265626581485480222e-11
5.382536497355207892e-11
1.593439397901746925e-10
4.789169856019643767e-11
3.856480175938911551e-11
1.904003999208552891e-10
1.227798794882162174e-10
1.188240515051987777e-10
4.500282866794248052e-10
4.717138383759725855e-10
7.795467335600196860e-11
8.317224705535292996e-11
3.920665471411090768e-10
2.939831072291275491e-10
8.325233634899935357e-11
1.477744416224904228e-10
9.533174850042809820e-11
9.512747557739353066e-12
2.813328076880125646e-10
4.064246245021652304e-10
1.085511702304096662e-10
5.791985553247946907e-11
2.374062677299955318e-10
8.484741723002838003e-11
7.046925861570554437e-11
5.464437988988118789e-10
6.501632751657949806e-10
1.830437051004507538e-10
8.784357087663567976e-12
1.220497156813839597e-10
3.910647756740084136e-11
8.030090200637484875e-11
2.866111611771509622e-10
1.569953907120654430e-10
1.068713541401702119e-11
2.387982172808821438e-10
2.863477350998230090e-10
1.074922593699108148e-10
2.927413204982832109e-10
4.233065466376020538e-10
8.553472767144372160e-11
1.329234835625158964e-10
6.709162161385905265e-10
5.989249188730533030e-10
8.986694117564223288e-11
1.009164975045567277e-10
2.237454004441008214e-10
2.285049621911951352e-11
1.556448076601859082e-10
4.947212812214701465e-10
2.865246394184888753e-10
2.476108487736833738e-12
1.442528318441929054e-10
1.390777131302396820e-10
6.335728201975215170e-11
4.646798903684400672e-10
6.612575117118243475e-10
2.087922345599961766e-10
4.181287378678105312e-11
2.777103784779819371e-10
1.318535627495001751e-10
6.573618574861582390e-11
5.684264080907121572e-10
6.639640407122970707e-10
1.416454740163387378e-10
4.867435807062439016e-11
2.522085112158851708e-10
9.551594243735923149e-11
1.522931842918945650e-10
5.341093082866824657e-10
3.655081237345997104e-10
6.210807938528025042e-12
2.595994504233496348e-10
4.220204745156018473e-10
1.241311555183371597e-10
2.705715446560516670e-10
6.564074307743764405e-10
3.639870959274738690e-10
1.952630455179913107e-11
2.597506638418580887e-10
3.011147809952628869e-10
5.049316261026002680e-11
2.385075224290774439e-10
4.080542103317825471e-10
9.691746151768685154e-11
1.424808839098587441e-10
6.107821198194759663e-10
5.343805135078684228e-10
1.405386399315162988e-10
1.242254478296340648e-10
1.034198188134855534e-10
7.458161738826771846e-12
3.347980903614215688e-10
5.594815034412310746e-10
1.952404115882682341e-10
2.077403744590957485e-11
2.050715021762082084e-10
7.572266414745033163e-11
9.441266863493012740e-11
6.931565531133459561e-10
7.785635072903734171e-10
1.473828529544355039e-10
9.230810656102026536e-11
4.307354767708998668e-10
1.517706865550620806e-10
1.379735396181337934e-10
1.049946501352904556e-09
1.305747970220354110e-09
3.927871072460014579e-10
3.426954559495812515e-11
4.642409329787477461e-10
3.674896955296628496e-10
3.472416665324579180e-10
1.545242534755586899e-09
2.351600286776703672e-09
1.099644963212238975e-09
1.634938360589129666e-11
2.532789383936496728e-09
8.192035883802971161e-09
1.283287792963229684e-08
