-7.084284210E+1	-7.411965942E+1	-7.192276764E+1
-7.555592346E+1	-7.188330078E+1	-6.934458160E+1
-9.687662506E+1	-7.151522827E+1	-7.975690460E+1
-7.230627441E+1	-7.023476410E+1	-7.726142120E+1
-6.833379364E+1	-7.099160767E+1	-7.149383545E+1
-7.644807434E+1	-8.890771484E+1	-8.035924530E+1
-8.337401581E+1	-8.571112823E+1	-7.976055908E+1
-6.645660400E+1	-6.614936829E+1	-6.532041168E+1
-7.641333008E+1	-7.374125671E+1	-7.333672333E+1
-6.893904877E+1	-6.818757629E+1	-6.938092804E+1
-6.894136810E+1	-7.215112305E+1	-7.164526367E+1
-7.456208038E+1	-7.652166748E+1	-7.934904480E+1
-6.827526093E+1	-6.800209045E+1	-7.067383575E+1
-7.668978882E+1	-7.155767822E+1	-7.257582855E+1
-6.766053772E+1	-6.848530579E+1	-6.878895569E+1
-6.629741669E+1	-6.747032166E+1	-6.557718658E+1
-6.905830383E+1	-6.863247681E+1	-6.805355072E+1
-6.079049301E+1	-5.975665283E+1	-6.004166794E+1
-7.679287720E+1	-7.607824707E+1	-7.400170898E+1
-6.319567108E+1	-6.346285629E+1	-6.480535889E+1
-6.626474762E+1	-6.735287476E+1	-6.673738861E+1
-6.401409149E+1	-6.470420074E+1	-6.410010529E+1
-6.493270874E+1	-6.449487305E+1	-6.628104401E+1
-6.510472870E+1	-6.436254883E+1	-6.485489655E+1
-6.639231873E+1	-6.562292480E+1	-6.620463562E+1
-6.485250854E+1	-6.507983398E+1	-6.476160431E+1
-5.861581802E+1	-5.834061050E+1	-5.875305939E+1
-6.484603119E+1	-6.466680908E+1	-6.492961884E+1
-6.108736801E+1	-6.047701645E+1	-6.072247696E+1
-6.493087769E+1	-6.444933319E+1	-6.479965973E+1
-6.262282944E+1	-6.211534882E+1	-6.215478516E+1
-5.838280106E+1	-5.889459991E+1	-5.911400986E+1
-6.855733490E+1	-6.887159729E+1	-6.866705322E+1
-6.118209076E+1	-6.123499298E+1	-6.118119812E+1
-6.136730194E+1	-6.159989929E+1	-6.203638840E+1
-5.710059738E+1	-5.713470078E+1	-5.722385788E+1
-7.185466766E+1	-7.357594299E+1	-7.028481293E+1
-5.972428513E+1	-6.013778687E+1	-6.025285721E+1
-6.038553619E+1	-6.065292358E+1	-6.036364746E+1
-6.018539047E+1	-6.049886322E+1	-6.055518341E+1
-6.327346420E+1	-6.314089203E+1	-6.293040848E+1
-5.820765305E+1	-5.823195267E+1	-5.806154633E+1
-5.471719742E+1	-5.470828247E+1	-5.466599655E+1
-5.982371521E+1	-5.944375992E+1	-5.948415375E+1
-5.310949707E+1	-5.301529312E+1	-5.300822067E+1
-5.844174576E+1	-5.837012482E+1	-5.827326202E+1
-5.865452957E+1	-5.877105331E+1	-5.890918350E+1
-5.830050659E+1	-5.801189041E+1	-5.775376129E+1
-5.338945389E+1	-5.351553726E+1	-5.352296066E+1
-5.183749771E+1	-5.192129135E+1	-5.185894012E+1
-4.604626846E+1	-4.603097153E+1	-4.601272583E+1
-4.536432266E+1	-4.541222763E+1	-4.541931152E+1
-5.040222549E+1	-5.035154343E+1	-5.035080719E+1
-5.143994522E+1	-5.136484528E+1	-5.131706238E+1
-5.712500763E+1	-5.698422623E+1	-5.714827728E+1
-5.016776276E+1	-5.033961487E+1	-5.025761414E+1
-4.154285049E+1	-4.156508255E+1	-4.150840378E+1
-3.066106606E+1	-3.066155815E+1	-3.065251541E+1
-2.608770752E+1	-2.609348106E+1	-2.609001160E+1
-2.170295334E+1	-2.170135117E+1	-2.170023537E+1
-2.036973190E+1	-2.036694908E+1	-2.036855316E+1
-1.956496429E+1	-1.955827522E+1	-1.955820465E+1
-2.069491196E+1	-2.069826889E+1	-2.069682121E+1
-2.165984726E+1	-2.165729332E+1	-2.164892197E+1
-2.322074509E+1	-2.322779465E+1	-2.322792244E+1
-2.517356682E+1	-2.516167259E+1	-2.516595459E+1
-2.836600685E+1	-2.838180161E+1	-2.837235832E+1
-3.262437439E+1	-3.261577225E+1	-3.263488770E+1
-4.207840729E+1	-4.212158966E+1	-4.207090378E+1
-5.060631943E+1	-5.056879044E+1	-5.050970840E+1
-5.752275848E+1	-5.742393112E+1	-5.732059860E+1
-5.086848068E+1	-5.092983246E+1	-5.089665985E+1
-4.769887924E+1	-4.768975067E+1	-4.761691284E+1
-4.259387589E+1	-4.257733536E+1	-4.260511017E+1
-4.419036484E+1	-4.417525482E+1	-4.419936371E+1
-4.942657852E+1	-4.941316223E+1	-4.940276337E+1
-5.054598999E+1	-5.050086212E+1	-5.048310471E+1
-5.671791077E+1	-5.655734253E+1	-5.659867859E+1
-5.540130234E+1	-5.537184143E+1	-5.560931778E+1
-6.249952316E+1	-6.214358521E+1	-6.229961777E+1
-5.185498810E+1	-5.190621185E+1	-5.188034821E+1
-5.048165894E+1	-5.053249741E+1	-5.060161972E+1
-5.189788055E+1	-5.187655640E+1	-5.187194824E+1
-5.113451767E+1	-5.104878616E+1	-5.104291916E+1
-5.940130615E+1	-5.940589523E+1	-5.940244675E+1
-5.509194565E+1	-5.500828934E+1	-5.504309845E+1
-5.588354492E+1	-5.591218948E+1	-5.589261246E+1
-5.350524139E+1	-5.349207687E+1	-5.353874969E+1
-5.631805038E+1	-5.632807541E+1	-5.630809402E+1
-5.400825500E+1	-5.393577576E+1	-5.397948074E+1
-5.291323090E+1	-5.291578293E+1	-5.299072647E+1
-5.744174957E+1	-5.756909943E+1	-5.746210861E+1
-5.497634125E+1	-5.502879715E+1	-5.492056274E+1
-5.647383118E+1	-5.659721375E+1	-5.668041611E+1
-5.653037643E+1	-5.665108871E+1	-5.669508362E+1
-5.810501862E+1	-5.807946777E+1	-5.798912811E+1
-5.397933197E+1	-5.383824158E+1	-5.393567276E+1
-5.392068100E+1	-5.384277344E+1	-5.375989914E+1
-5.474216080E+1	-5.472976303E+1	-5.471362686E+1
-5.075058746E+1	-5.076765823E+1	-5.078760529E+1
-5.584969330E+1	-5.584169006E+1	-5.589522552E+1
-5.607653427E+1	-5.612152863E+1	-5.609967041E+1
-5.494332886E+1	-5.494609451E+1	-5.502504730E+1
-5.618355560E+1	-5.617129517E+1	-5.618562317E+1
-5.513441086E+1	-5.522749329E+1	-5.506918716E+1
-5.149919128E+1	-5.149939728E+1	-5.154484558E+1
-5.527495193E+1	-5.534397507E+1	-5.549063110E+1
-5.751495743E+1	-5.766125870E+1	-5.759949112E+1
-5.214431000E+1	-5.212032318E+1	-5.205046463E+1
-5.810283661E+1	-5.810525131E+1	-5.795796204E+1
-5.633716202E+1	-5.631699371E+1	-5.645086288E+1
-6.051725006E+1	-6.024601364E+1	-6.031057739E+1
-5.680700302E+1	-5.688332367E+1	-5.677304840E+1
-5.224703979E+1	-5.222883987E+1	-5.219573212E+1
-5.488243103E+1	-5.490726471E+1	-5.491322327E+1
-5.572005081E+1	-5.578845215E+1	-5.574267960E+1
-5.750329971E+1	-5.736846924E+1	-5.745106125E+1
-5.396240234E+1	-5.395106125E+1	-5.389353561E+1
-5.332154846E+1	-5.341922379E+1	-5.334109879E+1
-5.270065689E+1	-5.276108932E+1	-5.272896576E+1
-5.555217361E+1	-5.547012329E+1	-5.558567429E+1
-5.138936615E+1	-5.138903427E+1	-5.142189026E+1
-5.045041656E+1	-5.037400818E+1	-5.042000580E+1
-5.147951508E+1	-5.151639175E+1	-5.146463013E+1
-6.020991516E+1	-6.041575241E+1	-6.038375092E+1
-5.281236267E+1	-5.284172440E+1	-5.287004089E+1
-5.271742630E+1	-5.271945572E+1	-5.271869659E+1
-5.287470245E+1	-5.287209702E+1	-5.286417770E+1
-5.718760681E+1	-5.733745575E+1	-5.722838211E+1
-5.210974884E+1	-5.210554123E+1	-5.206944275E+1
-5.265076828E+1	-5.268351364E+1	-5.270306778E+1
-5.244755554E+1	-5.244029999E+1	-5.249295044E+1
-5.449982834E+1	-5.441822052E+1	-5.452465439E+1
-5.877589798E+1	-5.883836365E+1	-5.874127579E+1
-5.326232910E+1	-5.325875854E+1	-5.320663834E+1
-5.207206726E+1	-5.208924484E+1	-5.208016586E+1
-4.895923233E+1	-4.895201492E+1	-4.902031708E+1
-4.978874207E+1	-4.979543686E+1	-4.981430054E+1
-5.177767181E+1	-5.177409744E+1	-5.174257660E+1
-5.594520187E+1	-5.593783951E+1	-5.597800064E+1
-5.528211594E+1	-5.528955460E+1	-5.535957336E+1
-5.547059250E+1	-5.550933075E+1	-5.551414108E+1
-5.400795364E+1	-5.405901718E+1	-5.407413864E+1
-5.485219193E+1	-5.492687225E+1	-5.486751938E+1
-5.389638138E+1	-5.389166641E+1	-5.388472748E+1
-5.384279633E+1	-5.380782318E+1	-5.386404800E+1
-5.473883057E+1	-5.467362595E+1	-5.467956924E+1
-5.434779739E+1	-5.438847351E+1	-5.432119370E+1
-5.510550690E+1	-5.499135971E+1	-5.500733948E+1
-5.326587677E+1	-5.321146011E+1	-5.329992676E+1
-5.146305084E+1	-5.144253159E+1	-5.141324615E+1
-5.515480423E+1	-5.516730499E+1	-5.525387955E+1
-5.549131012E+1	-5.545285034E+1	-5.545270538E+1
-5.601397324E+1	-5.593292999E+1	-5.598360062E+1
-5.276338196E+1	-5.278650665E+1	-5.273974609E+1
-5.457667923E+1	-5.461069870E+1	-5.461236191E+1
-5.118564224E+1	-5.118456268E+1	-5.116930008E+1
-4.943854904E+1	-4.940696716E+1	-4.942775345E+1
-4.855127716E+1	-4.857161331E+1	-4.853678513E+1
-5.128017807E+1	-5.124878311E+1	-5.125833130E+1
-5.067059326E+1	-5.062680435E+1	-5.064135361E+1
-5.237918854E+1	-5.235449600E+1	-5.240406418E+1
-5.145394516E+1	-5.147548294E+1	-5.147601318E+1
-5.405802536E+1	-5.405459213E+1	-5.410490036E+1
-5.433332443E+1	-5.438758469E+1	-5.429699707E+1
-5.048794174E+1	-5.043752670E+1	-5.043760300E+1
-5.189848328E+1	-5.181206131E+1	-5.188199997E+1
-4.900009537E+1	-4.901713562E+1	-4.903770828E+1
-4.874262238E+1	-4.877299881E+1	-4.883691025E+1
-4.968564224E+1	-4.966928864E+1	-4.966118622E+1
-5.143714142E+1	-5.143888855E+1	-5.140960693E+1
-5.400246048E+1	-5.400759125E+1	-5.405229950E+1
-5.557658768E+1	-5.558036041E+1	-5.560378265E+1
-5.464568710E+1	-5.459144974E+1	-5.464657974E+1
-5.321896362E+1	-5.321317291E+1	-5.319959259E+1
-5.020624924E+1	-5.020230484E+1	-5.021363068E+1
-5.037708282E+1	-5.036372375E+1	-5.036713791E+1
-5.020325470E+1	-5.020573044E+1	-5.017613602E+1
-5.036473846E+1	-5.034432220E+1	-5.036855698E+1
-4.961333466E+1	-4.959596634E+1	-4.959390259E+1
-4.928509140E+1	-4.926908875E+1	-4.929215622E+1
-4.950436783E+1	-4.948472977E+1	-4.947295380E+1
-5.147319794E+1	-5.146536636E+1	-5.145545959E+1
-5.499264526E+1	-5.501656723E+1	-5.506113052E+1
-5.332992935E+1	-5.328264236E+1	-5.334510422E+1
-6.218867493E+1	-6.219450378E+1	-6.230898666E+1
-4.663382339E+1	-4.660924149E+1	-4.660213089E+1
-5.166192245E+1	-5.169400024E+1	-5.166907883E+1
-4.257596207E+1	-4.257975006E+1	-4.258516312E+1
-4.938204193E+1	-4.933313370E+1	-4.938292694E+1
-5.001406860E+1	-5.001932144E+1	-5.001042557E+1
-4.664052200E+1	-4.664219284E+1	-4.662695694E+1
-5.544742584E+1	-5.548460770E+1	-5.534391403E+1
-5.301591873E+1	-5.306400681E+1	-5.302640152E+1
-4.915441895E+1	-4.923406219E+1	-4.920103455E+1
-4.869897842E+1	-4.869737244E+1	-4.867774582E+1
-5.159874725E+1	-5.160772705E+1	-5.163217163E+1
-4.715372467E+1	-4.716256332E+1	-4.716073608E+1
-4.494646454E+1	-4.491785049E+1	-4.495127869E+1
-4.492972183E+1	-4.491484833E+1	-4.491458511E+1
-4.528622818E+1	-4.527781677E+1	-4.527843857E+1
-5.623412323E+1	-5.617554092E+1	-5.624943161E+1
-6.691780090E+1	-6.712639618E+1	-6.723148346E+1
-6.596951294E+1	-6.606285095E+1	-6.592301941E+1
-5.071091080E+1	-5.073426819E+1	-5.076192474E+1
-4.382132339E+1	-4.382889175E+1	-4.383782196E+1
-4.406616592E+1	-4.407485962E+1	-4.406676865E+1
-4.523320007E+1	-4.525011826E+1	-4.523804855E+1
-4.718484497E+1	-4.719438934E+1	-4.721110916E+1
-4.739133835E+1	-4.736588669E+1	-4.735181046E+1
-4.711844635E+1	-4.712841415E+1	-4.714760590E+1
-4.733741760E+1	-4.733060455E+1	-4.735169220E+1
-5.708501053E+1	-5.711617279E+1	-5.720589447E+1
-4.802042770E+1	-4.802944946E+1	-4.804775238E+1
-4.862668228E+1	-4.867980576E+1	-4.861597824E+1
-4.814223099E+1	-4.816534424E+1	-4.818877792E+1
-4.113835144E+1	-4.114010620E+1	-4.114611816E+1
-3.930009460E+1	-3.928956985E+1	-3.929877853E+1
-4.025290680E+1	-4.026312637E+1	-4.024657440E+1
-4.389405823E+1	-4.390715408E+1	-4.389574432E+1
-4.684536362E+1	-4.688149643E+1	-4.688315201E+1
-4.585729218E+1	-4.587918091E+1	-4.585674667E+1
-4.761526489E+1	-4.762831116E+1	-4.763100052E+1
-4.624764633E+1	-4.623175049E+1	-4.623576355E+1
-3.742760849E+1	-3.742617798E+1	-3.743462372E+1
-3.782142258E+1	-3.781947327E+1	-3.781704712E+1
-3.770588684E+1	-3.771859741E+1	-3.770962524E+1
-3.926115799E+1	-3.927238464E+1	-3.926291656E+1
-3.841196060E+1	-3.842187500E+1	-3.842641449E+1
-4.007886124E+1	-4.007706833E+1	-4.009468460E+1
-4.151309204E+1	-4.151929855E+1	-4.152026749E+1
-3.844814301E+1	-3.844892120E+1	-3.845492935E+1
-3.537815094E+1	-3.538881683E+1	-3.538494873E+1
-3.670042419E+1	-3.670501709E+1	-3.670621872E+1
-3.538290405E+1	-3.538470840E+1	-3.538393402E+1
-3.397967148E+1	-3.397667313E+1	-3.398000717E+1
-3.661693192E+1	-3.662141418E+1	-3.661993790E+1
-3.527287674E+1	-3.527153397E+1	-3.527179718E+1
-3.829575729E+1	-3.829841614E+1	-3.830160141E+1
-3.440743256E+1	-3.441877365E+1	-3.440740585E+1
-3.673663712E+1	-3.674064255E+1	-3.672855377E+1
-3.427360535E+1	-3.427341080E+1	-3.427571106E+1
-3.258773804E+1	-3.258684158E+1	-3.258931351E+1
-3.232749176E+1	-3.232986832E+1	-3.232301331E+1
-3.437392044E+1	-3.437770462E+1	-3.438331223E+1
-3.306542206E+1	-3.306491852E+1	-3.306381226E+1
-3.505422211E+1	-3.506060410E+1	-3.505211258E+1
-3.547249222E+1	-3.547588730E+1	-3.547779083E+1
-3.609818649E+1	-3.610288620E+1	-3.609648132E+1
-3.281497192E+1	-3.281674957E+1	-3.281392670E+1
-3.064306259E+1	-3.064312553E+1	-3.064396477E+1
-3.442035294E+1	-3.442029572E+1	-3.442081070E+1
-3.161424828E+1	-3.161530495E+1	-3.161495590E+1
-3.427452087E+1	-3.427254105E+1	-3.426725006E+1
-3.395530701E+1	-3.396838760E+1	-3.396094131E+1
-3.951544571E+1	-3.952436066E+1	-3.951938629E+1
-3.314962387E+1	-3.316036224E+1	-3.315521240E+1
-3.134939194E+1	-3.135519791E+1	-3.135580254E+1
-3.283279800E+1	-3.284098053E+1	-3.284505463E+1
-3.496239853E+1	-3.497030640E+1	-3.497279739E+1
-3.247039413E+1	-3.247009277E+1	-3.246825027E+1
-3.386326218E+1	-3.386502075E+1	-3.386991501E+1
-3.711907959E+1	-3.711041641E+1	-3.710740280E+1
-3.564704132E+1	-3.564862061E+1	-3.564846802E+1
-3.297961426E+1	-3.298177719E+1	-3.297857285E+1
-3.187217331E+1	-3.187155914E+1	-3.187358475E+1
-3.820803452E+1	-3.821350098E+1	-3.821281433E+1
-3.276244354E+1	-3.276150131E+1	-3.276461411E+1
-3.378435516E+1	-3.378322983E+1	-3.378284836E+1
-3.480910492E+1	-3.481690216E+1	-3.481725693E+1
-4.128484344E+1	-4.128401947E+1	-4.127955627E+1
-3.427366257E+1	-3.427804565E+1	-3.428070831E+1
-3.314291382E+1	-3.314659119E+1	-3.315170670E+1
-3.496355820E+1	-3.496824265E+1	-3.497524643E+1
-3.552162170E+1	-3.551773071E+1	-3.552491760E+1
-3.362635422E+1	-3.363101959E+1	-3.362672043E+1
-3.477453232E+1	-3.478364182E+1	-3.477936935E+1
-4.175324631E+1	-4.178970337E+1	-4.177635193E+1
-3.615783691E+1	-3.616814423E+1	-3.616759872E+1
-3.559543228E+1	-3.560091019E+1	-3.558248138E+1
-3.389639664E+1	-3.389934921E+1	-3.390770340E+1
-3.915643311E+1	-3.913572693E+1	-3.913821411E+1
-3.397480392E+1	-3.397396851E+1	-3.397381592E+1
-3.632300568E+1	-3.634033966E+1	-3.633113098E+1
-3.920162964E+1	-3.922048187E+1	-3.922562790E+1
-4.131668472E+1	-4.133032227E+1	-4.131443024E+1
-3.812702942E+1	-3.814223862E+1	-3.813278198E+1
-3.493156815E+1	-3.494028091E+1	-3.493386459E+1
-3.786583710E+1	-3.787204742E+1	-3.788125610E+1
-3.567951584E+1	-3.568725967E+1	-3.567896652E+1
-3.777991104E+1	-3.778033447E+1	-3.778753662E+1
-4.011007309E+1	-4.010092545E+1	-4.010611343E+1
-4.614364243E+1	-4.615227509E+1	-4.614424133E+1
-4.003319550E+1	-4.003558350E+1	-4.002223969E+1
-3.832359314E+1	-3.832682419E+1	-3.832548904E+1
-3.712354279E+1	-3.713162994E+1	-3.713202667E+1
-3.917840576E+1	-3.917695236E+1	-3.917415237E+1
-3.813629532E+1	-3.814621735E+1	-3.814212418E+1
-4.743878555E+1	-4.745655060E+1	-4.745449448E+1
-4.678243637E+1	-4.683007431E+1	-4.683723831E+1
-4.322106171E+1	-4.323360443E+1	-4.324800491E+1
-4.268000412E+1	-4.269615555E+1	-4.266748047E+1
-3.845058060E+1	-3.845226288E+1	-3.844725800E+1
-4.167356491E+1	-4.168396378E+1	-4.167502213E+1
-4.008522034E+1	-4.008068085E+1	-4.008800888E+1
-4.221410751E+1	-4.221641159E+1	-4.222635269E+1
-3.812602615E+1	-3.813665771E+1	-3.813497543E+1
-2.997920036E+1	-2.998233604E+1	-2.997736931E+1
-2.945335960E+1	-2.945783997E+1	-2.945382881E+1
-2.767085075E+1	-2.767440414E+1	-2.767309761E+1
-2.480892372E+1	-2.481694221E+1	-2.481634331E+1
-2.687937355E+1	-2.688380241E+1	-2.688166046E+1
-2.526332092E+1	-2.526271629E+1	-2.526138496E+1
-2.848603439E+1	-2.849176788E+1	-2.848852158E+1
-2.963047600E+1	-2.964038086E+1	-2.963394165E+1
-3.930689240E+1	-3.929514313E+1	-3.930957031E+1
-4.355488586E+1	-4.357012939E+1	-4.356241226E+1
-5.014335251E+1	-5.015470886E+1	-5.015555191E+1
-4.973091888E+1	-4.973826981E+1	-4.976646042E+1
-4.891695786E+1	-4.892690277E+1	-4.889704132E+1
-4.804362488E+1	-4.804670334E+1	-4.802633286E+1
-4.168155289E+1	-4.168431091E+1	-4.167744827E+1
-4.355237961E+1	-4.354609680E+1	-4.354173660E+1
-4.388444138E+1	-4.390052795E+1	-4.388803864E+1
-5.148516846E+1	-5.151390076E+1	-5.147235107E+1
-4.896082687E+1	-4.896486664E+1	-4.896706009E+1
-5.035122299E+1	-5.036493301E+1	-5.036481476E+1
-4.678648758E+1	-4.680125809E+1	-4.678267670E+1
-4.382759857E+1	-4.382109070E+1	-4.381489944E+1
-4.362811279E+1	-4.363414764E+1	-4.362851334E+1
-4.484276199E+1	-4.483092880E+1	-4.482129669E+1
-4.783142090E+1	-4.783610535E+1	-4.784570312E+1
-4.698047638E+1	-4.700478363E+1	-4.699886322E+1
-4.740320969E+1	-4.739242172E+1	-4.739821625E+1
-4.639442062E+1	-4.640428162E+1	-4.637313461E+1
-4.481045914E+1	-4.481533432E+1	-4.480557251E+1
-4.631134415E+1	-4.627276230E+1	-4.628556061E+1
-4.584504318E+1	-4.584859085E+1	-4.582652283E+1
-4.775885773E+1	-4.775153732E+1	-4.772542953E+1
-4.523474884E+1	-4.522002411E+1	-4.523156357E+1
-4.509766769E+1	-4.509559631E+1	-4.508688736E+1
-4.515163040E+1	-4.516407394E+1	-4.514562988E+1
-4.577587128E+1	-4.577733994E+1	-4.578557205E+1
-4.823241806E+1	-4.821722794E+1	-4.823711014E+1
-4.774834442E+1	-4.773657990E+1	-4.775757980E+1
-4.783836365E+1	-4.788050079E+1	-4.787721252E+1
-4.556874084E+1	-4.558523941E+1	-4.557781219E+1
-4.480791855E+1	-4.479517365E+1	-4.480315399E+1
-4.446935654E+1	-4.445684433E+1	-4.445245743E+1
-4.558397675E+1	-4.559934998E+1	-4.560542679E+1
-4.807611084E+1	-4.809355927E+1	-4.807590866E+1
-4.782068634E+1	-4.781574249E+1	-4.782903671E+1
-4.811357880E+1	-4.808810806E+1	-4.810818863E+1
-4.627196884E+1	-4.628901291E+1	-4.628136826E+1
-4.511615372E+1	-4.512109756E+1	-4.512163544E+1
-4.528121567E+1	-4.528627014E+1	-4.528144836E+1
-4.529558563E+1	-4.529385757E+1	-4.529619598E+1
-4.668814468E+1	-4.671484756E+1	-4.668185043E+1
-4.650420761E+1	-4.652953720E+1	-4.650156403E+1
-4.639188004E+1	-4.638537598E+1	-4.639012909E+1
-4.653963852E+1	-4.656525421E+1	-4.656590271E+1
-4.628527832E+1	-4.626881027E+1	-4.628171921E+1
-4.608729935E+1	-4.610845947E+1	-4.609366608E+1
-4.624431610E+1	-4.621958923E+1	-4.623084641E+1
-4.639826965E+1	-4.641015244E+1	-4.641477585E+1
-4.579051208E+1	-4.579727173E+1	-4.579559326E+1
-4.590902710E+1	-4.588238907E+1	-4.589867401E+1
-4.572151947E+1	-4.572981644E+1	-4.574031067E+1
-4.579602051E+1	-4.579673004E+1	-4.579077530E+1
-4.641148376E+1	-4.640681458E+1	-4.642481995E+1
-4.594547653E+1	-4.592568970E+1	-4.591610336E+1
-4.616790390E+1	-4.615518570E+1	-4.615198517E+1
-4.490126801E+1	-4.490292358E+1	-4.489248657E+1
-4.528363800E+1	-4.525393677E+1	-4.526691055E+1
-4.538059616E+1	-4.538166046E+1	-4.539138031E+1
-4.545273590E+1	-4.545826721E+1	-4.544903564E+1
-4.625080109E+1	-4.624566269E+1	-4.624627686E+1
-4.562541199E+1	-4.564572906E+1	-4.567379761E+1
-4.555448914E+1	-4.555873489E+1	-4.553437424E+1
-4.475096512E+1	-4.472726822E+1	-4.474105835E+1
-4.467234039E+1	-4.469042206E+1	-4.465846634E+1
-4.477684402E+1	-4.480047989E+1	-4.479454422E+1
-4.539030838E+1	-4.538483810E+1	-4.538387299E+1
-4.580387497E+1	-4.579523468E+1	-4.579631042E+1
-4.533518600E+1	-4.533172989E+1	-4.533387375E+1
-4.536974335E+1	-4.538076401E+1	-4.537763214E+1
-4.471188354E+1	-4.472269821E+1	-4.470166779E+1
-4.488898087E+1	-4.487695694E+1	-4.489530945E+1
-4.453488159E+1	-4.455143356E+1	-4.455821228E+1
-4.453163910E+1	-4.453601074E+1	-4.454861832E+1
-4.499118042E+1	-4.501789093E+1	-4.501642990E+1
-4.457391739E+1	-4.457392502E+1	-4.458723450E+1
-4.477722931E+1	-4.476101303E+1	-4.474367142E+1
-4.493347168E+1	-4.495003510E+1	-4.495383835E+1
-4.496251297E+1	-4.495849228E+1	-4.495541763E+1
-4.496170807E+1	-4.495763779E+1	-4.497988129E+1
-4.461598969E+1	-4.461694336E+1	-4.461487579E+1
-4.458934402E+1	-4.459347534E+1	-4.458332825E+1
-4.426341248E+1	-4.425868988E+1	-4.426535797E+1
-4.402216721E+1	-4.401017761E+1	-4.401602173E+1
-4.413687134E+1	-4.412887192E+1	-4.413077927E+1
-4.459376144E+1	-4.459785843E+1	-4.459089279E+1
-4.456875610E+1	-4.458745575E+1	-4.457411575E+1
-4.506615448E+1	-4.508067322E+1	-4.506286621E+1
-4.468312073E+1	-4.467219543E+1	-4.467292023E+1
-4.436252975E+1	-4.437609863E+1	-4.438270187E+1
-4.432296753E+1	-4.431453323E+1	-4.431783676E+1
-4.377458572E+1	-4.376868820E+1	-4.379801178E+1
-4.404688263E+1	-4.407470322E+1	-4.405239105E+1
-4.391058350E+1	-4.390201569E+1	-4.389976501E+1
-4.381339645E+1	-4.380384827E+1	-4.380606842E+1
-4.403779602E+1	-4.403756714E+1	-4.402822876E+1
-4.425491714E+1	-4.424548340E+1	-4.426803589E+1
-4.408686829E+1	-4.409741592E+1	-4.410653305E+1
-4.448140335E+1	-4.448914719E+1	-4.450408936E+1
-4.429652786E+1	-4.429665375E+1	-4.429969788E+1
-4.345497894E+1	-4.347613907E+1	-4.346636581E+1
-4.366988373E+1	-4.365532303E+1	-4.366737747E+1
-4.282501221E+1	-4.282500839E+1	-4.282324982E+1
-4.344649124E+1	-4.346263885E+1	-4.344759750E+1
-4.323123169E+1	-4.323098755E+1	-4.326443100E+1
-4.336450577E+1	-4.336882019E+1	-4.336666107E+1
-4.455089569E+1	-4.455345154E+1	-4.454115677E+1
-4.281782913E+1	-4.280817413E+1	-4.280373001E+1
-4.504938507E+1	-4.504377365E+1	-4.504421616E+1
-4.300753021E+1	-4.302294922E+1	-4.301314926E+1
-4.083959198E+1	-4.085046768E+1	-4.084836578E+1
-4.509328842E+1	-4.511251831E+1	-4.509817505E+1
-3.976670074E+1	-3.975460052E+1	-3.976363373E+1
-4.534679413E+1	-4.533306503E+1	-4.534601974E+1
-4.059255981E+1	-4.058790970E+1	-4.059281921E+1
-4.451098633E+1	-4.450777435E+1	-4.451545334E+1
-4.215678406E+1	-4.214728546E+1	-4.214149094E+1
-4.389380264E+1	-4.390812302E+1	-4.389577484E+1
-4.351419067E+1	-4.351676941E+1	-4.351329803E+1
-4.319714737E+1	-4.320158768E+1	-4.318819427E+1
-4.378351212E+1	-4.379437256E+1	-4.378853607E+1
-4.229929352E+1	-4.229199600E+1	-4.230674362E+1
-4.268373489E+1	-4.268160248E+1	-4.269941330E+1
-4.204786301E+1	-4.204416656E+1	-4.204430008E+1
-4.194452667E+1	-4.193886948E+1	-4.193799210E+1
-4.227456284E+1	-4.227806854E+1	-4.228085327E+1
-4.223675156E+1	-4.223159790E+1	-4.224155045E+1
-4.259398270E+1	-4.260089111E+1	-4.259228516E+1
-4.307987213E+1	-4.306770325E+1	-4.308057404E+1
-4.296533966E+1	-4.297261429E+1	-4.296351242E+1
-4.300106812E+1	-4.299491119E+1	-4.299792862E+1
-4.283123016E+1	-4.284011459E+1	-4.282623672E+1
-4.206171417E+1	-4.205804825E+1	-4.205854416E+1
-4.194484711E+1	-4.194735718E+1	-4.195088577E+1
-4.164349747E+1	-4.164754105E+1	-4.164942169E+1
-4.140338898E+1	-4.139696884E+1	-4.139254379E+1
-4.179868698E+1	-4.178543472E+1	-4.177459335E+1
-4.181668854E+1	-4.182274246E+1	-4.180400848E+1
-4.201730728E+1	-4.202208328E+1	-4.202298355E+1
-4.252813339E+1	-4.251985550E+1	-4.251216507E+1
-4.237451172E+1	-4.236931610E+1	-4.236592865E+1
-4.228457642E+1	-4.230319595E+1	-4.228794098E+1
-4.218008041E+1	-4.217841339E+1	-4.218218994E+1
-4.134382248E+1	-4.133427048E+1	-4.134720230E+1
-4.132483673E+1	-4.134029388E+1	-4.133911514E+1
-4.089247513E+1	-4.088107300E+1	-4.087972260E+1
-4.084440613E+1	-4.085609818E+1	-4.084839630E+1
-4.126488113E+1	-4.126728821E+1	-4.124892044E+1
-4.130784988E+1	-4.131197357E+1	-4.130127335E+1
-4.147152328E+1	-4.145945358E+1	-4.145637894E+1
-4.190527344E+1	-4.191101456E+1	-4.191327667E+1
-4.157129288E+1	-4.157024384E+1	-4.155661774E+1
-4.150717545E+1	-4.152053452E+1	-4.151198196E+1
-4.133561325E+1	-4.132401657E+1	-4.135482025E+1
-4.065969467E+1	-4.065715408E+1	-4.066867065E+1
-4.064448166E+1	-4.063743591E+1	-4.064225388E+1
-4.039581299E+1	-4.039773560E+1	-4.039116287E+1
-4.012570572E+1	-4.011985397E+1	-4.012152100E+1
-4.026257324E+1	-4.026238251E+1	-4.026986313E+1
-4.012805557E+1	-4.012516785E+1	-4.013964081E+1
-4.021903610E+1	-4.022476959E+1	-4.023223877E+1
-4.060446548E+1	-4.060475540E+1	-4.061146164E+1
-4.053279495E+1	-4.051619339E+1	-4.051880646E+1
-4.062860489E+1	-4.062643433E+1	-4.061417770E+1
-4.051102448E+1	-4.051850891E+1	-4.050832367E+1
-4.005247879E+1	-4.006184006E+1	-4.004630661E+1
-3.982118988E+1	-3.982104492E+1	-3.981933975E+1
-3.952979660E+1	-3.954965973E+1	-3.955342484E+1
-3.918489838E+1	-3.917424011E+1	-3.918791580E+1
-3.932820129E+1	-3.932947540E+1	-3.932858276E+1
-3.926566315E+1	-3.924802780E+1	-3.927174759E+1
-3.917498398E+1	-3.917488861E+1	-3.917610550E+1
-3.938879395E+1	-3.938859940E+1	-3.939221191E+1
-3.919813919E+1	-3.920210648E+1	-3.919097519E+1
-3.920518875E+1	-3.919852066E+1	-3.920673752E+1
-3.921651459E+1	-3.921291351E+1	-3.922241592E+1
-3.892461014E+1	-3.892120743E+1	-3.893041611E+1
-3.894190979E+1	-3.893965149E+1	-3.894761276E+1
-3.877391815E+1	-3.877129364E+1	-3.877562332E+1
-3.835445404E+1	-3.835770416E+1	-3.835992050E+1
-3.824422455E+1	-3.823796082E+1	-3.823103714E+1
-3.805990219E+1	-3.805656052E+1	-3.806133652E+1
-3.789937210E+1	-3.790288925E+1	-3.789146042E+1
-3.812591934E+1	-3.813225174E+1	-3.815189362E+1
-3.812492371E+1	-3.812445831E+1	-3.811493683E+1
-3.810350037E+1	-3.809528351E+1	-3.809960175E+1
-3.821697617E+1	-3.823030853E+1	-3.822055817E+1
-3.786754227E+1	-3.787554169E+1	-3.786984634E+1
-3.783921432E+1	-3.783286667E+1	-3.783130264E+1
-3.765672684E+1	-3.765363693E+1	-3.765700531E+1
-3.737514496E+1	-3.738354111E+1	-3.736524200E+1
-3.726521301E+1	-3.726938629E+1	-3.727394485E+1
-3.725520706E+1	-3.725274658E+1	-3.724354553E+1
-3.691285706E+1	-3.691148758E+1	-3.691762924E+1
-3.702390289E+1	-3.701906204E+1	-3.701053238E+1
-3.682304001E+1	-3.681816864E+1	-3.682112503E+1
-3.664478683E+1	-3.664682007E+1	-3.664702606E+1
-3.671731567E+1	-3.671959686E+1	-3.672994995E+1
-3.630615616E+1	-3.631051636E+1	-3.631811905E+1
-3.615525055E+1	-3.615554047E+1	-3.616124725E+1
-3.591364670E+1	-3.590284729E+1	-3.592707825E+1
-3.559412766E+1	-3.558308411E+1	-3.558919907E+1
-3.525833130E+1	-3.524733734E+1	-3.525183487E+1
-3.510967636E+1	-3.509512329E+1	-3.510072708E+1
-3.498409271E+1	-3.497789764E+1	-3.498980713E+1
-3.487595367E+1	-3.487741470E+1	-3.489059448E+1
-3.503239822E+1	-3.502464294E+1	-3.504561996E+1
-3.468788910E+1	-3.467393875E+1	-3.469295502E+1
-3.484129333E+1	-3.482637405E+1	-3.484502792E+1
-3.457591629E+1	-3.457161331E+1	-3.457593536E+1
-3.443788528E+1	-3.443834686E+1	-3.443653488E+1
-3.446469879E+1	-3.445325851E+1	-3.444556427E+1
-3.406577301E+1	-3.406231308E+1	-3.405516815E+1
-3.439699936E+1	-3.439434052E+1	-3.438572311E+1
-3.384192276E+1	-3.384223557E+1	-3.383973312E+1
-3.418667221E+1	-3.420059586E+1	-3.419942856E+1
-3.365593338E+1	-3.365515518E+1	-3.366216278E+1
-3.415093231E+1	-3.416275787E+1	-3.416342926E+1
-3.390219498E+1	-3.390853119E+1	-3.390824127E+1
-3.365805817E+1	-3.367123413E+1	-3.367067337E+1
-3.384090424E+1	-3.383682251E+1	-3.383546829E+1
-3.287663651E+1	-3.288618469E+1	-3.288013077E+1
-3.226688385E+1	-3.228053284E+1	-3.226814270E+1
-3.367198563E+1	-3.370109177E+1	-3.367842484E+1
-2.872900772E+1	-2.873479271E+1	-2.873303032E+1
-3.974917984E+1	-3.978448105E+1	-3.975145340E+1
-2.969341469E+1	-2.969717026E+1	-2.969095612E+1
-3.409644318E+1	-3.410379410E+1	-3.410291290E+1
-3.185011864E+1	-3.185652542E+1	-3.185081100E+1
-3.258823013E+1	-3.259198380E+1	-3.258493042E+1
-3.218611145E+1	-3.218012619E+1	-3.217890167E+1
-3.208739090E+1	-3.207737732E+1	-3.208102036E+1
-3.227099991E+1	-3.225524139E+1	-3.226084518E+1
-3.213718414E+1	-3.212974930E+1	-3.213269043E+1
-3.281462860E+1	-3.281362534E+1	-3.281402588E+1
-3.291611099E+1	-3.291443634E+1	-3.291160202E+1
-3.311357880E+1	-3.309621429E+1	-3.310401917E+1
-3.322163773E+1	-3.320684814E+1	-3.321119308E+1
-3.346958542E+1	-3.344685745E+1	-3.346258163E+1
-3.394097900E+1	-3.391390610E+1	-3.393609619E+1
-3.414641190E+1	-3.412364197E+1	-3.415254211E+1
-3.421350479E+1	-3.418238831E+1	-3.421879959E+1
-3.420596313E+1	-3.419561005E+1	-3.422103882E+1
-3.438851547E+1	-3.439268494E+1	-3.441589355E+1
-3.459083557E+1	-3.459637833E+1	-3.461626053E+1
-3.494245911E+1	-3.494801331E+1	-3.497492218E+1
-3.531372070E+1	-3.531596756E+1	-3.532766724E+1
-3.564641190E+1	-3.564281082E+1	-3.565688705E+1
-3.613493347E+1	-3.614970779E+1	-3.615363312E+1
-3.665527725E+1	-3.665795135E+1	-3.666588211E+1
-3.724033356E+1	-3.724768066E+1	-3.726522827E+1
-3.786943054E+1	-3.787471771E+1	-3.788341904E+1
-3.852590561E+1	-3.853874969E+1	-3.854043198E+1
-3.928760529E+1	-3.932408905E+1	-3.930600739E+1
-4.003182220E+1	-4.002707291E+1	-4.002645874E+1
-4.088854218E+1	-4.089609528E+1	-4.086442566E+1
-4.175172424E+1	-4.173920059E+1	-4.172858429E+1
-4.249069214E+1	-4.249243164E+1	-4.248500824E+1
-4.349189758E+1	-4.349994278E+1	-4.349610519E+1
-4.442544937E+1	-4.442381287E+1	-4.441143417E+1
-4.551224136E+1	-4.552571106E+1	-4.547548676E+1
-4.669840240E+1	-4.671943283E+1	-4.664170456E+1
-4.764176941E+1	-4.766164017E+1	-4.757783127E+1
-4.871859741E+1	-4.875743103E+1	-4.863029861E+1
-5.001836014E+1	-5.005178070E+1	-4.996193314E+1
-5.095764160E+1	-5.093353653E+1	-5.093604660E+1
-5.234690475E+1	-5.239471436E+1	-5.236500931E+1
-5.297684097E+1	-5.297848129E+1	-5.306858444E+1
-5.388253784E+1	-5.393965149E+1	-5.394013977E+1
-5.505679321E+1	-5.504003906E+1	-5.515559387E+1
-5.540817642E+1	-5.552888489E+1	-5.554720306E+1
-5.556554413E+1	-5.556150818E+1	-5.556736374E+1
-5.555504608E+1	-5.549666977E+1	-5.554744339E+1
-5.529355621E+1	-5.532165909E+1	-5.530066681E+1
-5.548020172E+1	-5.542514038E+1	-5.544583893E+1
-5.480476379E+1	-5.484154510E+1	-5.482176971E+1
-5.341697311E+1	-5.337555695E+1	-5.339148712E+1
-5.247238541E+1	-5.244285583E+1	-5.249790192E+1
-5.120029831E+1	-5.117989349E+1	-5.123007584E+1
-5.038816452E+1	-5.028443909E+1	-5.030904388E+1
-4.947306442E+1	-4.949607086E+1	-4.950561905E+1
-4.902091599E+1	-4.903159332E+1	-4.901309204E+1
-4.839153671E+1	-4.838012695E+1	-4.840857697E+1
-4.772418976E+1	-4.772590637E+1	-4.768382263E+1
-4.687554550E+1	-4.691690826E+1	-4.687512589E+1
-4.654762650E+1	-4.649338913E+1	-4.646459198E+1
-4.625314713E+1	-4.623816299E+1	-4.623120499E+1
-4.603263092E+1	-4.601097107E+1	-4.598609161E+1
-4.574604797E+1	-4.572996521E+1	-4.571061325E+1
-4.520283890E+1	-4.521060562E+1	-4.521499634E+1
-4.495927429E+1	-4.494046402E+1	-4.495394135E+1
-4.445563126E+1	-4.442205048E+1	-4.444330978E+1
-4.424705124E+1	-4.423485184E+1	-4.425435257E+1
-4.397748566E+1	-4.394585800E+1	-4.395992661E+1
-4.374613190E+1	-4.371276855E+1	-4.374440002E+1
-4.349929047E+1	-4.351282501E+1	-4.352758026E+1
-4.325112152E+1	-4.321731186E+1	-4.324409866E+1
-4.307451248E+1	-4.308536530E+1	-4.308872604E+1
-4.291019821E+1	-4.292985153E+1	-4.290955353E+1
-4.271780396E+1	-4.272072601E+1	-4.271050262E+1
-4.256955719E+1	-4.259427261E+1	-4.256989670E+1
-4.252667618E+1	-4.254463577E+1	-4.255562592E+1
-4.232698059E+1	-4.232094574E+1	-4.232830429E+1
-4.230136871E+1	-4.229582596E+1	-4.229571152E+1
-4.214085388E+1	-4.215242767E+1	-4.216031647E+1
-4.205382919E+1	-4.205144501E+1	-4.205986023E+1
-4.174728775E+1	-4.174021912E+1	-4.175642395E+1
-4.151669693E+1	-4.151424408E+1	-4.152840424E+1
-4.158555222E+1	-4.157423782E+1	-4.159546661E+1
-4.128368378E+1	-4.127278519E+1	-4.129899597E+1
-4.142106247E+1	-4.142121124E+1	-4.142118073E+1
-4.097332001E+1	-4.096738815E+1	-4.096731186E+1
-4.099072266E+1	-4.099336624E+1	-4.099436569E+1
-4.080945587E+1	-4.082201004E+1	-4.083356857E+1
-4.055088043E+1	-4.054572296E+1	-4.055683136E+1
-4.065829468E+1	-4.067389297E+1	-4.067487717E+1
-4.016429138E+1	-4.016717148E+1	-4.017752457E+1
-4.035807419E+1	-4.035991287E+1	-4.037625122E+1
-3.974701309E+1	-3.973775482E+1	-3.975228882E+1
-3.995716476E+1	-3.997380066E+1	-3.996568680E+1
-3.967660522E+1	-3.967698669E+1	-3.968137741E+1
-3.946487808E+1	-3.945306015E+1	-3.945414734E+1
-3.928162384E+1	-3.927801514E+1	-3.927242661E+1
-3.885598755E+1	-3.886121368E+1	-3.885486984E+1
-3.890777206E+1	-3.889547348E+1	-3.890694046E+1
-3.803435516E+1	-3.803682709E+1	-3.802471542E+1
-3.908528900E+1	-3.907310867E+1	-3.908330154E+1
-3.672775650E+1	-3.671367264E+1	-3.672671509E+1
-4.069214630E+1	-4.068695068E+1	-4.069056320E+1
-3.411635590E+1	-3.410984421E+1	-3.412089920E+1
-4.252677536E+1	-4.252037811E+1	-4.252603149E+1
-3.361818314E+1	-3.362394714E+1	-3.362233734E+1
-3.920362091E+1	-3.921549606E+1	-3.920816803E+1
-3.464974594E+1	-3.465874863E+1	-3.465082932E+1
-3.753319168E+1	-3.752430725E+1	-3.752230835E+1
-3.552653503E+1	-3.552958298E+1	-3.552311325E+1
-3.662397766E+1	-3.661708832E+1	-3.659812927E+1
-3.569388962E+1	-3.568052292E+1	-3.568805313E+1
-3.620185852E+1	-3.620042419E+1	-3.619100571E+1
-3.552478409E+1	-3.552105331E+1	-3.552657700E+1
-3.582430649E+1	-3.582049561E+1	-3.581015396E+1
-3.525621414E+1	-3.526276016E+1	-3.526435089E+1
-3.533380127E+1	-3.533707047E+1	-3.533649063E+1
-3.497283173E+1	-3.496737289E+1	-3.496899414E+1
-3.488020325E+1	-3.487936020E+1	-3.487657166E+1
-3.469908905E+1	-3.470096207E+1	-3.471333313E+1
-3.439750671E+1	-3.440356445E+1	-3.441212845E+1
-3.433926392E+1	-3.434380341E+1	-3.435749054E+1
-3.402630615E+1	-3.402367401E+1	-3.402951813E+1
-3.393523788E+1	-3.393086243E+1	-3.393712616E+1
-3.361165237E+1	-3.360684204E+1	-3.361206055E+1
-3.341731644E+1	-3.342050552E+1	-3.342197800E+1
-3.316290665E+1	-3.315880585E+1	-3.316683578E+1
-3.287197876E+1	-3.286801529E+1	-3.287321854E+1
-3.266835403E+1	-3.266349792E+1	-3.265599442E+1
-3.232683563E+1	-3.232168198E+1	-3.233126450E+1
-3.212267303E+1	-3.212316132E+1	-3.212179947E+1
-3.178353691E+1	-3.178219223E+1	-3.178285027E+1
-3.150468826E+1	-3.149348068E+1	-3.150939560E+1
-3.116840935E+1	-3.117704964E+1	-3.117682838E+1
-3.081148148E+1	-3.081108475E+1	-3.081570435E+1
-3.048298073E+1	-3.048223114E+1	-3.048136330E+1
-3.011503601E+1	-3.010845566E+1	-3.010591316E+1
-2.975200462E+1	-2.974644089E+1	-2.974657249E+1
-2.934701538E+1	-2.934933281E+1	-2.934845734E+1
-2.893822479E+1	-2.893583679E+1	-2.894007111E+1
-2.853252792E+1	-2.852830315E+1	-2.852817535E+1
-2.815197182E+1	-2.814513206E+1	-2.815109634E+1
-2.778595543E+1	-2.777791595E+1	-2.778530312E+1
-2.739392281E+1	-2.738644791E+1	-2.739209366E+1
-2.699537086E+1	-2.699495888E+1	-2.699873924E+1
-2.657303238E+1	-2.656880951E+1	-2.657225800E+1
-2.610112953E+1	-2.609547424E+1	-2.610332108E+1
-2.564300156E+1	-2.564161682E+1	-2.565045166E+1
-2.518729401E+1	-2.518301773E+1	-2.519140053E+1
-2.475186157E+1	-2.475434875E+1	-2.476043892E+1
-2.433949089E+1	-2.434079933E+1	-2.434109306E+1
-2.393850708E+1	-2.393832397E+1	-2.393610191E+1
-2.355225754E+1	-2.355375290E+1	-2.355416298E+1
-2.321822739E+1	-2.322035408E+1	-2.322308350E+1
-2.293642616E+1	-2.293850327E+1	-2.293974495E+1
-2.273233986E+1	-2.273671150E+1	-2.274168968E+1
-2.260446358E+1	-2.260653305E+1	-2.261158180E+1
-2.252025223E+1	-2.252381516E+1	-2.252898788E+1
-2.246322441E+1	-2.246804047E+1	-2.248147202E+1
-2.243538666E+1	-2.243811989E+1	-2.244772911E+1
-2.245318985E+1	-2.245768547E+1	-2.246574402E+1
-2.249257660E+1	-2.249137115E+1	-2.250123024E+1
-2.256210709E+1	-2.256289291E+1	-2.256876564E+1
-2.262384605E+1	-2.262922287E+1	-2.263168716E+1
-2.273210526E+1	-2.273624229E+1	-2.274073029E+1
-2.285938644E+1	-2.286189461E+1	-2.286085892E+1
-2.302960014E+1	-2.303083038E+1	-2.302987480E+1
-2.320148659E+1	-2.320450211E+1	-2.320345879E+1
-2.334781837E+1	-2.334902573E+1	-2.334364891E+1
-2.345560074E+1	-2.346113586E+1	-2.345729828E+1
-2.355323601E+1	-2.355578041E+1	-2.355467796E+1
-2.364285278E+1	-2.364379120E+1	-2.364316750E+1
-2.375152588E+1	-2.375183105E+1	-2.375006104E+1
-2.385085869E+1	-2.384802055E+1	-2.384916878E+1
-2.394625282E+1	-2.394958687E+1	-2.394618225E+1
-2.401189804E+1	-2.401552200E+1	-2.401548576E+1
-2.408392906E+1	-2.408941841E+1	-2.408837128E+1
-2.415849304E+1	-2.416195869E+1	-2.416098785E+1
-2.424409866E+1	-2.424423981E+1	-2.424768257E+1
-2.435187149E+1	-2.435383606E+1	-2.435458183E+1
-2.444165993E+1	-2.444413376E+1	-2.444412994E+1
-2.451688957E+1	-2.452099800E+1	-2.452615738E+1
-2.459224129E+1	-2.459744644E+1	-2.460053825E+1
-2.473237991E+1	-2.473736954E+1	-2.473810959E+1
-2.487309647E+1	-2.487547684E+1	-2.487599182E+1
-2.506693459E+1	-2.507146645E+1	-2.507319641E+1
-2.526788902E+1	-2.527178955E+1	-2.526893616E+1
-2.547381783E+1	-2.547514534E+1	-2.547299385E+1
-2.565720367E+1	-2.565789223E+1	-2.565796661E+1
-2.585058022E+1	-2.584778786E+1	-2.585192871E+1
-2.613499832E+1	-2.613283730E+1	-2.613414001E+1
-2.647449684E+1	-2.646751213E+1	-2.647039604E+1
-2.682400894E+1	-2.682551384E+1	-2.682691765E+1
-2.719987869E+1	-2.720237350E+1	-2.720097160E+1
-2.759006500E+1	-2.758685303E+1	-2.758647537E+1
-2.807750320E+1	-2.807750702E+1	-2.807678223E+1
-2.864312553E+1	-2.864247704E+1	-2.864676094E+1
-2.923278046E+1	-2.923536491E+1	-2.924261093E+1
-2.975980186E+1	-2.976147652E+1	-2.976303482E+1
-3.029257965E+1	-3.029801941E+1	-3.029465675E+1
-3.082269669E+1	-3.082322121E+1	-3.082528877E+1
-3.131681252E+1	-3.131312180E+1	-3.131980324E+1
-3.178984451E+1	-3.178808784E+1	-3.179286385E+1
-3.223062897E+1	-3.223416138E+1	-3.223926544E+1
-3.270925903E+1	-3.270119476E+1	-3.271417618E+1
-3.312820816E+1	-3.313089371E+1	-3.313909531E+1
-3.372038651E+1	-3.371525192E+1	-3.372249985E+1
-3.406287766E+1	-3.406004715E+1	-3.406906128E+1
-3.478579330E+1	-3.477641678E+1	-3.479162598E+1
-3.500234222E+1	-3.500437927E+1	-3.500592422E+1
-3.575456238E+1	-3.575805283E+1	-3.575355148E+1
-3.591656494E+1	-3.592200470E+1	-3.592254639E+1
-3.659666443E+1	-3.659560776E+1	-3.659718323E+1
-3.700558090E+1	-3.700245285E+1	-3.701227570E+1
-3.750432205E+1	-3.750145721E+1	-3.751233673E+1
-3.802831650E+1	-3.801284790E+1	-3.802582932E+1
-3.851468658E+1	-3.850973892E+1	-3.853525162E+1
-3.904314423E+1	-3.902042770E+1	-3.904307175E+1
-3.961698914E+1	-3.960664749E+1	-3.962811279E+1
-4.018523026E+1	-4.017451477E+1	-4.017898560E+1
-4.083134079E+1	-4.082688141E+1	-4.082630920E+1
-4.132072830E+1	-4.131126785E+1	-4.132633591E+1
-4.163883209E+1	-4.162164307E+1	-4.163832855E+1
-4.203989029E+1	-4.203901672E+1	-4.203254700E+1
-4.223034286E+1	-4.225335312E+1	-4.223677826E+1
-4.244195557E+1	-4.244202805E+1	-4.242411041E+1
-4.262174988E+1	-4.264239120E+1	-4.263685989E+1
-4.283748245E+1	-4.285395813E+1	-4.286235046E+1
-4.311993408E+1	-4.312321854E+1	-4.312366104E+1
-4.337711334E+1	-4.337794113E+1	-4.337389755E+1
-4.373953629E+1	-4.374470139E+1	-4.374278259E+1
-4.399862289E+1	-4.401032639E+1	-4.401451492E+1
-4.423786545E+1	-4.425288391E+1	-4.424930191E+1
-4.462360001E+1	-4.464022827E+1	-4.462694550E+1
-4.492747879E+1	-4.492662430E+1	-4.491339874E+1
-4.527157593E+1	-4.526680374E+1	-4.528319931E+1
-4.560847473E+1	-4.561410904E+1	-4.559625244E+1
-4.588881302E+1	-4.590110016E+1	-4.589550018E+1
-4.625471115E+1	-4.622063446E+1	-4.625335693E+1
-4.661862946E+1	-4.659923553E+1	-4.662220764E+1
-4.699406433E+1	-4.697930527E+1	-4.698248291E+1
-4.742242050E+1	-4.740541458E+1	-4.744886017E+1
-4.769667816E+1	-4.768562698E+1	-4.772018433E+1
-4.802967072E+1	-4.802475357E+1	-4.803863907E+1
-4.831137085E+1	-4.828037262E+1	-4.830465698E+1
-4.859739685E+1	-4.858664703E+1	-4.858041382E+1
-4.893670273E+1	-4.892005920E+1	-4.896800232E+1
-4.918680573E+1	-4.917207718E+1	-4.918783569E+1
-4.939590073E+1	-4.939698029E+1	-4.942517853E+1
-4.966504288E+1	-4.966708755E+1	-4.968402863E+1
-4.978415298E+1	-4.983806992E+1	-4.979565811E+1
-4.991399002E+1	-4.993699265E+1	-4.992271042E+1
-5.023390198E+1	-5.019272995E+1	-5.020588684E+1
-5.061317825E+1	-5.057038879E+1	-5.056170273E+1
-5.100123215E+1	-5.099051666E+1	-5.102198029E+1
-5.143212509E+1	-5.148019028E+1	-5.146942520E+1
-5.163297653E+1	-5.160516739E+1	-5.158789825E+1
-5.185962296E+1	-5.184512329E+1	-5.181062317E+1
-5.202379990E+1	-5.200933075E+1	-5.205352783E+1
-5.186580658E+1	-5.181250763E+1	-5.186911774E+1
-5.211502838E+1	-5.207544708E+1	-5.207669449E+1
-5.229074097E+1	-5.226113892E+1	-5.223402023E+1
-5.254730606E+1	-5.254636002E+1	-5.252949524E+1
-5.296106339E+1	-5.295338440E+1	-5.291810226E+1
-5.291645813E+1	-5.286562729E+1	-5.290106964E+1
-5.306585693E+1	-5.298178482E+1	-5.299488449E+1
-5.317679977E+1	-5.316302872E+1	-5.317034912E+1
-5.297716522E+1	-5.291964722E+1	-5.288764954E+1
-5.324361801E+1	-5.322484589E+1	-5.325566483E+1
-5.331504440E+1	-5.332149887E+1	-5.328483200E+1
-5.370882797E+1	-5.365137863E+1	-5.362592316E+1
-5.388503265E+1	-5.384713745E+1	-5.391010284E+1
-5.423289490E+1	-5.419392776E+1	-5.421780396E+1
-5.439969635E+1	-5.439572144E+1	-5.436631393E+1
-5.456343079E+1	-5.446775818E+1	-5.457524109E+1
-5.487065125E+1	-5.488483047E+1	-5.493026733E+1
-5.487977600E+1	-5.491921616E+1	-5.482403946E+1
-5.527540588E+1	-5.532598495E+1	-5.527994919E+1
-5.524858093E+1	-5.522923660E+1	-5.519480515E+1
-5.605795670E+1	-5.600893021E+1	-5.602157211E+1
-5.585625458E+1	-5.579778671E+1	-5.582653809E+1
-5.559223557E+1	-5.576301193E+1	-5.570738983E+1
-5.617412567E+1	-5.612270737E+1	-5.611917114E+1
-5.581419373E+1	-5.587002563E+1	-5.576955795E+1
-5.698722839E+1	-5.696727753E+1	-5.680051041E+1
-5.616723251E+1	-5.613731384E+1	-5.612349319E+1
-5.666370773E+1	-5.668665695E+1	-5.658325958E+1
-5.630491638E+1	-5.628533554E+1	-5.632946396E+1
-5.636334991E+1	-5.636926270E+1	-5.636897659E+1
-5.668501663E+1	-5.676461029E+1	-5.672929001E+1
-5.644169617E+1	-5.646604156E+1	-5.651276016E+1
-5.745423508E+1	-5.735395432E+1	-5.746935654E+1
-5.650699234E+1	-5.645427704E+1	-5.651906204E+1
-5.796150970E+1	-5.787258530E+1	-5.799197769E+1
-5.678541565E+1	-5.665225220E+1	-5.673823929E+1
-5.841342545E+1	-5.831005859E+1	-5.856149673E+1
-5.808589935E+1	-5.802017212E+1	-5.804241943E+1
-5.768401718E+1	-5.760330200E+1	-5.772490311E+1
-5.888530350E+1	-5.887877274E+1	-5.904278946E+1
-5.625578690E+1	-5.623378372E+1	-5.632099915E+1
-6.110399246E+1	-6.112595749E+1	-6.121546555E+1
-5.598972321E+1	-5.592317200E+1	-5.606052399E+1
-6.228998947E+1	-6.224125671E+1	-6.227068329E+1
-5.608984375E+1	-5.601944351E+1	-5.604377747E+1
-6.071447754E+1	-6.065368271E+1	-6.070019531E+1
-5.594605255E+1	-5.591128540E+1	-5.592541885E+1
-5.605523300E+1	-5.614363480E+1	-5.609811020E+1
-5.464195251E+1	-5.457488251E+1	-5.458745193E+1
-5.197430420E+1	-5.199481583E+1	-5.199069214E+1
-5.059087372E+1	-5.055363083E+1	-5.052024078E+1
-4.927817535E+1	-4.928397751E+1	-4.933614349E+1
-4.792683792E+1	-4.794753647E+1	-4.791493225E+1
-5.031550217E+1	-5.035199738E+1	-5.031824493E+1
-4.918563843E+1	-4.919254684E+1	-4.919412613E+1
-5.570248413E+1	-5.562628555E+1	-5.557236481E+1
-5.308383942E+1	-5.311719131E+1	-5.316498184E+1
-5.787237549E+1	-5.803440857E+1	-5.798927689E+1
-5.610829926E+1	-5.603919220E+1	-5.606034470E+1
-5.546976089E+1	-5.540630341E+1	-5.540983582E+1
-5.707818985E+1	-5.703103638E+1	-5.712689972E+1
-5.410459518E+1	-5.398725891E+1	-5.404132843E+1
-5.690535355E+1	-5.689651871E+1	-5.691064453E+1
-5.414019012E+1	-5.411695862E+1	-5.419628525E+1
-5.618819427E+1	-5.617444611E+1	-5.614404297E+1
-5.434549713E+1	-5.432253647E+1	-5.442308807E+1
-5.457097244E+1	-5.455830765E+1	-5.461652374E+1
-5.412180328E+1	-5.406748199E+1	-5.413086319E+1
-5.343842697E+1	-5.340230942E+1	-5.341922379E+1
-5.403461075E+1	-5.402286911E+1	-5.405915833E+1
-5.291482162E+1	-5.285886383E+1	-5.290743637E+1
-5.380220413E+1	-5.376495361E+1	-5.381510162E+1
-5.259408951E+1	-5.258813095E+1	-5.254380798E+1
-5.329058838E+1	-5.330282593E+1	-5.329066467E+1
-5.271698761E+1	-5.266930008E+1	-5.266038132E+1
-5.262632751E+1	-5.265832138E+1	-5.262380219E+1
-5.253643799E+1	-5.256679916E+1	-5.255854416E+1
-5.226721573E+1	-5.230763245E+1	-5.232322311E+1
-5.257844925E+1	-5.256127167E+1	-5.258441544E+1
-5.207250214E+1	-5.212291718E+1	-5.209577942E+1
-5.226220703E+1	-5.220028687E+1	-5.221408463E+1
-5.206410217E+1	-5.209387589E+1	-5.207427597E+1
-5.206938553E+1	-5.202526474E+1	-5.200425720E+1
-5.202092361E+1	-5.195383072E+1	-5.202383423E+1
-5.185063171E+1	-5.185385132E+1	-5.186314392E+1
-5.190511322E+1	-5.187068939E+1	-5.188182068E+1
-5.170703888E+1	-5.167926025E+1	-5.166357422E+1
-5.144315338E+1	-5.137233353E+1	-5.142564011E+1
-5.102110291E+1	-5.095636749E+1	-5.101051331E+1
-5.093668365E+1	-5.090195847E+1	-5.097789383E+1
-5.054575729E+1	-5.053531265E+1	-5.055470276E+1
-5.038750839E+1	-5.037615585E+1	-5.038446045E+1
-5.008700180E+1	-5.010415268E+1	-5.008985138E+1
-4.969045258E+1	-4.964718246E+1	-4.966841507E+1
-4.941303253E+1	-4.943912888E+1	-4.940526962E+1
-4.907847595E+1	-4.912424469E+1	-4.907684326E+1
-4.904590988E+1	-4.904095840E+1	-4.897275162E+1
-4.881155014E+1	-4.881562805E+1	-4.879137802E+1
-4.861537933E+1	-4.859854126E+1	-4.858967590E+1
-4.847964096E+1	-4.847859192E+1	-4.847842789E+1
-4.823983002E+1	-4.821150208E+1	-4.822415924E+1
-4.794601059E+1	-4.792029572E+1	-4.793430328E+1
-4.783107758E+1	-4.781301117E+1	-4.786538315E+1
-4.765563965E+1	-4.760905075E+1	-4.767443848E+1
-4.737600708E+1	-4.734332275E+1	-4.740064621E+1
-4.722972107E+1	-4.720680237E+1	-4.724192429E+1
-4.716513824E+1	-4.714308929E+1	-4.719771194E+1
-4.691503143E+1	-4.691608810E+1	-4.698749161E+1
-4.662707520E+1	-4.660402298E+1	-4.669896698E+1
-4.625264359E+1	-4.625555038E+1	-4.630801773E+1
-4.602373886E+1	-4.604444504E+1	-4.608768463E+1
-4.594896698E+1	-4.595030975E+1	-4.594474411E+1
-4.584831619E+1	-4.583099747E+1	-4.585694885E+1
-4.556970596E+1	-4.556457138E+1	-4.555152893E+1
-4.533987808E+1	-4.537536621E+1	-4.534577179E+1
-4.509677887E+1	-4.509712219E+1	-4.508198547E+1
-4.485948181E+1	-4.486896515E+1	-4.482326889E+1
-4.466073227E+1	-4.470054245E+1	-4.464275742E+1
-4.464571762E+1	-4.464753342E+1	-4.463026047E+1
-4.471897507E+1	-4.470902252E+1	-4.468739319E+1
-4.482749557E+1	-4.482197571E+1	-4.479731369E+1
-4.495682526E+1	-4.494322586E+1	-4.492113876E+1
-4.502340698E+1	-4.501078415E+1	-4.499953842E+1
-4.507436371E+1	-4.505492020E+1	-4.504028320E+1
-4.517758179E+1	-4.516362762E+1	-4.518644714E+1
-4.522776794E+1	-4.524308014E+1	-4.525711823E+1
-4.542506409E+1	-4.542724228E+1	-4.542924500E+1
-4.563985443E+1	-4.561476517E+1	-4.563648605E+1
-4.588804245E+1	-4.588026428E+1	-4.590550995E+1
-4.626501846E+1	-4.621535110E+1	-4.626014709E+1
-4.661153412E+1	-4.661172104E+1	-4.659447098E+1
-4.711748886E+1	-4.711051178E+1	-4.713158417E+1
-4.744110489E+1	-4.741466522E+1	-4.744163895E+1
-4.802625656E+1	-4.801840973E+1	-4.800929260E+1
-4.856599045E+1	-4.855421829E+1	-4.854919815E+1
-4.907789612E+1	-4.904460144E+1	-4.906871033E+1
-4.955127716E+1	-4.952938843E+1	-4.954287338E+1
-4.996032333E+1	-4.996590424E+1	-4.996165085E+1
-5.061285782E+1	-5.055994797E+1	-5.056160355E+1
-5.084638977E+1	-5.079410172E+1	-5.086801147E+1
-5.146618271E+1	-5.138967514E+1	-5.144171143E+1
-5.155211258E+1	-5.151548767E+1	-5.151398849E+1
-5.213866806E+1	-5.209862900E+1	-5.213026047E+1
-5.225290680E+1	-5.220284271E+1	-5.225649261E+1
-5.269749832E+1	-5.274295425E+1	-5.265909195E+1
-5.315471268E+1	-5.315469742E+1	-5.318442535E+1
-5.332094193E+1	-5.332440186E+1	-5.333705139E+1
-5.443828201E+1	-5.446607208E+1	-5.442826462E+1
-5.399200821E+1	-5.392078400E+1	-5.397109985E+1
-5.506697845E+1	-5.514456177E+1	-5.507987595E+1
-5.454053116E+1	-5.451424789E+1	-5.450872803E+1
-5.598500824E+1	-5.593684387E+1	-5.596721268E+1
-5.514159012E+1	-5.512955475E+1	-5.513570404E+1
-5.653501511E+1	-5.652043915E+1	-5.654084015E+1
-5.620715332E+1	-5.620404816E+1	-5.618432236E+1
-5.690411377E+1	-5.692562485E+1	-5.695164108E+1
-5.678785706E+1	-5.686116409E+1	-5.686547852E+1
-5.726264191E+1	-5.721844482E+1	-5.731980515E+1
-5.739839172E+1	-5.737668610E+1	-5.746683884E+1
-5.757792282E+1	-5.753445816E+1	-5.750883865E+1
-5.815987015E+1	-5.809121704E+1	-5.811856842E+1
-5.806538391E+1	-5.825951385E+1	-5.813123322E+1
-5.884909058E+1	-5.889639664E+1	-5.888930511E+1
-5.888211441E+1	-5.875062561E+1	-5.884322357E+1
-5.891949081E+1	-5.902050400E+1	-5.892699814E+1
-5.882003403E+1	-5.878717041E+1	-5.876545715E+1
-5.916466904E+1	-5.916220474E+1	-5.910415649E+1
-5.899053192E+1	-5.908955765E+1	-5.915604019E+1
-5.919253540E+1	-5.922567368E+1	-5.912419510E+1
-5.970867157E+1	-5.972599792E+1	-5.975181961E+1
-5.965629578E+1	-5.978854370E+1	-5.958002090E+1
-5.989223099E+1	-5.986688995E+1	-5.996979523E+1
-5.999668884E+1	-5.996662903E+1	-6.009834290E+1
-6.009840012E+1	-6.008079529E+1	-5.995400620E+1
-5.997095108E+1	-6.007888412E+1	-6.002040100E+1
-5.985017014E+1	-5.998589706E+1	-6.000606918E+1
-6.034978104E+1	-6.022819519E+1	-6.018637848E+1
-6.058981323E+1	-6.061317444E+1	-6.056265640E+1
-6.030560684E+1	-6.036734009E+1	-6.033562851E+1
-6.032883835E+1	-6.027673721E+1	-6.027707291E+1
-6.018930435E+1	-6.024857330E+1	-6.016488647E+1
-6.021138763E+1	-6.033342361E+1	-6.021067810E+1
-5.996883392E+1	-5.999504471E+1	-5.992232132E+1
-6.032688141E+1	-6.030051422E+1	-6.021152878E+1
-6.042383957E+1	-6.043843079E+1	-6.039691544E+1
-6.039401627E+1	-6.033328247E+1	-6.050816345E+1
-6.080020142E+1	-6.082287598E+1	-6.085329437E+1
-6.060511017E+1	-6.067907333E+1	-6.064590836E+1
-6.042506790E+1	-6.056416321E+1	-6.037925720E+1
-6.057712555E+1	-6.036947250E+1	-6.057562256E+1
-6.052089691E+1	-6.065070343E+1	-6.047260666E+1
-6.017636871E+1	-6.030194092E+1	-6.026819229E+1
-6.013069916E+1	-6.022198486E+1	-6.020008850E+1
-6.031151962E+1	-6.034269333E+1	-6.037257004E+1
-5.987379456E+1	-5.990373611E+1	-5.995163345E+1
-5.990724945E+1	-5.973173523E+1	-5.988927460E+1
-5.966871643E+1	-5.971365738E+1	-5.971704865E+1
-5.933232880E+1	-5.934571838E+1	-5.947618866E+1
-5.948663330E+1	-5.942333221E+1	-5.952243805E+1
-5.946292496E+1	-5.945083237E+1	-5.945318985E+1
-5.956779861E+1	-5.961637115E+1	-5.960144424E+1
-5.964055252E+1	-5.958698654E+1	-5.975232315E+1
-5.953760910E+1	-5.952859879E+1	-5.967774200E+1
-5.945217896E+1	-5.925601196E+1	-5.937448502E+1
-5.942258835E+1	-5.944579315E+1	-5.941063309E+1
-5.956235504E+1	-5.947144318E+1	-5.949519730E+1
-5.921274185E+1	-5.922715759E+1	-5.919123459E+1
-5.921499634E+1	-5.911134720E+1	-5.916772079E+1
-5.935086441E+1	-5.925111008E+1	-5.939398193E+1
-5.908345413E+1	-5.895262527E+1	-5.896765518E+1
-5.914654922E+1	-5.913951492E+1	-5.912434006E+1
-5.901063919E+1	-5.899369812E+1	-5.877557755E+1
-5.894977951E+1	-5.893829346E+1	-5.891961288E+1
-5.923975372E+1	-5.927572250E+1	-5.917763901E+1
-5.927967453E+1	-5.919923019E+1	-5.913898849E+1
-5.915105057E+1	-5.927228546E+1	-5.919527435E+1
-5.921082306E+1	-5.924797440E+1	-5.926487732E+1
-5.958509445E+1	-5.963016510E+1	-5.950372696E+1
-5.925265884E+1	-5.926583481E+1	-5.937846375E+1
-5.926108932E+1	-5.930333710E+1	-5.930342484E+1
-5.935623932E+1	-5.924140549E+1	-5.933494186E+1
-5.946615219E+1	-5.950262070E+1	-5.946160889E+1
-5.977522659E+1	-5.977682495E+1	-5.968539810E+1
-5.925141144E+1	-5.933171463E+1	-5.924816132E+1
-5.969040298E+1	-5.964833832E+1	-5.964448929E+1
-5.949250412E+1	-5.935774994E+1	-5.942819214E+1
-5.981980515E+1	-5.976348114E+1	-5.975873947E+1
-5.925628281E+1	-5.913552856E+1	-5.931427383E+1
-5.972557449E+1	-5.964482117E+1	-5.965457916E+1
-5.930099869E+1	-5.933308792E+1	-5.936341858E+1
-5.967494202E+1	-5.971238708E+1	-5.967890549E+1
-6.001878738E+1	-5.988038635E+1	-5.992178345E+1
-5.967673111E+1	-5.959456635E+1	-5.959622192E+1
-6.019188309E+1	-6.032733917E+1	-6.019804764E+1
-5.936137009E+1	-5.934766769E+1	-5.930671692E+1
-6.028398514E+1	-6.023735046E+1	-6.027478027E+1
-5.947759247E+1	-5.946684647E+1	-5.946111679E+1
-6.018723297E+1	-6.005538559E+1	-6.017042160E+1
-5.940431213E+1	-5.942789078E+1	-5.932060623E+1
-5.956108856E+1	-5.947179031E+1	-5.949051666E+1
-5.960510635E+1	-5.964422226E+1	-5.957707214E+1
-5.876642990E+1	-5.878028488E+1	-5.876591492E+1
-5.970100021E+1	-5.951433945E+1	-5.962303925E+1
-5.804327393E+1	-5.811723328E+1	-5.790365219E+1
-6.001184082E+1	-6.000190353E+1	-5.985479736E+1
-5.770452118E+1	-5.751905441E+1	-5.759804916E+1
-6.000193787E+1	-5.988745117E+1	-5.992546463E+1
-5.733787537E+1	-5.730330658E+1	-5.737585449E+1
-5.945881271E+1	-5.942380524E+1	-5.942615891E+1
-5.736359787E+1	-5.733568954E+1	-5.728149796E+1
-5.917008591E+1	-5.913052750E+1	-5.905187607E+1
-5.712918472E+1	-5.706869125E+1	-5.715571976E+1
-5.843466949E+1	-5.839262009E+1	-5.838529968E+1
-5.730567169E+1	-5.720902252E+1	-5.728432846E+1
-5.830221176E+1	-5.824225616E+1	-5.834877014E+1
-5.767866135E+1	-5.763545990E+1	-5.768476868E+1
-5.807712936E+1	-5.801383591E+1	-5.805107498E+1
-5.802532578E+1	-5.811359024E+1	-5.796700668E+1
-5.788306808E+1	-5.780058289E+1	-5.776975632E+1
-5.854741287E+1	-5.840599442E+1	-5.834349060E+1
-5.768391037E+1	-5.771557236E+1	-5.778601837E+1
-5.822844315E+1	-5.828672409E+1	-5.825293350E+1
-5.763301468E+1	-5.756248856E+1	-5.762537384E+1
-5.795260239E+1	-5.795027161E+1	-5.781129837E+1
-5.755284119E+1	-5.734434509E+1	-5.747008514E+1
-5.764305496E+1	-5.750672150E+1	-5.750304031E+1
-5.730419922E+1	-5.716733551E+1	-5.726371002E+1
-5.745497513E+1	-5.755536652E+1	-5.752385712E+1
-5.742818832E+1	-5.738658905E+1	-5.745976257E+1
-5.733842468E+1	-5.728920746E+1	-5.737361526E+1
-5.726582718E+1	-5.725317001E+1	-5.727851105E+1
-5.707919312E+1	-5.706352615E+1	-5.714313889E+1
-5.700470734E+1	-5.699864197E+1	-5.703753281E+1
-5.700043106E+1	-5.695457458E+1	-5.700375748E+1
-5.692945862E+1	-5.696386337E+1	-5.692876434E+1
-5.669429779E+1	-5.680727005E+1	-5.675350952E+1
-5.687402725E+1	-5.698218155E+1	-5.682728195E+1
-5.680723572E+1	-5.672527695E+1	-5.675735474E+1
-5.684566879E+1	-5.685292816E+1	-5.680497360E+1
-5.684147644E+1	-5.695511627E+1	-5.688750076E+1
-5.679671860E+1	-5.674929047E+1	-5.685871124E+1
-5.683160782E+1	-5.682187653E+1	-5.682218552E+1
-5.679765701E+1	-5.680841827E+1	-5.689038467E+1
-5.683875275E+1	-5.672496796E+1	-5.678395081E+1
-5.686442184E+1	-5.670937729E+1	-5.674547577E+1
-5.676378632E+1	-5.674943924E+1	-5.675862122E+1
-5.667276764E+1	-5.670248795E+1	-5.659227753E+1
-5.674878311E+1	-5.678999329E+1	-5.677823257E+1
-5.670116425E+1	-5.673267746E+1	-5.665765762E+1
-5.664938354E+1	-5.666001892E+1	-5.665948105E+1
-5.667683792E+1	-5.662792969E+1	-5.662338638E+1
-5.652827454E+1	-5.661381912E+1	-5.657140350E+1
-5.676203918E+1	-5.666663742E+1	-5.671768570E+1
-5.657596588E+1	-5.661777115E+1	-5.663247299E+1
-5.664091492E+1	-5.658536148E+1	-5.652688980E+1
-5.648718262E+1	-5.646237183E+1	-5.647979355E+1
-5.641342545E+1	-5.643045044E+1	-5.646241760E+1
-5.640363693E+1	-5.639229965E+1	-5.634598541E+1
-5.632537079E+1	-5.631109238E+1	-5.628555679E+1
-5.633568192E+1	-5.635057068E+1	-5.634143829E+1
-5.626309967E+1	-5.627352524E+1	-5.629255676E+1
-5.632333755E+1	-5.633383179E+1	-5.634202576E+1
-5.632022476E+1	-5.620491028E+1	-5.622553635E+1
-5.633780289E+1	-5.622549820E+1	-5.632682419E+1
-5.613587570E+1	-5.605663681E+1	-5.610347366E+1
-5.610039520E+1	-5.607613373E+1	-5.613921738E+1
-5.600411606E+1	-5.596940613E+1	-5.598835373E+1
-5.614120483E+1	-5.617400742E+1	-5.601282883E+1
-5.613939667E+1	-5.609875870E+1	-5.609780502E+1
-5.600892639E+1	-5.595896149E+1	-5.599653625E+1
-5.609761047E+1	-5.621129608E+1	-5.606311417E+1
-5.602868271E+1	-5.593217087E+1	-5.593861771E+1
-5.611362076E+1	-5.609754181E+1	-5.612287140E+1
-5.585658264E+1	-5.580989838E+1	-5.588153076E+1
-5.597286987E+1	-5.606668091E+1	-5.609907532E+1
-5.584619904E+1	-5.584460831E+1	-5.582274628E+1
-5.605814743E+1	-5.589562225E+1	-5.593630600E+1
-5.601725388E+1	-5.602533340E+1	-5.594284439E+1
-5.583569717E+1	-5.582745743E+1	-5.585140610E+1
-5.620074844E+1	-5.623998260E+1	-5.619044876E+1
-5.580958557E+1	-5.575662613E+1	-5.570170593E+1
-5.652946472E+1	-5.646666336E+1	-5.649903107E+1
-5.574185181E+1	-5.567148590E+1	-5.567094803E+1
-5.660783386E+1	-5.647917938E+1	-5.652283478E+1
-5.590384293E+1	-5.602163315E+1	-5.599260330E+1
-5.639776230E+1	-5.632143402E+1	-5.633323288E+1
-5.625671387E+1	-5.635582352E+1	-5.621762466E+1
-5.609706879E+1	-5.609181595E+1	-5.606986618E+1
-5.703924561E+1	-5.701706314E+1	-5.705248642E+1
-5.589763641E+1	-5.598657608E+1	-5.595136261E+1
-5.765615082E+1	-5.768688965E+1	-5.757455826E+1
-5.551282883E+1	-5.550154114E+1	-5.551754379E+1
-5.794318008E+1	-5.780133438E+1	-5.784221649E+1
-5.556721878E+1	-5.560480118E+1	-5.554188919E+1
-5.754567337E+1	-5.751917267E+1	-5.765240860E+1
-5.566819000E+1	-5.564999008E+1	-5.560327148E+1
-5.666810226E+1	-5.656795883E+1	-5.657659912E+1
-5.592504883E+1	-5.589696503E+1	-5.585181046E+1
-5.580583191E+1	-5.573108292E+1	-5.574556732E+1
-5.687461853E+1	-5.690624237E+1	-5.697684479E+1
-5.507161331E+1	-5.504045868E+1	-5.505929565E+1
-5.786629105E+1	-5.774119949E+1	-5.787295532E+1
-5.460479355E+1	-5.455816650E+1	-5.454556274E+1
-5.840902328E+1	-5.843581772E+1	-5.831576920E+1
-5.449254227E+1	-5.441707993E+1	-5.441634750E+1
-5.857955933E+1	-5.850772095E+1	-5.858187485E+1
-5.447841644E+1	-5.445940018E+1	-5.449919891E+1
-5.822801971E+1	-5.809702301E+1	-5.807902908E+1
-5.501998520E+1	-5.484450912E+1	-5.493753052E+1
-5.725447083E+1	-5.730942535E+1	-5.733331680E+1
-5.567755127E+1	-5.563908005E+1	-5.576110840E+1
-5.661558151E+1	-5.651470947E+1	-5.659784698E+1
-5.622406387E+1	-5.625021744E+1	-5.623936081E+1
-5.628745270E+1	-5.616644669E+1	-5.621419907E+1
-5.670447922E+1	-5.660034943E+1	-5.660584641E+1
-5.606465912E+1	-5.601345062E+1	-5.606953430E+1
-5.665084839E+1	-5.667328644E+1	-5.662027359E+1
-5.566462708E+1	-5.570977020E+1	-5.571616364E+1
-5.651947021E+1	-5.645634460E+1	-5.639627075E+1
-5.588193130E+1	-5.594324112E+1	-5.593324280E+1
-5.618427277E+1	-5.616685486E+1	-5.615770340E+1
-5.590644836E+1	-5.598665619E+1	-5.592575073E+1
-5.569886398E+1	-5.567581558E+1	-5.570681000E+1
-5.593246460E+1	-5.586756516E+1	-5.585475540E+1
-5.543237686E+1	-5.535359955E+1	-5.544571686E+1
-5.570832443E+1	-5.569584656E+1	-5.562807465E+1
-5.539744186E+1	-5.538068008E+1	-5.533935165E+1
-5.546946335E+1	-5.545460892E+1	-5.545953751E+1
-5.536943054E+1	-5.529110336E+1	-5.535544205E+1
-5.535714722E+1	-5.525037003E+1	-5.527204514E+1
-5.534543991E+1	-5.530921555E+1	-5.529274750E+1
-5.524124527E+1	-5.523672104E+1	-5.523129272E+1
-5.533724213E+1	-5.532772064E+1	-5.529894638E+1
-5.523497391E+1	-5.516587067E+1	-5.528287506E+1
-5.553988647E+1	-5.543706131E+1	-5.549002838E+1
-5.549466705E+1	-5.541496658E+1	-5.546083069E+1
-5.581518173E+1	-5.566718674E+1	-5.580599213E+1
-5.583879852E+1	-5.576529312E+1	-5.588391495E+1
-5.585989761E+1	-5.587149048E+1	-5.590704346E+1
-5.602520752E+1	-5.597820282E+1	-5.610608673E+1
-5.599553299E+1	-5.593886566E+1	-5.594928741E+1
-5.623733521E+1	-5.612945175E+1	-5.614053726E+1
-5.626284409E+1	-5.626332092E+1	-5.627534103E+1
-5.643988419E+1	-5.648941803E+1	-5.636177444E+1
-5.669468307E+1	-5.665083694E+1	-5.651921463E+1
-5.682319260E+1	-5.677301788E+1	-5.674860382E+1
-5.690941620E+1	-5.692775345E+1	-5.678571320E+1
-5.707027054E+1	-5.709262466E+1	-5.707341766E+1
-5.707078552E+1	-5.705132675E+1	-5.706904984E+1
-5.711817551E+1	-5.713380432E+1	-5.711045074E+1
-5.720733261E+1	-5.723571777E+1	-5.720238113E+1
-5.732212448E+1	-5.730812836E+1	-5.720330811E+1
-5.745735931E+1	-5.741335678E+1	-5.742231750E+1
-5.773263550E+1	-5.763945007E+1	-5.767143250E+1
-5.769010162E+1	-5.765113449E+1	-5.779410553E+1
-5.778797913E+1	-5.775717163E+1	-5.772506714E+1
-5.780313110E+1	-5.775888824E+1	-5.781155014E+1
-5.780083847E+1	-5.786754608E+1	-5.777587128E+1
-5.783897018E+1	-5.784688950E+1	-5.774967194E+1
-5.793561172E+1	-5.784160614E+1	-5.788431931E+1
-5.796993637E+1	-5.787850952E+1	-5.787618637E+1
-5.786627579E+1	-5.781930923E+1	-5.785023117E+1
-5.802377701E+1	-5.800956345E+1	-5.799794006E+1
-5.823507690E+1	-5.813629150E+1	-5.818858719E+1
-5.813161087E+1	-5.812473679E+1	-5.814875793E+1
-5.838599777E+1	-5.836153793E+1	-5.838554001E+1
-5.831911850E+1	-5.835168076E+1	-5.837309265E+1
-5.849191666E+1	-5.846773529E+1	-5.852391434E+1
-5.870499802E+1	-5.873623657E+1	-5.874628448E+1
-5.848829651E+1	-5.856964874E+1	-5.860060883E+1
-5.858685303E+1	-5.853902054E+1	-5.853207397E+1
-5.861877823E+1	-5.852590179E+1	-5.870914078E+1
-5.859118652E+1	-5.844810486E+1	-5.859123993E+1
-5.851665115E+1	-5.861146927E+1	-5.844688034E+1
-5.850295258E+1	-5.840694809E+1	-5.841768646E+1
-5.809555817E+1	-5.812282562E+1	-5.804407883E+1
-5.811105347E+1	-5.800003052E+1	-5.801495743E+1
-5.780316544E+1	-5.779233932E+1	-5.783299637E+1
-5.769265366E+1	-5.766188049E+1	-5.758976746E+1
-5.766741180E+1	-5.765979385E+1	-5.770626450E+1
-5.749869919E+1	-5.749264908E+1	-5.748089600E+1
-5.730678940E+1	-5.745993042E+1	-5.736897659E+1
-5.715998077E+1	-5.709497833E+1	-5.708145905E+1
-5.707664490E+1	-5.713331223E+1	-5.707891083E+1
-5.699853134E+1	-5.701874542E+1	-5.704135513E+1
-5.689290619E+1	-5.683616257E+1	-5.685145950E+1
-5.699502182E+1	-5.696467590E+1	-5.696217346E+1
-5.669286728E+1	-5.670230484E+1	-5.677202606E+1
-5.660707474E+1	-5.656953430E+1	-5.657360077E+1
-5.645315552E+1	-5.651217270E+1	-5.647074509E+1
-5.629564285E+1	-5.628907776E+1	-5.631142044E+1
-5.622339630E+1	-5.625320053E+1	-5.630527496E+1
-5.601380539E+1	-5.597056580E+1	-5.593963242E+1
-5.602650070E+1	-5.592826462E+1	-5.596071243E+1
-5.564152145E+1	-5.563115311E+1	-5.566624069E+1
-5.580156326E+1	-5.577315521E+1	-5.578385544E+1
-5.543081284E+1	-5.535804367E+1	-5.538815689E+1
-5.561429977E+1	-5.561347198E+1	-5.553266144E+1
-5.515678787E+1	-5.514356613E+1	-5.508957672E+1
-5.540297699E+1	-5.537517166E+1	-5.536957550E+1
-5.514123535E+1	-5.501014328E+1	-5.505260086E+1
-5.519608688E+1	-5.519016647E+1	-5.524094391E+1
-5.504559326E+1	-5.506566238E+1	-5.508202744E+1
-5.508502579E+1	-5.508019257E+1	-5.502771378E+1
-5.496008301E+1	-5.497863388E+1	-5.505698776E+1
-5.503987503E+1	-5.493611145E+1	-5.492047501E+1
-5.490470505E+1	-5.485815811E+1	-5.494342041E+1
-5.491846466E+1	-5.484958649E+1	-5.490087128E+1
-5.473941422E+1	-5.469808960E+1	-5.477489471E+1
-5.489805603E+1	-5.480432510E+1	-5.484274292E+1
-5.479282761E+1	-5.480957794E+1	-5.479984665E+1
-5.480338287E+1	-5.469639587E+1	-5.474215698E+1
-5.476116180E+1	-5.471772003E+1	-5.480469513E+1
-5.461282730E+1	-5.460196686E+1	-5.460877609E+1
-5.456334305E+1	-5.457915115E+1	-5.460171890E+1
-5.435681915E+1	-5.435800934E+1	-5.438605118E+1
-5.436281586E+1	-5.436521149E+1	-5.434265137E+1
-5.432441330E+1	-5.430555344E+1	-5.432398987E+1
-5.429050064E+1	-5.423018265E+1	-5.426399994E+1
-5.419832230E+1	-5.416837692E+1	-5.416052246E+1
-5.414208221E+1	-5.408475113E+1	-5.407640457E+1
-5.404281998E+1	-5.397561264E+1	-5.403457260E+1
-5.417166519E+1	-5.411029816E+1	-5.411856079E+1
-5.407833862E+1	-5.403465271E+1	-5.408311081E+1
-5.395716095E+1	-5.395013046E+1	-5.403819275E+1
-5.405010223E+1	-5.402840424E+1	-5.400775146E+1
-5.390617752E+1	-5.390496445E+1	-5.394822693E+1
-5.404671478E+1	-5.400770187E+1	-5.401978683E+1
-5.401053619E+1	-5.399538422E+1	-5.402287292E+1
-5.400827789E+1	-5.397587204E+1	-5.397502518E+1
-5.398569107E+1	-5.400688171E+1	-5.396609879E+1
-5.390059662E+1	-5.390164566E+1	-5.383839417E+1
-5.380504608E+1	-5.379920197E+1	-5.379152679E+1
-5.377196884E+1	-5.375561523E+1	-5.380615616E+1
-5.382091141E+1	-5.386676407E+1	-5.385980225E+1
-5.381601334E+1	-5.379468536E+1	-5.383968353E+1
-5.385418701E+1	-5.384499359E+1	-5.382713318E+1
-5.389451599E+1	-5.386142349E+1	-5.387607193E+1
-5.389363861E+1	-5.390521622E+1	-5.390577316E+1
-5.412222290E+1	-5.409847260E+1	-5.411225128E+1
-5.418945312E+1	-5.417583847E+1	-5.415047455E+1
-5.424069214E+1	-5.429896927E+1	-5.426627350E+1
-5.444488144E+1	-5.444528198E+1	-5.448384476E+1
-5.469794083E+1	-5.465736008E+1	-5.461419296E+1
-5.484418488E+1	-5.485637665E+1	-5.488604355E+1
-5.504222107E+1	-5.504371262E+1	-5.503766251E+1
-5.508708191E+1	-5.505096436E+1	-5.498939896E+1
-5.502983856E+1	-5.506092072E+1	-5.505130768E+1
-5.514852905E+1	-5.512216568E+1	-5.510316086E+1
-5.527149963E+1	-5.523158646E+1	-5.528169250E+1
-5.535098267E+1	-5.533784103E+1	-5.532776642E+1
-5.541515350E+1	-5.537654877E+1	-5.544604492E+1
-5.538376236E+1	-5.534891129E+1	-5.536772537E+1
-5.519878387E+1	-5.517445755E+1	-5.522467422E+1
-5.514822388E+1	-5.513550949E+1	-5.508420181E+1
-5.495215225E+1	-5.490013123E+1	-5.496413422E+1
-5.485418320E+1	-5.481835937E+1	-5.490066910E+1
-5.475022888E+1	-5.473476028E+1	-5.475122833E+1
-5.472970581E+1	-5.474319458E+1	-5.473343277E+1
-5.451986313E+1	-5.447156525E+1	-5.445825577E+1
-5.460231400E+1	-5.453778839E+1	-5.464615631E+1
-5.430519867E+1	-5.432416534E+1	-5.436060715E+1
-5.435754776E+1	-5.433601379E+1	-5.438993835E+1
-5.427396774E+1	-5.429589081E+1	-5.425988007E+1
-5.424567032E+1	-5.410562134E+1	-5.420615768E+1
-5.428351593E+1	-5.423373413E+1	-5.432381058E+1
-5.422111893E+1	-5.411876297E+1	-5.420042419E+1
-5.440985107E+1	-5.435855865E+1	-5.440994644E+1
-5.420380783E+1	-5.418219376E+1	-5.417385864E+1
-5.443423080E+1	-5.445881271E+1	-5.449007416E+1
-5.440341568E+1	-5.436262512E+1	-5.438998032E+1
-5.466045380E+1	-5.464050674E+1	-5.454000473E+1
-5.475507355E+1	-5.477689743E+1	-5.468817902E+1
-5.457265091E+1	-5.461690521E+1	-5.456726074E+1
-5.486203384E+1	-5.482596970E+1	-5.482007217E+1
-5.466230392E+1	-5.460571289E+1	-5.465663910E+1
-5.486438751E+1	-5.488184357E+1	-5.492522812E+1
-5.480784988E+1	-5.476987076E+1	-5.488311005E+1
-5.508975983E+1	-5.507548141E+1	-5.509984207E+1
-5.500637436E+1	-5.504174042E+1	-5.504093170E+1
-5.515267563E+1	-5.515653610E+1	-5.509961319E+1
-5.524614334E+1	-5.533875275E+1	-5.525890732E+1
-5.504408646E+1	-5.506072235E+1	-5.507029343E+1
-5.552650070E+1	-5.546444702E+1	-5.551726151E+1
-5.524225235E+1	-5.523777771E+1	-5.523443985E+1
-5.580321121E+1	-5.573324585E+1	-5.577745056E+1
-5.564550400E+1	-5.561282349E+1	-5.558901596E+1
-5.585291672E+1	-5.592508316E+1	-5.590137482E+1
-5.590718079E+1	-5.595673752E+1	-5.590225220E+1
-5.604368591E+1	-5.601616287E+1	-5.606657028E+1
-5.636340714E+1	-5.632588959E+1	-5.640610504E+1
-5.593255234E+1	-5.585683441E+1	-5.583638000E+1
-5.680813217E+1	-5.674077606E+1	-5.683761597E+1
-5.597171783E+1	-5.594655609E+1	-5.596309662E+1
-5.707572937E+1	-5.705195236E+1	-5.703766632E+1
-5.620842361E+1	-5.619752502E+1	-5.615833664E+1
-5.711132812E+1	-5.707808304E+1	-5.710846710E+1
-5.648140717E+1	-5.645746994E+1	-5.645239258E+1
-5.738803101E+1	-5.744659424E+1	-5.736957169E+1
-5.694152069E+1	-5.694160080E+1	-5.692324829E+1
-5.742532349E+1	-5.744277191E+1	-5.742323685E+1
-5.748969269E+1	-5.748839951E+1	-5.745548630E+1
-5.757389450E+1	-5.752723694E+1	-5.757814789E+1
-5.799429321E+1	-5.790826416E+1	-5.794949722E+1
-5.788386917E+1	-5.775735092E+1	-5.780099869E+1
-5.841212845E+1	-5.841360092E+1	-5.836976242E+1
-5.827066040E+1	-5.829026794E+1	-5.830128098E+1
-5.877666092E+1	-5.883428574E+1	-5.881277084E+1
-5.883526230E+1	-5.879660416E+1	-5.878993988E+1
-5.925701141E+1	-5.919614792E+1	-5.929890060E+1
-5.943910599E+1	-5.948294830E+1	-5.939505386E+1
-5.975284195E+1	-5.973791504E+1	-5.970424271E+1
-6.007044220E+1	-6.010411835E+1	-6.009977341E+1
-6.007371902E+1	-6.011929703E+1	-6.014003754E+1
-6.051737976E+1	-6.055407715E+1	-6.050317383E+1
-6.048965454E+1	-6.050269699E+1	-6.054722214E+1
-6.079019547E+1	-6.089733887E+1	-6.085456467E+1
-6.078962708E+1	-6.088548279E+1	-6.089106750E+1
-6.124667740E+1	-6.112893677E+1	-6.127722931E+1
-6.119338608E+1	-6.122860336E+1	-6.120323563E+1
-6.132098770E+1	-6.126075363E+1	-6.134765244E+1
-6.139665222E+1	-6.149832535E+1	-6.141717529E+1
-6.153918457E+1	-6.143741226E+1	-6.143239975E+1
-6.152956009E+1	-6.151556015E+1	-6.157516861E+1
-6.155123901E+1	-6.148352432E+1	-6.148398972E+1
-6.157549286E+1	-6.153130722E+1	-6.151612473E+1
-6.150419235E+1	-6.147224808E+1	-6.143103027E+1
-6.164144897E+1	-6.160921097E+1	-6.160128021E+1
-6.155924606E+1	-6.158584213E+1	-6.155328751E+1
-6.167339325E+1	-6.168109512E+1	-6.156903458E+1
-6.159579849E+1	-6.167409897E+1	-6.159305573E+1
-6.169034958E+1	-6.164582825E+1	-6.161824036E+1
-6.158943939E+1	-6.172000504E+1	-6.165609360E+1
-6.170750809E+1	-6.156219864E+1	-6.156653595E+1
-6.164087296E+1	-6.165080261E+1	-6.172969437E+1
-6.167102432E+1	-6.163891983E+1	-6.149528503E+1
-6.157799911E+1	-6.158008957E+1	-6.164941788E+1
-6.161183167E+1	-6.169783020E+1	-6.162978745E+1
-6.173618317E+1	-6.172619629E+1	-6.169595337E+1
-6.173372650E+1	-6.180665970E+1	-6.169144440E+1
-6.200317001E+1	-6.188123322E+1	-6.194408798E+1
-6.193133545E+1	-6.197281265E+1	-6.192702484E+1
-6.197927094E+1	-6.188542175E+1	-6.194684219E+1
-6.186562729E+1	-6.201010132E+1	-6.199481201E+1
-6.192690277E+1	-6.187450790E+1	-6.177396011E+1
-6.192390823E+1	-6.193453979E+1	-6.180721283E+1
-6.179203033E+1	-6.190507126E+1	-6.188396835E+1
-6.189358139E+1	-6.188242722E+1	-6.188942337E+1
-6.177860260E+1	-6.176296997E+1	-6.191800308E+1
-6.188705063E+1	-6.194523621E+1	-6.186882782E+1
-6.177210236E+1	-6.195067596E+1	-6.184452438E+1
-6.191598129E+1	-6.191928101E+1	-6.188811874E+1
-6.183077621E+1	-6.182461166E+1	-6.195392990E+1
-6.184157181E+1	-6.187830353E+1	-6.185388947E+1
-6.187406540E+1	-6.199832535E+1	-6.192921829E+1
-6.191277695E+1	-6.199865723E+1	-6.204201126E+1
-6.202489090E+1	-6.185245132E+1	-6.193003464E+1
-6.193662262E+1	-6.185379791E+1	-6.184188843E+1
-6.193339920E+1	-6.197908020E+1	-6.191117859E+1
-6.172064972E+1	-6.178905869E+1	-6.176110077E+1
-6.192744064E+1	-6.191658020E+1	-6.202566147E+1
-6.180549240E+1	-6.172272873E+1	-6.182390976E+1
-6.200127792E+1	-6.203918457E+1	-6.193571472E+1
-6.193241882E+1	-6.200659180E+1	-6.189221191E+1
-6.195553589E+1	-6.185134125E+1	-6.198959732E+1
-6.196660614E+1	-6.192829514E+1	-6.193202209E+1
-6.182527924E+1	-6.174808121E+1	-6.178194809E+1
-6.212500381E+1	-6.215548325E+1	-6.208058929E+1
-6.161964035E+1	-6.154819870E+1	-6.153496933E+1
-6.231243515E+1	-6.239239502E+1	-6.232161331E+1
-6.165997696E+1	-6.156485367E+1	-6.156093216E+1
-6.260538101E+1	-6.258917236E+1	-6.260270691E+1
-6.145540619E+1	-6.143699646E+1	-6.146664810E+1
-6.253940201E+1	-6.237696838E+1	-6.241551971E+1
-6.151842499E+1	-6.156433487E+1	-6.151889038E+1
-6.245310974E+1	-6.227588272E+1	-6.225336075E+1
-6.193576813E+1	-6.197386551E+1	-6.184074783E+1
-6.220325089E+1	-6.211664200E+1	-6.219104004E+1
-6.218344879E+1	-6.227167511E+1	-6.231729889E+1
-6.185054016E+1	-6.174072647E+1	-6.176316071E+1
-6.263541031E+1	-6.276642990E+1	-6.274850464E+1
-6.159595108E+1	-6.150083542E+1	-6.158867264E+1
-6.317176437E+1	-6.323894882E+1	-6.335099792E+1
-6.125188828E+1	-6.131252670E+1	-6.133978653E+1
-6.345727921E+1	-6.335605621E+1	-6.341148758E+1
-6.131746674E+1	-6.147085953E+1	-6.135670471E+1
-6.344253540E+1	-6.342138290E+1	-6.336457062E+1
-6.161723709E+1	-6.162106705E+1	-6.163778687E+1
-6.311386490E+1	-6.296056366E+1	-6.308874130E+1
-6.211141586E+1	-6.218496704E+1	-6.214846039E+1
-6.289513016E+1	-6.291328049E+1	-6.296765137E+1
-6.263645935E+1	-6.257618713E+1	-6.257252502E+1
-6.264238739E+1	-6.259585953E+1	-6.259315491E+1
-6.296725845E+1	-6.305232239E+1	-6.301902390E+1
-6.258484650E+1	-6.266587448E+1	-6.253269958E+1
-6.343767548E+1	-6.344876862E+1	-6.324866104E+1
-6.263695908E+1	-6.281368637E+1	-6.282481766E+1
-6.341556931E+1	-6.349712753E+1	-6.343664551E+1
-6.311652756E+1	-6.305800629E+1	-6.301523590E+1
-6.348064423E+1	-6.349082184E+1	-6.337747574E+1
-6.343190765E+1	-6.328127289E+1	-6.330841446E+1
-6.328031158E+1	-6.344764328E+1	-6.340377045E+1
-6.337622070E+1	-6.342863464E+1	-6.341163254E+1
-6.323162460E+1	-6.317596817E+1	-6.316107178E+1
-6.343622589E+1	-6.346274185E+1	-6.354981613E+1
-6.323934555E+1	-6.309204483E+1	-6.301148605E+1
-6.345295334E+1	-6.326732635E+1	-6.354537201E+1
-6.302390289E+1	-6.304457474E+1	-6.310158539E+1
-6.311231232E+1	-6.299520874E+1	-6.306082916E+1
-6.311902618E+1	-6.310194397E+1	-6.298046494E+1
-6.278462219E+1	-6.285546112E+1	-6.285885620E+1
-6.284528351E+1	-6.301146317E+1	-6.294340134E+1
-6.259521484E+1	-6.262333679E+1	-6.281328964E+1
-6.259760284E+1	-6.261132812E+1	-6.261704254E+1
-6.233381653E+1	-6.239299774E+1	-6.225997925E+1
-6.238454819E+1	-6.238383484E+1	-6.228409195E+1
-6.217037201E+1	-6.222074127E+1	-6.217699051E+1
-6.219878769E+1	-6.218995667E+1	-6.230306625E+1
-6.223392487E+1	-6.220559692E+1	-6.222505188E+1
-6.209158707E+1	-6.216409683E+1	-6.213241577E+1
-6.222369003E+1	-6.223810196E+1	-6.226095963E+1
-6.196583557E+1	-6.208582687E+1	-6.197126770E+1
-6.210119247E+1	-6.199901199E+1	-6.225632477E+1
-6.200785446E+1	-6.190965652E+1	-6.193498611E+1
-6.195984650E+1	-6.208012772E+1	-6.196783829E+1
-6.203787994E+1	-6.201488113E+1	-6.194913483E+1
-6.199145889E+1	-6.199943542E+1	-6.197337723E+1
-6.185171890E+1	-6.180779648E+1	-6.203685379E+1
-6.184472656E+1	-6.178649521E+1	-6.184167480E+1
-6.186122894E+1	-6.189460373E+1	-6.182915115E+1
-6.173320770E+1	-6.178314209E+1	-6.173134232E+1
-6.174118042E+1	-6.178077316E+1	-6.184143066E+1
-6.171210098E+1	-6.161349106E+1	-6.181381989E+1
-6.148159027E+1	-6.164163589E+1	-6.158750534E+1
-6.153278732E+1	-6.175066376E+1	-6.156972504E+1
-6.156491852E+1	-6.153168488E+1	-6.168864822E+1
-6.173885727E+1	-6.169818878E+1	-6.162166214E+1
-6.168117142E+1	-6.177106857E+1	-6.168960953E+1
-6.161479187E+1	-6.167831802E+1	-6.161745071E+1
-6.172003555E+1	-6.174502563E+1	-6.179502487E+1
-6.177297592E+1	-6.163468552E+1	-6.160745239E+1
-6.163521957E+1	-6.169635391E+1	-6.153982162E+1
-6.152330017E+1	-6.166505051E+1	-6.157298279E+1
-6.163034058E+1	-6.154702759E+1	-6.160283279E+1
-6.166854095E+1	-6.177732086E+1	-6.171028137E+1
-6.156520462E+1	-6.169123077E+1	-6.157563782E+1
-6.177801514E+1	-6.170703506E+1	-6.165173340E+1
-6.156199265E+1	-6.147305679E+1	-6.162150192E+1
-6.165267944E+1	-6.171762848E+1	-6.180096054E+1
-6.157542801E+1	-6.149825287E+1	-6.154180527E+1
-6.175429535E+1	-6.169347382E+1	-6.167522430E+1
-6.165611649E+1	-6.164365005E+1	-6.165427780E+1
-6.151972580E+1	-6.157896805E+1	-6.155326843E+1
-6.172895813E+1	-6.171849823E+1	-6.179713821E+1
-6.137636566E+1	-6.151051712E+1	-6.149411392E+1
-6.154684448E+1	-6.151963425E+1	-6.162701035E+1
-6.144108582E+1	-6.136722946E+1	-6.139768219E+1
-6.149267578E+1	-6.148089600E+1	-6.146439743E+1
-6.132694244E+1	-6.127631760E+1	-6.128668976E+1
-6.111781693E+1	-6.122420502E+1	-6.129213715E+1
-6.116171265E+1	-6.122932053E+1	-6.130361938E+1
-6.100262833E+1	-6.097412109E+1	-6.101063538E+1
-6.131297684E+1	-6.128942871E+1	-6.125716019E+1
-6.087120819E+1	-6.087105942E+1	-6.084245300E+1
-6.141086197E+1	-6.142272568E+1	-6.144963074E+1
-6.075519562E+1	-6.077030563E+1	-6.070199585E+1
-6.148534012E+1	-6.143598175E+1	-6.140187073E+1
-6.070054626E+1	-6.070747375E+1	-6.069773483E+1
-6.134513092E+1	-6.125110245E+1	-6.124100494E+1
-6.064518738E+1	-6.071961975E+1	-6.068385315E+1
-6.109898376E+1	-6.119318390E+1	-6.106183624E+1
-6.073268509E+1	-6.080330658E+1	-6.070621872E+1
-6.070696640E+1	-6.084770966E+1	-6.086541367E+1
-6.083659744E+1	-6.089601898E+1	-6.082122421E+1
-6.051185608E+1	-6.057654572E+1	-6.054027939E+1
-6.088883209E+1	-6.084302902E+1	-6.086347198E+1
-6.051949692E+1	-6.036981583E+1	-6.035466766E+1
-6.091303253E+1	-6.085550308E+1	-6.082949829E+1
-6.047000504E+1	-6.035858536E+1	-6.045771408E+1
-6.074641037E+1	-6.075611115E+1	-6.069255829E+1
-6.021707535E+1	-6.034452438E+1	-6.036594772E+1
-6.051655197E+1	-6.051200485E+1	-6.040241623E+1
-6.024487305E+1	-6.014354706E+1	-6.023469543E+1
-6.024706650E+1	-6.026209259E+1	-6.020227432E+1
-6.003881454E+1	-6.006005478E+1	-6.015940857E+1
-6.015536499E+1	-6.004605865E+1	-6.011915970E+1
-5.994497299E+1	-5.999888992E+1	-6.004538727E+1
-5.991846466E+1	-5.992654419E+1	-5.999244308E+1
-5.992149353E+1	-5.993232346E+1	-5.988835144E+1
-5.989596939E+1	-5.976340485E+1	-5.970861816E+1
-5.967747879E+1	-5.976750183E+1	-5.974723053E+1
-5.962014771E+1	-5.955641937E+1	-5.973832321E+1
-5.962173843E+1	-5.963876724E+1	-5.963348007E+1
-5.956525040E+1	-5.956724167E+1	-5.953092957E+1
-5.947987747E+1	-5.959042740E+1	-5.951242065E+1
-5.950160217E+1	-5.943588257E+1	-5.947822189E+1
-5.954117584E+1	-5.945838928E+1	-5.959609222E+1
-5.955003357E+1	-5.949479675E+1	-5.961756516E+1
-5.958141327E+1	-5.958805084E+1	-5.962821960E+1
-5.956785965E+1	-5.952226257E+1	-5.959119797E+1
-5.961380768E+1	-5.948548126E+1	-5.956931305E+1
-5.953380585E+1	-5.959432983E+1	-5.953260803E+1
-5.964179611E+1	-5.967527008E+1	-5.961598206E+1
-5.961282730E+1	-5.962012100E+1	-5.955818939E+1
-5.971085739E+1	-5.963378525E+1	-5.977538300E+1
-5.967480850E+1	-5.981208801E+1	-5.966127396E+1
-5.977825546E+1	-5.983568192E+1	-5.973919678E+1
-5.985947037E+1	-5.976346207E+1	-5.989254379E+1
-5.995324707E+1	-5.993526459E+1	-5.978934860E+1
-5.984294510E+1	-5.996434402E+1	-5.984984589E+1
-5.997715378E+1	-5.991768646E+1	-5.997815323E+1
-5.995256805E+1	-5.999190903E+1	-5.999243546E+1
-5.996769714E+1	-5.998888016E+1	-5.997858429E+1
-6.006426620E+1	-6.009252930E+1	-5.994500732E+1
-6.007435226E+1	-6.000993729E+1	-6.006446838E+1
-6.007718658E+1	-6.006740189E+1	-6.015410233E+1
-6.000965881E+1	-6.004930496E+1	-6.008005905E+1
-6.015719223E+1	-6.018680191E+1	-6.014515305E+1
-6.013374710E+1	-6.032057571E+1	-6.026794052E+1
-6.014660645E+1	-6.016900635E+1	-6.025042725E+1
-6.027583313E+1	-6.020022202E+1	-6.032871246E+1
-6.025091553E+1	-6.034455109E+1	-6.029483414E+1
-6.021535492E+1	-6.035893250E+1	-6.033995438E+1
-6.018754196E+1	-6.029176712E+1	-6.026170731E+1
-6.041828156E+1	-6.046619797E+1	-6.045372009E+1
-6.049575424E+1	-6.041580200E+1	-6.043225861E+1
-6.039309692E+1	-6.042309189E+1	-6.052069473E+1
-6.042850113E+1	-6.049362564E+1	-6.054244232E+1
-6.043676376E+1	-6.044009399E+1	-6.049488831E+1
-6.060903168E+1	-6.053784180E+1	-6.059059525E+1
-6.044113159E+1	-6.047958374E+1	-6.052117157E+1
-6.049988556E+1	-6.047478104E+1	-6.054332352E+1
-6.048147583E+1	-6.054639435E+1	-6.052453995E+1
-6.049747086E+1	-6.047653580E+1	-6.044696045E+1
-6.057517624E+1	-6.063832092E+1	-6.050819778E+1
-6.043005753E+1	-6.039331818E+1	-6.060117722E+1
-6.052725983E+1	-6.055457306E+1	-6.049701691E+1
-6.022853088E+1	-6.031286240E+1	-6.025226593E+1
-6.042483902E+1	-6.045071030E+1	-6.050668335E+1
-6.016467285E+1	-6.035496902E+1	-6.019237137E+1
-6.045150757E+1	-6.032867813E+1	-6.044771576E+1
-6.017734146E+1	-6.023818207E+1	-6.014628601E+1
-6.025294876E+1	-6.026810074E+1	-6.023091125E+1
-6.028495407E+1	-6.020795059E+1	-6.015097809E+1
-5.983895111E+1	-5.996996689E+1	-5.985571289E+1
-6.019345474E+1	-6.010659790E+1	-6.011204529E+1
-5.957012558E+1	-5.962648392E+1	-5.968908691E+1
-6.018451691E+1	-6.013158035E+1	-6.017297363E+1
-5.944322968E+1	-5.954248428E+1	-5.956121445E+1
-5.992889404E+1	-5.994327545E+1	-6.003182983E+1
-5.941033936E+1	-5.943745041E+1	-5.945730972E+1
-5.990533447E+1	-5.984751511E+1	-5.978909302E+1
-5.939458466E+1	-5.940593719E+1	-5.937302017E+1
-5.957875824E+1	-5.955704117E+1	-5.958320999E+1
-5.961187363E+1	-5.963458633E+1	-5.963667297E+1
-5.938301468E+1	-5.932921600E+1	-5.924219131E+1
-5.987836838E+1	-5.984287643E+1	-5.979542160E+1
-5.917308807E+1	-5.903285599E+1	-5.909690857E+1
-6.004982758E+1	-6.000697327E+1	-6.002346802E+1
-5.895544052E+1	-5.890427780E+1	-5.888407516E+1
