3.322019395899219355e-07
3.338423250777516360e-07
3.407797802456206628e-07
3.527793651941579369e-07
3.694252406298780895e-07
3.901347079190081839e-07
4.141781262887093257e-07
4.407040193339974157e-07
4.687685005265537367e-07
4.973679953565617408e-07
5.254741214096489823e-07
5.520695116223842645e-07
5.761833285380761616e-07
5.969252387075118206e-07
6.135166497433079109e-07
6.253181226976421242e-07
6.318520066967582984e-07
6.328195005698793307e-07
6.281115365691431334e-07
6.178131073925027253e-07
6.022008893016017258e-07
5.817342349202354022e-07
5.570398379038030092e-07
5.288906058118164316e-07
4.981794799161224014e-07
4.658891015787297219e-07
4.330583689299907161e-07
4.007470493015653029e-07
3.699996782481696432e-07
3.418099861698950267e-07
3.170870759611508572e-07
2.966245250711370777e-07
2.810734801718380893e-07
2.709206619358009502e-07
2.664720274731996916e-07
2.678426499498513871e-07
2.749531576436668755e-07
2.875328379567152458e-07
3.051292814780881254e-07
3.271242109004712557e-07
3.527549741097152475e-07
3.811408854979013366e-07
4.113135392197449320e-07
4.422500250080657828e-07
4.729078643177019397e-07
5.022605332152621210e-07
5.293322522266001126e-07
5.532308803857285875e-07
5.731778557179581517e-07
5.885340370239274859e-07
5.988206683631993625e-07
6.037347345021967691e-07
6.031581579395985546e-07
5.971606738473286026e-07
5.859961557057907409e-07
5.700926224320981617e-07
5.500363838995850707e-07
5.265507380427986595e-07
5.004701141098571266e-07
4.727105362894966852e-07
4.442374124886575905e-07
4.160318931473052085e-07
3.890568255781403146e-07
3.642235626429231191e-07
3.423608236860486421e-07
3.241865502952908512e-07
3.102838166002766013e-07
3.010815708754490209e-07
2.968408226591699537e-07
2.976468036832239933e-07
3.034072364862997410e-07
3.138567815290774805e-07
3.285675215353765353e-07
3.469649765346505606e-07
3.683491413665072325e-07
3.919197578605132617e-07
4.168048756098799502e-07
4.420918009011276227e-07
4.668592023705568007e-07
4.902093023781351509e-07
5.112991301217369514e-07
5.293695767717996185e-07
5.437713926577014679e-07
5.539871988263110800e-07
5.596487093713511959e-07
5.605487745210998305e-07
5.566476350628722865e-07
5.480733097326251032e-07
5.351162568224078608e-07
5.182182973775509145e-07
4.979564096471499968e-07
4.750219300163467178e-07
4.501958710681009182e-07
4.243213363442220198e-07
3.982740183191085944e-07
3.729315516325131246e-07
3.491433073005543884e-07
3.277010867187806430e-07
3.093122098540847358e-07
2.945757074049071327e-07
2.839622876079230578e-07
2.777991266802831482e-07
2.762595223525747908e-07
2.793581027185927145e-07
2.869515662280512612e-07
2.987447569055656049e-07
3.143020721755474732e-07
3.330636492758202860e-07
3.543655683861168782e-07
3.774636201071931798e-07
4.015596616249881752e-07
4.258293930466097520e-07
4.494510864731682876e-07
4.716336246313251670e-07
4.916434116223890224e-07
5.088290367185746647e-07
5.226425456504191772e-07
5.326572944395103458e-07
5.385809559394005858e-07
5.402639732455462828e-07
5.377029341809107853e-07
5.310385022956110987e-07
5.205485859473739408e-07
5.066367523298609532e-07
4.898160644829884476e-07
4.706895077284811040e-07
4.499274384219839562e-07
4.282426139417528609e-07
4.063644047785425329e-07
3.850122900738656405e-07
3.648702598855195807e-07
3.465627361530576091e-07
3.306326568639829662e-07
3.175230382853816616e-07
3.075619910673311836e-07
3.009522329097513976e-07
2.977652151222220423e-07
2.979398822851900924e-07
3.012864135966324632e-07
3.074946082083196494e-07
3.161464133262958253e-07
3.267324571126750561e-07
3.386718127752776725e-07
3.513340454840978242e-07
3.640632682165400968e-07
3.762026889196804256e-07
3.871193092138654659e-07
3.962276881738988544e-07
4.030116504887070510e-07
4.070438088322650537e-07
4.080014365027826855e-07
4.056787854307033399e-07
3.999951636997569581e-07
3.909982443804463603e-07
3.788629931333369059e-07
3.638860091865233118e-07
3.464752648302875711e-07
3.271360892245383796e-07
3.064536435424428387e-07
2.850723096888324010e-07
2.636732819819621937e-07
2.429505039563624675e-07
2.235863352902055037e-07
2.062275681390116923e-07
1.914625080585764979e-07
1.798003077001885202e-07
1.716528224388341626e-07
1.673199855048524854e-07
1.669790522843522485e-07
1.706779906769766090e-07
1.783334513417531320e-07
1.897332763967889488e-07
2.045433350786043447e-07
2.223186577743944394e-07
2.425183820096399604e-07
2.645238024414464835e-07
2.876592967723770616e-07
3.112148876161297391e-07
3.344700827970388753e-07
3.567180227904297113e-07
3.772888171657893971e-07
3.955718809956499914e-07
4.110357426486348214e-07
4.232452889073600515e-07
4.318756235380998393e-07
4.367217643472564584e-07
4.377044156792108220e-07
4.348713686152243437e-07
4.283941933793226386e-07
4.185609483426808984e-07
4.057648804298372673e-07
3.904892212988244138e-07
3.732894089234518885e-07
3.547724463775437855e-07
3.355749004630377804e-07
3.163399919159233606e-07
2.976943610988421851e-07
2.802259603790488565e-07
2.644631128590794893e-07
2.508560830555255936e-07
2.397615272159393019e-07
2.314303338544258958e-07
2.259993723723279007e-07
2.234875176541466482e-07
2.237959289544417058e-07
2.267126684248581341e-07
2.319214423631055458e-07
2.390143736413243804e-07
2.475078241709370377e-07
2.568614171568403166e-07
2.664990609077444463e-07
2.758314002311063737e-07
2.842791232994638367e-07
2.912956593223751252e-07
2.963893024689926981e-07
2.991433397037293253e-07
2.992337074338292194e-07
2.964434439000042919e-07
2.906736821052840353e-07
2.819500609728833682e-07
2.704252276744038383e-07
2.563765954807950187e-07
2.401996324381271918e-07
2.223970488690557161e-07
2.035636256837700715e-07
1.843679448757915511e-07
1.655310105517598674e-07
1.478026720233282847e-07
1.319367247941949031e-07
1.186651468472937914e-07
1.086728235798822261e-07
1.025732291776173148e-07
1.008860247553854534e-07
1.040174065558962632e-07
1.122436417598362031e-07
1.256986886439795085e-07
1.443661058210331064e-07
1.680756562823718782e-07
1.965047143633509225e-07
2.291846608603613362e-07
2.655116575006768625e-07
3.047620762882002577e-07
3.461117028894963502e-07
3.886582366708042429e-07
4.314467410725037957e-07
4.734963537736515220e-07
5.138286083223786972e-07
5.514956140061631241e-07
5.856075545883442498e-07
6.153584875543887186e-07
6.400502290978853517e-07
6.591121040740689412e-07
6.721178848022834155e-07
6.787979412933421331e-07
6.790466875350144200e-07
6.729256609200600623e-07
6.606604878774744719e-07
6.426340398470506472e-07
6.193743462219099886e-07
5.915382157577835193e-07
5.598915587478107731e-07
5.252855669773506835e-07
4.886314707253887332e-07
4.508731787298286813e-07
4.129591929494566416e-07
3.758149850241048693e-07
3.403156568821840049e-07
3.072611356615576144e-07
2.773535983745362185e-07
2.511782513597893261e-07
2.291879338234957503e-07
2.116922300748317357e-07
1.988508280721208020e-07
1.906720774432052414e-07
1.870161652553813616e-07
1.876029849964804335e-07
1.920245572345645543e-07
1.997611203457416137e-07
2.102009564272206710e-07
2.226628416624833599e-07
2.364205679891159090e-07
2.507286663530969080e-07
2.648487432846411724e-07
2.780749826143825579e-07
2.897587885922250213e-07
2.993311959572393598e-07
3.063225200316492160e-07
3.103788876865188702e-07
3.112743860185802327e-07
3.089194394616425575e-07
3.033644195633801690e-07
2.947986287567278188e-07
2.835449405437323489e-07
2.700495445569321035e-07
2.548681026903123196e-07
2.386480219728909299e-07
2.221076656501154905e-07
2.060133277739164560e-07
1.911541381071996857e-07
1.783164301123106311e-07
1.682578004845994996e-07
1.616818954243269198e-07
1.592146369951392155e-07
1.613827761590567117e-07
1.685950422239177409e-07
1.811269801360891951e-07
1.991095460342065869e-07
2.225219252247026521e-07
2.511889726372453239e-07
2.847828298269040876e-07
3.228293441029157627e-07
3.647185929694417819e-07
4.097193933165905421e-07
4.569972535594525732e-07
5.056356724289243457e-07
5.546590847481317698e-07
6.030581827189294026e-07
6.498158438572566214e-07
6.939332121833101312e-07
7.344557899885519807e-07
7.704971545515579147e-07
8.012618140754311746e-07
8.260649633182565136e-07
8.443491134409812065e-07
8.556978772719051407e-07
8.598445354062607069e-07
8.566778950851835156e-07
8.462433186193375257e-07
8.287396284267072156e-07
8.045127140595916734e-07
7.740440682907810120e-07
7.379373379272013108e-07
6.969012926461123663e-07
6.517305597144117707e-07
6.032844729872353320e-07
5.524652509802827155e-07
5.001946421330143863e-07
4.473917094985951878e-07
3.949508345936689623e-07
3.437210956671810768e-07
2.944877879355883406e-07
2.479556803604625511e-07
2.047355832077925978e-07
1.653336108105535194e-07
1.301437144428971156e-07
9.944350844813200774e-08
7.339349321410035154e-08
5.203932124928204129e-08
3.531728671467483417e-08
2.306248616388461066e-08
1.501942882278648799e-08
1.085469140308752557e-08
1.017113184740812093e-08
1.252324153237141045e-08
1.743309568233621685e-08
2.440642303014461498e-08
3.294833136752067521e-08
4.257818324183203699e-08
5.284327302316858427e-08
6.333089702694234130e-08
7.367852073444265451e-08
8.358187484521690180e-08
9.280065105201906225e-08
1.011619285585597236e-07
1.085611603223856497e-07
1.149608420012573696e-07
1.203869640305978010e-07
1.249235520428829259e-07
1.287052604244929209e-07
1.319086834169009958e-07
1.347424332045517191e-07
1.374364244714303383e-07
1.402308406773942266e-07
1.433648259974533337e-07
1.470656884040607435e-07
1.515386319886447091e-07
1.569574563862701125e-07
1.634564506353570538e-07
1.711238651387963847e-07
1.799967674624892492e-07
1.900579146244864482e-07
2.012343478864007642e-07
2.133978503419168148e-07
2.263674128092557182e-07
2.399131419925359966e-07
2.537621323603492250e-07
2.676056572283111341e-07
2.811076242538300631e-07
2.939142927491991275e-07
3.056643554956000038e-07
3.159999669894093982e-07
3.245778062929314100e-07
3.310800939894370699e-07
3.352255511855162290e-07
3.367792716477865299e-07
3.355622705899101643e-07
3.314597220789974977e-07
3.244279813488015327e-07
3.145001156706961566e-07
3.017900874508000425e-07
2.864947409709214241e-07
2.688944935784765064e-07
2.493519422756240410e-07
2.283086345920075848e-07
2.062801861837821196e-07
1.838492586296008903e-07
1.616572126910086092e-07
1.403939968293475793e-07
1.207866412581700336e-07
1.035864759293973469e-07
8.955536646694200103e-08
7.945094204899915125e-08
7.401139491359300800e-08
7.393985132266100291e-08
7.988868444023166306e-08
9.244410884915055460e-08
1.121111804661493177e-07
1.392997080341121438e-07
1.743113554420395711e-07
2.173278255012479719e-07
2.684013612686070202e-07
3.274463686357570867e-07
3.942342150361703126e-07
4.683898635508963654e-07
5.493908004481074961e-07
6.365701688901153351e-07
7.291205978708097992e-07
8.261033554737535872e-07
9.264588398275646588e-07
1.029019416619045279e-06
1.132527776109470667e-06
1.235653587390312324e-06
1.337017293692619494e-06
1.435210464070461376e-06
1.528823073928156500e-06
1.616468265276438600e-06
1.696807197650934187e-06
1.768578773573667113e-06
1.830621646823011151e-06
1.881902533209130013e-06
1.921537848612486363e-06
1.948812774290726532e-06
1.963203146002818377e-06
1.964385529835089475e-06
1.952251971743533863e-06
1.926914794447134519e-06
1.888706889365156030e-06
1.838182867071486865e-06
1.776106977955544465e-06
1.703444428577584654e-06
1.621342427041565072e-06
1.531107119589579541e-06
1.434181102215439252e-06
1.332110397007738539e-06
1.226515166605223240e-06
1.119053686010749624e-06
1.011385413438266801e-06
9.051366535176270213e-07
8.018618359491528748e-07
7.030105552177863004e-07
6.098939082670508591e-07
5.236545445763023971e-07
4.452424638129785926e-07
3.753931236627804921e-07
3.146134424412993230e-07
2.631724117741458194e-07
2.210986056976834196e-07
1.881852108120783143e-07
1.640008526546949588e-07
1.479082471759288484e-07
1.390884560453812138e-07
1.365718667882644024e-07
1.392740218575047663e-07
1.460359347491024625e-07
1.556682321694844462e-07
1.669969909396080499e-07
1.789112295183431256e-07
1.904096981082686368e-07
2.006459384910811905e-07
2.089708255234816604e-07
2.149698958834272678e-07
2.184958204832937150e-07
2.196934597483765628e-07
2.190170174978178767e-07
2.172390900130550933e-07
2.154494492478605280e-07
2.150449889526411611e-07
2.177091753762340162e-07
2.253817438107088329e-07
2.402196397905167158e-07
2.645483608193178206e-07
3.008064945429400119e-07
3.514831097029862825e-07
4.190498542137339776e-07
5.058904875194375604e-07
6.142270986934390035e-07
7.460483147625048415e-07
9.030372463531474982e-07
1.086505874702284355e-06
1.297333758739806316e-06
1.535913618761895166e-06
1.802109908543504638e-06
2.095222731922134539e-06
2.413969999923360998e-06
2.756478703371598996e-06
3.120288478748705903e-06
3.502376865710435712e-06
3.899187141617422348e-06
4.306682215396127832e-06
4.720403255963602679e-06
5.135538239767289571e-06
5.547013783186338907e-06
5.949576321744484089e-06
6.337900302312547063e-06
6.706687285724374981e-06
7.050765313188920710e-06
7.365206030097412467e-06
7.645411912703135293e-06
7.887226017809713830e-06
8.087015335978022432e-06
8.241742995877065784e-06
8.349050076315948357e-06
8.407291529129041273e-06
8.415589464165308063e-06
8.373848394592691170e-06
8.282753499394414655e-06
8.143773834987924612e-06
7.959115712158113085e-06
7.731692370008362840e-06
7.465056428044781597e-06
7.163319458102992168e-06
6.831078858509907780e-06
6.473305741184053374e-06
6.095254954732947535e-06
5.702341595344435600e-06
5.300040606380625470e-06
4.893769654003447300e-06
4.488776965922112564e-06
4.090047365040572445e-06
3.702197861868066967e-06
3.329401489302866420e-06
2.975311873845403994e-06
2.643003763915087102e-06
2.334936437227773739e-06
2.052922160729185878e-06
1.798121825399116908e-06
1.571050351392381745e-06
1.371599519284486367e-06
1.199079902869726895e-06
1.052270827063433259e-06
9.294879961119274929e-07
8.286577999182937430e-07
7.474002064091982702e-07
6.831191751748740451e-07
6.330929058889335655e-07
5.945673632663861174e-07
5.648456878000169050e-07
5.413731676888908208e-07
5.218167060016549557e-07
5.041332900542922957e-07
4.866301061926394042e-07
4.680107187177417097e-07
4.474104392996450107e-07
4.244172551100593119e-07
3.990796834705509549e-07
3.719029568033044123e-07
3.438318032689413828e-07
3.162241653890674083e-07
2.908149749394887495e-07
2.696730396600247663e-07
2.551537759141643192e-07
2.498483154183068565e-07
2.565334519430311151e-07
2.781231028355617201e-07
3.176241797011954466e-07
3.780995931617552186e-07
4.626383981296618227e-07
5.743367336807599568e-07
7.162886610345289577e-07
8.915876774372641847e-07
1.103341091043248833e-06
1.354692119184127625e-06
1.648854565103415563e-06
1.989153232959394533e-06
2.379068735784359284e-06
2.822290171803873323e-06
3.322760166995286480e-06
3.884724947506352291e-06
4.512772054683989133e-06
5.211855245269720901e-06
5.987316321702620245e-06
6.844872550105716541e-06
7.790601732351158190e-06
8.830891850376476810e-06
9.972361272667254153e-06
1.122177327521658083e-05
1.258589018355885511e-05
1.407133806409389474e-05
1.568440173195159297e-05
1.743083909406099546e-05
1.931564482803899800e-05
2.134278931908134135e-05
2.351499111949839824e-05
2.583341250455793500e-05
2.829742890194822207e-05
3.090435616306677966e-05
3.364918257398115707e-05
3.652439703229890173e-05
3.951973759455562249e-05
4.262209550961051452e-05
4.581538902525609494e-05
4.908047897392045321e-05
5.239525303048211475e-05
5.573461429451184967e-05
5.907070930657417121e-05
6.237311719872786213e-05
6.560910017496984260e-05
6.874407380616177541e-05
7.174193146442024672e-05
7.456566098801126164e-05
7.717787285779690155e-05
7.954137013138264524e-05
8.161993973653668035e-05
8.337890879851872603e-05
8.478600901859612959e-05
8.581194668074095552e-05
8.643124311741357034e-05
8.662285514528680170e-05
8.637074539978463591e-05
8.566458486668801064e-05
8.450008003550163048e-05
8.287949472721307107e-05
8.081186220456934685e-05
7.831307665180722323e-05
7.540602780893544146e-05
7.212031810536529862e-05
6.849209155407074237e-05
6.456352887854355140e-05
6.038220158087935442e-05
5.600041785124371731e-05
5.147421293615626528e-05
4.686241391287126242e-05
4.222545432780433066e-05
3.762411447261537143e-05
3.311828474819014569e-05
2.876555128432540658e-05
2.461990050584246319e-05
2.073036387357510350e-05
1.713974127675016012e-05
1.388346792118207241e-05
1.098855411675673174e-05
8.472763359715175510e-06
6.343970211970774501e-06
4.599785280009858995e-06
3.227484900295897705e-06
2.204245977491773591e-06
1.497751894617294176e-06
1.067167048045189239e-06
8.645125833483069918e-07
8.364543220223512510e-07
9.265033921049438491e-07
1.077634887797587493e-06
1.235308226828354850e-06
1.350877406991598440e-06
1.385359450489110892e-06
1.313527188722427572e-06
1.128285918853721559e-06
8.452742019633759835e-07
5.076366752415800107e-07
1.908937729189236068e-07
7.837624270702068166e-09
1.133725179072174576e-07
7.092129848606705027e-07
2.048350991584950303e-06
4.439200604583479348e-06
8.249321865485830950e-06
1.390864411233007015e-05
2.191206938569434344e-05
3.282141211957929021e-05
4.726655516379233579e-05
6.594572111227470365e-05
8.962492817320784257e-05
1.191363048475498651e-04
1.553755824118509472e-04
1.992984099577303758e-04
2.519154669876627487e-04
3.142869136929049654e-04
3.875150991015129174e-04
4.727370757723926300e-04
5.711150353318293366e-04
6.838269594181036739e-04
8.120556415513347382e-04
9.569765295444681782e-04
1.119746585314023617e-03
1.301489968558447062e-03
1.503286163720716833e-03
1.726155947595417765e-03
1.971046526482240352e-03
2.238820288541566381e-03
2.530238308150853984e-03
2.845950120098538188e-03
3.186480172509994352e-03
3.552213913865044214e-03
3.943391329277301689e-03
4.360091632944591671e-03
4.802229750860250584e-03
5.269547190299195098e-03
5.761602885409940027e-03
6.277776391665216421e-03
6.817256634412182346e-03
7.379049508127520467e-03
7.961976033003087191e-03
8.564670478137170403e-03
9.185596449874268779e-03
9.823040752938629744e-03
1.047513431806383101e-02
1.113985818484463687e-02
1.181504897377727570e-02
1.249842821250362994e-02
1.318759976978898379e-02
1.388008317941214799e-02
1.457332510733272760e-02
1.526470943012302704e-02
1.595159688924237956e-02
1.663132210531674537e-02
1.730123866194068633e-02
1.795871448268689802e-02
1.860117529630917615e-02
1.922611553883517288e-02
1.983110647295744863e-02
2.041384095191953185e-02
2.097212096859311925e-02
2.150390109760211971e-02
2.200729231983247769e-02
2.248056244916273386e-02
2.292217727575317915e-02
2.333077617248353539e-02
2.370521008523356760e-02
2.404453443607258364e-02
2.434799867775490345e-02
2.461507967507941749e-02
2.484544409917506178e-02
2.503897801078897381e-02
2.519576811697795196e-02
2.531608048794833574e-02
2.540038515477944722e-02
2.544930755929509028e-02
2.546365005262214015e-02
2.544436423281584356e-02
2.539252215323252806e-02
2.530933430913380813e-02
2.519609540945495427e-02
2.505420563462272890e-02
2.488511599292915835e-02
2.469034420966945489e-02
2.447144367846636540e-02
2.422997355113073667e-02
2.396751473330609866e-02
2.368561880304970862e-02
2.338582531474309167e-02
2.306963526289606756e-02
2.273848691907562683e-02
2.239377537970431778e-02
2.203681018789953663e-02
2.166883732639329416e-02
2.129102091908576314e-02
2.090442786868889138e-02
2.051005280579439732e-02
2.010878660826952852e-02
1.970144377172608485e-02
1.928875300095442974e-02
1.887135057832011256e-02
1.844980970139494317e-02
1.802461881872315097e-02
1.759621227651672268e-02
1.716496750015936157e-02
1.673120426907488342e-02
1.629521506689485602e-02
1.585724974517389169e-02
1.541754547669446293e-02
1.497632648398057077e-02
1.453380500733540345e-02
1.409020834523828231e-02
1.364576560731448757e-02
1.320073275518011437e-02
1.275539084723806456e-02
1.231004486217764614e-02
1.186504387596420268e-02
1.142076666126231634e-02
1.097764089765887810e-02
1.053612786495149514e-02
1.009673634794939351e-02
9.660015225501037209e-03
9.226546438531735631e-03
8.796953640214412451e-03
8.371884862999025984e-03
7.952018681536497310e-03
7.538053412570073011e-03
7.130697043788632519e-03
6.730669535925552956e-03
6.338685387456643311e-03
5.955454646329677929e-03
5.581671356453200145e-03
5.218003253720027330e-03
4.865091043521366405e-03
4.523533768221278846e-03
4.193888177854553784e-03
3.876659558537687202e-03
3.572294220606855863e-03
3.281179152310874370e-03
3.003632693862943667e-03
2.739905315487004087e-03
2.490175119007027611e-03
2.254545086772429680e-03
2.033045353472379656e-03
1.825630205250780309e-03
1.632182091844762949e-03
1.452511017904270594e-03
1.286359487137322174e-03
1.133405110296927714e-03
9.932644547122372602e-04
8.654993543009169895e-04
7.496209952331504443e-04
6.450970262478146521e-04
5.513573490987276138e-04
4.678005074881559774e-04
3.938011088298487713e-04
3.287159745981046250e-04
2.718914660315267535e-04
2.226698918158370451e-04
1.803958785785219157e-04
1.444227782152385415e-04
1.141181624263188353e-04
8.886934031181359286e-05
6.808806821989228945e-05
5.121478807092760843e-05
3.772237261067238771e-05
2.711909042362517023e-05
1.895107218390669129e-05
1.280405077577334256e-05
8.304492845666243983e-06
5.120124903356694603e-06
2.959831429315905593e-06
1.573011213442068541e-06
7.483945692395085157e-07
3.123870221444999599e-07
1.269866393065843544e-07
8.732967723873654861e-08
1.189277493856105654e-07
1.746569487733188166e-07
2.315629782309447175e-07
2.875448042991825210e-07
3.579798923243407330e-07
4.723495329968746779e-07
6.709218795944910950e-07
1.001545404435805462e-06
1.516599170531602928e-06
2.270146665899353598e-06
3.315325222541517964e-06
4.702005327769416345e-06
6.474744914809327387e-06
8.671045319521414251e-06
1.131994717727197313e-05
1.444093718349482477e-05
1.804319425082779132e-05
2.212512659014876295e-05
2.667426607404680715e-05
3.166740296785550889e-05
3.707101110108255521e-05
4.284192326172551351e-05
4.892815580685127002e-05
5.527003889686660774e-05
6.180137549056068233e-05
6.845077401568465901e-05
7.514307354979022269e-05
8.180070429206661158e-05
8.834528230100032039e-05
9.469897125292924542e-05
1.007859036957796850e-04
1.065335401390475481e-04
1.118737721045154863e-04
1.167442206638993359e-04
1.210890885241610703e-04
1.248600157286586308e-04
1.280167829149089309e-04
1.305276576417733331e-04
1.323699492156974638e-04
1.335300172108088725e-04
1.340033014954142710e-04
1.337941953748776668e-04
1.329155712673708888e-04
1.313885649817560643e-04
1.292418399856369463e-04
1.265109422262414806e-04
1.232375607955495101e-04
1.194685345798430137e-04
1.152551702255228934e-04
1.106521576887129822e-04
1.057166537843007878e-04
1.005073591799076233e-04
9.508346647658009836e-05
8.950394066429683557e-05
8.382654733257231101e-05
7.810709473549371743e-05
7.239873876355723960e-05
6.675126415339404881e-05
6.121066957697556227e-05
5.581862875820855038e-05
5.061215962054794917e-05
4.562338226821107697e-05
4.087930810643661039e-05
3.640185937256812870e-05
3.220784082032887455e-05
2.830906695330356434e-05
2.471255959133932732e-05
2.142077929106653392e-05
1.843199106639874783e-05
1.574060548790447937e-05
1.333759969347436942e-05
1.121096427548900737e-05
9.346154468014681606e-06
7.726585354248089894e-06
6.334093195525262956e-06
5.149406570498028370e-06
4.152598389496701643e-06
3.323507884598368466e-06
2.642144482941757780e-06
2.089042514950444749e-06
1.645582135205918644e-06
1.294265189308750365e-06
1.018942971943591972e-06
8.050004087420357155e-07
6.394885589729856624e-07
5.112126025210794741e-07
4.107735699512756454e-07
3.305690272031178578e-07
2.647528572204698375e-07
2.091603670101050859e-07
1.612020599921499591e-07
1.197306294251882845e-07
8.488677171165544406e-08
5.792783176339311235e-08
4.104506027461962948e-08
3.717406644416880489e-08
4.980316053560453947e-08
8.278412677149463087e-08
1.401492759433862122e-07
2.259385280628931269e-07
3.440396805622853581e-07
4.980439769499628045e-07
6.911202249436344369e-07
9.259075336974711835e-07
1.204428678438921794e-06
1.528024573312033292e-06
1.897307565230502277e-06
2.312138603857633371e-06
2.771620263051232139e-06
3.274109466582400746e-06
3.817247352018678230e-06
4.397998946334778188e-06
5.012714793698202556e-06
5.657193981268283178e-06
6.326759811898733448e-06
7.016342461404079431e-06
7.720556626884962479e-06
8.433798321033000178e-06
9.150324470367687173e-06
9.864338903669397357e-06
1.057007588267451880e-05
1.126186543779290119e-05
1.193421900499652402e-05
1.258188225729621344e-05
1.319989323302721172e-05
1.378363353576778692e-05
1.432885417907223841e-05
1.483172772168832512e-05
1.528885856689242301e-05
1.569730270860995744e-05
1.605458124456770745e-05
1.635866756396390733e-05
1.660800884962061540e-05
1.680150296319137676e-05
1.693849100511633234e-05
1.701874678847907347e-05
1.704244255072052695e-05
1.701015486944092202e-05
1.692282699202829902e-05
1.678175133572980799e-05
1.658855137018839566e-05
1.634514290120528022e-05
1.605373641933696262e-05
1.571679853565328803e-05
1.533703800526792116e-05
1.491736904120325099e-05
1.446091255287166775e-05
1.397095935979389709e-05
1.345095230271554085e-05
1.290446723554578114e-05
1.233517771228658567e-05
1.174685060575767478e-05
1.114330881491985544e-05
1.052840906488611221e-05
9.906017733810174687e-06
9.279973616481814458e-06
8.654073980332873704e-06
8.032035196277728247e-06
7.417465221516942164e-06
6.813834884355463098e-06
6.224441054604598693e-06
5.652387030777108729e-06
5.100546951554238512e-06
4.571540381940563203e-06
4.067708172366376934e-06
3.591086070772804368e-06
3.143391492108300254e-06
2.726003743010746258e-06
2.339953635383508238e-06
1.985917046418746953e-06
1.664210991607169144e-06
1.374799745093299386e-06
1.117301156443676325e-06
8.910009056862365785e-07
6.948716053991698085e-07
5.275961008637563162e-07
3.875972462993999604e-07
2.730701275576758319e-07
1.820190153634277562e-07
1.122972658980296624e-07
6.164949211411223532e-08
2.775566266206713215e-08
8.275645937581302139e-09
8.938459870830064997e-10
3.362811894810819406e-09
1.354497363554645368e-08
2.945164522811625020e-08
4.927848324363680954e-08
7.143664968568389469e-08
9.457903628218616860e-08
1.176208650245184720e-07
1.397545055109041224e-07
1.604578160635512285e-07
1.794960839882727710e-07
1.969174594749831614e-07
2.130417365786865085e-07
2.284433504745982533e-07
2.439281321127060861e-07
2.605049378567634488e-07
2.793525952162008320e-07
3.017825713801236660e-07
3.291990727781690942e-07
3.630562904247815819e-07
4.048146035656606771e-07
4.558964671746085842e-07
5.176424447682500355e-07
5.912697678715416091e-07
6.778325112974742439e-07
7.781856230748755551e-07
8.929532715599739769e-07
1.022501194586657608e-06
1.166916382818140151e-06
1.325991030053866592e-06
1.499214027171011650e-06
1.685767329902997670e-06
1.884532007409771116e-06
2.094097931213222972e-06
2.312781278521025813e-06
2.538648310863280146e-06
2.769542088804966022e-06
3.003119265897587680e-06
3.236886100970370960e-06
3.468240408686581756e-06
3.694516400567105646e-06
3.913027446162623007e-06
4.121117075623189691e-06
4.316202412406663196e-06
4.495820128727428051e-06
4.657670602030201148e-06
4.799654432261806718e-06
4.919914702760383460e-06
5.016865473053097736e-06
5.089219909846846203e-06
5.136013017869020794e-06
5.156613263289535595e-06
5.150738428367108883e-06
5.118454785471281493e-06
5.060175151821738451e-06
4.976650733377029655e-06
4.868952031608319206e-06
4.738454258382807557e-06
4.586807560164771803e-06
4.415907794911532434e-06
4.227863265094916652e-06
4.024954070441071278e-06
3.809597630135210598e-06
3.584304003205418139e-06
3.351634804544155841e-06
3.114161917455788429e-06
2.874423969793282755e-06
2.634890740453286971e-06
2.397923519977607551e-06
2.165741720701470344e-06
1.940392787628131124e-06
1.723724262239200445e-06
1.517364256923520456e-06
1.322702679771083244e-06
1.140879486983664309e-06
9.727777600612597853e-07
8.190208644180359540e-07
6.799765207828570797e-07
5.557635357355167254e-07
4.462639996200459858e-07
3.511393531114077440e-07
2.698496700841756644e-07
2.016767186726307124e-07
1.457487406774274376e-07
1.010675208907372215e-07
6.653665323335202566e-08
4.099038384608301116e-08
2.322262492690250435e-08
1.201523643858332315e-08
6.165253232455842267e-09
4.510419241680010595e-09
5.952593465587955476e-09
9.478586438880458917e-09
1.417810624011818567e-08
1.925853390835962549e-08
2.405631427402259113e-08
2.804489305409329712e-08
3.083909949996182994e-08
3.219605566840111045e-08
3.201271261964157030e-08
3.032016087270606679e-08
2.727504622883203791e-08
2.314827105992296229e-08
1.831141553801974493e-08
1.322123017567851465e-08
8.402603810204083791e-09
4.430479598419737267e-09
1.911104266347770476e-09
1.463096633632713302e-09
3.698748334839319338e-09
9.205969100798876072e-09
1.853126688608574645e-08
3.216410670131909694e-08
5.052296058381271650e-08
7.394332212468631291e-08
1.026678243993532177e-07
1.368387888011840304e-07
1.764930944014752348e-07
2.215595639194642265e-07
2.718588483664903548e-07
3.271054853139250768e-07
3.869126776057559676e-07
4.507987869811797026e-07
5.181959596076411344e-07
5.884605126089320595e-07
6.608842671045049062e-07
7.347079890372982522e-07
8.091347490557651172e-07
8.833442796582341521e-07
9.565076372920333868e-07
1.027800997289174555e-06
1.096420647921086534e-06
1.161595801108831809e-06
1.222601266336325326e-06
1.278769067207393118e-06
1.329497686355111585e-06
1.374261930819711779e-06
1.412619120419309833e-06
1.444214621125123145e-06
1.468785683493360556e-06
1.486162334129331354e-06
1.496268955260974145e-06
1.499121812675796027e-06
1.494826216023204557e-06
1.483572240928508162e-06
1.465627948694541761e-06
1.441333897259269484e-06
1.411094279828081461e-06
1.375368524484267959e-06
1.334662310877728339e-06
1.289517158707830159e-06
1.240502032652500591e-06
1.188202805530113475e-06
1.133213042674956607e-06
1.076125126871269779e-06
1.017521065284224096e-06
9.579657104966864588e-07
8.979990065776838965e-07
8.381301269812155478e-07
7.788317033428049045e-07
7.205363804632337058e-07
6.636329955201755648e-07
6.084644406606618193e-07
5.553264337171662411e-07
5.044667708906398441e-07
4.560863269058961949e-07
4.103399300552436654e-07
3.673383941172446628e-07
3.271511047227870799e-07
2.898088477060818197e-07
2.553075516049571626e-07
2.236117824656899603e-07
1.946586964836115077e-07
1.683620476593872445e-07
1.446160597291173368e-07
1.232994776096461216e-07
1.042791817204666489e-07
8.741372174447229036e-08
7.255655928836177321e-08
5.955894475601651696e-08
4.827257444512891771e-08
3.855177864129063829e-08
3.025542081863172423e-08
2.324844371211496164e-08
1.740307074107216912e-08
1.259974253603986982e-08
8.727741654799007440e-09
5.685600798521339111e-09
3.381307084345882034e-09
1.732342187804770055e-09
6.656050022202614334e-10
1.172404495264175814e-10
3.241755590655375594e-11
3.650808854723115039e-10
1.077699240843120214e-09
2.141029375664452479e-09
3.533905649534879763e-09
5.243060469746724857e-09
7.262975031179104671e-09
9.595747200552425142e-09
1.225097758114119305e-08
1.524563932877399923e-08
1.860392336920488083e-08
2.235703441187978002e-08
2.654289631400075305e-08
3.120578617343503803e-08
3.639581799782941059e-08
4.216829666967645648e-08
4.858291633513102612e-08
5.570275525194652618e-08
6.359315545377369374e-08
7.232036422379376631e-08
8.195003463336479031e-08
9.254557632102086555e-08
1.041663105275151333e-07
1.168656361863496163e-07
1.306890080803271411e-07
1.456719584596519999e-07
1.618380262041573979e-07
1.791969327766115591e-07
1.977426906591626936e-07
2.174519664993050804e-07
2.382826763704803059e-07
2.601726971596122110e-07
2.830391939180251173e-07
3.067780106079382365e-07
3.312635997980870909e-07
3.563493922725939987e-07
3.818683832016605204e-07
4.076346163566898294e-07
4.334446817494723098e-07
4.590798717386041677e-07
4.843087760968475574e-07
5.088899617168028130e-07
5.325755987017556677e-07
5.551147846315825355e-07
5.762573951881050799e-07
5.957581139811435346e-07
6.133801817610960802e-07
6.288998883798969676e-07
6.421102619289268630e-07
6.528249634940844253e-07
6.608819517228518381e-07
6.661464240152964796e-07
6.685141721620065806e-07
6.679136695062780759e-07
6.643080386455305596e-07
6.576964461771340629e-07
6.481144885141515658e-07
6.356347383857277031e-07
6.203658394840619481e-07
6.024513508772323965e-07
5.820679425311574960e-07
5.594226326773555532e-07
5.347501578454856111e-07
5.083091199863369492e-07
4.803780389790559965e-07
4.512510106058132950e-07
4.212328061385090858e-07
3.906343123370065331e-07
3.597673184734436762e-07
3.289395751103288203e-07
2.984499245619993903e-07
2.685834485290561974e-07
2.396072587621516356e-07
2.117662992754509764e-07
1.852797908264998972e-07
1.603381840799994249e-07
1.371006088812745837e-07
1.156931526318128582e-07
9.620761329392095814e-08
7.870104656619436192e-08
6.319599705836547485e-08
4.968138145107901738e-08
3.811411225487586235e-08
2.842126758628716801e-08
2.050287665666946091e-08
1.423520786846297633e-08
9.474483470215540201e-09
6.060962608537714219e-09
3.823264469874282761e-09
2.582864157110067756e-09
2.158649050534695227e-09
2.371435674696577432e-09
3.048350909831563947e-09
4.026976861921804596e-09
5.159173055582926319e-09
6.314488394107296512e-09
7.383097223258713483e-09
8.278187358050200213e-09
8.937756852126290705e-09
9.325781077512583816e-09
9.432722200369216979e-09
9.275387524838258269e-09
8.896124422806622503e-09
8.361387436871776613e-09
7.759708101128268660e-09
7.199112197316267766e-09
6.804057211629076748e-09
6.711944899586914891e-09
7.069301800359953160e-09
8.027711062705441792e-09
9.739584707576749247e-09
1.235388369131166406e-08
1.601186831869167862e-08
2.084298596776921408e-08
2.696098747450307414e-08
3.446034560338339024e-08
4.341309233762506555e-08
5.386610086192729984e-08
6.583890684950187752e-08
7.932211377569261648e-08
9.427637730244807686e-08
1.106320995111486853e-07
1.282897044121316139e-07
1.471205912524821347e-07
1.669687241335074496e-07
1.876527406917208564e-07
2.089687614023538881e-07
2.306935489791642264e-07
2.525881683783546214e-07
2.744020127808603129e-07
2.958769777760945391e-07
3.167520650667080274e-07
3.367678390924361894e-07
3.556710032684785739e-07
3.732188954544454231e-07
3.891836359460901141e-07
4.033563397208271435e-07
4.155506552938143740e-07
4.256060484078604675e-07
4.333906116786219238e-07
4.388031513347406779e-07
4.417750810895940361e-07
4.422713347595293326e-07
4.402908497177734860e-07
4.358664286756575994e-07
4.290638005749903422e-07
4.199804693217558808e-07
4.087436256698501322e-07
3.955077363990088116e-07
3.804516686262296801e-07
3.637752561005957393e-07
3.456958659791533191e-07
3.264443850857669845e-07
3.062612261210567225e-07
2.853920817269778009e-07
2.640839313046063741e-07
2.425808559988917374e-07
2.211201380882945375e-07
1.999285730882865908e-07
1.792189902751050004e-07
1.591872930699739861e-07
1.400097298631516574e-07
1.218406980726486149e-07
1.048110161476777225e-07
8.902665245590010687e-08
7.456805297433612272e-08
6.148988938555094590e-08
4.982135521299332061e-08
3.956693638310360426e-08
3.070761732265214075e-08
2.320253378741847006e-08
1.699095826356601070e-08
1.199461914713957907e-08
8.120274706438781302e-09
5.262480595143221848e-09
3.306497577715349152e-09
2.131260107759900824e-09
1.612353229733401794e-09
1.624930298384722629e-09
2.046512204202657444e-09
2.759614459604104908e-09
3.654149974359207822e-09
4.629565397928836889e-09
5.596674006933072106e-09
6.479153782258467968e-09
7.214695258515414177e-09
7.755778954866248896e-09
8.070083197733573613e-09
8.140524483688278441e-09
7.964938808032414298e-09
7.555431409814401051e-09
6.937409167988739869e-09
6.148335853139976167e-09
5.236243973464131705e-09
4.258042555755888623e-09
3.277670652344667967e-09
2.364135037093732244e-09
1.589485333754086975e-09
1.026771401710535261e-09
7.480291103068697553e-10
8.223397137509523613e-10
1.314002320945639294e-09
2.280858140247782270e-09
3.772799041009645803e-09
5.830487044674829266e-09
8.484310077533071116e-09
1.175358681113923057e-08
1.564603364057376895e-08
2.015749858870369389e-08
2.527195362415698064e-08
3.096175550687889624e-08
3.718814055130442364e-08
4.390195177951990751e-08
5.104457364974594179e-08
5.854903179365460877e-08
6.634127319406973639e-08
7.434153865274448361e-08
8.246583702081392527e-08
9.062747687563373041e-08
9.873859369820388594e-08
1.067117171356802144e-07
1.144612456805207326e-07
1.219048814152106510e-07
1.289649273398838983e-07
1.355695307625107634e-07
1.416537174560442972e-07
1.471603004884514539e-07
1.520406198577077319e-07
1.562550610149908965e-07
1.597734725935752543e-07
1.625753175150426420e-07
1.646496845926343842e-07
1.659951274329614560e-07
1.666192962522284450e-07
1.665385086004070444e-07
1.657770981794191550e-07
1.643666922934100157e-07
1.623453928935103148e-07
1.597568405199429635e-07
1.566493084075358679e-07
1.530746795969013249e-07
1.490874548862517069e-07
1.447437681382514416e-07
1.401003931913626232e-07
1.352138687051382327e-07
1.301396104658649057e-07
1.249311348715214955e-07
1.196393661411811829e-07
1.143120089596103500e-07
1.089930798439178486e-07
1.037224840358105175e-07
9.853572776521756375e-08
9.346373348029241042e-08
8.853273491821152527e-08
8.376431235344132048e-08
7.917547282319320246e-08
7.477883372267335713e-08
7.058287614178810511e-08
6.659224301563111924e-08
6.280811832502405846e-08
5.922861157268268033e-08
5.584918440269637577e-08
5.266309037677494108e-08
4.966180668784071088e-08
4.683548141779663216e-08
4.417334099280351616e-08
4.166408416523617843e-08
3.929624278594481299e-08
3.705849618804601200e-08
3.493995885376635663e-08
3.293040544768389637e-08
3.102045621346102676e-08
2.920171334203457444e-08
2.746684399789071619e-08
2.580962921036138190e-08
2.422495844676060623e-08
2.270879146530872317e-08
2.125808582973753516e-08
1.987069190676789163e-08
1.854523308302870376e-08
1.728096108254538747e-08
1.607760533572726574e-08
1.493521403177346296e-08
1.385400219316854218e-08
1.283420042722345893e-08
1.187591820468063160e-08
1.097902268865165196e-08
1.014303507894748563e-08
9.367052911447301962e-09
8.649692651853250347e-09
7.989059523687377661e-09
7.382742721631155711e-09
6.827834451040163240e-09
6.320975048772977130e-09
5.858417283229081089e-09
5.436110833022773488e-09
5.049802348245638015e-09
4.695146749843392027e-09
4.367828053913943621e-09
4.063682376693266119e-09
3.778821182381158372e-09
3.509749639589130965e-09
3.253475550851493980e-09
3.007606534092576757e-09
2.770429982204485374e-09
2.540974393862438887e-09
2.319049117382444832e-09
2.105260489834188894e-09
1.901004232307516246e-09
1.708432474028621568e-09
1.530396741787767843e-09
1.370367642607012446e-09
1.232332888195318214e-09
1.120676610603698844e-09
1.040042289688022136e-09
9.951833623999840484e-10
9.908052665218211596e-10
1.031403088678367304e-09
1.121099611258938396e-09
1.263487863704769008e-09
1.461483013893702895e-09
1.717187838885169021e-09
2.031775644309089252e-09
2.405394782974215881e-09
2.837097268500318751e-09
3.324794505835062570e-09
3.865241892577421713e-09
4.454053027296412687e-09
5.085744904294243390e-09
5.753812286821202470e-09
6.450830980815145514e-09
7.168587687910192499e-09
7.898232986711699618e-09
8.630455715985033591e-09
9.355672357693918042e-09
1.006422853632991316e-08
1.074660713641542776e-08
1.139363693960056811e-08
1.199669878760927094e-08
1.254792074655304208e-08
1.304035941446492728e-08
1.346816170352161772e-08
1.382670171126173105e-08
1.411269142121388353e-08
1.432425845379497255e-08
1.446099105386048092e-08
1.452394780770976316e-08
1.451563057219234223e-08
1.443992335013953228e-08
1.430199496851493469e-08
1.410817034457097397e-08
1.386577151250416160e-08
1.358293455301849265e-08
1.326840415577887307e-08
1.293131318100958323e-08
1.258095214844184725e-08
1.222653422765642609e-08
1.187696350852790722e-08
1.154061070108935606e-08
1.122510394833283615e-08
1.093713994940540409e-08
1.068232038046025406e-08
1.046501931692272991e-08
1.028828413066140365e-08
1.015377393676867969e-08
1.006173721383191731e-08
1.001102936620246116e-08
9.999170777382667445e-09
1.002244319480817707e-08
1.007602281943663775e-08
1.015414647291948633e-08
1.025030639964367627e-08
1.035746892091930533e-08
1.046831047102289324e-08
1.057546494797308048e-08
1.067177531886494645e-08
1.075054234422397180e-08
1.080576341678324148e-08
1.083235435003926158e-08
1.082634766624190931e-08
1.078506125331384018e-08
1.070723214384769190e-08
1.059311081742419718e-08
1.044451280291573599e-08
1.026482515032734940e-08
1.005896671027462570e-08
9.833302558001077289e-09
9.595513576514978385e-09
9.354424444034961771e-09
9.119793495516269432e-09
8.902069559198252456e-09
8.712121958124389823e-09
8.560949852879828731e-09
8.459379206967977528e-09
8.417754690078837982e-09
8.445634890957274192e-09
8.551499355432754645e-09
8.742474681940242358e-09
9.024088396656425448e-09
9.400056849131848028e-09
9.872113596212064165e-09
1.043988396466345197e-08
1.110080871307559616e-08
1.185012123891020295e-08
1.268087869180178374e-08
1.358404744299944026e-08
1.454864236973305634e-08
1.556191527015573886e-08
1.660959102992264306e-08
1.767614414649941239e-08
1.874511123457464660e-08
1.979942907540274251e-08
2.082179407291087882e-08
2.179503157112616331e-08
2.270246689745393345e-08
2.352829068498858995e-08
2.425790502383957428e-08
2.487824779072426039e-08
2.537808276044412774e-08
2.574824964392082569e-08
2.598186990824022160e-08
2.607449745559312035e-08
2.602421813344024898e-08
2.583168988585270488e-08
2.550012443540986824e-08
2.503521323514443325e-08
2.444499307585669992e-08
2.373966341910976282e-08
2.293135356069162841e-08
2.203384764064637320e-08
2.106227643853860186e-08
2.003277732044528913e-08
1.896213914599025705e-08
1.786743452425231185e-08
1.676565058339191780e-08
1.567332885868857336e-08
1.460621763090141969e-08
1.357895203158728958e-08
1.260476398268828794e-08
1.169523047423521207e-08
1.086006696855901959e-08
1.010696625638844568e-08
9.441491319423406228e-09
8.867019831324824173e-09
8.384742155244387951e-09
7.993712829708026015e-09
7.690950146166996256e-09
7.471584477536475047e-09
7.329047551023468176e-09
7.255298107645891970e-09
7.241078411304721214e-09
7.276191642278589912e-09
7.349796417281485568e-09
7.450707785388482652e-09
7.567697792932391786e-09
7.689789038633644493e-09
7.806530766430516973e-09
7.908254961802819913e-09
7.986303309764003798e-09
8.033220879887812273e-09
8.042913617593757952e-09
8.010762965749528234e-09
7.933700449031123092e-09
7.810237861240941822e-09
7.640454605604423518e-09
7.425944902392978517e-09
7.169723740614362389e-09
6.876099973663168450e-09
6.550517228757547945e-09
6.199368949834821899e-09
5.829794200647956714e-09
5.449457048678247074e-09
5.066320022672853433e-09
4.688414683087381851e-09
4.323616595764509104e-09
3.979431281044198160e-09
3.662794205850017767e-09
3.379892852130763158e-09
3.136012502845180134e-09
2.935410816103931992e-09
2.781221796308713746e-09
2.675393204322932310e-09
2.618656340286122977e-09
2.610528673111056631e-09
2.649348769605624125e-09
2.732340169632824689e-09
2.855703629592321773e-09
3.014732995390331842e-09
3.203951534813775379e-09
3.417264296101195822e-09
3.648122988780148369e-09
3.889695635250814824e-09
4.135042009734748284e-09
4.377284222449588870e-09
4.609770305700922152e-09
4.826230944818444363e-09
5.020916338148337069e-09
5.188721577362720168e-09
5.325288242835971296e-09
5.427083867498355514e-09
5.491463111747242417e-09
5.516698163392487162e-09
5.501992709105981764e-09
5.447468045458700068e-09
5.354127317110181717e-09
5.223804745455627663e-09
5.059089467084573877e-09
4.863241508692465840e-09
4.640090245492459916e-09
4.393923632624761027e-09
4.129375145703441678e-09
3.851303355356458474e-09
3.564671802833886462e-09
3.274435484292576285e-09
2.985427329006302549e-09
2.702258080210123171e-09
2.429222759035165681e-09
2.170219527015432419e-09
1.928684263040259696e-09
1.707535744015030599e-09
1.509139056565202581e-09
1.335281707235248614e-09
1.187164839074109149e-09
1.065409973237102067e-09
9.700769328984330058e-10
9.006958266530181058e-10
8.563084741231447546e-10
8.355191225658801744e-10
8.365535229651922080e-10
8.573222651635080173e-10
8.954893837925029659e-10
9.485421419214033894e-10
1.013861100000244216e-09
1.088789978602737505e-09
1.170701089073985362e-09
1.257058327144436459e-09
1.345473690822241316e-09
1.433757254836794260e-09
1.519961561107310407e-09
1.602415816527994708e-09
1.679754346909427676e-09
1.750934896367740724e-09
1.815248171828181680e-09
1.872321049102929581e-09
1.922108364178363720e-09
1.964880131596101552e-09
2.001199239601324176e-09
2.031892303832141259e-09
2.058017029104267722e-09
2.080820636919699561e-09
2.101697766312150156e-09
2.122142463690489539e-09
2.143697702013631451e-09
2.167906260431671750e-09
2.196257207035520966e-09
2.230137276400179659e-09
2.270781352148053124e-09
2.319225774627557339e-09
2.376268636583268282e-09
2.442430574587863039e-09
2.517926139547638890e-09
2.602639016992539828e-09
2.696104755824902983e-09
2.797505460838914408e-09
2.905668142186291654e-09
3.019077956318467136e-09
3.135897480606678084e-09
3.253995397834189605e-09
3.370989142562841753e-09
3.484290124159042497e-09
3.591164286683981111e-09
3.688795847867138614e-09
3.774357308665389570e-09
3.845090032477972486e-09
3.898380583014455050e-09
3.931847088215777505e-09
3.943420211135620464e-09
3.931421919309921191e-09
3.894645879656850159e-09
3.832422818806612919e-09
3.744686001821893203e-09
3.632020228403636158e-09
3.495698348773708595e-09
3.337708831011555454e-09
3.160759273190221803e-09
2.968270729350255288e-09
2.764348695883553334e-09
2.553736128465632738e-09
2.341752258103882669e-09
2.134207172421952390e-09
1.937305458033663309e-09
1.757530339273285120e-09
1.601514812396936468e-09
1.475904360545607738e-09
1.387207237689625736e-09
1.341643535606700026e-09
1.344990070557539820e-09
1.402427500339044908e-09
1.518395470502664767e-09
1.696454165631346754e-09
1.939162856470637951e-09
2.247973450953292473e-09
2.623143922752249297e-09
3.063678993019025354e-09
3.567290954496217857e-09
4.130394837458585066e-09
4.748128649784019218e-09
5.414401784825249645e-09
6.121981314972310701e-09
6.862594624860420927e-09
7.627072708929493544e-09
8.405509282915666446e-09
9.187439111424278284e-09
9.962049002812125434e-09
1.071838007116329187e-08
1.144556226168078185e-08
1.213303670406869163e-08
1.277077372144575224e-08
1.334950522285079315e-08
1.386091174523023340e-08
1.429782501391042887e-08
1.465438491482485369e-08
1.492616724620047687e-08
1.511030682042400204e-08
1.520554623886603225e-08
1.521228821222459130e-08
1.513258253791498623e-08
1.497007399836385145e-08
1.472994010632562482e-08
1.441875044666467936e-08
1.404433344195142624e-08
1.361558449365776887e-08
1.314224860549254146e-08
1.263470474792331807e-08
1.210371063555966482e-08
1.156013933475543639e-08
1.101473563650297068e-08
1.047784156703458981e-08
9.959165461637804885e-09
9.467545266723299642e-09
9.010736140582310355e-09
8.595244446277647082e-09
8.226167355091435554e-09
7.907096205483812225e-09
7.640042343893165772e-09
7.425406302257154996e-09
7.262005174808243344e-09
7.147120325298685124e-09
7.076609132662461210e-09
7.045041186319265922e-09
7.045870440988300595e-09
7.071652784936915873e-09
7.114268041031116654e-09
7.165183193579336043e-09
7.215714420754143394e-09
7.257294862577615151e-09
7.281755990846398926e-09
7.281578051364197634e-09
7.250147238337694884e-09
7.181975347546603618e-09
7.072890691847430906e-09
6.920209927664503858e-09
6.722848565190777958e-09
6.481411407819458156e-09
6.198223032423976457e-09
5.877312725157062867e-09
5.524366195514166916e-09
5.146612312452394502e-09
4.752685842281231503e-09
4.352437761678099929e-09
3.956711811995924031e-09
3.577100603148902644e-09
3.225664145191936469e-09
2.914644822767923081e-09
2.656164101298344883e-09
2.461918501699311513e-09
2.342886903211968588e-09
2.309042104535850646e-09
2.369090992875687816e-09
2.530236113901284431e-09
2.797969877766566737e-09
3.175912249589049992e-09
3.665681513857990650e-09
4.266819548509723095e-09
4.976758102848791316e-09
5.790830561026819787e-09
6.702342660355016921e-09
7.702671156999023100e-09
8.781425168366902003e-09
9.926634128804575608e-09
1.112496606057968003e-08
1.236199874693485301e-08
1.362247845543483699e-08
1.489063359700146346e-08
1.615047273615997796e-08
1.738607981315284335e-08
1.858194405542505422e-08
1.972322055054622440e-08
2.079603457933688686e-08
2.178772186550767553e-08
2.268703539176512381e-08
2.348437256281371841e-08
2.417188664572413542e-08
2.474364077435918216e-08
2.519566674467481130e-08
2.552597948822288847e-08
2.573461282222790889e-08
2.582352277961531526e-08
2.579654707370829803e-08
2.565926713008503777e-08
2.541883856834237091e-08
2.508385886088063484e-08
2.466411713411988436e-08
2.417042187088247931e-08
2.361435264139174608e-08
2.300800649111795333e-08
2.236380199697531552e-08
2.169419711519430915e-08
2.101150249780415812e-08
2.032764783412822999e-08
1.965396645115267144e-08
1.900105053468946054e-08
1.837854973427309285e-08
1.779506957792675538e-08
1.725804371444349708e-08
1.677363427626311537e-08
1.634670282063051177e-08
1.598073955567320979e-08
1.567788371446386924e-08
1.543892364351763018e-08
1.526332048553565546e-08
1.514929305533988146e-08
1.509385987754730992e-08
1.509295869649408758e-08
1.514153972132071400e-08
1.523367085404146659e-08
1.536269351184337669e-08
1.552132500302376024e-08
1.570182834095219055e-08
1.589614506169189648e-08
1.609602922554621926e-08
1.629322551909023977e-08
1.647958116931525360e-08
1.664722146872521051e-08
1.678867770383574948e-08
1.689700905804783483e-08
1.696596497123069464e-08
1.699007021179947449e-08
1.696477141544615530e-08
1.688652655561136636e-08
1.675288266385335059e-08
1.656258810212761462e-08
1.631561932787959123e-08
1.601326243077966865e-08
1.565812969023824006e-08
1.525415819957743274e-08
1.480663252476601434e-08
1.432211897362514336e-08
1.380844259382436626e-08
1.327459653070910688e-08
1.273062951531782587e-08
1.218754717447009372e-08
1.165713224797121189e-08
1.115179750619252338e-08
1.068437983280378797e-08
1.026791719332441235e-08
9.915436687528045368e-09
9.639699584053869396e-09
9.452938216651999874e-09
9.366615458804726604e-09
9.391140571735901540e-09
9.535631770023204803e-09
9.807660834894176013e-09
1.021301272416543071e-08
1.075549590637229697e-08
1.143673500022621074e-08
1.225604180587833995e-08
1.321029378900669010e-08
1.429385037984924577e-08
1.549855564756007873e-08
1.681372840458977077e-08
1.822626780970105500e-08
1.972076832812955948e-08
2.127967874722157176e-08
2.288357314636543164e-08
2.451137706025787886e-08
2.614073493530662832e-08
2.774835203885676404e-08
2.931035993162937789e-08
3.080279542488662100e-08
3.220196603173881606e-08
3.348496042593601552e-08
3.463006769846605292e-08
3.561717863800089035e-08
3.642827778213002637e-08
3.704774109918621025e-08
3.746276300232878134e-08
3.766362316944301971e-08
3.764389449251359582e-08
3.740071003230347954e-08
3.693478147558652624e-08
3.625052638182870746e-08
3.535599926559060060e-08
3.426274974768840668e-08
3.298572038693229192e-08
3.154290129850743192e-08
2.995508436085764103e-08
2.824544258294382489e-08
2.643906311615164905e-08
2.456252650106225137e-08
2.264331289040676141e-08
2.070931604256188541e-08
1.878825648510058782e-08
1.690710580836597676e-08
1.509158501446820664e-08
1.336559608800157217e-08
1.175077759776104613e-08
1.026605185789744393e-08
8.927241386993731659e-09
7.746787447040800131e-09
6.733494086053630795e-09
5.892401440242415871e-09
5.224714934317489146e-09
4.727828659477557715e-09
4.395454441485659480e-09
4.217810887649617131e-09
4.181919941229980462e-09
4.271963563988281865e-09
4.469709204289089900e-09
4.755008206475076723e-09
5.106318810388709618e-09
5.501287022504750970e-09
5.917333518369714117e-09
6.332245295913302270e-09
6.724780991205021496e-09
7.075223150358350014e-09
7.365927812628449511e-09
7.581803298958375953e-09
7.710725944701570540e-09
7.743911186659693847e-09
7.676163424967463623e-09
7.506078194936206713e-09
7.236123055927619872e-09
6.872622226043816402e-09
6.425669387220431370e-09
5.908905775708866815e-09
5.339242777226016560e-09
4.736472633163269991e-09
4.122803805054919999e-09
3.522344398788095011e-09
2.960503327906754536e-09
2.463370545862943551e-09
2.057052212110905952e-09
1.766994566597705850e-09
1.617315831449897883e-09
1.630143471365311095e-09
1.824993972214971332e-09
2.218193571744641940e-09
2.822359454258631842e-09
3.645963106777554649e-09
4.692965503095999711e-09
5.962562722235158909e-09
7.449024600463813204e-09
9.141633253079242489e-09
1.102476093469457474e-08
1.307801492866617193e-08
1.527654217223124382e-08
1.759140664509805812e-08
1.999005096642544241e-08
2.243691634850542358e-08
2.489403869489501038e-08
2.732182299451853669e-08
2.967979602391058162e-08
3.192737899119770342e-08
3.402479675261392962e-08
3.593381712654319581e-08
3.761865781327896960e-08
3.904674027686592261e-08
4.018938235685039422e-08
4.102257978652063319e-08
4.152747965755921658e-08
4.169099301308201390e-08
4.150614509865559277e-08
4.097230661079462064e-08
4.009546461923187834e-08
3.888812013949748790e-08
3.736929402489367270e-08
3.556423579468760697e-08
3.350400894083777247e-08
3.122507623533450663e-08
2.876862940057223565e-08
2.617982174027902846e-08
2.350701422042213431e-08
2.080076586517711427e-08
1.811291386999808852e-08
1.549549386487250910e-08
1.299964565558208871e-08
1.067456621612265870e-08
8.566379194020457450e-09
6.717116392915096054e-09
5.163696871152151523e-09
3.936993666757069924e-09
3.061014334001810483e-09
2.552165394799598278e-09
2.418677348646747561e-09
2.660165355981519295e-09
3.267359468868226352e-09
4.222025776006477021e-09
5.497060981880757520e-09
7.056807215173079536e-09
8.857559854931897436e-09
1.084827183011056995e-08
1.297150165070270424e-08
1.516450435930233797e-08
1.736058194056631348e-08
1.949057209374628946e-08
2.148448739317602021e-08
2.327338758590749644e-08
2.479125400076393274e-08
2.597710091316565380e-08
2.677707326049854971e-08
2.714658092591246690e-08
2.705256468195748287e-08
2.647557392394143900e-08
2.541196514876316066e-08
2.387589598243281274e-08
2.190120255419736217e-08
1.954322194015609954e-08
1.688027103406065393e-08
1.401504273742003507e-08
1.107564711489316960e-08
8.216386563777112206e-09
5.618263680094235154e-09
3.489083076196340008e-09
2.063254789305416772e-09
1.601189827503373900e-09
2.388327124572031719e-09
4.733777512509172603e-09
8.968563843610633488e-09
1.544349588150425371e-08
2.452666944571232571e-08
3.660056453617056319e-08
5.205891857888696960e-08
7.130310127953971484e-08
9.473844880358630623e-08
1.227702188280779945e-07
1.557991713404049814e-07
1.942175603298250918e-07
2.384041309167050768e-07
2.887200836409737505e-07
3.455043869880755717e-07
4.090687536105618086e-07
4.796943306426152169e-07
5.576260925074899000e-07
6.430701794150331885e-07
7.361897335706417166e-07
8.371003779707285460e-07
9.458695124161501081e-07
1.062510792931423863e-06
1.186984724692631641e-06
1.319196020166027956e-06
1.458990456612385157e-06
1.606158494686365164e-06
1.760430058039703710e-06
1.921479872932800946e-06
2.088926758379378749e-06
2.262332127267119141e-06
2.441208963765281593e-06
2.625016388573549735e-06
2.813170426615854462e-06
3.005044818087294979e-06
3.199970644794699533e-06
3.397250738711463088e-06
3.596152813067367718e-06
3.795925363659184483e-06
3.995798833474234512e-06
4.194985185650279485e-06
4.392696878632112099e-06
4.588136957945714272e-06
4.780518969400987833e-06
4.969066908448813344e-06
5.153013285490248544e-06
5.331621182495510766e-06
5.504169829912877366e-06
5.669976974878361773e-06
5.828396160136299048e-06
5.978812053082298392e-06
6.120663948967242795e-06
6.253426007981992534e-06
6.376630558712859710e-06
6.489861844554649435e-06
6.592748037849385240e-06
6.684984843486558299e-06
6.766310552663600413e-06
6.836529168890304082e-06
6.895500618052315934e-06
6.943129707464389987e-06
6.979389021542942533e-06
7.004289950940781891e-06
7.017905080106425429e-06
7.020355680132958661e-06
7.011798605829054100e-06
6.992448209911599758e-06
6.962545222644936576e-06
6.922378294071090023e-06
6.872270112893215133e-06
6.812563630383635830e-06
6.743643046479854950e-06
6.665902657881388389e-06
6.579767646840325121e-06
6.485680265470305191e-06
6.384086746360566244e-06
6.275457452859124046e-06
6.160257571727706814e-06
6.038967163319960458e-06
5.912068557534706362e-06
5.780034931862245139e-06
5.643349527386738744e-06
5.502479483557072023e-06
5.357894915826267363e-06
5.210058155325863983e-06
5.059414431278934453e-06
4.906407216639892805e-06
4.751468655177581795e-06
4.595011501495129882e-06
4.437445991352153666e-06
4.279159728128949824e-06
4.120534130497368123e-06
3.961936694731343961e-06
3.803714777404073496e-06
3.646210266044987716e-06
3.489743094845986504e-06
3.334625295823306047e-06
3.181154749850429333e-06
3.029610379238810173e-06
2.880264175004140656e-06
2.733367949284346468e-06
2.589164629191366383e-06
2.447883160496901504e-06
2.309734736489149561e-06
2.174922037066561887e-06
2.043628838953463494e-06
1.916028532805653383e-06
1.792279998542052221e-06
1.672524678445187414e-06
1.556893241480865704e-06
1.445497779348649624e-06
1.338437878411861874e-06
1.235797465307412507e-06
1.137642715813475795e-06
1.044026653686160103e-06
9.549837469952208074e-07
8.705341140618672285e-07
7.906814391291544346e-07
7.154118003085118357e-07
6.446968568244143878e-07
5.784906551653194778e-07
5.167326254481813734e-07
4.593466401154680424e-07
4.062408076126293169e-07
3.573098654263735700e-07
3.124339006956337074e-07
2.714806957679341779e-07
2.343058613352339146e-07
2.007535008277075580e-07
1.706582403401025109e-07
1.438454085442298650e-07
1.201330686805946157e-07
9.933296222466790695e-08
8.125176736625783429e-08
6.569293581923425946e-08
5.245773484826687594e-08
4.134704174156785865e-08
3.216266579253754466e-08
2.470878097698609441e-08
1.879349540643516807e-08
1.423010397160605678e-08
1.083851004960157403e-08
8.446423696240306349e-09
6.890507995547988836e-09
6.017460321106268249e-09
5.684900068272256466e-09
5.762190146379974722e-09
6.131077175841693307e-09
6.686183284385629195e-09
7.335376524828118160e-09
7.999925352247304831e-09
8.614548492740138235e-09
9.127263133213079134e-09
9.499065397377842978e-09
9.703508987612126000e-09
9.726052900589714457e-09
9.563351033780986232e-09
9.222354853218177192e-09
8.719299135812416931e-09
8.078640113550184748e-09
7.331826040585430504e-09
6.516077283419634532e-09
5.673063378689663619e-09
4.847558115597878844e-09
4.086118251079431625e-09
3.435723403582302149e-09
2.942493111456069322e-09
2.650426602337289882e-09
2.600220669176338864e-09
2.828193617019380733e-09
3.365292684261081974e-09
4.236250627005972459e-09
5.458866585218217873e-09
7.043429620512844440e-09
8.992336035612196586e-09
1.129981945203981891e-08
1.395191553897952747e-08
1.692656023423823183e-08
2.019383182155851848e-08
2.371646698244275274e-08
2.745037281394046892e-08
3.134547083433447882e-08
3.534655812293705521e-08
3.939424704879573297e-08
4.342623344857714051e-08
4.737831127078239665e-08
5.118581123903103858e-08
5.478483873921645790e-08
5.811348384267237276e-08
6.111337288055419558e-08
6.373066648698360296e-08
6.591754232524727256e-08
6.763323481880411448e-08
6.884494445802110262e-08
6.952905673293936097e-08
6.967157618588776011e-08
6.926905315771502356e-08
6.832890042037035221e-08
6.686952673801958561e-08
6.492071697851548102e-08
6.252316603783561517e-08
5.972845839857644641e-08
5.659842093311201856e-08
5.320431525021528854e-08
4.962621249200820482e-08
4.595166050947386444e-08
4.227471938968029279e-08
3.869451476461005779e-08
3.531371936260469412e-08
3.223716994693474310e-08
2.957017252624155036e-08
2.741680425760674752e-08
2.587839060096625345e-08
2.505170828249136535e-08
2.502750452067556475e-08
2.588890536894442442e-08
2.770992118744452592e-08
3.055423761394613258e-08
3.447388192837401746e-08
3.950832288155670874e-08
4.568357204286977001e-08
5.301142138853426028e-08
6.148918990363360744e-08
7.109920472015632456e-08
8.180901545336861761e-08
9.357148643722527901e-08
1.063249776867446709e-07
1.199943707020915822e-07
1.344913205452903034e-07
1.497157414798349553e-07
1.655567700439357223e-07
1.818936971990213628e-07
1.985981699390482475e-07
2.155347886024846118e-07
2.325636065444448965e-07
2.495414842530970773e-07
2.663232690779244023e-07
2.827647111665513092e-07
2.987227807555960485e-07
3.140586398871505261e-07
3.286387557727384634e-07
3.423357327106985570e-07
3.550313230646411125e-07
3.666159025352995115e-07
3.769913103199022454e-07
3.860711939863056003e-07
3.937810476138372157e-07
4.000607728736315204e-07
4.048630369573993702e-07
4.081555279416753235e-07
4.099202983148499580e-07
4.101528703759818168e-07
4.088640420358497375e-07
4.060772318228299946e-07
4.018299643849634720e-07
3.961723298322214755e-07
3.891653441073562726e-07
3.808819800163650893e-07
3.714039237357393232e-07
3.608223709511302711e-07
3.492359878436868731e-07
3.367489370144621378e-07
3.234713370467682923e-07
3.095160084389604315e-07
2.949988336243523626e-07
2.800367126119474717e-07
2.647457238714433596e-07
2.492413175270946668e-07
2.336355895509991473e-07
2.180375066744081534e-07
2.025512905724866378e-07
1.872750899638365867e-07
1.723011936060684990e-07
1.577141857517175354e-07
1.435912788567094064e-07
1.300013864841836181e-07
1.170044971093662038e-07
1.046520910483553265e-07
9.298627898031336867e-08
8.204036569788317652e-08
7.183865603758066327e-08
6.239651332611399088e-08
5.372102713698204954e-08
4.581099937729556859e-08
3.865772686031838091e-08
3.224539073370276502e-08
2.655161047022593995e-08
2.154827912209327956e-08
1.720209438580741150e-08
1.347543399464628948e-08
1.032705164781253859e-08
7.712837552278928556e-09
5.586648355088145348e-09
3.901013865012196474e-09
2.607916743955866563e-09
1.659481570308520693e-09
1.008643300468970835e-09
6.097758940715565075e-10
4.192458448630675121e-10
3.959167739698812942e-10
5.015781877660344993e-10
7.013032926492659646e-10
9.637346537579447752e-10
1.261286405970556352e-09
1.570277152307912906e-09
1.870981779705141704e-09
2.147605241665196550e-09
2.388200668735424447e-09
2.584499786447366403e-09
2.731707213907289831e-09
2.828225085159203925e-09
2.875329339290377668e-09
2.876830409988878813e-09
2.838672136523816179e-09
2.768543401860280688e-09
2.675456280901467796e-09
2.569322765998815407e-09
2.460559046203083966e-09
2.359674060278593471e-09
2.276911316695655647e-09
2.221900879222304786e-09
2.203349113832357776e-09
2.228787564435236567e-09
2.304341706573122134e-09
2.434575111038932662e-09
2.622367798023433764e-09
2.868844932827804223e-09
3.173377617064975212e-09
3.533601401482769959e-09
3.945515380926805351e-09
4.403602378928429937e-09
4.900981847347535698e-09
5.429631075104004651e-09
5.980579065659347643e-09
6.544177995593005264e-09
7.110349602392871627e-09
7.668829467767436004e-09
8.209468225606401181e-09
8.722438142610484724e-09
9.198516578187493692e-09
9.629288556926553921e-09
1.000731683764154359e-08
1.032635282123148392e-08
1.058144718860405598e-08
1.076901964372332952e-08
1.088697818600425770e-08
1.093467154099158325e-08
1.091293492661453681e-08
1.082401217998325365e-08
1.067144385111951958e-08
1.046001368154449386e-08
1.019553610801967830e-08
9.884752828791921539e-09
9.535123907177168711e-09
9.154610669721128025e-09
8.751530119561357689e-09
8.334290841450563559e-09
7.911246908580943163e-09
7.490484133688085223e-09
7.079625643150965356e-09
6.685716458261923853e-09
6.315036367374077408e-09
5.973025942425221704e-09
5.664178766487336043e-09
5.391965856125632532e-09
5.158834462452759338e-09
4.966163436695251080e-09
4.814313722933534543e-09
4.702658156029973993e-09
4.629636279102476903e-09
4.592868294024211051e-09
4.589226016554530052e-09
4.614976097182498052e-09
4.665893633053137437e-09
4.737381207138902456e-09
4.824629542710910475e-09
4.922716591007417110e-09
5.026762027831927216e-09
5.132033373730595759e-09
5.234039585117762771e-09
5.328655718088877820e-09
5.412166402185836376e-09
5.481360350266165514e-09
5.533563153261547346e-09
5.566651742863592885e-09
5.579100162913395657e-09
5.569937624585034059e-09
5.538763909651645970e-09
5.485703278958440146e-09
5.411347188830167704e-09
5.316735516640863667e-09
5.203259226713170294e-09
5.072629034232503395e-09
4.926793936201250665e-09
4.767861017752805987e-09
4.598059855028232519e-09
4.419645784804443621e-09
4.234871248222080183e-09
4.045921017092031272e-09
3.854857303994042034e-09
3.663608170223507762e-09
3.473910889857215893e-09
3.287315252895747890e-09
3.105160410022793814e-09
2.928562202864693909e-09
2.758434755499644534e-09
2.595477057591307906e-09
2.440204403291197871e-09
2.292957552320493034e-09
2.153917473281606686e-09
2.023142438551345170e-09
1.900575617996041638e-09
1.786082326536773381e-09
1.679467103277769867e-09
1.580491417431507528e-09
1.488904586598614578e-09
1.404449998385082101e-09
1.326890790206450176e-09
1.256018660213002314e-09
1.191661588524701094e-09
1.133700600777079843e-09
1.082067439705956253e-09
1.036756969210438932e-09
9.978270939708140659e-10
9.653981798198261605e-10
9.396604980616792448e-10
9.208671040445629376e-10
9.093394136081885531e-10
9.054631817017208249e-10
9.096839607965147181e-10
9.225100360275147642e-10
9.445016846714136221e-10
9.762718471738509460e-10
1.018476915639657311e-09
1.071805249559270290e-09
1.136973173810340398e-09
1.214704267343087962e-09
1.305721216183536483e-09
1.410725473323080063e-09
1.530373184798935329e-09
1.665262466282206067e-09
1.815898738415240933e-09
1.982680338736357834e-09
2.165869733431557866e-09
2.365562490207719915e-09
2.581678493426858127e-09
2.813924283720839318e-09
3.061792231504036285e-09
3.324542606214539473e-09
3.601187375941705465e-09
3.890513041538684501e-09
4.191062811975036926e-09
4.501178096213628490e-09
4.819015110707942221e-09
5.142565148298147504e-09
5.469730548800026933e-09
5.798338566088475568e-09
6.126235958473268118e-09
6.451340936377167113e-09
6.771693856236140485e-09
7.085573654725080954e-09
7.391520179907054373e-09
7.688452019707574035e-09
7.975714756518293056e-09
8.253116581546141804e-09
8.521024131390146090e-09
8.780378543015977379e-09
9.032691823689289640e-09
9.280113057189673414e-09
9.525346578575087984e-09
9.771682676685118213e-09
1.002292016076896845e-08
1.028326423263922184e-08
1.055730428884079510e-08
1.084982450248883411e-08
1.116574993126416993e-08
1.150997841901565961e-08
1.188719669646384987e-08
1.230180512942887827e-08
1.275766763294151076e-08
1.325804064985881935e-08
1.380539253982968245e-08
1.440122646339033319e-08
1.504605947317317481e-08
1.573921412185248714e-08
1.647885094687820332e-08
1.726188795764445498e-08
1.808393934412664512e-08
1.893946411099365957e-08
1.982168688692011213e-08
2.072282609997008799e-08
2.163417667864768454e-08
2.254620908325773967e-08
2.344891957760828823e-08
2.433187414984360779e-08
2.518461388604329043e-08
2.599684768348791380e-08
2.675863649865426303e-08
2.746084599704748542e-08
2.809519190018758578e-08
2.865467895650740033e-08
2.913374524213762549e-08
2.952836562352010534e-08
2.983642080663070469e-08
3.005757425043932654e-08
3.019355721512345237e-08
3.024809958464834104e-08
3.022680412584663007e-08
3.013728159896005289e-08
2.998876334918444746e-08
2.979213337509087781e-08
2.955959952844876724e-08
2.930432554701791059e-08
2.904033645878248049e-08
2.878193485180160184e-08
2.854355862821183085e-08
2.833932337932564005e-08
2.818256993036283089e-08
2.808572081721510871e-08
2.805971201328380130e-08
2.811390192573301941e-08
2.825572520927995412e-08
2.849039471736324643e-08
2.882095839163505377e-08
2.924796786712847072e-08
2.976966494775141485e-08
3.038193497257494869e-08
3.107831767492094836e-08
3.185040776357208247e-08
3.268782853562072771e-08
3.357875640541399725e-08
3.451016391307736843e-08
3.546808398272408542e-08
3.643827418864941093e-08
3.740633914049551178e-08
3.835842549768029447e-08
3.928152998044146962e-08
4.016376706037804707e-08
4.099502998301988830e-08
4.176696852621859225e-08
4.247356014663240043e-08
4.311118499095395029e-08
4.367861496880413713e-08
4.417739784182124282e-08
4.461145854163705313e-08
4.498733219060970121e-08
4.531384555878762690e-08
4.560171652627330528e-08
4.586358413292991564e-08
4.611323613034446056e-08
4.636553705927384468e-08
4.663582195853132924e-08
4.693926156292728529e-08
4.729073359859644410e-08
4.770392848626942412e-08
4.819125135400923632e-08
4.876324275898916205e-08
4.942803729016517120e-08
5.019142366706655861e-08
5.105616128330866406e-08
5.202219650507675715e-08
5.308641751194149905e-08
5.424247763639554028e-08
5.548130185538017799e-08
5.679078750133827123e-08
5.815649333031154536e-08
5.956180199822818309e-08
6.098812092645568154e-08
6.241581025077128414e-08
6.382414478125343650e-08
6.519232734000600053e-08
6.649983203849916214e-08
6.772671443745175683e-08
6.885465724763307652e-08
6.986685049882742833e-08
7.074896708672878195e-08
7.148931208713634985e-08
7.207887804832484488e-08
7.251213403597964757e-08
7.278650584302495237e-08
7.290299167901512937e-08
7.286586442386099944e-08
7.268227697229537960e-08
7.236261612190974058e-08
7.191952833957780469e-08
7.136812459635977423e-08
7.072529415121091960e-08
7.000898323610664188e-08
6.923825888047991974e-08
6.843214155411572802e-08
6.760965341239292576e-08
6.678907760046995932e-08
6.598726765662361632e-08
6.521977792577824804e-08
6.449989768571164342e-08
6.383890767378626799e-08
6.324565041438447604e-08
6.272619882529986084e-08
6.228427534136216115e-08
6.192109087242564303e-08
6.163527662133780666e-08
6.142361686110923656e-08
6.128076547372742123e-08
6.120010439121136377e-08
6.117392607814569663e-08
6.119364773901022854e-08
6.125075985740592080e-08
6.133669414747481896e-08
6.144375526667223195e-08
6.156530004795094416e-08
6.169586637089725401e-08
6.183197089931505446e-08
6.197174338915340719e-08
6.211557751640765136e-08
6.226596739477043450e-08
6.242725269220699239e-08
6.260601849140784255e-08
6.281030030137229203e-08
6.304982703942093311e-08
6.333545427131891706e-08
6.367853572075415666e-08
6.409101141572870862e-08
6.458433141310743210e-08
6.516951285912772792e-08
6.585644406968673744e-08
6.665320027605623544e-08
6.756619402282049692e-08
6.859919021860371098e-08
6.975359299865075237e-08
7.102801498309402371e-08
7.241791148586368543e-08
7.391617192061236658e-08
7.551251508107935378e-08
7.719429225549908109e-08
7.894651118275692562e-08
8.075190786392545853e-08
8.259205640168582133e-08
8.444709311288213033e-08
8.629695322348513996e-08
8.812165700134204403e-08
8.990156184882671385e-08
9.161868465263021690e-08
9.325637177782430104e-08
9.480056163487492283e-08
9.623988421840703146e-08
9.756564084274787971e-08
9.877287452518912051e-08
9.985955749955262606e-08
1.008274595244831625e-07
1.016817041710848216e-07
1.024301862181777385e-07
1.030841381914720056e-07
1.036567119732477752e-07
1.041633666877132582e-07
1.046209203263595002e-07
1.050465331020078479e-07
1.054579565663884619e-07
1.058718234437129848e-07
1.063039025163333368e-07
1.067680853202866601e-07
1.072754175184054222e-07
1.078345387880917137e-07
1.084502203468072366e-07
1.091240182617757217e-07
1.098537143565505984e-07
1.106328718251494448e-07
1.114519025922256501e-07
1.122972035145872970e-07
1.131524979162274485e-07
1.139989136372429265e-07
1.148151458138707828e-07
1.155791432547441346e-07
1.162677095482196113e-07
1.168583107017578760e-07
1.173294576186633568e-07
1.176610630088973010e-07
1.178362455395103954e-07
1.178408494341437702e-07
1.176651037302439964e-07
1.173036844689679915e-07
1.167556474998401442e-07
1.160257041527696789e-07
1.151231142285211722e-07
1.140626391211741192e-07
1.128638484575445418e-07
1.115502888987969459e-07
1.101499390337157700e-07
1.086933818438955487e-07
1.072139974566211405e-07
1.057466410011549909e-07
1.043262881355389860e-07
1.029879932077552351e-07
1.017648225476831404e-07
1.006878215039363696e-07
9.978470518010225159e-08
9.907866287570759476e-08
9.858855460141084310e-08
9.832733022812088536e-08
9.830251885176207984e-08
9.851562282473788745e-08
9.896169751294551972e-08
9.963038421641325469e-08
1.005052234419223281e-07
1.015650539955826642e-07
1.027843028071368875e-07
1.041333916565451361e-07
1.055805873688355023e-07
1.070919428349966141e-07
1.086333036820264472e-07
1.101709938352092958e-07
1.116724475626373364e-07
1.131082186412350226e-07
1.144517588057322101e-07
1.156812399358279889e-07
1.167797865409552976e-07
1.177355063223383328e-07
1.185428510825046555e-07
1.192015010373723516e-07
1.197173303019090571e-07
1.201016401194548762e-07
1.203701804583066344e-07
1.205433980388267038e-07
1.206451227131896964e-07
1.207011152461692252e-07
1.207390882638419569e-07
1.207863065659297166e-07
1.208695222183318572e-07
1.210133539467038268e-07
1.212387212888368701e-07
1.215629559167084054e-07
1.219976759579148711e-07
1.225492023489119152e-07
1.232175894773453413e-07
1.239958607975070259e-07
1.248710895233603356e-07
1.258232981567536875e-07
1.268270284078431848e-07
1.278515223943018693e-07
1.288610938574450185e-07
1.298173659063417220e-07
1.306791507889566791e-07
1.314049785178724275e-07
1.319540165895324928e-07
1.322870023677039169e-07
1.323688926097280025e-07
1.321688521795285435e-07
1.316627298900010249e-07
1.308336384219684176e-07
1.296723427640066135e-07
1.281791320411723673e-07
1.263628582862015727e-07
1.242422473263577755e-07
1.218452045786256125e-07
1.192078685536513090e-07
1.163749704665224459e-07
1.133975302241596427e-07
1.103326626404558166e-07
1.072415957247731530e-07
1.041875890737442345e-07
1.012351325061035578e-07
9.844697346423638087e-08
9.588320024001293645e-08
9.359899739164386023e-08
9.164257032892797092e-08
9.005445487559340208e-08
8.886520074646192580e-08
8.809513337149220144e-08
8.775321022227823957e-08
8.783623061244136938e-08
8.832954502042766996e-08
8.920639131822339657e-08
9.042932403384757489e-08
9.195083941432517247e-08
9.371429820578072230e-08
9.565634477266898355e-08
9.770775010820109732e-08
9.979628675714993447e-08
1.018485109575577737e-07
1.037915651174992367e-07
1.055563227426784873e-07
1.070784563780505119e-07
1.083014054319999965e-07
1.091777883132651682e-07
1.096705286630048468e-07
1.097551111087931481e-07
1.094193465113355589e-07
1.086649083748690002e-07
1.075070323419410413e-07
1.059738244389251974e-07
1.041065751643852993e-07
1.019575921940743142e-07
9.958976141788412836e-08
9.707440519697548659e-08
9.448893440907767743e-08
9.191556105914935262e-08
8.943798774556333916e-08
8.713989085229955603e-08
8.510217564990171495e-08
8.340037000286872640e-08
8.210327019587111887e-08
8.127014828952997639e-08
8.094987169590455009e-08
8.117926585053471079e-08
8.198185743097624969e-08
8.336805983096987871e-08
8.533418141580083377e-08
8.786343827630599677e-08
9.092631131518706717e-08
9.448122631714292293e-08
9.847674800237817871e-08
1.028522848416229061e-07
1.075408437112722894e-07
1.124707447372436331e-07
1.175673301305876013e-07
1.227561524005336239e-07
1.279639242405192496e-07
1.331215939642966105e-07
1.381657362362007388e-07
1.430395795697587209e-07
1.476955164715895563e-07
1.520946093861577124e-07
1.562084537756976261e-07
1.600188446064745463e-07
1.635169710087609363e-07
1.667042933645744014e-07
1.695900211393181216e-07
1.721913950450988267e-07
1.745316529609314020e-07
1.766377548381035830e-07
1.785402063157005503e-07
1.802695272532406864e-07
1.818560901376732871e-07
1.833278420753399227e-07
1.847081765692606337e-07
1.860163576987718083e-07
1.872647939097105199e-07
1.884601291904343407e-07
1.896024046003736599e-07
1.906845998664276106e-07
1.916949422674089615e-07
1.926160607330579822e-07
1.934280524256320774e-07
1.941094930211795787e-07
1.946386888034046954e-07
1.949975086281420036e-07
1.951717186494311506e-07
1.951549212604071845e-07
1.949500046727816171e-07
1.945704133987520266e-07
1.940435239637302155e-07
1.934100770518866948e-07
1.927267255622685545e-07
1.920656860856934431e-07
1.915138423468099767e-07
1.911733363843135011e-07
1.911594339011887734e-07
1.915977911415622101e-07
1.926234301874171719e-07
1.943757183993590169e-07
1.969963309603555846e-07
2.006245378254589647e-07
2.053921769042767510e-07
2.114208608287934090e-07
2.188155575372952858e-07
2.276619381354828181e-07
2.380215711326447154e-07
2.499273584491193814e-07
2.633823200789204073e-07
2.783547987868985729e-07
2.947788051818783053e-07
3.125523424328784657e-07
3.315363573731943352e-07
3.515583287658857376e-07
3.724113536786575364e-07
3.938599174488875169e-07
4.156428285517689844e-07
4.374766192992764220e-07
4.590645192950489623e-07
4.800988944806629039e-07
5.002715957885541974e-07
5.192797046260505350e-07
5.368310479825827394e-07
5.526555623841298337e-07
5.665076229862255653e-07
5.781769007677139077e-07
5.874925953674108295e-07
5.943266491785863845e-07
5.986025241267771390e-07
6.002931347537079924e-07
5.994273550337639530e-07
5.960886702933277005e-07
5.904125220739546525e-07
5.825887757080481624e-07
5.728531947063636348e-07
5.614872385833437758e-07
5.488102774405848769e-07
5.351710177559487188e-07
5.209438749446014835e-07
5.065159528161745762e-07
4.922821020509529625e-07
4.786340209146840024e-07
4.659496484110368795e-07
4.545877297591959121e-07
4.448753899726758853e-07
4.371036881186660874e-07
4.315192035918836043e-07
4.283168868882358524e-07
4.276385008910343978e-07
4.295658151105701595e-07
4.341217802085643110e-07
4.412688544358937479e-07
4.509088044761229453e-07
4.628883519475149155e-07
4.769995977313030113e-07
4.929884157830767620e-07
5.105595605393835721e-07
5.293825271928474862e-07
5.491031504680673941e-07
5.693482915105778492e-07
5.897384581692018228e-07
6.098954438430589484e-07
6.294495223409002960e-07
6.480520338819681319e-07
6.653787129637219856e-07
6.811410012216981699e-07
6.950905049615958352e-07
7.070221195510771453e-07
7.167822946063229127e-07
7.242664491821908008e-07
7.294246302121323505e-07
7.322593935745332785e-07
7.328223435759566185e-07
7.312159184248990645e-07
7.275843492306677254e-07
7.221132810787756945e-07
7.150221011946236645e-07
7.065557669017884282e-07
6.969822779542575107e-07
6.865807785428878351e-07
6.756386356485874267e-07
6.644426583876343510e-07
6.532709064168449015e-07
6.423904673873338966e-07
6.320477503293178759e-07
6.224676278518738027e-07
6.138481269771956920e-07
6.063563082723702592e-07
6.001299741349817670e-07
5.952731262872063928e-07
5.918595578271792774e-07
5.899325884784388380e-07
5.895057439090552463e-07
5.905685795245877873e-07
5.930863760174836155e-07
5.970068962319450306e-07
6.022629704606262260e-07
6.087751991847101760e-07
6.164589206846565218e-07
6.252244183773016363e-07
6.349832867934492137e-07
6.456499530796273995e-07
6.571425636923516549e-07
6.693876288866816187e-07
6.823172862038200952e-07
6.958725078723277717e-07
7.100011243687890720e-07
7.246550923107666101e-07
7.397917623429829847e-07
7.553676951503651002e-07
7.713390404016580294e-07
7.876570048943876854e-07
8.042631299009325635e-07
8.210894382198776584e-07
8.380515484198131072e-07
8.550494284639733213e-07
8.719638136093120871e-07
8.886532154388780207e-07
9.049562027647990302e-07
9.206900767543454459e-07
9.356504406532446188e-07
9.496168077021043002e-07
9.623516063494399357e-07
9.736077314559422405e-07
9.831319197127538886e-07
9.906689554161041253e-07
9.959715649433482693e-07
9.988033568602775462e-07
9.989495758721436907e-07
9.962230463352766521e-07
9.904702188278184791e-07
9.815816270978373923e-07
9.694949318002317578e-07
9.542041546661316329e-07
9.357634577876983982e-07
9.142901255208015362e-07
8.899702977871691980e-07
8.630574199813219294e-07
8.338750111798535308e-07
8.028140375992049307e-07
7.703290474102152775e-07
7.369357809821266272e-07
7.032026776632560931e-07
6.697453197764228897e-07
6.372166030293027840e-07
6.062960310295527925e-07
5.776801214370331979e-07
5.520687740861924771e-07
5.301541241487717521e-07
5.126070142861820489e-07
5.000635985227380929e-07
4.931136147785924009e-07
4.922868222309365276e-07
4.980423339028809768e-07
5.107574471989640745e-07
5.307177154753995179e-07
5.581096832544496247e-07
5.930132388339863444e-07
6.353976404094848442e-07
6.851180968343061830e-07
7.419142150839359303e-07
8.054118565655678889e-07
8.751248196754725927e-07
9.504606920114052699e-07
1.030727128102460153e-06
1.115139831607653695e-06
1.202833900851463661e-06
1.292874141349543017e-06
1.384269259381259911e-06
1.475985424803546905e-06
1.566960685088326684e-06
1.656121745570823881e-06
1.742398502540570184e-06
1.824741232052677762e-06
1.902135862553054740e-06
1.973618948717806804e-06
2.038293320827122110e-06
2.095340755387359397e-06
2.144035389332002269e-06
2.183754454834095697e-06
2.213987745909171933e-06
2.234345928186187257e-06
2.244566158716386507e-06
