4.001180649E+1
3.981378937E+1
3.953809357E+1
3.923123550E+1
3.903981400E+1
3.872204590E+1
3.841335297E+1
3.812002945E+1
3.791656494E+1
3.765280533E+1
3.732356644E+1
3.714569473E+1
3.684305954E+1
3.665319443E+1
3.631624222E+1
3.604653168E+1
3.581750870E+1
3.550603867E+1
3.521814728E+1
3.502200317E+1
3.469263840E+1
3.440848160E+1
3.420073318E+1
3.392569351E+1
3.358602524E+1
3.340401840E+1
3.313135910E+1
3.284276199E+1
3.256161118E+1
3.231533813E+1
3.203212357E+1
3.180986595E+1
3.152227974E+1
3.124677086E+1
3.100032043E+1
3.065672493E+1
3.047042084E+1
3.019443321E+1
2.988643646E+1
2.968144608E+1
2.939396095E+1
2.913155937E+1
2.880956841E+1
2.854305267E+1
2.833332062E+1
2.804893303E+1
2.772275162E+1
2.755731964E+1
2.729384422E+1
2.697078514E+1
2.669158173E+1
2.638929749E+1
2.623759651E+1
2.592531776E+1
2.561251831E+1
2.533287430E+1
2.514057541E+1
2.485281754E+1
2.454249382E+1
2.431871414E+1
2.404573822E+1
2.375476646E+1
2.345190811E+1
2.325279617E+1
2.297924995E+1
2.269527435E+1
2.248658752E+1
2.221120262E+1
2.191613960E+1
2.157789612E+1
2.141681671E+1
2.111694336E+1
2.082356071E+1
2.053302574E+1
2.036453056E+1
2.003446007E+1
1.973348618E+1
1.952049828E+1
1.925419998E+1
1.895662498E+1
1.861737251E+1
1.843526649E+1
1.815186310E+1
1.786317635E+1
1.758814240E+1
1.737504578E+1
1.706957245E+1
1.686883163E+1
1.656830978E+1
1.629957008E+1
1.601901627E+1
1.581901646E+1
1.552013111E+1
1.530101776E+1
1.499350834E+1
1.469714737E+1
1.441358852E+1
1.419699097E+1
1.394865227E+1
1.361097145E+1
1.342408371E+1
1.314826012E+1
1.280248070E+1
1.261207676E+1
1.229505825E+1
1.199703884E+1
1.170678234E+1
1.150322056E+1
1.122144604E+1
1.093073940E+1
1.072432232E+1
1.044113922E+1
1.025487709E+1
9.935874939E+0
9.661192894E+0
9.378217697E+0
9.014053345E+0
8.895191193E+0
8.547332764E+0
8.264191628E+0
8.054858208E+0
7.743299007E+0
7.544806957E+0
7.245225906E+0
7.032508373E+0
6.747499943E+0
6.382431984E+0
6.241808891E+0
5.930267811E+0
5.637819767E+0
5.320642471E+0
5.156932354E+0
4.861231804E+0
4.555527687E+0
4.256504536E+0
4.062187672E+0
3.791844130E+0
3.468278646E+0
3.208864927E+0
2.969384909E+0
2.700203896E+0
2.509109020E+0
2.217824459E+0
1.890713215E+0
1.691142082E+0
1.381279826E+0
1.071017623E+0
8.824881911E-1
5.675711632E-1
3.484156728E-1
4.763018712E-2
-2.529789805E-1
-4.372929335E-1
-7.324506044E-1
-1.039945960E+0
-1.228109002E+0
-1.579431891E+0
-1.840013742E+0
-2.145351410E+0
-2.369664431E+0
-2.545385599E+0
-2.858644247E+0
-3.170140028E+0
-3.371032000E+0
-3.652722597E+0
-3.987786531E+0
-4.202973366E+0
-4.488808155E+0
-4.795457363E+0
-5.013929367E+0
-5.321310520E+0
-5.529419899E+0
-5.841358662E+0
-6.036368847E+0
-6.347726345E+0
-6.536649704E+0
-6.853872299E+0
-7.172245026E+0
-7.452978611E+0
-7.616398335E+0
-7.970987320E+0
-8.130196571E+0
-8.442324638E+0
-8.787316322E+0
-8.982524872E+0
-9.318868637E+0
-9.571831703E+0
-9.832468033E+0
-1.009427834E+1
-1.040968323E+1
-1.063511753E+1
-1.095469189E+1
-1.122140312E+1
-1.143026829E+1
-1.167583370E+1
-1.194347382E+1
-1.225510216E+1
-1.247558403E+1
-1.276346397E+1
-1.296816921E+1
-1.329747009E+1
-1.355709553E+1
-1.377588749E+1
-1.409193325E+1
-1.440028095E+1
-1.462132835E+1
-1.491544819E+1
-1.515478325E+1
-1.541629791E+1
-1.573093605E+1
-1.593078327E+1
-1.622590446E+1
-1.652512741E+1
-1.674525261E+1
-1.701828003E+1
-1.734079170E+1
-1.750973320E+1
-1.782176781E+1
-1.811016083E+1
-1.837476540E+1
-1.859395027E+1
-1.887253380E+1
-1.920147896E+1
-1.939682007E+1
-1.965646744E+1
-1.996869278E+1
-2.017689705E+1
-2.046242142E+1
-2.077222824E+1
-2.106921959E+1
-2.123944092E+1
-2.155263329E+1
-2.187831879E+1
-2.205567169E+1
-2.236782455E+1
-2.256780815E+1
-2.287793159E+1
-2.317802811E+1
-2.338735008E+1
-2.366906929E+1
-2.398199654E+1
-2.420837021E+1
-2.451048088E+1
-2.472931671E+1
-2.502042961E+1
-2.526206589E+1
-2.561056328E+1
-2.591526413E+1
-2.610999870E+1
-2.630233383E+1
-2.658512306E+1
-2.687081337E+1
-2.716049767E+1
-2.747780228E+1
-2.769242859E+1
-2.788049889E+1
-2.820783615E+1
-2.852975082E+1
-2.881303215E+1
-2.900816154E+1
-2.921958351E+1
-2.954572105E+1
-2.988029289E+1
-3.007158089E+1
-3.035805321E+1
-3.063683510E+1
-3.093049812E+1
-3.112310410E+1
-3.142813301E+1
-3.172536659E+1
-3.193514252E+1
-3.225088501E+1
-3.253834534E+1
-3.272847748E+1
-3.294615173E+1
-3.326474762E+1
-3.355908966E+1
-3.376501465E+1
-3.404399490E+1
-3.437944794E+1
-3.469944763E+1
-3.488243103E+1
-3.522204208E+1
-3.540961838E+1
-3.568833923E+1
-3.596329117E+1
-3.627960968E+1
-3.649410248E+1
-3.682321167E+1
-3.701246643E+1
-3.733018875E+1
-3.748197556E+1
-3.782106018E+1
-3.811543655E+1
-3.835205841E+1
-3.864991379E+1
-3.891668320E+1
-3.910469437E+1
-3.943051147E+1
-3.973928833E+1
-3.993349838E+1
