2.997036362E+1
2.976503944E+1
2.959922028E+1
2.938659096E+1
2.922151756E+1
2.902105331E+1
2.881749344E+1
2.862495232E+1
2.842279243E+1
2.823928642E+1
2.803054428E+1
2.781762123E+1
2.763120651E+1
2.745297623E+1
2.724404335E+1
2.704616165E+1
2.689052010E+1
2.666501236E+1
2.649048615E+1
2.628964424E+1
2.611197472E+1
2.591189003E+1
2.560026932E+1
2.538727188E+1
2.517765045E+1
2.501859856E+1
2.479548836E+1
2.463650322E+1
2.441118813E+1
2.424814606E+1
2.401023102E+1
2.383841705E+1
2.363929939E+1
2.343005753E+1
2.326681137E+1
2.305674553E+1
2.285180473E+1
2.264802742E+1
2.248058891E+1
2.228161621E+1
2.205291367E+1
2.187191010E+1
2.169660568E+1
2.133848763E+1
2.118061447E+1
2.099255943E+1
2.079347420E+1
2.057406235E+1
2.039933014E+1
2.019590378E+1
2.001003456E+1
1.979810524E+1
1.960824394E+1
1.939965630E+1
1.924940681E+1
1.904094505E+1
1.886053085E+1
1.863200569E+1
1.842704582E+1
1.823481941E+1
1.805742264E+1
1.783436203E+1
1.766418076E+1
1.745396042E+1
1.725154305E+1
1.707205391E+1
1.687319756E+1
1.670218086E+1
1.648117256E+1
1.623063278E+1
1.600092125E+1
1.581112862E+1
1.561304951E+1
1.539359856E+1
1.522662830E+1
1.500592995E+1
1.482528687E+1
1.463986778E+1
1.443551064E+1
1.424600792E+1
1.402127838E+1
1.383683872E+1
1.365064621E+1
1.346840096E+1
1.325747013E+1
1.307179642E+1
1.285109520E+1
1.267696571E+1
1.246133900E+1
1.228243256E+1
1.209115028E+1
1.187923050E+1
1.168683624E+1
1.149119854E+1
1.118587303E+1
1.095499420E+1
1.076944733E+1
1.060521221E+1
1.040855217E+1
1.021310139E+1
1.000216866E+1
9.788656235E+0
9.584751129E+0
9.412132263E+0
9.221067429E+0
8.995494843E+0
8.785162926E+0
8.624643326E+0
8.407773018E+0
8.201921463E+0
8.045948029E+0
7.823496819E+0
7.594391346E+0
7.418227673E+0
7.210734367E+0
7.019781590E+0
6.833068371E+0
6.618414402E+0
6.451156616E+0
6.217452526E+0
6.029948711E+0
5.814867496E+0
5.634735107E+0
5.443972588E+0
5.237802029E+0
5.075345039E+0
4.840753078E+0
4.679816246E+0
4.449633598E+0
4.287997246E+0
4.074137211E+0
3.847486496E+0
3.670289516E+0
3.444270849E+0
3.297233820E+0
3.068608761E+0
2.778984070E+0
2.570220947E+0
2.356209040E+0
2.142864943E+0
1.917757392E+0
1.756513715E+0
1.525201440E+0
1.347445369E+0
1.139692783E+0
9.131136537E-1
7.208017707E-1
4.966132045E-1
2.571142018E-1
9.684276581E-2
9.434957057E-2
-1.639279723E-1
-3.881856203E-1
-6.057510972E-1
-7.786239982E-1
-1.024559259E+0
-1.200539827E+0
-1.405548573E+0
-1.608167410E+0
-1.808790326E+0
-2.021852255E+0
-2.196805239E+0
-2.440065861E+0
-2.650008917E+0
-2.837296247E+0
-3.035402536E+0
-3.243653059E+0
-3.451785803E+0
-3.663620234E+0
-3.849857092E+0
-4.096312523E+0
-4.241019249E+0
-4.506354332E+0
-4.684920311E+0
-4.905654430E+0
-4.909116268E+0
-5.105248451E+0
-5.307210922E+0
-5.535398960E+0
-5.735573292E+0
-5.961999893E+0
-6.142362595E+0
-6.350587845E+0
-6.583950520E+0
-6.784435272E+0
-6.981335163E+0
-7.185268879E+0
-7.370862961E+0
-7.586590767E+0
-7.803159237E+0
-7.998769760E+0
-8.236792564E+0
-8.396345139E+0
-8.627818108E+0
-8.841880798E+0
-9.036180496E+0
-9.227472305E+0
-9.455382347E+0
-9.649084091E+0
-9.861425400E+0
-1.009697533E+1
-1.009385395E+1
-1.038952160E+1
-1.061031818E+1
-1.083352280E+1
-1.103700733E+1
-1.122474957E+1
-1.145603371E+1
-1.165726280E+1
-1.186262321E+1
-1.203203011E+1
-1.228778744E+1
-1.245989132E+1
-1.268546391E+1
-1.269306469E+1
-1.297466755E+1
-1.318601131E+1
-1.340992928E+1
-1.360122299E+1
-1.379966736E+1
-1.403224468E+1
-1.422436237E+1
-1.445818233E+1
-1.468843555E+1
-1.485074615E+1
-1.507867718E+1
-1.525548077E+1
-1.548739815E+1
-1.568286514E+1
-1.584410763E+1
-1.603863907E+1
-1.625218010E+1
-1.644793510E+1
-1.663174057E+1
-1.684518433E+1
-1.704747200E+1
-1.724765015E+1
-1.745280075E+1
-1.760249329E+1
-1.780799866E+1
-1.804191208E+1
-1.820302200E+1
-1.840759087E+1
-1.860306931E+1
-1.879216194E+1
-1.901226997E+1
-1.920539284E+1
-1.939620018E+1
-1.959068108E+1
-1.979713058E+1
-1.996343231E+1
-2.018170929E+1
-2.039414597E+1
-2.056785774E+1
-2.077297592E+1
-2.096282387E+1
-2.119337082E+1
-2.140329552E+1
-2.160853958E+1
-2.180355072E+1
-2.200830841E+1
-2.221259499E+1
-2.238881874E+1
-2.260990906E+1
-2.282276917E+1
-2.302361107E+1
-2.324786568E+1
-2.342374420E+1
-2.363810921E+1
-2.382552528E+1
-2.401383591E+1
-2.422168350E+1
-2.440849686E+1
-2.459552765E+1
-2.480195808E+1
-2.501806450E+1
-2.521237373E+1
-2.541860390E+1
-2.559581757E+1
-2.576532173E+1
-2.598417854E+1
-2.620195770E+1
-2.637895584E+1
-2.659000206E+1
-2.677817345E+1
-2.699160576E+1
-2.717850304E+1
-2.737744904E+1
-2.758588982E+1
-2.775809288E+1
-2.800420570E+1
-2.821458244E+1
-2.838540459E+1
-2.857885551E+1
-2.878438377E+1
-2.901854706E+1
-2.923663330E+1
-2.942199898E+1
-2.965252113E+1
-2.983196449E+1
-3.004782104E+1
