1.267222129E-2
1.756782271E-2
2.684657462E-2
4.358845577E-2
6.368792057E-2
5.585179850E-2
7.313375920E-2
7.008667290E-2
8.611545712E-2
-1.031434312E-1
-6.358852237E-2
1.801251993E-2
-1.661324129E-2
5.345925689E-2
-1.228225455E-1
-7.466184348E-2
-5.399466679E-2
-4.040315747E-2
5.674645305E-2
7.615914196E-2
6.842498481E-2
-9.055774659E-2
-8.357089013E-2
-7.601435483E-2
-7.848057151E-2
-5.497484282E-2
8.252233267E-3
-2.688861080E-2
-2.442962676E-2
-1.908673556E-3
-1.862625126E-3
2.715115063E-2
1.719483174E-2
4.185834900E-2
6.767702848E-2
4.199057445E-2
-1.133727580E-1
-1.238165274E-1
-2.418495016E-3
-3.244734835E-3
2.157469094E-2
7.671500742E-2
3.521093726E-2
-1.383553296E-1
7.753401250E-2
9.550143778E-2
8.897835761E-2
-9.645260125E-2
1.441745553E-2
5.453086644E-2
3.444850445E-2
7.076358795E-2
5.982380360E-2
9.225765616E-2
1.080469936E-1
7.160364091E-2
9.968460351E-2
-6.775853038E-2
-7.683401555E-2
-4.466921091E-2
-5.526103545E-3
-2.805100381E-2
-2.305277996E-2
-1.433450356E-2
-1.054143161E-2
-1.085225418E-1
-9.930957854E-2
-6.356352568E-2
-5.896394700E-2
-5.598067120E-2
-2.654719539E-2
4.051834345E-2
-2.584462799E-2
-5.045226775E-3
-2.192857908E-3
1.339016017E-4
9.200830013E-3
-5.450452678E-3
4.857615381E-2
2.763400227E-2
1.674289815E-2
-5.165343732E-2
-5.768643320E-2
-3.054616973E-2
-3.824874759E-2
-4.104125500E-2
-5.601553619E-2
-1.819533296E-2
7.822009735E-3
-3.098695539E-3
-2.797469497E-2
5.389996804E-3
1.709747128E-2
2.558024414E-2
4.791305587E-2
4.279115796E-2
2.438890561E-2
-1.339458674E-1
8.654239774E-2
-8.820467442E-2
2.588219009E-2
3.871850669E-2
5.164955556E-2
3.397420794E-2
5.492227897E-2
-1.167875752E-1
5.772662535E-2
-1.090093404E-1
-8.174342662E-2
-5.064366013E-2
-5.545176938E-2
-5.695097521E-2
-3.920063376E-2
-3.032184765E-2
-2.159370296E-2
-1.924589276E-2
5.420914851E-3
1.044874173E-2
8.727847598E-3
2.397381328E-2
5.384211615E-2
5.516567826E-2
6.938542426E-2
-7.147007156E-3
-7.796947379E-3
-5.964878947E-3
-7.360145450E-3
8.979798295E-3
3.898624703E-2
9.771830402E-3
3.254144639E-2
-9.114256501E-2
1.123808026E-1
-5.703912675E-2
-7.318081916E-4
6.319516338E-3
1.177296136E-2
4.269840568E-2
3.703116253E-2
5.523738265E-2
-8.650352061E-2
-1.123754755E-1
-5.469328910E-2
-4.242928699E-2
4.255232867E-3
2.074187249E-2
1.986366510E-2
6.034677848E-2
7.230225950E-2
-1.367916465E-1
-6.324578822E-2
-5.646352097E-2
-3.437476233E-2
-1.731186174E-2
1.357542723E-2
7.073266804E-2
4.192347452E-2
8.666804433E-2
-1.723357849E-2
2.859707177E-2
2.282128669E-2
3.129945323E-2
7.638083398E-2
7.058005035E-2
-9.237337112E-2
-6.713490933E-2
-5.334670097E-2
-4.112480208E-2
-2.801548131E-2
9.304109961E-3
1.521343458E-2
3.306639567E-2
6.147364900E-2
5.513344333E-2
-9.840505570E-2
-7.185684144E-2
-6.146437675E-2
-6.825453788E-2
-2.362246439E-2
-3.110532835E-2
3.763176501E-2
2.611243166E-2
4.073345289E-2
4.597836733E-2
9.746770561E-2
-5.527152494E-2
1.064201668E-1
-4.840307683E-2
-3.776264843E-3
1.841577142E-2
2.009628952E-5
1.845984533E-2
3.969670832E-2
5.045953393E-2
5.407696217E-2
6.488386542E-2
6.367410719E-2
1.194525212E-1
7.328637689E-2
-6.201695651E-2
-4.965559393E-2
-8.525169455E-3
-1.233929209E-2
2.765307948E-2
1.083620638E-2
4.391342402E-2
5.271853507E-2
5.570049584E-2
6.171902269E-2
-1.091014370E-1
4.226686433E-2
5.637280270E-2
6.479373574E-2
-1.210240275E-1
-9.075641632E-2
-9.765249491E-2
-4.382520914E-2
-2.085956000E-2
-1.326947007E-2
2.060109563E-2
1.553511526E-2
4.246027023E-2
4.774596542E-2
6.548578292E-2
-9.754855186E-2
-6.900841743E-2
-4.220693931E-2
-2.908117138E-2
6.482659373E-3
1.202754397E-2
2.626504935E-2
4.595731571E-2
5.250342190E-2
-8.576937765E-2
-1.025750637E-1
-3.672651947E-2
-4.314632341E-2
-3.144147992E-2
1.879468374E-2
3.054097109E-2
4.867416993E-2
3.998878598E-2
-9.134452045E-2
-1.106624752E-1
-6.532717496E-2
-5.343353748E-2
1.218805555E-2
-5.102125928E-2
4.502253234E-2
4.510542005E-2
-1.203898713E-1
-8.032777160E-2
-4.430740327E-2
-2.362904325E-2
-1.887882128E-2
1.287286077E-2
4.987077042E-2
5.492227897E-2
9.926030040E-2
-9.634801000E-2
-4.539611936E-2
-5.194156617E-2
-2.794838138E-2
1.488649100E-2
2.366265655E-2
4.114131257E-2
3.476821259E-2
5.716220289E-2
-8.736067265E-2
-7.860687375E-2
-5.813639238E-2
-2.599066682E-2
1.084469557E-1
1.013647169E-1
-4.960888624E-2
-4.272794351E-2
-2.199169248E-2
-6.981890649E-3
9.356078692E-3
5.002338812E-2
4.668553919E-2
7.422576845E-2
-9.224772453E-2
-5.615039170E-2
-1.636330155E-3
-3.315316513E-2
-3.473003162E-3
3.129024431E-2
4.792555422E-2
4.988918826E-2
6.358792633E-2
1.001602188E-1
-4.341208935E-2
-4.949376732E-2
-5.172382295E-2
-1.208602637E-2
-5.336647388E-3
5.448679253E-2
4.023284093E-2
4.589547962E-2
9.713155031E-2
