2.994361496E+1
2.977537727E+1
2.955306816E+1
2.937997437E+1
2.919242668E+1
2.902412796E+1
2.883127594E+1
2.865029335E+1
2.845929337E+1
2.829144669E+1
2.812729263E+1
2.779047966E+1
2.766007423E+1
2.744428253E+1
2.722574997E+1
2.707791710E+1
2.687307167E+1
2.671080589E+1
2.641755676E+1
2.619515610E+1
2.599389839E+1
2.583667183E+1
2.562531662E+1
2.542449188E+1
2.521515656E+1
2.504838562E+1
2.484841347E+1
2.464238167E+1
2.444970322E+1
2.425509644E+1
2.404494858E+1
2.383777046E+1
2.364699936E+1
2.348290443E+1
2.325010681E+1
2.306057930E+1
2.285696793E+1
2.267833138E+1
2.239339828E+1
2.219976997E+1
2.200406647E+1
2.185476112E+1
2.167781639E+1
2.142901039E+1
2.126311302E+1
2.107678032E+1
2.087620926E+1
2.067007065E+1
2.041438484E+1
2.021390343E+1
2.001250076E+1
1.980976868E+1
1.961325264E+1
1.942532158E+1
1.923435020E+1
1.903531265E+1
1.884253502E+1
1.864937019E+1
1.845043182E+1
1.826068306E+1
1.805691528E+1
1.784280586E+1
1.767938042E+1
1.749002266E+1
1.730223846E+1
1.697897911E+1
1.676547241E+1
1.660479546E+1
1.642619896E+1
1.623122215E+1
1.605145454E+1
1.583344364E+1
1.564012337E+1
1.544088364E+1
1.527248192E+1
1.508125114E+1
1.486307526E+1
1.466407490E+1
1.445442677E+1
1.428568363E+1
1.411188412E+1
1.380682850E+1
1.365155983E+1
1.342016602E+1
1.322332382E+1
1.305036449E+1
1.282634354E+1
1.263854694E+1
1.244150829E+1
1.224294376E+1
1.206110191E+1
1.185972214E+1
1.165390301E+1
1.147980690E+1
1.126917648E+1
1.107238579E+1
1.088020325E+1
1.066819191E+1
1.048521328E+1
1.029203415E+1
9.986525536E+0
9.785767555E+0
9.582977295E+0
9.409695625E+0
9.204103470E+0
9.017601967E+0
8.835360527E+0
8.606059074E+0
8.420586586E+0
8.212663651E+0
8.041998863E+0
7.826984882E+0
7.639181614E+0
7.453323364E+0
7.232564449E+0
7.023735046E+0
6.844471931E+0
6.649554253E+0
6.457146168E+0
6.274356365E+0
6.060326099E+0
5.880523205E+0
5.652394772E+0
5.383500576E+0
5.163264275E+0
4.977259636E+0
4.752123356E+0
4.571355343E+0
4.388996601E+0
4.179574966E+0
4.015151978E+0
3.778254032E+0
3.583245516E+0
3.392891407E+0
3.209140539E+0
2.996297598E+0
2.843114376E+0
2.620518446E+0
2.412001371E+0
2.209828615E+0
2.015312195E+0
1.824856758E+0
1.596016645E+0
1.401417375E+0
1.200914145E+0
1.027499199E+0
8.482249379E-1
6.225917339E-1
4.498188198E-1
2.191472948E-1
3.471295536E-2
-1.684801877E-1
-3.195998371E-1
-5.335952640E-1
-7.439719439E-1
-9.315020442E-1
-1.159304142E+0
-1.337314725E+0
-1.633284092E+0
-1.834956408E+0
-2.036374569E+0
-2.221654415E+0
-2.403710604E+0
-2.640453339E+0
-2.840044737E+0
-3.010648727E+0
-3.220810890E+0
-3.437187195E+0
-3.642105103E+0
-3.829153061E+0
-4.021322250E+0
-4.232330799E+0
-4.436754227E+0
-4.623081207E+0
-4.833631039E+0
-5.049078941E+0
-5.258884430E+0
-5.464443207E+0
-5.649640083E+0
-5.866237640E+0
-6.059393883E+0
-6.265080452E+0
-6.471231937E+0
-6.670407295E+0
-6.885120392E+0
-7.056167126E+0
-7.267991066E+0
-7.445415497E+0
-7.650308132E+0
-7.869758606E+0
-8.035614014E+0
-8.216167450E+0
-8.446809769E+0
-8.623517990E+0
-8.809862137E+0
-9.049240112E+0
-9.237715721E+0
-9.419219017E+0
-9.618759155E+0
-9.843266487E+0
-1.001351547E+1
-1.025882053E+1
-1.043183136E+1
-1.066225624E+1
-1.087064362E+1
-1.106847954E+1
-1.126685238E+1
-1.147188091E+1
-1.167958736E+1
-1.169414806E+1
-1.199450970E+1
-1.218373394E+1
-1.240755939E+1
-1.261583233E+1
-1.279032803E+1
-1.301345634E+1
-1.319678020E+1
-1.340868568E+1
-1.360435677E+1
-1.380894470E+1
-1.402202129E+1
-1.421777344E+1
-1.441091728E+1
-1.463282108E+1
-1.483463764E+1
-1.505023766E+1
-1.524317551E+1
-1.543480492E+1
-1.564438057E+1
-1.583451080E+1
-1.603518105E+1
-1.625440979E+1
-1.644645500E+1
-1.661107063E+1
-1.681165695E+1
-1.701068115E+1
-1.719392395E+1
-1.739595222E+1
-1.761260605E+1
-1.778062248E+1
-1.798263741E+1
-1.816392326E+1
-1.839025879E+1
-1.859362411E+1
-1.878285980E+1
-1.897341347E+1
-1.919069290E+1
-1.933599091E+1
-1.958032990E+1
-1.978523636E+1
-1.997955322E+1
-2.019343758E+1
-2.035870361E+1
-2.056592751E+1
-2.076914215E+1
-2.096718407E+1
-2.117118073E+1
-2.135672760E+1
-2.157625389E+1
-2.177891731E+1
-2.196575165E+1
-2.217311859E+1
-2.236966705E+1
-2.255934906E+1
-2.276033401E+1
-2.295098877E+1
-2.313414574E+1
-2.332573318E+1
-2.352190590E+1
-2.372624588E+1
-2.393031120E+1
-2.409630775E+1
-2.442317581E+1
-2.462693214E+1
-2.481810379E+1
-2.500978088E+1
-2.522690392E+1
-2.541636467E+1
-2.562418556E+1
-2.579600143E+1
-2.599347687E+1
-2.619111443E+1
-2.639323235E+1
-2.660657501E+1
-2.679198074E+1
-2.699184227E+1
-2.720128632E+1
-2.737352943E+1
-2.756974030E+1
-2.775634956E+1
-2.796401978E+1
-2.815651321E+1
-2.836910057E+1
-2.857594490E+1
-2.875417137E+1
-2.896898079E+1
-2.916776466E+1
-2.936646461E+1
-2.953551102E+1
-2.974496841E+1
-2.997488022E+1
