2.598413023646023890e-10
1.832881074671033542e-10
1.155776250338162248e-10
6.419862412076799707e-11
3.614775705822046455e-11
3.744063121084818097e-11
7.267078854940517712e-11
1.446461746336528299e-10
2.541280248290419520e-10
3.996907891309308017e-10
5.777141645149543248e-10
7.825099942740342392e-10
1.006578259143768345e-09
1.240978203465123728e-09
1.475793278780516636e-09
1.700662598405265055e-09
1.905347329731072145e-09
2.080298145032318619e-09
2.217189671688327588e-09
2.309389890024457818e-09
2.352336431713003559e-09
2.343797409907888841e-09
2.284001478621175892e-09
2.175629868348081339e-09
2.023671546201867435e-09
1.835150833820708364e-09
1.618744403620753684e-09
1.384311096984258811e-09
1.142362930732954604e-09
9.035087150811774160e-10
6.779028558311276146e-10
4.747310621466472618e-10
3.017618186134512071e-10
1.649878902266331419e-10
6.837619236921431493e-11
1.373740804332385982e-11
7.192129977411979862e-13
2.691942169179768491e-11
8.810826147598256665e-11
1.785427254211167460e-10
2.913509734817700416e-10
4.189612736243948279e-10
5.535482445191459049e-10
6.874691930118659557e-10
8.136650386565517456e-10
9.260037874563684716e-10
1.019548864780396027e-09
1.090740324507190192e-09
1.137483166212600271e-09
1.159142826655641351e-09
1.156454272396916576e-09
1.131356147040847926e-09
1.086765659942768887e-09
1.026313239616889960e-09
9.540570282380683989e-10
8.741978928492764043e-10
7.908143130184060958e-10
7.076335481440126322e-10
6.278523805403917298e-10
5.540160661524415358e-10
4.879593858817599423e-10
4.308090274391406976e-10
3.830416522962395887e-10
3.445883431392742374e-10
3.149729904060472265e-10
2.934700057499428735e-10
2.792661591992942485e-10
2.716115830599771042e-10
2.699465318502071267e-10
2.739931133985756171e-10
2.838043513906204598e-10
2.997669022215668129e-10
3.225577959809464273e-10
3.530593673591705815e-10
3.922402675666715168e-10
4.410132393339812806e-10
5.000823328650891842e-10
5.697934206641544688e-10
6.500015174493790456e-10
7.399674637145122744e-10
8.382945174726283041e-10
9.429120816818845900e-10
1.051110699936725148e-09
1.159628373262149115e-09
1.264784265414545002e-09
1.362652718538571170e-09
1.449266542664903992e-09
1.520836748633386053e-09
1.573974584797621110e-09
1.605900317752549433e-09
1.614624863687944117e-09
1.599091362963108777e-09
1.559266282624767444e-09
1.496173331495314412e-09
1.411866949538926492e-09
1.309345075575211796e-09
1.192407628360736693e-09
1.065466842805444702e-09
9.333225028461868431e-10
8.009148946996788099e-10
6.730701349023516541e-10
5.542544248081205554e-10
4.483506984161065740e-10
3.584718857140095092e-10
2.868210120409303837e-10
2.346056844800484729e-10
2.020113688217344782e-10
1.882334605111618038e-10
1.915646517553766164e-10
2.095308966127980671e-10
2.390660819312355272e-10
2.767133310403704565e-10
3.188399286292280894e-10
3.618517709283722765e-10
4.023944471682582892e-10
4.375290244660173163e-10
4.648725347892088821e-10
4.826967156862218450e-10
4.899803533838703670e-10
4.864151335899044877e-10
4.723672197708459650e-10
4.487996003141637320e-10
4.171634196700520974e-10
3.792674481045144767e-10
3.371359053693613142e-10
2.928657358908356431e-10
2.484931105643855242e-10
2.058777957464072184e-10
1.666127189188920260e-10
1.319628346099070942e-10
1.028357214520158012e-10
7.978316598820666641e-11
6.303072334764398944e-11
5.253031366644428297e-11
4.802897557236895360e-11
4.914619398837292930e-11
5.545169025743127886e-11
6.653594003035267457e-11
8.206672304214919089e-11
1.018264645395057810e-10
1.257270201292263950e-10
1.538008753171668922e-10
1.861698945064992508e-10
2.229947745687535177e-10
2.644105953939782503e-10
3.104546690409348148e-10
3.609943673364902032e-10
4.156624722747975885e-10
4.738069240005120747e-10
5.344617022645940322e-10
5.963425801478218757e-10
6.578709252825692493e-10
7.172255722120529369e-10
7.724201369731962220e-10
8.214021260611703952e-10
8.621671610963737175e-10
8.928798262215827771e-10
9.119932812300037181e-10
9.183580940113474387e-10
9.113109366861207810e-10
8.907372025700344508e-10
8.570998881216970916e-10
8.114328518658095149e-10
7.552969138622868689e-10
6.907001739889763841e-10
6.199886136236138324e-10
5.457124507337891563e-10
4.704787388600798557e-10
3.968001069592812648e-10
3.269506036715403878e-10
2.628403040607364746e-10
2.059182310765908159e-10
1.571117044202905619e-10
1.168081926454999020e-10
8.488207626175426558e-11
6.076565335400430420e-11
4.356048899536418959e-11
3.218149664836886630e-11
2.552364563762583253e-11
2.263867435540475389e-11
2.290781949261508632e-11
2.619610719985700675e-11
3.297417329237909346e-11
4.439523636192781001e-11
6.231732823207015420e-11
8.926423336734951873e-11
1.283226868547683935e-10
1.829777725692323043e-10
2.568928803791583311e-10
3.536451800955777708e-10
4.764313610516181190e-10
6.277611017861134680e-10
8.091589289761912309e-10
1.020894368741153742e-09
1.261761741148953551e-09
1.528928336799040842e-09
1.817865508459213057e-09
2.122376820816574260e-09
2.434726557391425458e-09
2.745872157859075687e-09
3.045794267929567631e-09
3.323911941047934345e-09
3.569566187649104614e-09
3.772551139820112491e-09
3.923664451011098272e-09
4.015249191483052198e-09
4.041696465514924565e-09
3.999883182107751064e-09
3.889508380795902808e-09
3.713317488730635454e-09
3.477187085379302641e-09
3.190061962639113632e-09
2.863742782092388778e-09
2.512520248610444933e-09
2.152677922317228503e-09
1.801874799410013824e-09
1.478436798072656484e-09
1.200587908422824945e-09
9.856577939120547177e-10
8.493007965611588343e-10
8.047690112032910944e-10
8.622731566038147551e-10
1.028466021353463440e-09
1.306077595434993233e-09
1.693721309514615652e-09
2.185888014510232289e-09
2.773130507992575254e-09
3.442434614499905270e-09
4.177766441416144376e-09
4.960766021232515735e-09
5.771567412595516983e-09
6.589701891786091438e-09
7.395044837750795605e-09
8.168769072023550030e-09
8.894242800471360342e-09
9.557851389237118848e-09
1.014968645794746037e-08
1.066407413439170738e-08
1.109991193331134265e-08
1.146080564795610216e-08
1.175496961386444070e-08
1.199492556293609013e-08
1.219698373505222321e-08
1.238053433410226505e-08
1.256718823995377955e-08
1.277977332394673297e-08
1.304126889622511376e-08
1.337369544801264486e-08
1.379702104698790153e-08
1.432812978440318133e-08
1.497991400296200293e-08
1.576049960512083755e-08
1.667268803909201273e-08
1.771361107118058651e-08
1.887462992525346817e-08
2.014150580287344406e-08
2.149479672081026738e-08
2.291052951551060235e-08
2.436108116887891265e-08
2.581625113497956558e-08
2.724450632660679370e-08
2.861428851674127035e-08
2.989541265586280211e-08
3.106043790886983172e-08
3.208597187014890745e-08
3.295387807451005984e-08
3.365225482305080159e-08
3.417624101666191413e-08
3.452853163708003915e-08
3.471960339230883348e-08
3.476762082978669008e-08
3.469805071213168103e-08
3.454290558760058581e-08
3.433975052816963906e-08
3.413041992621904634e-08
3.395951730836915636e-08
3.387278058018310950e-08
3.391529192152901825e-08
3.412971312583244166e-08
3.455453477153053244e-08
3.522244554169931031e-08
3.615888021526468308e-08
3.738084618362367969e-08
3.889599617203776998e-08
4.070210885076886296e-08
4.278692118196374954e-08
4.512835602395521655e-08
4.769518307682702655e-08
5.044798707679468904e-08
5.334055395798520483e-08
5.632151873979007096e-08
5.933624500482226255e-08
6.232891246240697253e-08
6.524458586171629282e-08
6.803136691512570061e-08
7.064239829252789003e-08
7.303767637092246208e-08
7.518565405108900193e-08
7.706438477175605494e-08
7.866238623161510166e-08
7.997900667514285683e-08
8.102434107650178337e-08
8.181866950967666833e-08
8.239151579933095187e-08
8.278016371435408999e-08
8.302795440231357066e-08
8.318223832255489740e-08
8.329213469079864527e-08
8.340626358314001816e-08
8.357034872125579902e-08
8.382506677196058825e-08
8.420403871508320990e-08
8.473213657237523258e-08
8.542415700445629152e-08
8.628400804302192453e-08
8.730424375767441915e-08
8.846624618230242638e-08
8.974084531408036237e-08
9.108942117853737413e-08
9.246551649607091393e-08
9.381667180610421923e-08
9.508669367071830893e-08
9.621803805407000467e-08
9.715427442885728003e-08
9.784259979248071601e-08
9.823605640503191017e-08
9.829566392479950931e-08
9.799213739658720736e-08
9.730719158961471493e-08
9.623445197304281761e-08
9.477969761925402693e-08
9.296073921198967592e-08
9.080670422852287045e-08
8.835685819835902534e-08
8.565898774044501324e-08
8.276750347483483902e-08
7.974114301866326099e-08
7.664065688975445755e-08
7.352637292371679101e-08
7.045582220650081768e-08
6.748158598655482309e-08
6.464928724744660113e-08
6.199604192392617261e-08
5.954926055497464657e-08
5.732591695697033911e-08
5.533228724366354356e-08
5.356421401608658947e-08
5.200773983185551089e-08
5.064024813316871520e-08
4.943191417287100838e-08
4.834743634862841415e-08
4.734799700741720007e-08
4.639324057272317453e-08
4.544332757265946115e-08
4.446085164455130844e-08
4.341257161931629730e-08
4.227091539848708464e-08
4.101508861607501654e-08
3.963188325876419081e-08
3.811605503679932950e-08
3.647030041622988396e-08
3.470487540041841647e-08
3.283680065186064184e-08
3.088882082329183305e-08
2.888809154440826789e-08
2.686470327570862940e-08
2.485011139217531472e-08
2.287557773998816923e-08
2.097064247435683837e-08
1.916178103589574700e-08
1.747124774897474616e-08
1.591617964857816610e-08
1.450800764412111314e-08
1.325215617512681825e-08
1.214808676451455576e-08
1.118963206386450721e-08
1.036560781818606442e-08
9.660656304600877077e-09
9.056277428775288385e-09
8.531963624894389189e-09
8.066404796254624683e-09
7.638673816998138093e-09
7.229338037630153326e-09
6.821444936960150181e-09
6.401316502395917579e-09
5.959138447792461825e-09
5.489302526243509337e-09
4.990497801415181335e-09
4.465557936526122626e-09
3.921069421283779644e-09
3.366786087648665766e-09
2.814876842628539782e-09
2.279058502068800761e-09
1.773667372100169396e-09
1.312718357920043934e-09
9.090130117789049659e-10
5.733402119758659722e-10
3.138153472204389198e-10
1.353922296495786257e-10
3.957215282072992887e-11
2.432244095828287133e-11
8.420582673344608900e-11
2.107090040397695340e-10
3.927483983185238151e-10
6.173216588152702017e-10
8.702646446484162522e-10
1.137069857144312460e-09
1.403717936368001214e-09
1.657474453930453151e-09
1.887606174829233401e-09
2.085977933447425697e-09
2.247492607954562986e-09
2.370355176270890410e-09
2.456142712651743383e-09
2.509678284154303439e-09
2.538718645524677932e-09
2.553468577247174928e-09
2.565957074320842114e-09
2.589308553150419497e-09
2.636944934481452423e-09
2.721780345281917494e-09
2.855433269606790411e-09
3.047525899482855012e-09
3.305092933443162287e-09
3.632142454372037678e-09
4.029407303543768317e-09
4.494279766119474810e-09
5.020968117570692325e-09
5.600844460210097136e-09
6.222976606472548192e-09
6.874837927904843629e-09
7.543117936018949107e-09
8.214646475116831479e-09
8.877321498011321085e-09
9.521055280123717542e-09
1.013863304334475161e-08
1.072645367402269753e-08
1.128514213444277544e-08
1.181992108808879832e-08
1.234080602106379248e-08
1.286252874605912488e-08
1.340421260457622493e-08
1.398884716995350598e-08
1.464248663021873348e-08
1.539331801605603863e-08
1.627054299140964710e-08
1.730315752283608278e-08
1.851873610934353327e-08
1.994215943725774212e-08
2.159449222282566460e-08
2.349194454112513707e-08
2.564501045993109391e-08
2.805790553667416104e-08
3.072816522185259836e-08
3.364664162432302923e-08
3.679772666844983615e-08
4.015985610086756596e-08
4.370639837946712960e-08
4.740662824233841200e-08
5.122707449854976542e-08
5.513290466037474241e-08
5.908937891705229252e-08
6.306348512407824271e-08
6.702528567308820127e-08
7.094939724668364827e-08
7.481612194859333773e-08
7.861231868615995490e-08
8.233220116382920857e-08
8.597748930557543722e-08
8.955757056652149830e-08
9.308893387906273296e-08
9.659462008005109566e-08
1.001031093015370106e-07
1.036469085082379651e-07
1.072611927477245596e-07
1.109818534013516631e-07
1.148438861108202612e-07
1.188794715900293503e-07
1.231160999086846015e-07
1.275751698008831315e-07
1.322702986951462036e-07
1.372064253750221410e-07
1.423789050901149420e-07
1.477729564609806433e-07
1.533639078235293475e-07
1.591172549339100490e-07
1.649897327383568509e-07
1.709303570012759565e-07
1.768817742381247142e-07
1.827823678193222211e-07
1.885678637293789103e-07
1.941737998179887840e-07
1.995375620602146681e-07
2.046003601873781417e-07
2.093096353436499610e-07
2.136204424297461810e-07
2.174974557571694101e-07
2.209157231142658220e-07
2.238619075227498012e-07
2.263345274406646817e-07
2.283437474625650418e-07
2.299113520181211908e-07
2.310693777579734485e-07
2.318592919247366085e-07
2.323302172296566613e-07
2.325368827047398644e-07
2.325380051703992913e-07
2.323936112429320153e-07
2.321632664976027112e-07
2.319037272226719905e-07
2.316667267913053968e-07
2.314975923229208044e-07
2.314332022259492912e-07
2.315012052895715856e-07
2.317189892916719027e-07
2.320930479976616344e-07
2.326193730897780046e-07
2.332833206103586089e-07
2.340607852841570627e-07
2.349191022102736926e-07
2.358182437234787484e-07
2.367128770839758926e-07
2.375536604854495061e-07
2.382895747695936895e-07
2.388696583934077853e-07
2.392446942048878444e-07
2.393694095849635794e-07
2.392035561857359088e-07
2.387136993764204055e-07
2.378741021056860768e-07
2.366673033730249438e-07
2.350849902600329809e-07
2.331276057190175141e-07
2.308046160117939985e-07
2.281334914136856800e-07
2.251393200842911715e-07
2.218535755160362308e-07
2.183127080261942329e-07
2.145571711959669139e-07
2.106295093251535217e-07
2.065732695040283608e-07
2.024313794455873395e-07
1.982446299753421237e-07
1.940508078660602815e-07
1.898832251005159201e-07
1.857702201442543224e-07
1.817343777193732459e-07
1.777920121985105873e-07
1.739533600735611106e-07
1.702223227347046298e-07
1.665971208911360516e-07
1.630707012428530733e-07
1.596313396063382856e-07
1.562637996008870664e-07
1.529499810268640341e-07
1.496702432936825993e-07
1.464043486885069563e-07
1.431324067223513430e-07
1.398361318785880821e-07
1.364994639137928769e-07
1.331096454157604988e-07
1.296575955942547266e-07
1.261386379729213617e-07
1.225527104428910875e-07
1.189044120784119603e-07
1.152031742195505414e-07
1.114628043587055365e-07
1.077013164341160595e-07
1.039403211326795744e-07
1.002043130206256086e-07
9.652011728863813105e-08
9.291588600346343142e-08
8.942042968465230794e-08
8.606229074538471849e-08
8.286885346110278830e-08
7.986571152067829204e-08
7.707579499487038727e-08
7.451890192809609670e-08
7.221114257047075693e-08
7.016452854272499389e-08
6.838688058892730789e-08
6.688162457864566319e-08
6.564799876489313088e-08
6.468124039818073122e-08
6.397292210617033375e-08
6.351157549682648706e-08
6.328319610973582607e-08
6.327207745296348183e-08
6.346156416442994935e-08
6.383485442983332967e-08
6.437597566701410255e-08
6.507052394222735810e-08
6.590659717208866938e-08
6.687551159934753904e-08
6.797242452670594242e-08
6.919700124265897595e-08
7.055370492611993306e-08
7.205219112942744854e-08
7.370727091755574533e-08
7.553894870337185370e-08
7.757211540068960570e-08
7.983606008205879858e-08
8.236400053227315706e-08
8.519218834760046397e-08
8.835916749446248513e-08
9.190474573569389701e-08
9.586888472860539221e-08
1.002907725597521027e-07
1.052075740202228203e-07
1.106535582402963823e-07
1.166590872775136664e-07
1.232497038776161602e-07
1.304456476660808145e-07
1.382611450865066738e-07
1.467043354835561133e-07
1.557771437309840553e-07
1.654753582755110379e-07
1.757893113884872440e-07
1.867042442594908335e-07
1.982014520891705871e-07
2.102592404844610772e-07
2.228539886517644048e-07
2.359618079496153277e-07
2.495595292729763301e-07
2.636265138337525186e-07
2.781455512222859502e-07
2.931044963992522103e-07
3.084971835201046878e-07
3.243240693597419586e-07
3.405933256794231254e-07
3.573205792625633875e-07
3.745294240425760923e-07
3.922508737207661947e-07
4.105224124838540324e-07
4.293876113597503759e-07
4.488941096284067235e-07
4.690927065160530722e-07
4.900353279588864028e-07
5.117727636136029490e-07
5.343534211796055402e-07
5.578204135904711318e-07
5.822104091113566404e-07
6.075514927934770888e-07
6.338611496604120792e-07
6.611458841369804865e-07
6.893991406174969410e-07
7.186016949439106398e-07
7.487210715612726356e-07
7.797112814798533495e-07
8.115146473762903247e-07
8.440615502182725158e-07
8.772731004994076500e-07
9.110624369966195504e-07
9.453361608567744218e-07
9.799979534393884152e-07
1.014949287645592181e-06
1.050093212635414742e-06
1.085336006185039820e-06
1.120588517376308864e-06
1.155769609271688137e-06
1.190805715252857732e-06
1.225633867435841963e-06
1.260200283798732047e-06
1.294462302669129874e-06
1.328387274562855362e-06
1.361950848688610941e-06
1.395137669475415823e-06
1.427937386329578833e-06
1.460344679170908371e-06
1.492356134405601736e-06
1.523966848907522702e-06
1.555170166171721678e-06
1.585952690873743126e-06
1.616294295387989627e-06
1.646165166474617194e-06
1.675523100671991081e-06
1.704314719667036816e-06
1.732471962862507258e-06
1.759914400289005326e-06
1.786548598110008473e-06
1.812267962093418026e-06
1.836956882844578270e-06
1.860489770355278194e-06
1.882736199357038270e-06
1.903562641566230069e-06
1.922834392446312106e-06
1.940421620758539346e-06
1.956199527599755745e-06
1.970054806458632506e-06
1.981885492707751428e-06
1.991606566913664809e-06
1.999151117286694692e-06
2.004470987644579720e-06
2.007540980812481041e-06
2.008356302249979114e-06
2.006935535263146508e-06
2.003318870617924933e-06
1.997565735468682017e-06
1.989755932347566217e-06
1.979984153375645668e-06
1.968360163036701184e-06
1.955004575212422412e-06
1.940044451093418893e-06
1.923612728270801622e-06
1.905841733278363519e-06
1.886862689971159441e-06
1.866801524125671191e-06
1.845775064963004824e-06
1.823891387542702702e-06
1.801245027395076468e-06
1.777918275847915414e-06
1.753979321265395022e-06
1.729481044415726921e-06
1.704463843015437356e-06
1.678953754251135205e-06
1.652966212209694793e-06
1.626506755728641305e-06
1.599572154486805400e-06
1.572154960892205266e-06
1.544243392003619834e-06
1.515825985808273020e-06
1.486893021964278079e-06
1.457437886420677445e-06
1.427461086435759032e-06
1.396969593301632510e-06
1.365980360729286939e-06
1.334518959477489569e-06
1.302621863378164882e-06
1.270335540728819864e-06
1.237715216680816660e-06
1.204825664538529377e-06
1.171737953850347462e-06
1.138529494062622452e-06
1.105281428351388654e-06
1.072075985266389211e-06
1.038995861630764730e-06
1.006120448452292773e-06
9.735252553709664462e-07
9.412794402737199167e-07
9.094437041266090444e-07
8.780702752659210891e-07
8.472005790513568768e-07
8.168659143491525754e-07
7.870867972000263181e-07
7.578728239665544505e-07
7.292244047325577699e-07
7.011326446994829724e-07
6.735817067501676573e-07
6.465499922589728592e-07
6.200116107241414582e-07
5.939391656000088363e-07
5.683047715541900154e-07
5.430828845914522923e-07
5.182512307271033391e-07
4.937931439358169779e-07
4.696985728898787178e-07
4.459648580922422034e-07
4.225980147728533300e-07
3.996123416625820316e-07
3.770308910679097396e-07
3.548847200848174137e-07
3.332118563038955823e-07
3.120565803280436164e-07
2.914674636578938359e-07
2.714961204078824919e-07
2.521951925400897248e-07
2.336163307354366723e-07
2.158086319584592929e-07
1.988164778363561051e-07
1.826781766097705149e-07
1.674243942955933798e-07
1.530769178243076404e-07
1.396480360368520005e-07
1.271398260629598164e-07
1.155442327123223758e-07
1.048432380090872318e-07
9.500942694722258250e-08
8.600706434610172969e-08
7.779318015817644629e-08
7.031914957531239485e-08
6.353227169187066579e-08
5.737747682252510547e-08
5.179917509934685228e-08
4.674289795072897124e-08
4.215698741348264448e-08
3.799400978457207152e-08
3.421195791555496636e-08
3.077524735800635516e-08
2.765531053418668305e-08
2.483096678622520128e-08
2.228837963412753253e-08
2.002077337351907494e-08
1.802780831341606995e-08
1.631470730986769082e-08
1.489120251835568456e-08
1.377027983034821119e-08
1.296687165335618196e-08
1.249648890984228151e-08
1.237388738795966091e-08
1.261184733758490659e-08
1.322006803097342112e-08
1.420429038840644425e-08
1.556563244519889287e-08
1.730018310384883155e-08
1.939889799806797520e-08
2.184773128863536246e-08
2.462807790261277297e-08
2.771743096534268517e-08
3.109024161299600009e-08
3.471899432954457991e-08
3.857532755573563795e-08
4.263129557210500935e-08
4.686058575137305828e-08
5.123967433133055888e-08
5.574895921832563591e-08
6.037362024319073594e-08
6.510442486963026560e-08
6.993815864873293046e-08
7.487795846595287430e-08
7.993328819871411899e-08
8.511964266600291732e-08
9.045814081040617726e-08
9.597469303688419085e-08
1.016991870346921200e-07
1.076643817639014904e-07
1.139046786044890165e-07
1.204550151777168599e-07
1.273494830895730090e-07
1.346202697418192991e-07
1.422965073968009538e-07
1.504032378921877307e-07
1.589607853584631827e-07
1.679839761670410874e-07
1.774819455458354821e-07
1.874579320423919625e-07
1.979092762879277780e-07
2.088279477851945280e-07
2.202008108471741899e-07
2.320105417453514343e-07
2.442363683729031074e-07
2.568548774681496406e-07
2.698412758500876184e-07
2.831700674144172672e-07
2.968163121150657161e-07
3.107564015537217221e-07
3.249686841410265073e-07
3.394344448278603464e-07
3.541379613074023205e-07
3.690671406102626847e-07
3.842133803862167982e-07
3.995716155073233486e-07
4.151394904941878734e-07
4.309175965534896672e-07
4.469083155430065630e-07
4.631151483128445870e-07
4.795419768833770524e-07
4.961915227041119798e-07
5.130652708365283842e-07
5.301619428218168104e-07
5.474767628520086666e-07
5.650008515738868514e-07
5.827198767313888554e-07
6.006145953106778365e-07
6.186598478105160167e-07
6.368247968703423817e-07
6.550722148739302533e-07
6.733599112371830264e-07
6.916404129945415416e-07
7.098617783612840326e-07
7.279685915144925211e-07
7.459019718301347245e-07
7.636018814831557748e-07
7.810072946748590031e-07
7.980574820935908528e-07
8.146933114552815770e-07
8.308572692084852580e-07
8.464958544587996955e-07
8.615594207204363631e-07
8.760031015137732158e-07
8.897876091191342156e-07
9.028785347889645223e-07
9.152481380790143719e-07
9.268743114755727447e-07
9.377407021467085253e-07
9.478366984685512919e-07
9.571558700803058467e-07
9.656971072164337653e-07
9.734628602522767277e-07
9.804587186779746350e-07
9.866929677615929647e-07
9.921746848368698959e-07
9.969147682208326421e-07
1.000924109654596295e-06
1.004213291789025475e-06
1.006792383232027146e-06
1.008669368524172180e-06
1.009851642982392605e-06
1.010344685546522473e-06
1.010152328109399550e-06
1.009277142094930904e-06
1.007719469575041463e-06
1.005479481038711256e-06
1.002556378531997137e-06
9.989491240381359448e-07
9.946571966795765788e-07
9.896799322050102133e-07
9.840187207216646150e-07
9.776763041164159867e-07
9.706574608713882501e-07
9.629696113274948250e-07
9.546219687982711660e-07
9.456273559646575723e-07
9.360011665023654057e-07
9.257616132041102447e-07
9.149298642156331319e-07
9.035287979043038840e-07
8.915842794246395379e-07
8.791237705399740978e-07
8.661761989045144198e-07
8.527717754287266913e-07
8.389406043927196667e-07
8.247137045575430997e-07
8.101216453362527463e-07
7.951944349739865161e-07
7.799614385610795270e-07
7.644502779960913619e-07
7.486879883104172165e-07
7.327000641878178137e-07
7.165106870240498650e-07
7.001430015529202398e-07
6.836184978086190273e-07
6.669583977288896321e-07
6.501831393245026308e-07
6.333130497234399813e-07
6.163679719463727642e-07
5.993686402040808257e-07
5.823362840048069437e-07
5.652930837929521319e-07
5.482625503227506808e-07
5.312690985660785001e-07
5.143390510426149527e-07
4.975000519516962303e-07
4.807811575730919665e-07
4.642128128682839273e-07
4.478261194286214461e-07
4.316532869192447684e-07
4.157267457433473024e-07
4.000788424688465548e-07
3.847414652616216469e-07
3.697451278250375569e-07
3.551190798485890134e-07
3.408903794281280144e-07
3.270835173098914382e-07
3.137200588880454667e-07
3.008179277428032276e-07
2.883915980254693048e-07
2.764515229484879921e-07
2.650040798729577444e-07
2.540515907608453587e-07
2.435921066919813849e-07
2.336199610719703126e-07
2.241257362406779797e-07
2.150966568714283232e-07
2.065170420495154971e-07
1.983685513316280434e-07
1.906310202196299799e-07
1.832827828840014529e-07
1.763012872174493391e-07
1.696636986847617297e-07
1.633472713709221768e-07
1.573301298393052917e-07
1.515915652155784435e-07
1.461125013460240987e-07
1.408758889313812435e-07
1.358668510529791022e-07
1.310731169985227739e-07
1.264850169051272471e-07
1.220955861030376577e-07
1.179005912535436460e-07
1.138983422915999612e-07
1.100897452332372221e-07
1.064780027323839835e-07
1.030684251244278959e-07
9.986820350002092602e-08
9.688603546003361848e-08
9.413198805320464900e-08
9.161710270810385246e-08
8.935312909418651436e-08
8.735226257348631492e-08
8.562678627471619168e-08
8.418894519029553301e-08
8.305062015325985678e-08
8.222314924798476956e-08
8.171704459277668907e-08
8.154192682210151127e-08
8.170627307639206340e-08
8.221727952262396783e-08
8.308073571312200751e-08
8.430081017729731737e-08
8.588004671383321144e-08
8.781917360048605415e-08
9.011702648591604146e-08
9.277049103944997444e-08
9.577435729631441829e-08
9.912142022275948041e-08
1.028023956496786908e-07
1.068059842170213209e-07
1.111189860411676999e-07
1.157263368814740626e-07
1.206114598867024296e-07
1.257564207457424903e-07
1.311422720765697978e-07
1.367494654678527408e-07
1.425581621473787603e-07
1.485489099056568682e-07
1.547030491891300144e-07
1.610033038212283696e-07
1.674343943252771578e-07
1.739834557518603118e-07
1.806408158739800828e-07
1.874003510409998092e-07
1.942599666244464823e-07
2.012220015409429842e-07
2.082932989227749445e-07
2.154856103785205378e-07
2.228154104619675396e-07
2.303037878294625892e-07
2.379761908326714381e-07
2.458617477024755949e-07
2.539929676030749410e-07
2.624047669695843717e-07
2.711336304478783644e-07
2.802166734569807391e-07
2.896903078656215590e-07
2.995894756246751513e-07
3.099462426140503603e-07
3.207887139309733226e-07
3.321400128749910684e-07
3.440169805030635442e-07
3.564297280042566470e-07
3.693806209002025970e-07
3.828638091708028985e-07
3.968649836298283862e-07
4.113609271017433476e-07
4.263201685773895864e-07
4.417030259366018699e-07
4.574623156898650325e-07
4.735443117770742313e-07
4.898894028481911086e-07
5.064339534735683473e-07
5.231113049271174201e-07
5.398533921299134957e-07
5.565924506868670934e-07
5.732621503153391463e-07
5.897998905688152070e-07
6.061478422904187109e-07
6.222544547641126705e-07
6.380758164574778591e-07
6.535761314144249522e-07
6.687293042385061044e-07
6.835189120643682499e-07
6.979387032020834480e-07
7.119919251716886614e-07
7.256918147055342383e-07
7.390603286369523920e-07
7.521273197481070840e-07
7.649294692798059395e-07
7.775081946703348256e-07
7.899089631594340015e-07
8.021788766418066575e-07
8.143649576874096178e-07
8.265124124929313219e-07
8.386620592056580361e-07
8.508495349396396708e-07
8.631029331426039173e-07
8.754414693013405384e-07
8.878743870594993540e-07
9.003992249524427367e-07
9.130021952519799184e-07
9.256570827785766392e-07
9.383253868887861165e-07
9.509568246559334801e-07
9.634892168090278712e-07
9.758506231892523364e-07
9.879598707332601356e-07
9.997283113829743337e-07
1.011061826287253815e-06
1.021862004933225680e-06
1.032029477477985264e-06
1.041465306804811571e-06
1.050073402649222575e-06
1.057762899612934479e-06
1.064449382637929643e-06
1.070058043844077738e-06
1.074524533186545026e-06
1.077796591815611729e-06
1.079835387166462258e-06
1.080615456844518773e-06
1.080126416678255009e-06
1.078372185167090933e-06
1.075370900661393404e-06
1.071154477638491894e-06
1.065766786231637076e-06
1.059263606625108914e-06
1.051710229255914457e-06
1.043179875322145659e-06
1.033751935297619830e-06
1.023509099964464641e-06
1.012536427820802185e-06
1.000918423422242578e-06
9.887371823573625055e-07
9.760706453076567544e-07
9.629901025595881032e-07
9.495597856447865745e-07
9.358348588164516991e-07
9.218606456996775715e-07
9.076721602348343007e-07
8.932931197022175362e-07
8.787370087810579133e-07
8.640067563853950714e-07
8.490957472883235341e-07
8.339881585770023449e-07
8.186611396641612362e-07
8.030856116240883572e-07
7.872280345418282400e-07
7.710522723424764859e-07
7.545208106050191529e-07
7.375974116169269900e-07
7.202482913020384513e-07
7.024439220646675989e-07
6.841606735055794733e-07
6.653816462998293693e-07
6.460985428917406700e-07
6.263120299928558660e-07
6.060324699758415029e-07
5.852803523078469417e-07
5.640859167171411586e-07
5.424895666089359527e-07
5.205409492421443023e-07
4.982983365626382016e-07
4.758277695737525370e-07
4.532015988134954535e-07
4.304977430782589246e-07
4.077979808062443041e-07
3.851866223122627710e-07
3.627491433555067198e-07
3.405705264261295576e-07
3.187343221604624019e-07
2.973211590742983291e-07
2.764077272039682716e-07
2.560659072053311278e-07
2.363618661327003367e-07
2.173558175681667803e-07
1.991015356810870556e-07
1.816463259640396683e-07
1.650311941551433284e-07
1.492910800791877427e-07
1.344555775548506764e-07
1.205495285732993603e-07
1.075939178116787521e-07
9.560687172696741564e-08
8.460466350645542917e-08
7.460294219756376235e-08
6.561781030247384882e-08
5.766697780272590987e-08
5.077086157470688220e-08
4.495356593106756608e-08
4.024384807704560479e-08
3.667586408654358628e-08
3.428981224336442847e-08
3.313240619135305979e-08
3.325714278400047123e-08
3.472443912457659459e-08
3.760152640715398341e-08
4.196218534506607361e-08
4.788630366706748671e-08
5.545922607956940131e-08
6.477102117686643659e-08
7.591553755652242200e-08
8.898937436994641461e-08
1.040907622975216188e-07
1.213182866445609245e-07
1.407697122932574409e-07
1.625406256879410112e-07
1.867231413119148858e-07
2.134046400961146700e-07
2.426663763185461402e-07
2.745824554098195003e-07
3.092185681730061674e-07
3.466310134149195090e-07
3.868655207835166173e-07
4.299566968676124058e-07
4.759270777352413126e-07
5.247865485747540485e-07
5.765319272553417782e-07
6.311462368300163613e-07
6.885989625276281571e-07
7.488455925854012350e-07
8.118276969580891221e-07
8.774731798921583886e-07
9.456959917449860909e-07
1.016397250686980671e-06
1.089465194117518897e-06
1.164775860497890144e-06
1.242193927915860554e-06
1.321572716878442306e-06
1.402756092260355807e-06
1.485578634406109536e-06
1.569866756860332952e-06
1.655439941071899336e-06
1.742110791537248101e-06
1.829687519319295814e-06
1.917974053882664553e-06
2.006771329857317270e-06
2.095878629298749368e-06
2.185093372649905660e-06
2.274213880366144523e-06
2.363039085730307021e-06
2.451369661236007838e-06
2.539009136391711086e-06
2.625763107252120227e-06
2.711441963815533763e-06
2.795859924767812588e-06
2.878835752183313558e-06
2.960193428963582914e-06
3.039760641940477145e-06
3.117371337253819035e-06
3.192864043392454154e-06
3.266082181814718221e-06
3.336874373349484394e-06
3.405092369130684449e-06
3.470593595363316593e-06
3.533239062588754746e-06
3.592893587510152773e-06
3.649426087685480500e-06
3.702707408497354362e-06
3.752613230041116886e-06
3.799022050451601663e-06
3.841815757636776170e-06
3.880880335875871777e-06
3.916104047070410928e-06
3.947380996882771584e-06
3.974609557829777054e-06
3.997693533255207649e-06
4.016543443358980757e-06
4.031075216114216595e-06
4.041214345319938955e-06
4.046894732858270648e-06
4.048060802953838875e-06
4.044666418556112225e-06
4.036679167548675923e-06
4.024079248549498480e-06
4.006860991809145345e-06
3.985034283183484193e-06
3.958623278392225005e-06
3.927670208226697388e-06
3.892233804531171815e-06
3.852390174618341560e-06
3.808233454513925631e-06
3.759873809268191341e-06
3.707440150519739018e-06
3.651077705172590150e-06
3.590947850469828358e-06
3.527227694475114081e-06
3.460107221333863075e-06
3.389790758580294085e-06
3.316493763279456351e-06
3.240441739847061567e-06
3.161868984087597497e-06
3.081015264198550574e-06
2.998126432265894542e-06
2.913451011278936837e-06
2.827238808447127908e-06
2.739739504927840256e-06
2.651199631556769746e-06
2.561863055938895692e-06
2.471968173104378033e-06
2.381746978007175162e-06
2.291424241008801035e-06
2.201215478353579737e-06
2.111327929959056441e-06
2.021958903791213872e-06
1.933295747282364903e-06
1.845515939933190237e-06
1.758786257611953580e-06
1.673264329138897968e-06
1.589098073650342427e-06
1.506426386941705915e-06
1.425379844436708256e-06
1.346080611846455893e-06
1.268644074195291299e-06
1.193178726034468079e-06
1.119786884731356116e-06
1.048565269816141142e-06
9.796048682370737094e-07
9.129919087537402728e-07
8.488074381329360100e-07
7.871273757112890768e-07
7.280223577570467647e-07
6.715570013850766756e-07
6.177898591263759325e-07
5.667723676286941601e-07
5.185481088376964342e-07
4.731519334384212317e-07
4.306087454341705231e-07
3.909327922589343032e-07
3.541263981346588811e-07
3.201790163068564023e-07
2.890663305044192987e-07
2.607493101898592991e-07
2.351737451709072276e-07
2.122696318527437682e-07
1.919509478565540102e-07
1.741156539207923454e-07
1.586458655120111572e-07
1.454084969655614176e-07
1.342559959696261595e-07
1.250274810380332315e-07
1.175500756205875011e-07
1.116406496982812008e-07
1.071076786042354050e-07
1.037534028312000272e-07
1.013761874119615520e-07
9.977300022193171409e-08
9.874213307238815473e-08
9.808591745172943279e-08
9.761355800133279427e-08
9.714399331139103049e-08
9.650870121266058643e-08
9.555456531435013415e-08
9.414657666960716576e-08
9.217049566780720093e-08
8.953540475189591105e-08
8.617609464535918069e-08
8.205541170982772932e-08
7.716638240644645713e-08
7.153425483243834996e-08
6.521841662355400684e-08
5.831417191907819502e-08
5.095449249776346974e-08
4.331162801190895057e-08
3.559869870890336340e-08
2.807125418362241481e-08
2.102881097591370018e-08
1.481643479406058819e-08
9.826327015624397659e-09
6.499481330734150822e-09
5.327406787697184886e-09
6.853930058678908589e-09
1.167709267620477892e-08
2.045113836144862227e-08
3.388859928483686573e-08
5.276248016138697453e-08
7.790850796202642939e-08
1.102275001071848450e-07
1.506877627495974927e-07
2.003275586662065309e-07
2.602576324482511215e-07
3.316636448050307839e-07
4.158088188330822247e-07
5.140363697564319472e-07
6.277719932080986236e-07
7.585263456827706863e-07
9.078971261393531993e-07
1.077571676390869731e-06
1.269328861403841006e-06
1.485041086681799197e-06
1.726676228542270151e-06
1.996298628216216967e-06
2.296071232811292565e-06
2.628256076628931080e-06
2.995215071693524177e-06
3.399410544203875046e-06
3.843403893506024211e-06
4.329856417983361650e-06
4.861526837923135262e-06
5.441269828954458884e-06
6.072031260050267966e-06
6.756846792685349347e-06
7.498835204017890507e-06
8.301192600148395596e-06
9.167185679031864866e-06
1.010013996002506898e-05
1.110343364697423415e-05
1.218048290066542390e-05
1.333472888065625671e-05
1.456962354261704939e-05
1.588860802808319189e-05
1.729510042540979197e-05
1.879247087415959888e-05
2.038402040080529570e-05
2.207295886185933609e-05
2.386237312501164780e-05
2.575521058298747945e-05
2.775424547064153359e-05
2.986205256136821126e-05
3.208098140388922405e-05
3.441311874496532817e-05
3.686027495677050299e-05
3.942394825438216637e-05
4.210530180353437758e-05
4.490514381778629112e-05
4.782389384548022963e-05
5.086158418482011298e-05
5.401783297879910416e-05
5.729183693788415387e-05
6.068236964194473793e-05
6.418776309727914655e-05
6.780593677657574981e-05
7.153438986032038761e-05
7.537021962649693930e-05
7.931014661285614440e-05
8.335051770149315854e-05
8.748736845472193083e-05
9.171643644469855189e-05
9.603320541852190763e-05
1.004329546108491124e-04
1.049107772019355911e-04
1.094616677841701250e-04
1.140805444866606523e-04
1.187623041178842220e-04
1.235018778553410542e-04
1.282942443374103460e-04
1.331345196414942254e-04
1.380179629944243999e-04
1.429400164019226907e-04
1.478963391349523611e-04
1.528827874524214293e-04
1.578954793634992720e-04
1.629307571105736573e-04
1.679851862046899305e-04
1.730555460247640070e-04
1.781387568844348685e-04
1.832319037856663772e-04
1.883321448243503325e-04
1.934366637341411173e-04
1.985426162924748008e-04
2.036470107957468075e-04
2.087467024066237469e-04
2.138382661468283391e-04
2.189179275683015235e-04
2.239814956384527744e-04
2.290242334720570168e-04
2.340408643059783793e-04
2.390254554777485312e-04
2.439713905903313448e-04
2.488712714417147640e-04
2.537169718895355606e-04
2.584995695979758613e-04
2.632093635398214900e-04
2.678359108376206178e-04
2.723680091482319141e-04
2.767938454825417840e-04
2.811010180956870219e-04
2.852766507015907517e-04
2.893075258589960369e-04
2.931801585745169971e-04
2.968810387742782547e-04
3.003967336921703609e-04
3.037140774872295365e-04
3.068203691682663435e-04
3.097034964640007549e-04
3.123522184061655561e-04
3.147562883738934695e-04
3.169066498765736616e-04
3.187956228997629381e-04
3.204169982196093647e-04
3.217662731196955562e-04
3.228407093615331827e-04
3.236394474730959264e-04
3.241635954197205063e-04
3.244162125309620732e-04
3.244024192415554276e-04
3.241293215511754293e-04
3.236059823182922766e-04
3.228433610097726524e-04
3.218541491511338793e-04
3.206527252775652655e-04
3.192549337906290118e-04
3.176779134145742167e-04
3.159399024409318226e-04
3.140599554384741559e-04
3.120577843930093915e-04
3.099534485288783369e-04
3.077671073173413431e-04
3.055187696268569933e-04
3.032279801557399260e-04
3.009136416430625589e-04
2.985937177946505327e-04
2.962850161739950588e-04
2.940029885526569643e-04
2.917614941057218060e-04
2.895727071777971545e-04
2.874469334825219247e-04
2.853925164640534707e-04
2.834157742340590491e-04
2.815209145695919896e-04
2.797100926065077659e-04
2.779833913676596187e-04
2.763388894660622690e-04
2.747727583835377768e-04
2.732793379806602472e-04
2.718513394117105797e-04
2.704799699352872623e-04
2.691551382418457938e-04
2.678656187978117626e-04
2.665993241935889256e-04
2.653434910977784614e-04
2.640849191063460318e-04
2.628102098402072622e-04
2.615059594018898396e-04
2.601590323930660811e-04
2.587567376604626751e-04
2.572870351669684363e-04
2.557387259677039578e-04
2.541015832662429333e-04
2.523665438061279656e-04
2.505257956199407839e-04
2.485728829704500291e-04
2.465027860094360919e-04
2.443119390220159460e-04
2.419982975899607808e-04
2.395613076017060210e-04
2.370018879872836423e-04
2.343223903126774664e-04
2.315265049640060399e-04
2.286192141482326764e-04
2.256066618907153539e-04
2.224960424770009804e-04
2.192954754877150857e-04
2.160138422163436294e-04
2.126606721348403388e-04
2.092459664603973544e-04
2.057800483188559134e-04
2.022734118622376940e-04
1.987365491335384485e-04
1.951798309052632096e-04
1.916133444641713354e-04
1.880467650832176542e-04
1.844892370242020251e-04
1.809492459025961828e-04
1.774345462205516408e-04
1.739520615528544246e-04
1.705078214820949936e-04
1.671069140047066462e-04
1.637534374915072572e-04
1.604505043376039028e-04
1.572002265874410294e-04
1.540037358183940855e-04
1.508612183718497821e-04
1.477719517076542721e-04
1.447343835571290242e-04
1.417461952747171535e-04
1.388043912027101673e-04
1.359053972363269153e-04
1.330451558914308246e-04
1.302192506470227983e-04
1.274230108565138110e-04
1.246516303275656517e-04
1.219002850423594347e-04
1.191642392180938603e-04
1.164389654153737141e-04
1.137202393401226877e-04
1.110042357128884538e-04
1.082876135618662328e-04
1.055675827641455213e-04
1.028419723332413748e-04
1.001092702780287852e-04
9.736865647868287702e-05
9.462002037808355090e-05
9.186395846163580750e-05
8.910176819518882943e-05
8.633541693439145028e-05
8.356750423277350373e-05
8.080120694142122134e-05
7.804022226926309914e-05
7.528869334521003662e-05
7.255113197399103836e-05
6.983233578495629586e-05
6.713729918852160469e-05
6.447112875113360155e-05
6.183895323913407072e-05
5.924583908283809550e-05
5.669670975330912442e-05
5.419626910129502693e-05
5.174893550789827962e-05
4.935878061907420693e-05
4.702947923388272060e-05
4.476426891346731353e-05
4.256591889910544396e-05
4.043671154311955396e-05
3.837843194812377129e-05
3.639236865162268336e-05
3.447932354358804576e-05
3.263962990741070021e-05
3.087317903605264654e-05
2.917945240188954333e-05
2.755755969243433320e-05
2.600628086794685883e-05
2.452411095414595065e-05
2.310930664829304666e-05
2.175993304080036929e-05
2.047390970514061226e-05
1.924905492766546862e-05
1.808312731205368040e-05
1.697386369188531622e-05
1.591901308973529735e-05
1.491636599515964075e-05
1.396377870755714437e-05
1.305919281817137365e-05
1.220064922685590834e-05
1.138629762071175754e-05
1.061440108670222535e-05
9.883336410762948447e-06
9.191590763740307499e-06
8.537754598434312405e-06
7.920512270888847210e-06
7.338630292000318177e-06
6.790944062155694421e-06
6.276343921284674142e-06
5.793760425652898317e-06
5.342150301493953505e-06
4.920482892433515626e-06
4.527727770382988928e-06
4.162844060442161716e-06
3.824771194370388562e-06
3.512422084130600719e-06
3.224678268542243134e-06
2.960387301278393953e-06
2.718362514245250195e-06
2.497384618155983985e-06
2.296205622963890029e-06
2.113554393514009262e-06
1.948143943231693034e-06
1.798679785912333759e-06
1.663869554034265189e-06
1.542433185605098144e-06
1.433113492314273272e-06
1.334686879136269023e-06
1.245973609946450999e-06
1.165847722436802419e-06
1.093246025628817943e-06
1.027176048866212130e-06
9.667228176586717373e-07
9.110540583223946614e-07
8.594240370455249855e-07
8.111757209231947358e-07
7.657413207879754779e-07
7.226412990689749168e-07
6.814817063037780760e-07
6.419502170171579170e-07
6.038108019218895358e-07
5.668972767863469468e-07
5.311059745487270573e-07
4.963875908876367481e-07
4.627386499681626780e-07
4.301926560916715857e-07
3.988112206938927661e-07
3.686754265048399689e-07
3.398775103052661913e-07
3.125132238224661088e-07
2.866749068276745594e-07
2.624454534055957916e-07
2.398933012726030184e-07
2.190684214254521079e-07
1.999994651390369203e-07
1.826919740775714533e-07
1.671276535557684373e-07
1.532646630712189915e-07
1.410387697826862422e-07
1.303653352530428747e-07
1.211419384294387168e-07
1.132515124581359449e-07
1.065658560554529805e-07
1.009493193034990042e-07
9.626257378069943407e-08
9.236627822992064548e-08
8.912452644893396049e-08
8.640797681174536361e-08
8.409653298740536315e-08
8.208155609255182010e-08
8.026752309736228615e-08
7.857312112176974807e-08
7.693178899635810824e-08
7.529169211685068777e-08
7.361521888412597363e-08
7.187802084887301705e-08
7.006767962250794141e-08
6.818209239315583252e-08
6.622762918371925592e-08
6.421719563681860454e-08
6.216825485772117902e-08
6.010090215575922621e-08
5.803607696760159104e-08
5.599394528487232484e-08
5.399254504019411186e-08
5.204670149914651365e-08
5.016724679479045728e-08
4.836056147676885376e-08
4.662840658915072517e-08
4.496806515392205320e-08
4.337273598683412607e-08
4.183216295745576115e-08
4.033342914340208473e-08
3.886189920781097567e-08
3.740223406099400359e-08
3.593943473561113752e-08
3.445987283799029922e-08
3.295224103233032472e-08
3.140841206977855902e-08
2.982415202909454782e-08
2.819967106976269107e-08
2.653999207010553770e-08
2.485513595064499181e-08
2.316009907619304756e-08
2.147467247670136804e-08
1.982306964448384162e-08
1.823340490060090395e-08
1.673706010069667853e-08
1.536792472518200814e-08
1.416158659905171544e-08
1.315446280094500603e-08
1.238291705681545371e-08
1.188240047809534292e-08
1.168661166708137575e-08
1.182673244307647068e-08
1.233072974410417961e-08
1.322274918748138225e-08
1.452262250441072970e-08
1.624546690359885025e-08
1.840141570350953771e-08
2.099545006552750600e-08
2.402733718879183403e-08
2.749169086883556478e-08
3.137811393100348346e-08
3.567142299887545931e-08
4.035198289737033241e-08
4.539606071609615004e-08
5.077628816172119814e-08
5.646213497712191767e-08
6.242040634028818369e-08
6.861582193909065482e-08
7.501151912734663822e-08
8.156965298740122573e-08
8.825192666590384331e-08
9.502009223447783369e-08
1.018365211254758313e-07
1.086645989892863321e-07
1.154692290544836308e-07
1.222171880815310592e-07
1.288774133562943102e-07
1.354213651543555081e-07
1.418231218939901520e-07
1.480596179131102826e-07
1.541106710319241362e-07
1.599589249711017000e-07
1.655898980323521485e-07
1.709917010830002563e-07
1.761549635611178523e-07
1.810725223099404291e-07
1.857390485432945906e-07
1.901508486967287484e-07
1.943053179060687650e-07
1.982007026384390072e-07
2.018356429490018240e-07
2.052087136976230182e-07
2.083182339904788482e-07
2.111617469808533800e-07
2.137359201391290823e-07
2.160362576351768737e-07
2.180568733365939204e-07
2.197906100351166102e-07
2.212288367338084543e-07
2.223617374530148345e-07
2.231784118197701301e-07
2.236670504405194785e-07
2.238154714470189221e-07
2.236112945074093538e-07
2.230426012073545946e-07
2.220983501159361064e-07
2.207688176450283819e-07
2.190463438276428427e-07
2.169256350790849707e-07
2.144044838910907014e-07
2.114841576883744682e-07
2.081697367160197002e-07
2.044706702001335822e-07
2.004008233526166020e-07
1.959788589712810589e-07
1.912282352046184660e-07
1.861771064715403309e-07
1.808583826522561328e-07
1.753092841208112467e-07
1.695711853333927632e-07
1.636890987379412866e-07
1.577110814633073067e-07
1.516877963714232353e-07
1.456716588117093565e-07
1.397162741117255977e-07
1.338756112124452787e-07
1.282031705332758048e-07
1.227513439632685112e-07
1.175704961284037884e-07
1.127083613608159368e-07
1.082092954276990539e-07
1.041135979857865615e-07
1.004570676729195569e-07
9.727039606924459005e-08
9.457889015968728417e-08
9.240213368288374759e-08
9.075375628401732867e-08
8.964144725282808048e-08
8.906685835888657644e-08
8.902581907349979949e-08
8.950850737339303032e-08
9.049970982589297651e-08
9.197930451936158373e-08
9.392260290044160277e-08
9.630096846884599726e-08
9.908234279275283591e-08
1.022318016936971714e-07
1.057122973252645090e-07
1.094851699002461460e-07
1.135109068373818336e-07
1.177497246631082762e-07
1.221621136852956773e-07
1.267095439494126129e-07
1.313548315306640203e-07
1.360627543322928250e-07
1.408004065175720516e-07
1.455374715171238079e-07
1.502466656985300567e-07
1.549037497628229016e-07
1.594878361891012627e-07
1.639813791219699017e-07
1.683700784227049730e-07
1.726430037510524449e-07
1.767922294552911372e-07
1.808128513469637349e-07
1.847026648152782462e-07
1.884617879495390534e-07
1.920925819328381131e-07
1.955990562591227258e-07
1.989867599790047895e-07
2.022623343956141583e-07
2.054330552078064823e-07
2.085067529647535094e-07
2.114912013154433932e-07
2.143940870144355642e-07
2.172226384782407538e-07
2.199832761790733402e-07
2.226817031140413294e-07
2.253224317083310500e-07
2.279089610225844365e-07
2.304435882507164416e-07
2.329272478654409861e-07
2.353597789823645923e-07
2.377398422762537533e-07
2.400648561129912104e-07
2.423314138793198486e-07
2.445350412859067620e-07
2.466706580787257063e-07
2.487325930958395153e-07
2.507145951461639445e-07
2.526103308141688790e-07
2.544131520330149209e-07
2.561165893040639775e-07
2.577143455762947821e-07
2.592002665150352638e-07
2.605688067065363531e-07
2.618147093353254897e-07
2.629334389764473162e-07
2.639210788972158804e-07
2.647742004024721485e-07
2.654902474170536384e-07
2.660671012966586440e-07
2.665034339690758067e-07
2.667985095752730385e-07
2.669519683377818999e-07
2.669641512992991707e-07
2.668355928489244482e-07
2.665673364633075489e-07
2.661606970202273945e-07
2.656170212820923179e-07
2.649380111577209493e-07
2.641252144362960036e-07
2.631803622820164379e-07
2.621051561808586472e-07
2.609010649635042742e-07
2.595696935874553453e-07
2.581123232301848388e-07
2.565303028228103115e-07
2.548248916326641636e-07
2.529971147083521228e-07
2.510481824302036243e-07
2.489790869117787857e-07
2.467910345947144786e-07
2.444853303869161150e-07
2.420632698142880678e-07
2.395265736181146014e-07
2.368770101681659185e-07
2.341168235110525619e-07
2.312486178075204967e-07
2.282752433298580610e-07
2.252001957188603692e-07
2.220272261317849389e-07
2.187607179747244231e-07
2.154055358046496394e-07
2.119668738722689413e-07
2.084505872959389674e-07
2.048627738577132882e-07
2.012100797220174837e-07
1.974995069724867552e-07
1.937382254983162390e-07
1.899338377058990764e-07
1.860939489798466499e-07
1.822264165967292125e-07
1.783391411044726218e-07
1.744398704544504847e-07
1.705364262304206716e-07
1.666362995391298370e-07
1.627468751803992156e-07
1.588752433052687216e-07
1.550280308003596384e-07
1.512116203597000211e-07
1.474318039900577886e-07
1.436940088093079977e-07
1.400031536588201738e-07
1.363635276978367963e-07
1.327790181033161421e-07
1.292528326767147109e-07
1.257877348506530626e-07
1.223859484650975773e-07
1.190490823379375875e-07
1.157783635820516461e-07
1.125744206800499979e-07
1.094375192021590697e-07
1.063675022081822192e-07
1.033637462415309189e-07
1.004253872116135284e-07
9.755114610662344666e-08
9.473955134091006104e-08
9.198889792224337264e-08
8.929721823486633339e-08
8.666248738848827820e-08
8.408247483166223443e-08
8.155494192805957877e-08
7.907760659164715542e-08
7.664811681286229790e-08
7.426422730665402329e-08
7.192366606347026532e-08
6.962430132418319468e-08
6.736410441760901468e-08
6.514112011456496414e-08
6.295361188244200903e-08
6.079993850705875277e-08
5.867868961918812111e-08
5.658864466586980887e-08
5.452873894290871307e-08
5.249817847295625993e-08
5.049632581181581741e-08
4.852280585052148339e-08
4.657746132554686830e-08
4.466031511787953912e-08
4.277165649703764005e-08
4.091193585896275628e-08
3.908184213036430784e-08
3.728225469186974372e-08
3.551420155581514271e-08
3.377891754358257757e-08
3.207774658828715535e-08
3.041219118662817808e-08
2.878386012986510945e-08
2.719442217411763851e-08
2.564563782645221409e-08
2.413926938929213884e-08
2.267710600406498312e-08
2.126091036043171828e-08
1.989237215814743693e-08
1.857312138723924278e-08
1.730465232333369151e-08
1.608833518417318195e-08
1.492537201631756937e-08
1.381676108865340689e-08
1.276330660551945528e-08
1.176556792288990620e-08
1.082387370662277123e-08
9.938299714564168017e-09
9.108655936082508566e-09
8.334504405491351687e-09
7.615153266361979016e-09
6.949659443160890546e-09
6.336857599947196961e-09
5.775359749575270179e-09
5.263589934035605259e-09
4.799801015410054091e-09
4.382096664893659239e-09
4.008469165660759128e-09
3.676817062463296984e-09
3.384983516704404486e-09
3.130781242419655865e-09
2.912018430094982127e-09
2.726532817953319255e-09
2.572210064534636803e-09
2.447013791534644966e-09
2.349004564830152960e-09
2.276357319455618211e-09
2.227383540436963811e-09
2.200540227975187099e-09
2.194447171097482571e-09
2.207894939641764616e-09
2.239850769199074298e-09
2.289469242457586563e-09
2.356090585822086729e-09
2.439247562271099352e-09
2.538663537845593258e-09
2.654248199354032176e-09
2.786099402989175073e-09
2.934490827914575563e-09
3.099870067707856952e-09
3.282846224882508638e-09
3.484174261633065386e-09
3.704747588618687651e-09
3.945572246978367484e-09
4.207755362767278936e-09
4.492480372833152715e-09
4.800978711973307947e-09
5.134514524718354597e-09
5.494345859010083512e-09
5.881708259432344464e-09
6.297782861856454335e-09
6.743662725160738870e-09
7.220341346631967794e-09
7.728671627231105514e-09
8.269360564943637572e-09
8.842945640048406989e-09
9.449772142342811811e-09
1.009000502149533837e-08
1.076360109010409905e-08
1.147033348838451964e-08
1.220979078309076164e-08
1.298137734907912224e-08
1.378436074145837044e-08
1.461786143187588741e-08
1.548091201563759126e-08
1.637247686617732006e-08
1.729146920055307923e-08
1.823682643976676489e-08
1.920750151033177098e-08
2.020254169515726132e-08
2.122110769980004876e-08
2.226248392204652871e-08
2.332615929847298096e-08
2.441179262867324372e-08
2.551928733702647928e-08
2.664878412550551359e-08
2.780064001282456486e-08
2.897549459836403715e-08
3.017418817516289610e-08
3.139781774568258203e-08
3.264768947185887968e-08
3.392525614387564322e-08
3.523216458781465379e-08
3.657012210912111889e-08
3.794093662090383847e-08
3.934643255861394638e-08
4.078835336817098124e-08
4.226840259237824964e-08
4.378806925652436507e-08
4.534866988302144654e-08
4.695124471388782475e-08
4.859644376866811203e-08
5.028458589750202239e-08
5.201546323680245823e-08
5.378841274492722557e-08
5.560221770647334551e-08
5.745500327533657444e-08
5.934434485322828092e-08
6.126707685260977218e-08
6.321942600484536129e-08
6.519694560526098180e-08
6.719444735589916314e-08
6.920618873784719568e-08
7.122570735228283041e-08
7.324604049703580247e-08
7.525970883562554409e-08
7.725869740955954434e-08
7.923473219114945046e-08
8.117914057614972637e-08
8.308315455150295974e-08
8.493793198747760466e-08
8.673456908286741735e-08
8.846444052099896622e-08
9.011905472529665591e-08
9.169040093959147095e-08
9.317096388553638407e-08
9.455372006419071530e-08
9.583248539476300704e-08
9.700171403315897628e-08
9.805682918650480076e-08
9.899417695170125465e-08
9.981095582183485701e-08
1.005055160023682823e-07
1.010770641414207992e-07
1.015259328542524177e-07
1.018534453096932236e-07
1.020617585443208287e-07
1.021540925852335977e-07
1.021343449614986078e-07
1.020072949204553141e-07
1.017783948739499468e-07
1.014535518316377418e-07
1.010392662944630709e-07
1.005424019061666996e-07
9.996995330922814719e-08
9.932921541213354325e-08
9.862735107103943870e-08
9.787156320027676560e-08
9.706887026659672356e-08
9.622589169278424320e-08
9.534903313278608905e-08
9.444409246186370464e-08
9.351646135063453595e-08
9.257094683439036332e-08
9.161160943368526080e-08
9.064199116620416209e-08
8.966478895637565067e-08
8.868210457389808734e-08
8.769533101012813349e-08
8.670505712400418367e-08
8.571134640110399851e-08
8.471348475427356952e-08
8.371027938436678890e-08
8.270000827158651177e-08
8.168038542791877631e-08
8.064887962008106444e-08
7.960252310384726337e-08
7.853824034506591852e-08
7.745283819405862981e-08
7.634300533400196794e-08
7.520563889619889757e-08
7.403768046034033918e-08
7.283643478236959567e-08
7.159955938842994129e-08
7.032505508975063542e-08
6.901155261464373967e-08
6.765813197321194625e-08
6.626458270475610565e-08
6.483134927336933756e-08
6.335947225393621266e-08
6.185079398127279929e-08
6.030773205904799723e-08
5.873345114622856723e-08
5.713174581006375067e-08
5.550692172891904669e-08
5.386391314111750931e-08
5.220801849650296589e-08
5.054499325307508923e-08
4.888089210370676154e-08
4.722191871192816594e-08
4.557448674060618009e-08
4.394495916712790300e-08
4.233970355404294905e-08
4.076494047647577480e-08
3.922660868865242250e-08
3.773041636194144790e-08
3.628162911256599131e-08
3.488513059046356340e-08
3.354531566099383830e-08
3.226600357382011779e-08
3.105051005293707821e-08
2.990150383528104248e-08
2.882109221259030773e-08
2.781076902300883855e-08
2.687137950131219937e-08
2.600321821805453842e-08
2.520594567096969447e-08
2.447869640846268255e-08
2.382007028559181253e-08
2.322813507198231698e-08
2.270054265141532245e-08
2.223448628890428226e-08
2.182682314982548793e-08
2.147409330880192555e-08
2.117254520353593012e-08
2.091826294835225560e-08
2.070714673356306529e-08
2.053504296466072207e-08
2.039777698501803870e-08
2.029118741603309924e-08
2.021125541149661952e-08
2.015408931348740821e-08
2.011605010929109185e-08
2.009377846192759121e-08
2.008421759899954119e-08
2.008472602570976228e-08
2.009304140336725040e-08
2.010738019921455371e-08
2.012643438714469398e-08
2.014935931301097302e-08
2.017584895122221110e-08
2.020605776756253015e-08
2.024065819259853276e-08
2.028079292729069010e-08
2.032801833439005646e-08
2.038433818881548351e-08
2.045208379712266582e-08
2.053393586740459875e-08
2.063284384648236569e-08
2.075194117950471494e-08
2.089455950066592642e-08
2.106409131010180778e-08
2.126400538916331467e-08
2.149776323899061628e-08
2.176873664617437322e-08
2.208023522165202698e-08
2.243537931305984733e-08
2.283713869682802456e-08
2.328826976356434817e-08
2.379125430426244954e-08
2.434835957756395626e-08
2.496152865194551713e-08
2.563245217189105883e-08
2.636252625768983617e-08
2.715280737505425419e-08
2.800410263414155895e-08
2.891686212664716105e-08
2.989127633325973452e-08
3.092723904601831040e-08
3.202430179641424783e-08
3.318178627009193034e-08
3.439866005344180341e-08
3.567365507298196501e-08
3.700522553124049109e-08
3.839149476039469322e-08
3.983039395806693234e-08
4.131951637654633278e-08
4.285626686916817686e-08
4.443781912761781780e-08
4.606106130528288428e-08
4.772277609875957287e-08
4.941947740793226899e-08
5.114760560863468942e-08
5.290348995096755034e-08
5.468329730695235826e-08
5.648323175463821729e-08
5.829949693769567867e-08
6.012824205886766342e-08
6.196581604182529054e-08
6.380855972128900127e-08
6.565306746001263898e-08
6.749613265580292457e-08
6.933467130976232066e-08
7.116600066409258792e-08
7.298757384857664267e-08
7.479725717524224665e-08
7.659323561313468052e-08
7.837389295422425489e-08
8.013809644510992772e-08
8.188485774617505912e-08
8.361361331878759540e-08
8.532408096561974621e-08
8.701609217047308929e-08
8.868988123977745196e-08
9.034567665718214206e-08
9.198399061636287525e-08
9.360543726874820873e-08
9.521053093745184207e-08
9.679999427356907447e-08
9.837429863715108728e-08
9.993398032828765000e-08
1.014794403378726014e-07
1.030107283160407521e-07
1.045278879678496588e-07
1.060304661023475603e-07
1.075178722988523044e-07
1.089891771435102024e-07
1.104428977246508100e-07
1.118773937068522894e-07
1.132903592416087194e-07
1.146792374573215885e-07
1.160410289549357421e-07
1.173720901945195109e-07
1.186685893080964225e-07
1.199259922757841425e-07
1.211395402379332858e-07
1.223040777436896032e-07
1.234138737133624777e-07
1.244631421411305450e-07
1.254455324079646511e-07
1.263546715967633184e-07
1.271840169844142940e-07
1.279267031416936692e-07
1.285761210594783507e-07
1.291254141108593871e-07
1.295680714992332570e-07
1.298977951940777876e-07
1.301083610937040541e-07
1.301942283104253867e-07
1.301500266710431904e-07
1.299711642760843331e-07
1.296536811509797169e-07
1.291940955887345505e-07
1.285899954108789774e-07
1.278394928691306030e-07
1.269417953286492305e-07
1.258970127013115657e-07
1.247059587723723249e-07
1.233706760224226191e-07
1.218938439252616337e-07
1.202792718762610019e-07
1.185316458433682343e-07
1.166562764030282334e-07
1.146595336372150469e-07
1.125482246102184187e-07
1.103299991342272124e-07
1.080130548644957356e-07
1.056058570998339471e-07
1.031174955879630153e-07
1.005570776010748219e-07
9.793406946600641979e-08
9.525800580861913952e-08
9.253822767335136342e-08
8.978419505392993703e-08
8.700495121385187542e-08
8.420943463433656444e-08
8.140623878274957633e-08
7.860340965454543179e-08
7.580874360781488982e-08
7.302935949580704674e-08
7.027200202538078922e-08
6.754287425410922665e-08
6.484750852611156727e-08
6.219105630825459472e-08
5.957797090236555607e-08
5.701229839787438115e-08
5.449757440630392957e-08
5.203675345121367879e-08
4.963247565662390444e-08
4.728683605490243813e-08
4.500164295923429304e-08
4.277835281258813475e-08
4.061802993222849332e-08
3.852156887297472792e-08
3.648951938985404762e-08
3.452229335940220772e-08
3.262011343109660114e-08
3.078298053912562362e-08
2.901084059551452014e-08
2.730344376284805519e-08
2.566049457781725100e-08
2.408160333340068736e-08
2.256625302141925263e-08
2.111391398519522270e-08
1.972392993687390609e-08
1.839561977661330054e-08
1.712823295031724384e-08
1.592091869563741271e-08
1.477280201019665781e-08
1.368289692099929612e-08
1.265017486136384971e-08
1.167352998318011595e-08
1.075175682521134787e-08
9.883602381476939591e-09
9.067707665103733152e-09
8.302656311098966779e-09
7.586953944760591434e-09
6.919017768451384873e-09
6.297211486608134970e-09
5.719833235037442458e-09
5.185112138675779912e-09
4.691242473848750276e-09
4.236363693642345213e-09
3.818593474035360183e-09
3.436027102124663530e-09
3.086742543585257796e-09
2.768827927162197184e-09
2.480375823906997022e-09
2.219508878488732641e-09
1.984384515587120472e-09
1.773202409636058750e-09
1.584224045815011402e-09
1.415771934480533263e-09
1.266245959094068940e-09
1.134126500499195654e-09
1.017978068468070728e-09
9.164588072107540369e-10
8.283172277543212235e-10
7.523979218744116848e-10
6.876388180614035225e-10
6.330679495332577918e-10
5.878033800663446817e-10
5.510450247486370181e-10
5.220720343727457411e-10
5.002350713355414994e-10
4.849484288312345345e-10
4.756852110923822666e-10
4.719673805292092562e-10
4.733610673543713957e-10
4.794690674284757937e-10
4.899240627229592469e-10
5.043860380523843173e-10
5.225357802324680019e-10
5.440746057265932825e-10
5.687219798450566708e-10
5.962141084372609794e-10
6.263076655063794170e-10
6.587785971572424946e-10
6.934279833559586512e-10
7.300844973660607979e-10
7.686068651170266071e-10
8.088916245826589327e-10
8.508729934195506534e-10
8.945302804955169809e-10
9.398892279238457637e-10
9.870217557146187337e-10
1.036051097179672998e-09
1.087145382249539606e-09
1.140519912896762020e-09
1.196430787133581339e-09
1.255166033826520365e-09
1.317043558529580966e-09
1.382394537789925584e-09
1.451558623569467103e-09
1.524869092675568432e-09
1.602636179146362741e-09
1.685140860520109186e-09
1.772611897017105780e-09
1.865220236047744817e-09
1.963062766525392864e-09
2.066146015676267792e-09
2.174385724287353562e-09
2.287586864056437506e-09
2.405448197566184464e-09
2.527554687574060446e-09
2.653371191578724695e-09
2.782257720922432572e-09
2.913459840793992574e-09
3.046130876737700474e-09
3.179337889546978628e-09
3.312068576731928516e-09
3.443264160317083848e-09
3.571819036421085663e-09
3.696618324918550300e-09
3.816552425026826673e-09
3.930530475628428362e-09
4.037522387790284217e-09
4.136557804587187736e-09
4.226767487250193626e-09
4.307394142307382462e-09
4.377799850840146124e-09
4.437503320756289511e-09
4.486165891582927273e-09
4.523623201192064379e-09
4.549880713840746892e-09
4.565104954842671210e-09
4.569645403934024687e-09
4.564001373534439008e-09
4.548836861224103076e-09
4.524957632726370802e-09
4.493285294484666613e-09
4.454863021705164870e-09
4.410807616774934604e-09
4.362311011504019655e-09
4.310606284956266301e-09
4.256933485743758017e-09
4.202538201079157706e-09
4.148621175277272650e-09
4.096337866831541496e-09
4.046766772823610344e-09
4.000880307276221089e-09
3.959549141361123977e-09
3.923502516593492397e-09
3.893337996746417309e-09
3.869503503547943710e-09
3.852283064443652551e-09
3.841815970750526936e-09
3.838074189049046713e-09
3.840888066475678552e-09
3.849945151949733806e-09
3.864791765120840079e-09
3.884867233654067784e-09
3.909494970649128251e-09
3.937920768201403603e-09
3.969322148530593839e-09
4.002818127290602764e-09
4.037510781943820062e-09
4.072479676959971667e-09
4.106823235351637092e-09
4.139667656748863335e-09
4.170174026510171159e-09
4.197576891123800028e-09
4.221171510953568970e-09
4.240348832894988321e-09
4.254595035940468043e-09
4.263488344302558632e-09
4.266727636926931010e-09
4.264107443865323850e-09
4.255541901269507747e-09
4.241052148139041953e-09
4.220751537777442377e-09
4.194859738927022470e-09
4.163684033160808289e-09
4.127599213719808148e-09
4.087059885088453683e-09
4.042560937735317825e-09
3.994647528036491614e-09
3.943890734711144169e-09
3.890863409729082669e-09
3.836148161365818610e-09
3.780297198712963423e-09
3.723840620833269185e-09
3.667263479577048287e-09
3.610984649267378237e-09
3.555367239309168124e-09
3.500685367572611287e-09
3.447137737272789256e-09
3.394833431250773733e-09
3.343780784183526712e-09
3.293906928158073943e-09
3.245037720925248635e-09
3.196922262400324588e-09
3.149232145684752759e-09
3.101563927785784450e-09
3.053470310538741636e-09
3.004453948666631504e-09
2.954002193364570759e-09
2.901597049669480837e-09
2.846726652053471237e-09
2.788921453415046973e-09
2.727753453262155158e-09
2.662870712948709859e-09
2.594006086670918127e-09
2.520984663979196789e-09
2.443750467588886996e-09
2.362357002490679261e-09
2.276986606649010696e-09
2.187944296745577325e-09
2.095648854892757960e-09
2.000638598752362033e-09
1.903545445285631652e-09
1.805092731634638117e-09
1.706071858303574673e-09
1.607317993988694411e-09
1.509698667889066652e-09
1.414079554267242803e-09
1.321311287376554520e-09
1.232202945059024851e-09
1.147498523460545704e-09
1.067866293549271092e-09
9.938752166782501696e-10
9.259901285099806248e-10
8.645606987834115786e-10
8.098155978808844990e-10
7.618682755279761963e-10
7.207154812779230076e-10
6.862503594879123703e-10
6.582716324832261481e-10
6.364960329464941873e-10
6.205784530478892043e-10
6.101246009174581497e-10
6.047126426801240668e-10
6.039088746730675017e-10
6.072824623021225311e-10
6.144238593152743274e-10
6.249529277587427784e-10
6.385326353702135948e-10
6.548745737552934017e-10
6.737414170198887066e-10
6.949525184669741983e-10
7.183780905117688136e-10
7.439402649441929769e-10
7.716064189415792505e-10
8.013808677772083496e-10
8.333028944477148516e-10
8.674340380205914091e-10
9.038565080692286012e-10
9.426651022649318785e-10
9.839595093140251882e-10
1.027846423755128561e-09
1.074429831602636224e-09
1.123815788061530374e-09
1.176109223296540173e-09
1.231410551536619261e-09
1.289823429042860603e-09
1.351445988856651979e-09
1.416378399111435483e-09
1.484718329089887730e-09
1.556554156472956554e-09
1.631970680406485476e-09
1.711032595495611380e-09
1.793788133056611872e-09
1.880257396474635098e-09
1.970418657527222691e-09
2.064212219797366200e-09
2.161518210662052910e-09
2.262162950692693124e-09
2.365909040114353600e-09
2.472446323583458727e-09
2.581408465004437998e-09
2.692359514699730963e-09
2.804819035604667974e-09
2.918268215222462889e-09
3.032157878365030854e-09
3.145947783854803840e-09
3.259106927893718679e-09
3.371158514880264646e-09
3.481697190099008738e-09
3.590403803114832039e-09
3.697091795730600176e-09
3.801700306092118526e-09
3.904333891901253606e-09
4.005262504811173871e-09
4.104912929801080503e-09
4.203891541582290924e-09
4.302941271750639778e-09
4.402949686107870832e-09
4.504910305903969362e-09
4.609875341241025413e-09
4.718946571543909398e-09
4.833196270874668584e-09
4.953652330107464399e-09
5.081238369624183413e-09
5.216713105117529076e-09
5.360657717633917430e-09
5.513425381433717984e-09
5.675095498551318257e-09
5.845491027564336993e-09
6.024124370439368050e-09
6.210237168542042739e-09
6.402796117019594158e-09
6.600496549933283585e-09
6.801840073546529697e-09
7.005126362670594899e-09
7.208550193039251934e-09
7.410239934227993641e-09
7.608296360479669007e-09
7.800907298627237595e-09
7.986350708042470764e-09
8.163107678877840117e-09
8.329894882738469814e-09
8.485686268211779876e-09
8.629809393025594215e-09
8.761905775851180728e-09
8.882006595956706601e-09
8.990511408589353151e-09
9.088151961330585711e-09
9.176034777184360323e-09
9.255536134651824707e-09
9.328323789602132774e-09
9.396278130681557830e-09
9.461404303484168437e-09
9.525834316562791778e-09
9.591682290569539263e-09
9.661042078422753647e-09
9.735889349636186705e-09
9.817984555850133808e-09
9.908879764516584791e-09
1.000978182072696063e-08
1.012157338732827221e-08
1.024474251365847482e-08
1.037931976589520689e-08
1.052493162585366701e-08
1.068070644301065607e-08
1.084535202767646592e-08
1.101713837008085054e-08
1.119388867719520633e-08
1.137309610462534867e-08
1.155187918859082621e-08
1.172712067318229349e-08
1.189549917385967514e-08
1.205352451000038752e-08
1.219770327243312164e-08
1.232452163452017021e-08
1.243061841206082411e-08
1.251283216946229212e-08
1.256824336112054279e-08
1.259434350897772748e-08
1.258900001845932063e-08
1.255060961975143585e-08
1.247810803033070531e-08
1.237096645319353801e-08
1.222930540946943917e-08
1.205379517124133472e-08
1.184573632693615658e-08
1.160699218313820790e-08
1.133990835542154592e-08
1.104734062998259957e-08
1.073248487189215344e-08
1.039887768989655468e-08
1.005026677207121079e-08
9.690481557391970398e-09
9.323408806639288874e-09
8.952808853146328975e-09
8.582293647020360261e-09
8.215207950475503508e-09
7.854528489454676488e-09
7.502864670102826615e-09
7.162343024758043502e-09
6.834637299437952956e-09
6.520930739475374478e-09
6.221902400485644076e-09
5.937800461476606616e-09
5.668425402261764725e-09
5.413228926822488165e-09
5.171355073855531825e-09
4.941693632326142685e-09
4.722993476915453666e-09
4.513892213036154995e-09
4.313025030699871242e-09
4.119073145952727371e-09
3.930807687480943705e-09
3.747167891740258458e-09
3.567259783071433900e-09
3.390407704312944292e-09
3.216149269324854935e-09
3.044221564019294150e-09
2.874571663168000708e-09
2.707305076197487776e-09
2.542678508933938242e-09
2.381054005814243629e-09
2.222854426277007422e-09
2.068545694158739749e-09
1.918582553163204209e-09
1.773396892884331542e-09
1.633367183591242232e-09
1.498798014491053535e-09
1.369925167522394130e-09
1.246900908754709807e-09
1.129811598690032262e-09
1.018683553534491613e-09
9.134950919130956128e-10
8.142017977451074035e-10
7.207449521851193500e-10
6.330741738734574028e-10
5.511562554192917031e-10
4.749812771364211385e-10
4.045693723933691568e-10
3.399625756946979972e-10
2.812195216739719908e-10
2.283997562286689580e-10
1.815456056047819366e-10
1.406643387121049700e-10
1.057061709214427048e-10
7.654715513056040659e-11
5.297340600875526156e-11
3.467116968618044356e-11
2.122398843789287628e-11
1.211650422260687110e-11
6.746888157939514066e-12
4.446596918066436293e-12
4.507201895950595782e-12
6.212761807950503108e-12
8.875720326691138304e-12
1.187420781122866752e-11
1.468805454111633508e-11
1.693087342130812419e-11
1.837589882764357131e-11
1.897306391886669545e-11
1.885563934348378925e-11
1.833554319147746512e-11
1.788632819657824376e-11
1.811485318381541920e-11
1.972224881852836106e-11
2.345631166302144569e-11
3.005814683330498029e-11
4.020556500566691890e-11
5.445749392571711255e-11
7.320235074387029259e-11
9.661384150780636262e-11
1.246184988264560062e-10
1.568752810045926507e-10
1.927721950927074603e-10
2.314382182238018797e-10
2.717708442958705415e-10
3.124817869478378554e-10
3.521517317093447706e-10
3.893002331007591430e-10
4.224592339524159358e-10
4.502483532552371716e-10
4.714534496414761660e-10
4.850911856093580378e-10
4.904709534018250980e-10
4.872371338158106354e-10
4.753939691659765909e-10
4.553172531916096375e-10
4.277374301642836439e-10
3.937117433281895509e-10
3.545726277835965640e-10
3.118615136954220474e-10
2.672552846665634969e-10
2.224792964057642450e-10
1.792238971175420516e-10
1.390598546997353855e-10
1.033624460204651033e-10
7.324932827205499132e-11
4.953191391186142643e-11
3.268750874486526707e-11
2.285047604056588791e-11
1.982446260671928183e-11
2.311445177160035568e-11
3.197573093560681344e-11
4.547728395848560497e-11
6.257471035276256054e-11
8.218772294293111642e-11
1.032780268640641070e-10
1.249203812323195690e-10
1.463647354942395102e-10
1.670829176810009738e-10
1.867972365302007210e-10
2.054916714763840370e-10
2.233998002335144437e-10
2.409768221915324481e-10
2.588522078774042058e-10
2.777682312673025174e-10
2.985124444097704643e-10
3.218410529792236568e-10
3.484086874413207222e-10
3.787015740974313673e-10
4.129820130366351545e-10
4.512538623936583416e-10
4.932403254246260794e-10
5.383908964164153753e-10
5.859053247640812184e-10
6.347776031431432400e-10
6.838658415446524823e-10
7.319654762765792691e-10
7.779036719124218102e-10
8.206294091997542973e-10
8.592996603795817632e-10
8.933667557736910888e-10
9.226348969342560213e-10
9.473122293923294613e-10
9.680276469348742698e-10
9.858198970987518716e-10
1.002111058021218056e-09
1.018634611604169858e-09
1.037357787783088028e-09
1.060371542089206728e-09
1.089765894918327150e-09
1.127511389093826902e-09
1.175320358752465000e-09
1.234536735359294370e-09
1.306027519151698574e-09
1.390094991076624787e-09
1.486433133429034515e-09
1.594090153396440270e-09
1.711490923134829455e-09
1.836475799421191074e-09
1.966368751780077084e-09
2.098097340735210291e-09
2.228299677717214846e-09
2.353484476592466819e-09
2.470174356517127437e-09
2.575046003868894209e-09
2.665093929684420130e-09
2.737730340524262606e-09
2.790911287601453318e-09
2.823201878851103650e-09
2.833808516825642889e-09
2.822614650033592084e-09
2.790129621924473046e-09
2.737461879459973767e-09
2.666229616947686755e-09
2.578452133331424112e-09
2.476462102181122862e-09
2.362760603010830312e-09
2.239923676192243322e-09
2.110483721030841539e-09
1.976828264939407895e-09
1.841145369060522845e-09
1.705351521668417772e-09
1.571082856736289657e-09
1.439684556998213857e-09
1.312225362550268279e-09
1.189548657868507886e-09
1.072309215650204193e-09
9.610433176118114149e-10
8.562225276041944675e-10
7.583048219668412368e-10
6.677846899266421591e-10
5.852164393315893999e-10
5.112208306670680120e-10
4.464786443147783717e-10
3.916928974251288347e-10
3.475434070487502820e-10
3.146204479244271718e-10
2.933507010184610018e-10
2.839246366833783144e-10
2.862221751892016839e-10
2.997557254856205622e-10
3.236274285143248650e-10
3.565096711157541194e-10
3.966572458670629023e-10
4.419425183607788508e-10
4.899270591053765773e-10
5.379560261316505406e-10
5.832743359852689615e-10
6.231665101429481772e-10
6.550944065109814985e-10
6.768458082317385303e-10
6.866655199072282476e-10
6.833666637490309994e-10
6.664234571920858491e-10
6.360159730608795753e-10
5.930486465649656415e-10
5.391175225023838018e-10
4.764363778963792668e-10
4.077308641807257079e-10
3.360889711378596076e-10
2.647957532242480212e-10
1.971463032514087298e-10
1.362563856746464432e-10
8.488336350899531927e-11
4.526299536283862448e-11
1.897951164486114642e-11
6.873128703852160194e-12
8.994162000920590287e-12
2.460658704801652952e-11
5.224129805878589569e-11
8.979673111461945387e-11
1.346805018930884692e-10
1.839823610521531239e-10
2.346697860024430731e-10
2.837886849789435941e-10
3.286619453334855257e-10
3.670666140697810880e-10
3.973785890029390325e-10
4.186804973634189762e-10
4.308128491692273689e-10
4.343790243806663035e-10
4.306905080393586982e-10
4.216605017257547949e-10
4.096585446789922366e-10
3.973219911689505512e-10
3.873536655816323592e-10
3.823062358273322197e-10
3.843743251488049022e-10
3.952140854565254494e-10
4.157913669746099370e-10
4.462851384493781613e-10
4.860419285340143981e-10
5.335901640084579026e-10
5.867217543630955137e-10
6.426208096445027841e-10
6.980515739992858587e-10
7.495766718964393164e-10
7.937966221116014665e-10
8.276052916378499834e-10
8.484191744861926247e-10
8.543936088669765281e-10
8.445847836159515851e-10
8.190549170433465838e-10
7.789229472236722341e-10
7.263286295262224926e-10
6.643424472545869871e-10
5.967994934404543228e-10
5.280791859421865203e-10
4.628508868458116837e-10
4.057833217531254760e-10
3.612587685006053781e-10
3.330942978880314071e-10
3.242973488434915299e-10
3.368758033370647951e-10
3.717057697225856746e-10
4.284798318769172404e-10
5.057298623000232218e-10
6.009264250877629426e-10
7.106559179281156660e-10
8.308469614068993739e-10
9.570515980420326900e-10
1.084742984482276836e-09
1.209612642474149425e-09
1.327862246855615897e-09
1.436433394402289524e-09
1.533201149135167154e-09
1.617078959491315855e-09
1.688038867251941009e-09
1.747067248985425754e-09
1.796007228423342830e-09
1.837360571727885388e-09
1.874011018639761679e-09
1.908909748394037630e-09
1.944771618158654055e-09
1.983747748525751156e-09
2.027171926183984902e-09
2.075343830960013299e-09
2.127391900102348937e-09
2.181257180132144816e-09
2.233739785578179763e-09
2.280687595359913779e-09
2.317252467804352128e-09
2.338224306864086939e-09
2.338451095874498593e-09
2.313244642526406622e-09
2.258828250438022746e-09
2.172720499837473562e-09
2.054054008789614559e-09
1.903826836294475718e-09
1.724996631576429665e-09
1.522480395011814932e-09
1.302988541127064992e-09
1.074726724718281784e-09
8.469899224006901477e-10
6.296323574152196048e-10
4.324881323814719736e-10
2.647456358148829547e-10
1.343354921345455863e-10
4.737307315599246997e-11
7.689506440703083631e-12
1.649578497019008879e-11
7.220450712783232784e-11
1.704305250631460494e-10
3.041782749319465030e-10
4.642109388613307681e-10
6.395810115509465149e-10
8.183005880975667911e-10
9.880961471225922097e-10
1.137219209481967517e-09
1.255240733076892722e-09
1.333778016387455961e-09
1.367119776762285197e-09
1.352664744140726954e-09
1.291182002866182579e-09
1.186829188510976913e-09
1.046935809140932664e-09
8.815713808984987107e-10
7.028870813134288708e-10
5.243082430210189409e-10
3.595981977869696995e-10
2.218720125901575174e-10
1.226286692141508517e-10
7.086216497539727437e-11
7.232924420561617557e-11
1.290258990995841031e-10
2.389221084419852350e-10
3.959856490063840860e-10
5.905016746469447296e-10
8.096849751266652094e-10
1.038547430045587603e-09
1.260967610161251357e-09
1.460910322494955246e-09
1.623684427426879556e-09
1.737187875826519716e-09
1.793013917658419896e-09
1.787342544645058678e-09
1.721563347621828888e-09
1.602520065338683667e-09
1.442396716535880269e-09
1.258182864134619499e-09
1.070755349334686948e-09
9.036295845562003579e-10
7.814157140403121001e-10
7.281093611217601262e-10
7.652969397200452202e-10
9.104092855216779783e-10
1.175153617134745430e-09
1.564221539680728794e-09
2.074406663909045146e-09
2.694192809428955125e-09
3.403868652661488090e-09
4.176228200306240054e-09
4.977769642930928711e-09
5.770436976930707841e-09
6.513731862699886932e-09
7.167096331991400290e-09
7.692504236205384964e-09
8.056931973849886442e-09
8.234748148818712210e-09
8.209679719666514401e-09
7.976275665511260183e-09
7.540833334516702742e-09
6.921498205863992942e-09
6.147731993605810778e-09
5.258954683097907286e-09
4.302507777989112660e-09
3.331077945601584766e-09
2.399603006860440363e-09
1.561979573075721558e-09
8.676710826512785923e-10
3.584930261243343933e-10
6.578367038763141747e-11
8.143250729651296841e-12
1.899323231007075727e-10
6.006472297354342995e-10
1.215249091095310790e-09
1.995466531041091160e-09
2.892006705995754571e-09
3.847588267855495274e-09
4.800599315598698124e-09
5.689154112023939579e-09
6.455348888606209212e-09
7.049328537750328268e-09
7.433019524184115671e-09
7.583140330577178877e-09
7.493300136210919259e-09
7.175077518159869846e-09
6.657802045856397268e-09
5.987189783067903428e-09
5.222716566677300013e-09
4.433929858101457547e-09
3.695936677715370632e-09
3.084235235272015927e-09
2.669334595720892682e-09
2.511428047987728147e-09
2.655533335167704147e-09
3.127465990665528717e-09
3.930912625526347880e-09
5.045923653440910678e-09
6.428948218830313411e-09
8.014494058840583114e-09
9.718443953209103241e-09
1.144276205998445187e-08
1.308150789480423331e-08
1.452767094595457854e-08
1.568044547208772347e-08
1.645260274700214865e-08
1.677720118402049504e-08
1.661347041348296027e-08
1.595114611268933800e-08
1.481299737566437867e-08
1.325538436221387216e-08
1.136642884611114027e-08
9.262102688927108991e-09
7.080120852175029247e-09
4.972056349508990104e-09
3.094120080325756554e-09
1.597035132287069315e-09
6.157481561164718528e-10
2.595656647704950556e-10
6.034415869054336662e-10
1.681044051045357426e-09
3.480158377185341286e-09
5.940878479605610742e-09
8.956860101318997860e-09
1.237971013295314440e-08
1.602647143419474201e-08
1.968981772224611871e-08
2.315044453005023411e-08
2.619111555904288306e-08
2.861125936814081830e-08
3.024153980487573601e-08
3.095712682345958126e-08
3.068882873210343647e-08
2.943139130810202694e-08
2.724784068228309232e-08
2.426979596616542717e-08
2.069307147318097816e-08
1.676873362126361129e-08
1.278995663353475248e-08
9.075012394143262666e-09
5.947503215832861625e-09
3.714728470248667512e-09
2.645574877272943326e-09
2.949321008017982254e-09
4.756771340432989426e-09
8.105180149729373770e-09
1.292822136042869804e-08
1.905206424177025330e-08
2.619839919247197708e-08
3.399469880042907937e-08
4.199191007992847158e-08
4.968898217078204854e-08
5.656338578748833958e-08
6.210655894494602479e-08
6.586219012565797177e-08
6.746590821542307098e-08
6.668374265532405366e-08
6.344726132440743094e-08
5.788332982890865098e-08
5.033588003342456498e-08
4.137839420898737519e-08
3.181516348303890127e-08
2.267056110206765941e-08
1.516592624867185111e-08
1.068404895601712830e-08
1.072228855638827136e-08
1.683563565256005104e-08
3.057182647611747923e-08
5.340109146611482141e-08
8.664340994740363011e-08
1.313966861342243823e-07
1.884690947623034891e-07
2.583188839671850184e-07
3.410052230682250531e-07
4.361520865232857261e-07
5.429285399984831787e-07
6.600461291288821753e-07
7.857744997698576472e-07
9.179763419268860057e-07
1.054158952541272656e-06
1.191543319048678623e-06
1.327146289826337028e-06
1.457873642434326461e-06
1.580621521158840687e-06
1.692379872399721760e-06
1.790336494370736862e-06
1.871975111641286803e-06
1.935164535737674123e-06
1.978235474815318026e-06
2.000040548347913738e-06
