2.998932648E+1
2.977701378E+1
2.958616447E+1
2.941431046E+1
2.920947266E+1
2.902430916E+1
2.884470558E+1
2.867230034E+1
2.849135971E+1
2.818992043E+1
2.797762489E+1
2.782299232E+1
2.762848663E+1
2.746347046E+1
2.728354073E+1
2.708487892E+1
2.691559792E+1
2.670207405E+1
2.642417908E+1
2.624783325E+1
2.604082870E+1
2.585099792E+1
2.565424347E+1
2.545514107E+1
2.515747070E+1
2.497727776E+1
2.477997780E+1
2.457369995E+1
2.442210770E+1
2.417891312E+1
2.398876953E+1
2.379503059E+1
2.361850929E+1
2.341895294E+1
2.320932961E+1
2.303869438E+1
2.281004333E+1
2.266899300E+1
2.245314026E+1
2.229509163E+1
2.209791756E+1
2.190972137E+1
2.161463737E+1
2.140015030E+1
2.120685005E+1
2.102594376E+1
2.083819771E+1
2.064833260E+1
2.044716835E+1
2.026165771E+1
2.007619476E+1
1.983055687E+1
1.964322281E+1
1.946964645E+1
1.930028915E+1
1.906588364E+1
1.891142654E+1
1.868282700E+1
1.838870621E+1
1.817800903E+1
1.802543640E+1
1.783530045E+1
1.763776016E+1
1.744502831E+1
1.723341560E+1
1.705397987E+1
1.685400963E+1
1.655364227E+1
1.639951515E+1
1.621192360E+1
1.602638435E+1
1.584343243E+1
1.563866901E+1
1.545094299E+1
1.522341061E+1
1.504399967E+1
1.486583328E+1
1.463975525E+1
1.449024487E+1
1.433009624E+1
1.400332451E+1
1.377280712E+1
1.357295513E+1
1.339954567E+1
1.320430946E+1
1.299548721E+1
1.282389259E+1
1.263621235E+1
1.241881180E+1
1.223946381E+1
1.201472759E+1
1.180891418E+1
1.161928272E+1
1.143824196E+1
1.124712753E+1
1.105018711E+1
1.085805988E+1
1.063107681E+1
1.046483517E+1
1.026289082E+1
1.008012676E+1
9.844404221E+0
9.665361404E+0
9.481980324E+0
9.197607994E+0
9.018887520E+0
8.768292427E+0
8.562655449E+0
8.396301270E+0
8.226870537E+0
8.017220497E+0
7.815143108E+0
7.591212273E+0
7.397538185E+0
7.150489807E+0
7.006697655E+0
6.803100586E+0
6.581603527E+0
6.419990540E+0
6.199189186E+0
5.995569229E+0
5.791208744E+0
5.606040478E+0
5.431611061E+0
5.217100620E+0
5.035982132E+0
4.846883297E+0
4.630693436E+0
4.450070381E+0
4.249703884E+0
4.035166740E+0
3.824153662E+0
3.658136129E+0
3.418641567E+0
3.266246557E+0
3.046985149E+0
2.852790356E+0
2.679440022E+0
2.470835447E+0
2.247628927E+0
1.981074572E+0
1.787567377E+0
1.583184242E+0
1.372656941E+0
1.167882323E+0
9.995399117E-1
7.777031064E-1
5.960790515E-1
4.050058424E-1
1.952218711E-1
4.930963740E-2
-1.790351272E-1
-3.568463922E-1
-5.899262428E-1
-7.648153901E-1
-9.738369584E-1
-1.162442684E+0
-1.347790718E+0
-1.577666283E+0
-1.746666431E+0
-1.959850788E+0
-2.163118362E+0
-2.333530903E+0
-2.517219305E+0
-2.754876375E+0
-2.946233749E+0
-3.124573231E+0
-3.372649670E+0
-3.546310663E+0
-3.756015778E+0
-3.940818310E+0
-4.139571190E+0
-4.329397678E+0
-4.501783371E+0
-4.735599041E+0
-4.946972370E+0
-5.131583691E+0
-5.360819817E+0
-5.553637505E+0
-5.749322891E+0
-5.954621792E+0
-6.182783604E+0
-6.337891579E+0
-6.568319321E+0
-6.746701241E+0
-6.945521355E+0
-7.135164261E+0
-7.337010860E+0
-7.536626816E+0
-7.727382183E+0
-7.924083233E+0
-8.120899200E+0
-8.432814598E+0
-8.595159531E+0
-8.809795380E+0
-8.986447334E+0
-9.231485367E+0
-9.427766800E+0
-9.630678177E+0
-9.842667580E+0
-1.002834034E+1
-1.023481655E+1
-1.044975090E+1
-1.067596436E+1
-1.088057804E+1
-1.107078266E+1
-1.130818176E+1
-1.150484180E+1
-1.169600105E+1
-1.170960045E+1
-1.197774982E+1
-1.220425892E+1
-1.239564514E+1
-1.258987617E+1
-1.279275703E+1
-1.297258282E+1
-1.317776299E+1
-1.340266037E+1
-1.357863426E+1
-1.377649879E+1
-1.398049259E+1
-1.418356228E+1
-1.436565208E+1
-1.457259083E+1
-1.482993698E+1
-1.498698807E+1
-1.519165802E+1
-1.543801498E+1
-1.558962440E+1
-1.578182793E+1
-1.597986126E+1
-1.617735100E+1
-1.639271355E+1
-1.659222412E+1
-1.675877380E+1
-1.695463562E+1
-1.717010307E+1
-1.734581184E+1
-1.757569313E+1
-1.776045418E+1
-1.796620941E+1
-1.817046356E+1
-1.834782791E+1
-1.857766342E+1
-1.879478645E+1
-1.894661331E+1
-1.915666771E+1
-1.938243294E+1
-1.954097557E+1
-1.975743675E+1
-1.990038490E+1
-2.012045097E+1
-2.035700035E+1
-2.053317833E+1
-2.076573563E+1
-2.093988419E+1
-2.113553810E+1
-2.133339119E+1
-2.166459084E+1
-2.179228973E+1
-2.204684830E+1
-2.219295120E+1
-2.242520523E+1
-2.262502670E+1
-2.282400131E+1
-2.299206352E+1
-2.320403671E+1
-2.338848305E+1
-2.360146523E+1
-2.379408264E+1
-2.399338531E+1
-2.419470787E+1
-2.440848732E+1
-2.458700180E+1
-2.476607132E+1
-2.494795227E+1
-2.516796303E+1
-2.536478424E+1
-2.558321571E+1
-2.575778580E+1
-2.594244576E+1
-2.614622879E+1
-2.633069229E+1
-2.653585052E+1
-2.675841522E+1
-2.692505074E+1
-2.713054466E+1
-2.731904030E+1
-2.756783104E+1
-2.773780441E+1
-2.790111160E+1
-2.811509323E+1
-2.833277512E+1
-2.848534203E+1
-2.880955505E+1
-2.897205925E+1
-2.919374275E+1
-2.937069321E+1
-2.959099579E+1
-2.978036499E+1
-3.000605583E+1
