3.001880836E+1
2.981508636E+1
2.958967590E+1
2.942010880E+1
2.923279572E+1
2.903611565E+1
2.882970810E+1
2.863268852E+1
2.850637817E+1
2.831768417E+1
2.812749863E+1
2.781513977E+1
2.765632629E+1
2.744007301E+1
2.726449966E+1
2.707589531E+1
2.687415123E+1
2.660988235E+1
2.642914009E+1
2.621194458E+1
2.601657486E+1
2.585287857E+1
2.565287971E+1
2.544043159E+1
2.527837372E+1
2.508295250E+1
2.477161598E+1
2.456960297E+1
2.437114334E+1
2.415608406E+1
2.396615791E+1
2.377919197E+1
2.360057449E+1
2.338871956E+1
2.322327614E+1
2.302277946E+1
2.283759880E+1
2.263071632E+1
2.243433762E+1
2.221511459E+1
2.210108376E+1
2.191122246E+1
2.159545708E+1
2.142081642E+1
2.123218155E+1
2.103371048E+1
2.085134506E+1
2.066177177E+1
2.044950676E+1
2.025406647E+1
2.006519318E+1
1.985363197E+1
1.964307976E+1
1.946144295E+1
1.925267220E+1
1.909065247E+1
1.891058159E+1
1.868142891E+1
1.851130295E+1
1.820107651E+1
1.801668930E+1
1.782964897E+1
1.763839912E+1
1.742568207E+1
1.722310448E+1
1.707815933E+1
1.688337517E+1
1.669393158E+1
1.641917801E+1
1.620666885E+1
1.603446960E+1
1.582526588E+1
1.566509438E+1
1.549093151E+1
1.526753426E+1
1.508373642E+1
1.476162148E+1
1.460891438E+1
1.440457821E+1
1.418730164E+1
1.401374817E+1
1.379563713E+1
1.360731697E+1
1.340222549E+1
1.318577957E+1
1.301505947E+1
1.282057667E+1
1.261888027E+1
1.241876984E+1
1.222811031E+1
1.203602219E+1
1.185010529E+1
1.164710045E+1
1.146506500E+1
1.124832821E+1
1.106793213E+1
1.085390091E+1
1.066271400E+1
1.047582722E+1
1.015669632E+1
9.957416534E+0
9.775821686E+0
9.584418297E+0
9.398633957E+0
9.188630104E+0
9.003971100E+0
8.781109810E+0
8.581051826E+0
8.380198479E+0
8.213537216E+0
7.976016045E+0
7.785634518E+0
7.607138157E+0
7.385450363E+0
7.187585831E+0
6.985764027E+0
6.789192200E+0
6.609781742E+0
6.411592007E+0
6.253314972E+0
6.036901474E+0
5.818611622E+0
5.601140022E+0
5.420749664E+0
5.209353924E+0
5.018066883E+0
4.799523354E+0
4.621148109E+0
4.432110310E+0
4.224063396E+0
4.037883282E+0
3.843187571E+0
3.659235239E+0
3.470413923E+0
3.259859562E+0
3.071116447E+0
2.862275839E+0
2.680862188E+0
2.494424105E+0
2.290387630E+0
2.075016022E+0
1.868156672E+0
1.700632691E+0
1.458063483E+0
1.303221226E+0
1.085355759E+0
8.971960545E-1
6.934075952E-1
4.935818911E-1
1.916353554E-1
1.111775916E-2
-1.952007562E-1
-4.088199139E-1
-5.621156693E-1
-7.516291142E-1
-1.003626943E+0
-1.188359976E+0
-1.386103630E+0
-1.586616755E+0
-1.759423137E+0
-1.974092245E+0
-2.171459675E+0
-2.367740154E+0
-2.559248924E+0
-2.757789135E+0
-2.969882250E+0
-3.136139154E+0
-3.372307539E+0
-3.589294195E+0
-3.817269325E+0
-4.004300117E+0
-4.219892502E+0
-4.393749237E+0
-4.559538841E+0
-4.797639370E+0
-4.983573914E+0
-5.177121162E+0
-5.395996094E+0
-5.575163364E+0
-5.812346935E+0
-6.030183792E+0
-6.233729839E+0
-6.404321671E+0
-6.622952461E+0
-6.817281246E+0
-6.983012676E+0
-7.197864532E+0
-7.405023098E+0
-7.595661640E+0
-7.783005238E+0
-8.016477585E+0
-8.206524849E+0
-8.396024704E+0
-8.551094055E+0
-8.804161072E+0
-8.958092690E+0
-9.180678368E+0
-9.401135445E+0
-9.581687927E+0
-9.794681549E+0
-1.001007462E+1
-1.021656036E+1
-1.040904140E+1
-1.065986824E+1
-1.083454132E+1
-1.108073616E+1
-1.125516891E+1
-1.144991589E+1
-1.165547466E+1
-1.189525795E+1
-1.190110683E+1
-1.210071659E+1
-1.238504410E+1
-1.257760715E+1
-1.280269527E+1
-1.302559376E+1
-1.318843079E+1
-1.341388893E+1
-1.360065746E+1
-1.380686474E+1
-1.403029442E+1
-1.423583794E+1
-1.443334389E+1
-1.463994980E+1
-1.485486031E+1
-1.503783894E+1
-1.524547482E+1
-1.539294243E+1
-1.564713001E+1
-1.585190392E+1
-1.606364059E+1
-1.624765778E+1
-1.645204926E+1
-1.666682243E+1
-1.681638718E+1
-1.703492737E+1
-1.722564125E+1
-1.745744324E+1
-1.762557793E+1
-1.784768295E+1
-1.805639648E+1
-1.820712090E+1
-1.841036987E+1
-1.862580872E+1
-1.883440208E+1
-1.903281403E+1
-1.921480560E+1
-1.939545250E+1
-1.962308884E+1
-1.978741455E+1
-2.002934265E+1
-2.018517876E+1
-2.035617828E+1
-2.058023643E+1
-2.078037071E+1
-2.097664070E+1
-2.119526863E+1
-2.137864685E+1
-2.158065605E+1
-2.177300835E+1
-2.201168060E+1
-2.214891052E+1
-2.235453033E+1
-2.256654739E+1
-2.274133110E+1
-2.294624329E+1
-2.316070938E+1
-2.336893654E+1
-2.359318733E+1
-2.375395203E+1
-2.394858551E+1
-2.412831116E+1
-2.441949272E+1
-2.465317726E+1
-2.486126709E+1
-2.501945496E+1
-2.522920036E+1
-2.543470573E+1
-2.560856056E+1
-2.581750107E+1
-2.600963211E+1
-2.625212669E+1
-2.643934631E+1
-2.660252762E+1
-2.680348206E+1
-2.697053146E+1
-2.724105835E+1
-2.743669128E+1
-2.762518501E+1
-2.781592941E+1
-2.799963570E+1
-2.819468307E+1
-2.839251709E+1
-2.857854462E+1
-2.879451942E+1
-2.896295357E+1
-2.915223885E+1
-2.937157059E+1
-2.958851051E+1
-2.976973915E+1
-2.995568275E+1
