2.996475792E+1
2.975513840E+1
2.957582855E+1
2.936686707E+1
2.918834686E+1
2.900583458E+1
2.881277657E+1
2.864575768E+1
2.846957207E+1
2.828257751E+1
2.812369537E+1
2.779431343E+1
2.761352730E+1
2.744847298E+1
2.726167870E+1
2.707424927E+1
2.688317871E+1
2.660190773E+1
2.644362831E+1
2.622706223E+1
2.605286217E+1
2.583650208E+1
2.564274406E+1
2.548244858E+1
2.528476143E+1
2.508592987E+1
2.489939499E+1
2.458514214E+1
2.437721252E+1
2.419208527E+1
2.399489021E+1
2.379234123E+1
2.361021042E+1
2.340529823E+1
2.320288467E+1
2.303207779E+1
2.281401443E+1
2.262397194E+1
2.246374893E+1
2.225393105E+1
2.208525467E+1
2.186105537E+1
2.158588409E+1
2.141949463E+1
2.121637535E+1
2.099624252E+1
2.087305260E+1
2.066116524E+1
2.046950912E+1
2.020089912E+1
2.002153778E+1
1.977727127E+1
1.960412025E+1
1.939744949E+1
1.919455719E+1
1.902042007E+1
1.879896164E+1
1.861829948E+1
1.839904404E+1
1.822981644E+1
1.803756714E+1
1.782062531E+1
1.762419510E+1
1.742997551E+1
1.726648903E+1
1.706043816E+1
1.686830902E+1
1.667576218E+1
1.646812057E+1
1.627955055E+1
1.608938026E+1
1.581158257E+1
1.560826302E+1
1.541637421E+1
1.522978020E+1
1.501710892E+1
1.483462811E+1
1.463589191E+1
1.443272209E+1
1.424710846E+1
1.406235123E+1
1.386366749E+1
1.365656757E+1
1.345938110E+1
1.327529049E+1
1.304001904E+1
1.285394192E+1
1.266585541E+1
1.238974285E+1
1.218633652E+1
1.196590233E+1
1.183014107E+1
1.164177704E+1
1.141616249E+1
1.121237183E+1
1.102425194E+1
1.084866238E+1
1.064811897E+1
1.045789814E+1
1.025985050E+1
1.007284832E+1
9.852637291E+0
9.675988197E+0
9.482960701E+0
9.288044930E+0
9.082293510E+0
8.886094093E+0
8.601336479E+0
8.387550354E+0
8.192969322E+0
8.001709938E+0
7.809494495E+0
7.618913651E+0
7.418219090E+0
7.200817585E+0
7.032551765E+0
6.809283257E+0
6.616123676E+0
6.405502319E+0
6.216271877E+0
6.045315266E+0
5.856286526E+0
5.619785309E+0
5.467863560E+0
5.266776085E+0
5.070625782E+0
4.843888283E+0
4.657679081E+0
4.458545208E+0
4.265757084E+0
4.078867912E+0
3.898301363E+0
3.581966877E+0
3.367606878E+0
3.230156422E+0
3.016676664E+0
2.821703196E+0
2.583871841E+0
2.424104929E+0
2.219369888E+0
2.011304140E+0
1.805208564E+0
1.645620584E+0
1.440591455E+0
1.237212181E+0
1.038641572E+0
8.624650240E-1
6.450160146E-1
4.176487625E-1
2.675316632E-1
7.785964012E-2
-1.700162292E-1
-3.549261689E-1
-5.520132780E-1
-7.085521817E-1
-9.465460777E-1
-1.144146919E+0
-1.316067934E+0
-1.572502255E+0
-1.720111728E+0
-1.926324964E+0
-2.258509398E+0
-2.424990892E+0
-2.631129742E+0
-2.844531059E+0
-3.018905163E+0
-3.236485958E+0
-3.415033340E+0
-3.625710487E+0
-3.868162632E+0
-4.085947990E+0
-4.239858150E+0
-4.435554504E+0
-4.648442268E+0
-4.860016823E+0
-5.054451942E+0
-5.268419266E+0
-5.472042084E+0
-5.703114510E+0
-5.872501850E+0
-6.074154377E+0
-6.067218781E+0
-6.369071007E+0
-6.568115711E+0
-6.782572269E+0
-6.969694138E+0
-7.198682308E+0
-7.369929790E+0
-7.564657211E+0
-7.745722771E+0
-7.964195251E+0
-8.139626503E+0
-8.364330292E+0
-8.533654213E+0
-8.750664711E+0
-8.954575539E+0
-9.155519485E+0
-9.347132683E+0
-9.536216736E+0
-9.771319389E+0
-9.953433990E+0
-1.014841652E+1
-1.042920208E+1
-1.061087894E+1
-1.078134441E+1
-1.100979328E+1
-1.119694042E+1
-1.140984631E+1
-1.159767246E+1
-1.181640339E+1
-1.201736641E+1
-1.222901058E+1
-1.242533493E+1
-1.264585781E+1
-1.282585907E+1
-1.301556110E+1
-1.322117710E+1
-1.339683342E+1
-1.361556053E+1
-1.383762646E+1
-1.405755806E+1
-1.421797085E+1
-1.442614841E+1
-1.463222790E+1
-1.483850098E+1
-1.503879642E+1
-1.519880867E+1
-1.547045517E+1
-1.562151146E+1
-1.583005333E+1
-1.603103638E+1
-1.626555061E+1
-1.643926811E+1
-1.665553474E+1
-1.681474495E+1
-1.701103401E+1
-1.721727753E+1
-1.739833069E+1
-1.761198616E+1
-1.781274796E+1
-1.800582504E+1
-1.818418312E+1
-1.840464783E+1
-1.857783699E+1
-1.879701233E+1
-1.897903633E+1
-1.918081856E+1
-1.938425064E+1
-1.957807350E+1
-1.977236938E+1
-1.998114014E+1
-2.016971970E+1
-2.039081001E+1
-2.054941940E+1
-2.077451706E+1
-2.094655800E+1
-2.114761925E+1
-2.135708427E+1
-2.156694984E+1
-2.173420334E+1
-2.194132614E+1
-2.209748459E+1
-2.232970619E+1
-2.253174973E+1
-2.274143982E+1
-2.303016663E+1
-2.323210335E+1
-2.343668938E+1
-2.363608551E+1
-2.384212875E+1
-2.402629852E+1
-2.427674103E+1
-2.441232300E+1
-2.463022041E+1
-2.484149361E+1
-2.503308487E+1
-2.520285797E+1
-2.542751694E+1
-2.559612656E+1
-2.583390236E+1
-2.599648094E+1
-2.617520142E+1
-2.637917328E+1
-2.661790848E+1
-2.681481171E+1
-2.701670647E+1
-2.715772629E+1
-2.738068008E+1
-2.754949188E+1
-2.775784683E+1
-2.796722603E+1
-2.817608261E+1
-2.836411095E+1
-2.857574463E+1
-2.875489616E+1
-2.892470551E+1
-2.917725563E+1
-2.936066055E+1
-2.955988884E+1
-2.974909019E+1
-2.994898605E+1
