4.920405057642395255e-06
4.465351030616070862e-06
4.546176129824234952e-06
5.220063143651995172e-06
5.819160518993531791e-06
5.615228982256877494e-06
4.641552465691646020e-06
3.796784196589352041e-06
4.038127310270688541e-06
5.421980688975525480e-06
6.980101757034159789e-06
7.623528340715771468e-06
7.204518443075094869e-06
6.645043316295506835e-06
6.964680200943835006e-06
8.217800741388188795e-06
9.528839069043118520e-06
1.029335732100348392e-05
1.126961305734649227e-05
1.418098645953199466e-05
1.989860966942158754e-05
2.694207338101270956e-05
3.212824756726267127e-05
3.330618011091836304e-05
3.188466703492919886e-05
3.260043326067683310e-05
4.036178915131488756e-05
5.707085821933523229e-05
8.200537760128075377e-05
1.163637480985573282e-04
1.681058931390760067e-04
2.513815223074916476e-04
3.781062204169465370e-04
5.458141241489843217e-04
7.305962622915046197e-04
8.922592023575051656e-04
9.910602211329637076e-04
1.006837742728975988e-03
9.486041274225179851e-04
8.482653966318503668e-04
7.423968615934457707e-04
6.536437100677877469e-04
5.829436763931761072e-04
5.159227969923431455e-04
4.373840393198431971e-04
3.434200873482360543e-04
2.438134511114477081e-04
1.549465383209101094e-04
8.960540455209593130e-05
5.082096514091201254e-05
3.270269864813086369e-05
2.595528294291491467e-05
2.332222664677925037e-05
2.163528544461340973e-05
2.048471298735672489e-05
1.985811117935544772e-05
1.898355202641230098e-05
1.683656587169086067e-05
1.319476836176794820e-05
8.961120306413624214e-06
5.474157686732562441e-06
3.528293403560765094e-06
2.965272249266722875e-06
3.047709116094142300e-06
3.130827813543136311e-06
3.023452550765388683e-06
2.852647898792656306e-06
2.720799286413105183e-06
2.540525996861656475e-06
2.157314587131492709e-06
1.561422219347571094e-06
9.422727729668202174e-07
5.389159437790323595e-07
4.484886692587301879e-07
5.719416089194512281e-07
7.225663750269561587e-07
7.744909447299555555e-07
7.212775138124795505e-07
6.250826318880633799e-07
5.362565982596696560e-07
4.627427148923906861e-07
3.948839955639365757e-07
3.352712816278887935e-07
2.963112168676426368e-07
2.785497973859972230e-07
2.657894285052527602e-07
2.465629378080831087e-07
2.337956928862092061e-07
2.533777254332869085e-07
3.095168987078172114e-07
3.660279414773085696e-07
3.701962615551803955e-07
3.009593477429318866e-07
1.941462017758861880e-07
1.168736983202454834e-07
1.125046144209035788e-07
1.668243760975610427e-07
2.257299055457680207e-07
2.454993197924383247e-07
2.275143367517746521e-07
2.074643927264999769e-07
2.143257149905567818e-07
2.414287369833123224e-07
2.561570334100060559e-07
2.349931321994221757e-07
1.872767484491182851e-07
1.453093907398148083e-07
1.331016776928349296e-07
1.456145147244019602e-07
1.572286247391951947e-07
1.482574130666669636e-07
1.222889560649060336e-07
9.912111424773611470e-08
9.339477001056948523e-08
1.015547211997805347e-07
1.086459174467132606e-07
1.053239712804861176e-07
9.643088224698797208e-08
9.329438673344862037e-08
9.959908834434630809e-08
1.065778709090966211e-07
1.023502965678167567e-07
8.501062774218984567e-08
6.549594744389448421e-08
5.729010140371786059e-08
6.354982836609197561e-08
7.444592585709582734e-08
7.685756896263709611e-08
6.645099049777035373e-08
5.063009764892392365e-08
4.052458230365321813e-08
4.068972322395714256e-08
4.629842712481196164e-08
4.926871067205107067e-08
4.614625592984014580e-08
4.003301277818425879e-08
3.586367515719837806e-08
3.496876772569505619e-08
3.458993395317474102e-08
3.204767368740956369e-08
2.842391790717476834e-08
2.774380112235196659e-08
3.283941413951785406e-08
4.245292566607115646e-08
5.235395704229972988e-08
5.878049247993163956e-08
6.043783425718331177e-08
5.758069862459424132e-08
5.033050669136164939e-08
3.901544231941346178e-08
2.629923270344437594e-08
1.787748586445322963e-08
1.938048197083654010e-08
3.132338257119931295e-08
4.697655296016019989e-08
5.618186292823682009e-08
5.269981924809610968e-08
3.891803803714211385e-08
2.366333831715049002e-08
1.493484455853689135e-08
1.392419041226001671e-08
1.537845608263082371e-08
1.346376154586128940e-08
7.413234998795270573e-09
1.870613498758406341e-09
2.088759435199289521e-09
8.845871009279550842e-09
1.777547981794321452e-08
2.331978947122715810e-08
2.326657205690822790e-08
1.975692009330738308e-08
1.639592823424599567e-08
1.473043002948793333e-08
1.346097637126718625e-08
1.064680480456704279e-08
6.214898633098756725e-09
2.147187985000321282e-09
3.933598615341894298e-10
9.023727424578701640e-10
1.854633585523247138e-09
1.749982866571878117e-09
1.090665508613426477e-09
1.906265486759846939e-09
5.634694804824419241e-09
1.151178895329186170e-08
1.703094953314996869e-08
1.994086709367944214e-08
1.982001228335978670e-08
1.785481864134870922e-08
1.531570203775762249e-08
1.242991983662592339e-08
8.756360674203326999e-09
4.503943841796857772e-09
1.238585863623309912e-09
1.054657215533804937e-09
4.847004867003094752e-09
1.124824865253503219e-08
1.723543404765813128e-08
1.996090809207970397e-08
1.838894134868439281e-08
1.361674079724604330e-08
7.903286516418751026e-09
3.334423205931135976e-09
1.036541538272184987e-09
1.158408721888086918e-09
3.229666006918923325e-09
6.454080050442057028e-09
9.845871044304133938e-09
1.238675965616750728e-08
1.331330295416881455e-08
1.240371367078374865e-08
1.003929277855300712e-08
6.974632483961186201e-09
3.984349623469191933e-09
1.629294682931253083e-09
2.520782066399694082e-10
1.135083816184810506e-10
1.482728233850075642e-09
4.545175924061423551e-09
9.138838287539314574e-09
1.448561731505676196e-08
1.916846857617953147e-08
2.153589608246391664e-08
2.046496875808497324e-08
1.609578157818768122e-08
1.001488597519806209e-08
4.611933260828594534e-09
1.877237967238139346e-09
2.358026066973486803e-09
4.952105549678656051e-09
7.663250360009884739e-09
8.789679897395435062e-09
7.778990719504281970e-09
5.310890330931054306e-09
2.732987557709921913e-09
1.304147575718712772e-09
1.628925016819238486e-09
3.424998155890663222e-09
5.643521111775736073e-09
6.960571760880220330e-09
6.542102271027328502e-09
4.682448646959170828e-09
2.745204939717304899e-09
2.197327120111724279e-09
3.336536939658637197e-09
4.848757229580721979e-09
4.867042353396751943e-09
2.869766022272692960e-09
7.004672155647826506e-10
1.414674742456577586e-09
6.524712841673787704e-09
1.396980061833235524e-08
1.898013680405045446e-08
1.767272269714666176e-08
1.057550110065499932e-08
2.836124857374913026e-09
4.229521285974283648e-10
5.199655479785723762e-09
1.313112669611717709e-08
1.750537045212626450e-08
1.471686573975388887e-08
7.647502720897342101e-09
3.458630566080819844e-09
7.394182537309231452e-09
1.786866540008228655e-08
2.729082888057097602e-08
2.823645842923862383e-08
1.984858296625095227e-08
8.916614157100630837e-09
4.502308968751452858e-09
1.051155125340098302e-08
2.246619683103150598e-08
3.124980092793764432e-08
3.073066713605423247e-08
2.290751303990731475e-08
1.631328650071854093e-08
1.901854354941712125e-08
3.196194371980458539e-08
4.793549889141364089e-08
5.689489926568856498e-08
5.331212886731747619e-08
3.997894052070448235e-08
2.573565492454982108e-08
1.926756861326712901e-08
2.367188653030888400e-08
3.531749285622385282e-08
4.703043036278209672e-08
5.275733354393481741e-08
5.051838907140204954e-08
4.234026518219619376e-08
3.210471061407558888e-08
2.322102685058423707e-08
1.745509001868157837e-08
1.503161953302912136e-08
1.532472827682760484e-08
1.743894038144166931e-08
2.043183481756500911e-08
2.332671085842769229e-08
2.516433177642775080e-08
2.521526688183575747e-08
2.328616225066472281e-08
1.992037354593388600e-08
1.627965462536615848e-08
1.364143623440566398e-08
1.271785283858602792e-08
1.321739996870273673e-08
1.400558827432718999e-08
1.383413359219637436e-08
1.216171900611556108e-08
9.471629907909257687e-09
6.857454594490016713e-09
5.224007692143360091e-09
4.741367448171307721e-09
4.934200791756543037e-09
5.219911915159736404e-09
5.352377199625680936e-09
5.401051306414073114e-09
5.401868603571888771e-09
5.141422085858397062e-09
4.356682271569400546e-09
3.143314006647843383e-09
2.084328885902396429e-09
1.853099083769555913e-09
2.592377951613384625e-09
3.671114966792169353e-09
4.134673718747230184e-09
3.522313196673384595e-09
2.331796064300624892e-09
1.667862845399028851e-09
2.321076763218247971e-09
4.051329580137940328e-09
5.706468678075314451e-09
6.102126103814922551e-09
4.940132731069545713e-09
3.015026438924018702e-09
1.563871380175506885e-09
1.318823696686172545e-09
2.028000825018952239e-09
2.777481613184211651e-09
2.780396698273273103e-09
1.964688414181558382e-09
9.278229723895750730e-10
3.790905200400372697e-10
5.752859321734128728e-10
1.187629243983041831e-09
1.635752494675501090e-09
1.557559677730020324e-09
1.035052333669259353e-09
4.499744342386073937e-10
1.482679650413138494e-10
2.035282821941587002e-10
4.382020249250731745e-10
6.342528833370215032e-10
7.325790136360276879e-10
8.634256483095303190e-10
1.203782260663990586e-09
1.790893058603507977e-09
2.442389060418232682e-09
2.845264858319282209e-09
2.752054332535724524e-09
2.148886939902262848e-09
1.280364887177321412e-09
5.120881997273896856e-10
1.190512398137952952e-10
1.368358659519307970e-10
3.701318834808462685e-10
5.468507338153481109e-10
5.077320053978098730e-10
2.996198156758013888e-10
1.122110840455758278e-10
1.129316205292803128e-10
3.091634284299854234e-10
5.448233925721182094e-10
6.334236272299938229e-10
5.202971225675950337e-10
3.387794226485395156e-10
3.063228170256572809e-10
5.385650275047920220e-10
9.365187906290017606e-10
1.253067141461004215e-09
1.297912145853488947e-09
1.112086374889724949e-09
9.504652890673036439e-10
1.064962922145400650e-09
1.462264557226346071e-09
1.855975237294566559e-09
1.882970454658212923e-09
1.419854985978235776e-09
7.235496748098100306e-10
2.493030528033378927e-10
2.785363504787435248e-10
6.751136150491338385e-10
9.990141372403243505e-10
8.975101863378025471e-10
4.337930539609368875e-10
4.813335319591477761e-11
1.669136226265024137e-10
8.013021617105278431e-10
1.505340510688280539e-09
1.749127966749943672e-09
1.382059079382362971e-09
7.662963305290856260e-10
4.520404345541117509e-10
6.848289076937535600e-10
1.193469690095589487e-09
1.451369319796316487e-09
1.166479770399697702e-09
5.442774443288657677e-10
8.407268250096271646e-11
1.093790280061337857e-10
4.807914005408687762e-10
7.590657376065384142e-10
6.503368071009457860e-10
2.941434949641393290e-10
1.111161305656313263e-10
3.613319788416943485e-10
8.550565260984755575e-10
1.117462395314097027e-09
8.658739229462346567e-10
3.380844701541218871e-10
1.297809247010574185e-10
6.572410973285519033e-10
1.729402986412679527e-09
2.638359616239979325e-09
2.718083282796928763e-09
1.896166812535048982e-09
7.614313051934609482e-10
9.190260434051871353e-11
2.501882825728822550e-10
9.479405930298443776e-10
1.541860379071946289e-09
1.570550369103724075e-09
1.073060980175805283e-09
4.648276602371419336e-10
1.416344376932785557e-10
1.801641571544313798e-10
3.607215112406239152e-10
4.259956359030297366e-10
3.060345291039064986e-10
1.242329695455675111e-10
3.148585963557693502e-11
6.076896757178104272e-11
1.345629698023713721e-10
1.837892807735871321e-10
2.332590214614681417e-10
3.646463868362159033e-10
6.065083974159930397e-10
8.744577790728878353e-10
1.027119437963904903e-09
9.843399477322464235e-10
7.951170360026904160e-10
5.950359091845781980e-10
4.967510740888200207e-10
5.114560163566936035e-10
5.615799854172742315e-10
5.609122618712177032e-10
4.871017657008426369e-10
3.900302681961634742e-10
3.396461326431631971e-10
3.631414881726283338e-10
4.223493904076491502e-10
4.469116324492923227e-10
3.970438430842517397e-10
3.074755573371031332e-10
2.734776256501954858e-10
3.785736098982573736e-10
6.120484396160488675e-10
8.472793006854009027e-10
9.192117736221526601e-10
7.603813893166745777e-10
4.887998426270321729e-10
3.557297426970160291e-10
5.659287026663730999e-10
1.100090944998285300e-09
1.690889238522860428e-09
1.992618025871763871e-09
1.823170332808486054e-09
1.287618568793146779e-09
6.857438045219041280e-10
2.861929910663989224e-10
1.571800061326060322e-10
1.808149192551428742e-10
2.065979983430013079e-10
1.831366440117350839e-10
1.533399213018896815e-10
1.524509038695111784e-10
1.480030438205407158e-10
1.017708960561266875e-10
7.966069793424212861e-11
2.563993165193468022e-10
7.575601439631143604e-10
1.467722660699432529e-09
2.015399686965034166e-09
2.013585853578304120e-09
1.390961753060010397e-09
5.240964971880928762e-10
1.595637208681511120e-11
2.625321703005010383e-10
1.146930802758906183e-09
2.113205483680533220e-09
2.566427485976830885e-09
2.283887528381694769e-09
1.527469007461963210e-09
8.033404691978151973e-10
4.911904564672228786e-10
6.315254971246066628e-10
9.884445729195735110e-10
1.274516944733119272e-09
1.334940272470560505e-09
1.182772963257439934e-09
9.280437641116919327e-10
7.017359980436303409e-10
6.171269966803799550e-10
7.370526535518341104e-10
1.022812313202127675e-09
1.310102898933912616e-09
1.384108667727358863e-09
1.147654557817222263e-09
7.590552807927595880e-10
5.935957326882636830e-10
1.009721469763358761e-09
2.078819106466550805e-09
3.496224492194118592e-09
4.758153120216412778e-09
5.471571264594300694e-09
5.556046634926429379e-09
5.197130803980331553e-09
4.627175124796480314e-09
3.944433841416767594e-09
3.118596846102818153e-09
2.141483116749638630e-09
1.148928193495370879e-09
3.825820137465951045e-10
2.477499160883989962e-11
6.168886437095412093e-11
2.981643521371003909e-10
5.038276834363571540e-10
5.583454282759002645e-10
4.831338108114815311e-10
3.633041875005116295e-10
2.558334778175504151e-10
1.662978271649119254e-10
8.903192234676062653e-11
4.350460136610108376e-11
6.116926448348047210e-11
1.448841717884610429e-10
2.554078027075658089e-10
3.432345863207211471e-10
3.872914476455691051e-10
3.946216646707582845e-10
3.665746524173971765e-10
2.845044917683360058e-10
1.491572177078549183e-10
3.641742996288935431e-11
8.960973653760647510e-11
4.164194447875155029e-10
9.623123107926846077e-10
1.485961649822890306e-09
1.694645429642958290e-09
1.455184795990355112e-09
9.097356168807145590e-10
3.875055333886957512e-10
1.705689290767946283e-10
2.983915804276606460e-10
5.655272912478112958e-10
7.043070025507390072e-10
5.931132523366977914e-10
3.223380066820378099e-10
8.407771443866295914e-11
1.539960542647878713e-12
4.842231495402507330e-11
1.093879635837188080e-10
1.029964154810739477e-10
4.705272062359701547e-11
1.845808084936617824e-11
6.387530317851366662e-11
1.535870717858667202e-10
2.154092868090270457e-10
2.041846627449753540e-10
1.361751548356694462e-10
6.310723301822934293e-11
2.240710881233392365e-11
1.514365102438344892e-11
2.429050347465981060e-11
4.183186887291411516e-11
7.118901540024477649e-11
1.076216220679016586e-10
1.281299152597952877e-10
1.102459495294456379e-10
6.126593332273154395e-11
2.143923695204437011e-11
2.982936145499754098e-11
8.401856652821393588e-11
1.369050653266421047e-10
1.388999398436239584e-10
8.634427352715669897e-11
2.733786477068036139e-11
1.697396925900353077e-11
6.492836305776572584e-11
1.270280341502014095e-10
1.488645852031735180e-10
1.175166415624505223e-10
7.002639742315675069e-11
5.200371095508540270e-11
7.060553983671595554e-11
9.082866950671752958e-11
7.791495832502588583e-11
3.971121241858791134e-11
2.223343134240095877e-11
6.073498127393164504e-11
1.367757577998791205e-10
1.885184168018779869e-10
1.684129179165037243e-10
9.279585139193462214e-11
3.282862389531803025e-11
5.237099351454600094e-11
1.506224327317550675e-10
2.635675698287661495e-10
3.217615259894583564e-10
3.084314581127088286e-10
2.637480583694472415e-10
2.356274883115079361e-10
2.297253173648234297e-10
2.095625235768445982e-10
1.447512489789348713e-10
5.508319790495217502e-11
1.675365154742295706e-12
3.026826035536075228e-11
1.221380645902685353e-10
2.038787860231777639e-10
2.112674060527700386e-10
1.487226285679047751e-10
8.726481773301810648e-11
1.002824216460715081e-10
1.948301624493190455e-10
3.015297442971558453e-10
3.333610867574154692e-10
2.616758108242783649e-10
1.429640380678946563e-10
7.407641223935260819e-11
1.152821605217182521e-10
2.451353828638869875e-10
3.803219303191609711e-10
4.385968018780260327e-10
3.922082105088419853e-10
2.748482729374643357e-10
1.470723790984421177e-10
5.458376927489668578e-11
9.739169132320378270e-12
4.830173369021252972e-13
9.865811530519379213e-12
2.890538342916980790e-11
5.866945644878797752e-11
1.069477431229561836e-10
1.831751534043424735e-10
2.899562826980928342e-10
4.113777844541945273e-10
5.069390826578804543e-10
5.236923185416559438e-10
4.287435270413253597e-10
2.449916817850687763e-10
6.205589801707803617e-11
4.852072436215815970e-12
1.698457988777194912e-10
5.640185585000690302e-10
1.084934685065972183e-09
1.558467992983276754e-09
1.817744141178480091e-09
1.783161090219523569e-09
1.502271162522877729e-09
1.129358921302714404e-09
8.558619654665122315e-10
8.279383617769822426e-10
1.092921972274494263e-09
1.598163960108431024e-09
2.233507591317422738e-09
2.882976747622539924e-09
3.451242300530444534e-09
3.857713348487474754e-09
4.024229048964591946e-09
3.890893349615417910e-09
3.466034185086514617e-09
2.872040490471008481e-09
2.331090319316524483e-09
2.069649162017053210e-09
2.188533944819730654e-09
2.590025529289641010e-09
3.027978770980931384e-09
3.259682193793099660e-09
3.195313714213209693e-09
2.934389315600131720e-09
2.662759432927705027e-09
2.494984342624942178e-09
2.392480327186896478e-09
2.224942441155225641e-09
1.919833416380802246e-09
1.565542511536134748e-09
1.368673627573776930e-09
1.489372951664981921e-09
1.887422896001684139e-09
2.311988474109430392e-09
2.455984269776579993e-09
2.163614405740778925e-09
1.535956533908061941e-09
8.591288818939876776e-10
4.150090947351736787e-10
3.156480661584662455e-10
4.700000770366430072e-10
6.820971453204448597e-10
7.878225349173018908e-10
7.315763857114298134e-10
5.533317064630068836e-10
3.301576291339883910e-10
1.329201822187308846e-10
1.856286138588330894e-11
3.268579085905960912e-11
1.932452545821796851e-10
4.616721085633744873e-10
7.381257221739490135e-10
9.053616534804817202e-10
8.995728345557208181e-10
7.529927991347326476e-10
5.690370049548358643e-10
4.458490719864688739e-10
4.088800751078361363e-10
4.058815601696093205e-10
3.641263893246897065e-10
2.576633555509741201e-10
1.275569095254279065e-10
4.236514722557192824e-11
3.798719311310161153e-11
8.987549196179318617e-11
1.377418697018578324e-10
1.363385372744570989e-10
8.744062401762460377e-11
3.031771343490753562e-11
6.045376501371831622e-12
2.948475615145451821e-11
8.866395943549449965e-11
1.629514530949498351e-10
2.373171513193333640e-10
3.007703157941142678e-10
3.377683563568602127e-10
3.291517877690823152e-10
2.667988734362797293e-10
1.681368668530394296e-10
7.286969079319068022e-11
1.965018460907484786e-11
2.008625734571296337e-11
5.194391220963386907e-11
7.775966646437468447e-11
7.347224920328126920e-11
4.369803485064616026e-11
1.265526499064431747e-11
8.118424107257432075e-13
8.358934571730425268e-12
1.877079757501105967e-11
1.712704834825532146e-11
5.359476035256782139e-12
5.233522272185627825e-13
1.813404786689318515e-11
5.610019294976513440e-11
9.421720474796966819e-11
1.103885369224926160e-10
9.975818244782781314e-11
7.969602609902555237e-11
7.516783030831498934e-11
9.606285312363951463e-11
1.261500885866320162e-10
1.348573294875025286e-10
1.039868513024393775e-10
4.738265951572030509e-11
5.199716420708209680e-12
1.444173737464089326e-11
7.808934542094704567e-11
1.585721948151324569e-10
2.030358780847820476e-10
1.818938342005260108e-10
1.103563821455448969e-10
3.582606727652633511e-11
1.793889724390323647e-12
1.765979210497716172e-11
5.762992329217806053e-11
8.636758362438791694e-11
8.716183076728231485e-11
6.908084420881448660e-11
5.090284661582321084e-11
4.080049728244415469e-11
3.213511622379974714e-11
1.731316092616268418e-11
2.587191516545702076e-12
6.070336297890984329e-12
3.933832888662061030e-11
9.116541237554916951e-11
1.314072482820369003e-10
1.338252426967877880e-10
9.767251609357299938e-11
4.811346336501160263e-11
1.507285010972609304e-11
9.935323435855266546e-12
2.053586781279265853e-11
2.671693179891736474e-11
1.969354732479549928e-11
6.935590601005929858e-12
4.717588386198180055e-13
3.075749682925915291e-12
7.049000389479708339e-12
5.255577216491008842e-12
5.591917089712725912e-13
2.349669317865145587e-12
1.417869448376557136e-11
2.738296359166797280e-11
2.947357994420966754e-11
1.916421644857766059e-11
1.084143201682774003e-11
2.113520169042155549e-11
4.980239682533538468e-11
7.555237702058611732e-11
7.415118088056025112e-11
4.313372528489961671e-11
8.287532966669794872e-12
2.812946958711933158e-12
3.673400100254787922e-11
8.542583595806081481e-11
1.095932382038646991e-10
8.949400673689071281e-11
4.209807664285274104e-11
5.419258044073060028e-12
4.936230002371555352e-12
3.335228885032083742e-11
6.130486754568436416e-11
6.665150224620955811e-11
5.305522954075665373e-11
4.092771391599585362e-11
4.240667410853860563e-11
4.798649467551641971e-11
3.969735403278990493e-11
1.728209722003420744e-11
8.605983084788335359e-12
4.959055698846441561e-11
1.492214680052452269e-10
2.720591419365372795e-10
3.570249718414292434e-10
3.591678895706596795e-10
2.804446134264801166e-10
1.652583979530694677e-10
6.704619769157145879e-11
1.526252689629296325e-11
7.690601778936449724e-12
2.753941482611958577e-11
6.347207733081784999e-11
1.127304838437161685e-10
1.684219626958237434e-10
2.096384785433486293e-10
2.099092841207158716e-10
1.594129037306163725e-10
7.992908560297904346e-11
1.544284000922383453e-11
2.537968261011524582e-12
4.361324121695651952e-11
1.050119809456381756e-10
1.419939890682289729e-10
1.307471988136169045e-10
8.278191078116727069e-11
3.232182770881907950e-11
8.954177171548030411e-12
1.785712895611529019e-11
4.141202666035016293e-11
5.762101958212758445e-11
5.821514953520824656e-11
5.199667708278933048e-11
5.294165256979792754e-11
6.531434517048222092e-11
7.922834833365244774e-11
7.983915056870172148e-11
6.120624477371731010e-11
3.224916919743197613e-11
9.729145309883804345e-12
4.760118503360745627e-12
1.470597120687152594e-11
2.699758475571475869e-11
3.060702987760277249e-11
2.464327096372890526e-11
1.728309122412566759e-11
1.787521562279068514e-11
3.084841947257273062e-11
5.643709790766938227e-11
9.455666915309129586e-11
1.443515741520890610e-10
1.978804049984104049e-10
2.358947010789230005e-10
2.351738251903616643e-10
1.861869491744709723e-10
1.064586661546647370e-10
3.401711840053015153e-11
1.392020225504403558e-12
1.054794161267572631e-11
3.249072129567662608e-11
3.513052503474714829e-11
1.571783387855432330e-11
6.373189179572983761e-12
4.377791907684359615e-11
1.286491649625034819e-10
2.142669313513147402e-10
2.398976189343610685e-10
1.832327314651306409e-10
8.474613514905403319e-11
1.868088271958278631e-11
3.289938134095709745e-11
1.096929215141136088e-10
1.826451940215643549e-10
1.947068838232914510e-10
1.454597276025890935e-10
8.603269684270903312e-11
6.877242716973558509e-11
9.992560912928724668e-11
1.387266645278013650e-10
1.408457790470290273e-10
1.022253532172408203e-10
6.092293082874959928e-11
5.700798538564778860e-11
9.163527400074013788e-11
1.261106562644865373e-10
1.212947256838193646e-10
7.765084994956214280e-11
3.604614650734117244e-11
3.852445550556677996e-11
8.749350429733246853e-11
1.426602836391523685e-10
1.577473720533021031e-10
1.210668742373558774e-10
6.226476917987040490e-11
2.191297989440054598e-11
1.575143409825122185e-11
2.713833437480673220e-11
3.049511834745214081e-11
1.823189703456626643e-11
3.960709195375490817e-12
2.689809192092227024e-12
1.296986462243751571e-11
2.124167165702961959e-11
2.175921767700753435e-11
2.701346219616631588e-11
5.424732009812968726e-11
1.016998952432566857e-10
1.422133687715553772e-10
1.449943408555942467e-10
1.055582659563666517e-10
5.256106061669957027e-11
2.228035178827873995e-11
2.522242513920370046e-11
3.899896963071878744e-11
3.539176499845906380e-11
1.345114089122196145e-11
2.630517516809390223e-12
3.041502989607460173e-11
8.742614021853136949e-11
1.288602079913828447e-10
1.156582237865337905e-10
5.644857035379550518e-11
6.137339219886105038e-12
1.739239744110663250e-11
8.901230545994574443e-11
1.621329699249830504e-10
1.717389017497528093e-10
1.074475849849627448e-10
2.622417979261092496e-11
3.181507315829114295e-12
6.448498457030166497e-11
1.635582435806122396e-10
2.217876611380220172e-10
1.957495271656136442e-10
1.103061316710180903e-10
3.073709041420293272e-11
3.650976484471165350e-12
2.211488509411844301e-11
4.331726473579481266e-11
3.608292241505417023e-11
1.019969656482688641e-11
1.581209293584679877e-12
3.197302592633154268e-11
8.479891267808903545e-11
1.198090548537686089e-10
1.101323344475195637e-10
6.534331016625406377e-11
2.063287225831060566e-11
5.788469438903414449e-12
2.445072347972221441e-11
5.985445645776892976e-11
9.558260025115681977e-11
1.276175302505096874e-10
1.574574639814212921e-10
1.784551497731814168e-10
1.744624887036369998e-10
1.350288453165979221e-10
7.176130393016949939e-11
1.720021643371396400e-11
3.989503544069514809e-12
4.123696974411746144e-11
1.078331378267414949e-10
1.672573717633338114e-10
1.906567247853935545e-10
1.708988724271085773e-10
1.210139291982625175e-10
6.330346513924947840e-11
1.869975812544078307e-11
2.595476146297319113e-13
9.421794351013572587e-12
3.477025061457157080e-11
5.647640162685254336e-11
5.774539678948044655e-11
3.708463010180212619e-11
1.068871135910343442e-11
3.266032166960650319e-13
1.521317877394684288e-11
4.359343656663347415e-11
6.237310519882678267e-11
5.678938694621499123e-11
3.248537235826536467e-11
9.336445104714021395e-12
3.522752886478111815e-12
1.488876763422175038e-11
3.043036791218822291e-11
3.854219848882860537e-11
3.896204643352437563e-11
3.939707290055218943e-11
4.438013551074329597e-11
4.942370617753390651e-11
4.664915544270945355e-11
3.495816449406188195e-11
2.289879906122464662e-11
2.067633009916011549e-11
2.981326511915070404e-11
4.151223602985929973e-11
4.527062861573080080e-11
3.841911141385163601e-11
2.690381665837903592e-11
1.776690326772280468e-11
1.269876515764537034e-11
9.690697460182450804e-12
9.267075886936117861e-12
1.576607918491613792e-11
3.038269187099389960e-11
4.437220750608025146e-11
4.359336450926200768e-11
2.406553062919318684e-11
3.640827556791180442e-12
1.421783556933472783e-11
7.605963712602002030e-11
1.752254224402234338e-10
2.664072460072784534e-10
3.025819591892515864e-10
2.682788145337158306e-10
1.887032496776734424e-10
1.078311409600193983e-10
5.566224327408752445e-11
3.266948057500556103e-11
2.142202731815821328e-11
9.783671023912880544e-12
1.798601152335111369e-12
7.915767142057407998e-12
2.821895292374734755e-11
4.819093307354706400e-11
5.154039068687230104e-11
3.583331108727791931e-11
1.414082966038501170e-11
1.512182673197091449e-12
1.277042695490812221e-12
5.459362084491261654e-12
7.314741397685802688e-12
1.052832827239558635e-11
2.391723423480768209e-11
4.768342502303835982e-11
6.793668258196048771e-11
6.785632721144078505e-11
4.507755438581704936e-11
1.644671876608043605e-11
3.428725821342637164e-12
1.199523437029555251e-11
2.762732800552904771e-11
3.094484331061635216e-11
1.781696209246203601e-11
2.786163965274099808e-12
2.266447138295427726e-12
1.588509615208633453e-11
2.680124551441010560e-11
2.141844004617983577e-11
7.069711825664935695e-12
7.032026634852175830e-12
3.609596996822909463e-11
8.203605408357859272e-11
1.142413090488917483e-10
1.130372918474107085e-10
9.025934343939687676e-11
7.854074584542561060e-11
9.821024803345427655e-11
1.348268122759705709e-10
1.513122712781212228e-10
1.241100390374516378e-10
6.760585541802691980e-11
2.172860443518428997e-11
1.441606911960671161e-11
3.630451242270846711e-11
5.287401770284945949e-11
4.115218730868108021e-11
1.293316910240130834e-11
5.512227030517485657e-13
2.045607925171193407e-11
5.357303724255913166e-11
6.441709769472398085e-11
4.003313762156614128e-11
7.496208189565208858e-12
9.228340768757071904e-12
5.895297367349533168e-11
1.230700659773845918e-10
1.487613430135551816e-10
1.135516646840836551e-10
4.817412483143897328e-11
9.379201166173827093e-12
2.797425231185250014e-11
8.165835969345507441e-11
1.179186254769532131e-10
1.036061084072219012e-10
5.307401886392260870e-11
9.718270052940007881e-12
2.280726575899883809e-12
2.043963537386388650e-11
3.195295794525090409e-11
2.028984306233432927e-11
2.087206059120991934e-12
6.983252720747152778e-12
4.291633754853924374e-11
8.507574671289806793e-11
1.009449746522189023e-10
8.487031285296477497e-11
6.470370225748861788e-11
7.212770674855061475e-11
1.070841059948388957e-10
1.344442527113795680e-10
1.187215001043201848e-10
6.288444215813432674e-11
1.118143113745858260e-11
1.054972972221596044e-11
6.643368533164468769e-11
1.354181252995945357e-10
1.622655097523848328e-10
1.269815243344744985e-10
5.913018877131598655e-11
8.729015284549345785e-12
3.222483173274956467e-12
2.980323018100026247e-11
5.490983030514655931e-11
5.745340626844443402e-11
4.343497953479077156e-11
3.241189234667305664e-11
3.464622071260731555e-11
4.321539948359931948e-11
4.574262184384412984e-11
3.928455557723644702e-11
3.152233302544363696e-11
2.942021706388277370e-11
3.088489750434996267e-11
2.964308819212169883e-11
2.610690862072555942e-11
2.890585921292484664e-11
4.321987719984626135e-11
5.978150834724454430e-11
6.060200329951070242e-11
3.925709165914783082e-11
1.429653801316492523e-11
1.722763907449568454e-11
6.199064693518739007e-11
1.253627888814686063e-10
1.615402938223546856e-10
1.418212429408371553e-10
8.303546578130424938e-11
3.537949942204380121e-11
3.787542884166295530e-11
8.220875880817277759e-11
1.201478965016378085e-10
1.092906760607979760e-10
5.465377607775566451e-11
6.140997512631552780e-12
1.297684486423342548e-11
7.706262260512493818e-11
1.488382270352313194e-10
1.699129424456117505e-10
1.236708207549276069e-10
4.848084688808247730e-11
3.149646207818560265e-12
1.716935029475670921e-11
6.967937557261407929e-11
1.126091762620980210e-10
1.137410145644566409e-10
8.085742941176506899e-11
4.907361367337079453e-11
4.730534547225077313e-11
7.518767884931811592e-11
1.078509821096657760e-10
1.195488817164115226e-10
1.032924443213350221e-10
7.188133240439874778e-11
4.426402450689260929e-11
3.172962876985899462e-11
3.411514658364036167e-11
4.495289485775275624e-11
5.805988279418079205e-11
7.021316233395610240e-11
8.004542880522136624e-11
8.601022442963535693e-11
8.547438775584419055e-11
7.563637226480424008e-11
5.635079903147162484e-11
3.358184753492615576e-11
1.982977848297570765e-11
2.784330237309814867e-11
5.931340672608206970e-11
9.778411274626077025e-11
1.158896382093939327e-10
9.629677999934252910e-11
5.070255056227364513e-11
1.738364478329308700e-11
3.328073877912633022e-11
1.007045296961679043e-10
1.786601574222545194e-10
2.112713114412250132e-10
1.730729853422569006e-10
9.259837962387326335e-11
3.134225763498039819e-11
3.369106411210649183e-11
9.047150404847346997e-11
1.482972932893549925e-10
1.567080421503317673e-10
1.113443976219227862e-10
5.527463857660066559e-11
3.870192902398082696e-11
7.442870946417492716e-11
1.286885689955633051e-10
1.533218764063167172e-10
1.280152147026171684e-10
7.465516370690965983e-11
3.393369105448814869e-11
2.896606474121320223e-11
4.955931911117095704e-11
6.809485605538840743e-11
6.784554582403684536e-11
5.577598649586420691e-11
5.032442223072605098e-11
5.979071691775493237e-11
7.402372092065615318e-11
7.637608452056781726e-11
6.215376290988574937e-11
4.468935602928915307e-11
4.387225734805854126e-11
6.903930338030060972e-11
1.118259959323809758e-10
1.533640854690244873e-10
1.771432169710272082e-10
1.765529496234380046e-10
1.542761205841470051e-10
1.186370557050773058e-10
8.161281207441553092e-11
5.729168917982080875e-11
5.698468486510514018e-11
8.171801211139285175e-11
1.186541810640831056e-10
1.470163784637891218e-10
1.509096934812196847e-10
1.293646058465117931e-10
9.581155751642851854e-11
6.841782333775875454e-11
5.987692447115133565e-11
7.346489293622543269e-11
1.046197147494725898e-10
1.430627332854232868e-10
1.738411039716261879e-10
1.810706001105953261e-10
1.570714787405285000e-10
1.115988488771199894e-10
7.053051076066034847e-11
5.970543149500533729e-11
8.421384981722129790e-11
1.216531516023746657e-10
1.385576933060749895e-10
1.183216665606912762e-10
7.611731650609345490e-11
4.594266324437800508e-11
5.020065661360176655e-11
7.959180678977544267e-11
1.027231647747298389e-10
9.706487218485173828e-11
7.177990017236744724e-11
5.956174443414422999e-11
8.388800146701050606e-11
1.325930643889130941e-10
1.644268948134007123e-10
1.451557303972037258e-10
8.141359972181484675e-11
2.063099835469708401e-11
1.458842752145896668e-11
7.642797160520991312e-11
1.675303643071228998e-10
2.259244652812593664e-10
2.135989242605833385e-10
1.452050151516051521e-10
7.638901569800280262e-11
6.188239102334942269e-11
1.155617369260008107e-10
2.012397275980787493e-10
2.590996908836582084e-10
2.475338264706226475e-10
1.710486632261869845e-10
7.613051851823426457e-11
1.928392840831574009e-11
2.977082684888874917e-11
9.234601654269462433e-11
1.609466875208734904e-10
1.923829634400949277e-10
1.749305043796616749e-10
1.312517911113203050e-10
9.562573460009760422e-11
8.601058650493968487e-11
9.459718409114840626e-11
1.029174187906230818e-10
1.046565065543559379e-10
1.124849753776197030e-10
1.416713339745190322e-10
1.876529936191619642e-10
2.227180146098682052e-10
2.189588053112458995e-10
1.771259337272531471e-10
1.317086751754221257e-10
1.231177451367394637e-10
1.601908311960821945e-10
2.086405977033167702e-10
2.191929886348234970e-10
1.719934169769606873e-10
9.685636520765988398e-11
4.977174688718692391e-11
6.617240163309936680e-11
1.329412739242294099e-10
2.033247882396659924e-10
2.388571118233037035e-10
2.385206044823051113e-10
2.299962433467020682e-10
2.356388804177128708e-10
2.492149064512802090e-10
2.461491514745034783e-10
2.146050580222854086e-10
1.733692848826278910e-10
1.565134479057591942e-10
1.794484204147429603e-10
2.209650510591698125e-10
2.408406197930534612e-10
2.175026032539684447e-10
1.698751280803731506e-10
1.419139009327487435e-10
1.633741708237728000e-10
2.223730101542206870e-10
2.740894677140936649e-10
2.771908438941117283e-10
2.261395893371393231e-10
1.534228894391363374e-10
1.029170942013376945e-10
9.829494574494237629e-11
1.304691513056300764e-10
1.695376209552637784e-10
1.881390148521644094e-10
1.785691146437905632e-10
1.544979967277684854e-10
1.393735187583702823e-10
1.498865793917728311e-10
1.838627899702562851e-10
2.198110312960029330e-10
2.300527065437131009e-10
2.006701956566022245e-10
1.442005317089512545e-10
9.324905395271439908e-11
7.723408198432603120e-11
1.002111237865272746e-10
1.394833391112242185e-10
1.675150584725611598e-10
1.775311553947314488e-10
1.879626600360632139e-10
2.201984176190936458e-10
2.709506184449394306e-10
3.081127715090988672e-10
2.975372502810945222e-10
2.370701551431702888e-10
1.644143695241680813e-10
1.284965574570055966e-10
1.488671745770273489e-10
2.002265089838861443e-10
2.362262488497952397e-10
2.300224864201831666e-10
1.942417181754282730e-10
1.641110425381398312e-10
1.630346894145934604e-10
1.847115750401442246e-10
2.066170773638769249e-10
2.173495985267001384e-10
2.280732802220533531e-10
2.571542527818476357e-10
3.059066609868048003e-10
3.519363062169814706e-10
3.671913675655522461e-10
3.422019000531649689e-10
2.929201404316716585e-10
2.457856354659382043e-10
2.181950964594450308e-10
2.128589588622848992e-10
2.265005055223606476e-10
2.579149015600385460e-10
3.046600186759842058e-10
3.548754846050243768e-10
3.889341352439640330e-10
3.939729554248244181e-10
3.765271182804984915e-10
3.570486497726090901e-10
3.493896295723728793e-10
3.471721222846244981e-10
3.339545484438333569e-10
3.076948047041712107e-10
2.909581431730670350e-10
3.107449150798273023e-10
3.658724239590511500e-10
4.187162315196992047e-10
4.269919711957123522e-10
3.879452716582359574e-10
3.477475561823273824e-10
3.591054004045013444e-10
4.243038161776019883e-10
4.830844899517079498e-10
4.662171612980960174e-10
3.691555719387904420e-10
2.723241607774245293e-10
2.788909209907249412e-10
4.198700527782911083e-10
6.138817032285584930e-10
7.245363280403294618e-10
6.701421934949750475e-10
4.908165358053231285e-10
3.148358214638780342e-10
2.553709079406739344e-10
3.276597031466609570e-10
4.527223543957864490e-10
5.336918522555448394e-10
5.312947588106442914e-10
4.773196165424665424e-10
4.288955883345657092e-10
4.166051874189972921e-10
4.322944814738798912e-10
4.549637596295860378e-10
4.781824794152254741e-10
5.112477753424768462e-10
5.607597165804132505e-10
6.184258817596854639e-10
6.676133682159829208e-10
6.969075923060434171e-10
7.038582165873610399e-10
6.890734773114264072e-10
6.545950178223653931e-10
6.118146767582576133e-10
5.850184690854611743e-10
5.955501143499482988e-10
6.357454629294715566e-10
6.634696143020587341e-10
6.350296073403360339e-10
5.523142674360496991e-10
4.743148984576924859e-10
4.701632018721709543e-10
5.514874103009861750e-10
6.530121939134736142e-10
6.904925887612915727e-10
6.460309993665864456e-10
5.937749231465620713e-10
6.307964185399239685e-10
7.745295746700217110e-10
9.311044273250956015e-10
9.760260225740212942e-10
8.755293026779450785e-10
7.279657236623733677e-10
6.767840324812663619e-10
7.742502617455244999e-10
9.295375414676505127e-10
9.956867829474050255e-10
9.119144450686925500e-10
7.603241810371393442e-10
6.807903057188405257e-10
7.312978620943109112e-10
8.364838988569617038e-10
8.755653065394174266e-10
8.152339033863464114e-10
7.453477812547634557e-10
7.775536423377797604e-10
9.143314803469452552e-10
1.032375584752198386e-09
1.006771472787003055e-09
8.506954494614204968e-10
7.200694067708888595e-10
7.669415112707205916e-10
9.843730950119813158e-10
1.202908446451456236e-09
1.249997905666359227e-09
1.117308299234990300e-09
9.681123980938328158e-10
9.747734035487100697e-10
1.146873078043982611e-09
1.320409248732459616e-09
1.317425317210446611e-09
1.116749558716552558e-09
8.699081401957592550e-10
7.545522130739044510e-10
8.165608634421636671e-10
9.520639096166923249e-10
1.030051483041864835e-09
1.017044962959824910e-09
9.794269601941079610e-10
9.812875686818686280e-10
1.006560480629007943e-09
9.953717379000824286e-10
9.448486633268827108e-10
9.443261612636166561e-10
1.087067094554072344e-09
1.347050559113309356e-09
1.564506132331468046e-09
1.577555844955123672e-09
1.377765101627721025e-09
1.128557334218363639e-09
1.018366628990112303e-09
1.091016946142440196e-09
1.222974399109228144e-09
1.266876223376591986e-09
1.207944950773907486e-09
1.167907786783511115e-09
1.255170495237930388e-09
1.427249897453197311e-09
1.521467562923089822e-09
1.428979967748497124e-09
1.226644650782768716e-09
1.116172653345287452e-09
1.220906673300616007e-09
1.447670707211174094e-09
1.564320055392013267e-09
1.424745355822831457e-09
1.117610189719121361e-09
8.874594024842104972e-10
9.062470500955967866e-10
1.123676809224334798e-09
1.340776862242877140e-09
1.420967277739543881e-09
1.416437834388307892e-09
1.485019520524468324e-09
1.697375101577365470e-09
1.947302276171967264e-09
2.061090377385293665e-09
1.983444273451778089e-09
1.834035250755061570e-09
1.771143105475810443e-09
1.813165173380000445e-09
1.820003741502722925e-09
1.663352590985573921e-09
1.401004941060233481e-09
1.251408455288051552e-09
1.373003750717863805e-09
1.673101240454297606e-09
1.862287262418240169e-09
1.725732330461372016e-09
1.348647661973342345e-09
1.059339075712314279e-09
1.128097587585904070e-09
1.510605932157851881e-09
1.890902274066735186e-09
1.985165209929455188e-09
1.806114372909250781e-09
1.625819325344925287e-09
1.679139283728603002e-09
1.914541374943437712e-09
2.052230201861309941e-09
1.893581968458543838e-09
1.560051336231248267e-09
1.400139300390390030e-09
1.638778186644022585e-09
2.119573589737216733e-09
2.419534284053629878e-09
2.252185599308749666e-09
1.771942259431352952e-09
1.460485665521261111e-09
1.670295075006904470e-09
2.250450546938472606e-09
2.637449155733820341e-09
2.373293131774062393e-09
1.593914620341153722e-09
1.012811383618891074e-09
1.352504263553877056e-09
2.683130249733079668e-09
4.254936353555437615e-09
5.022066299266446997e-09
4.466194740344518535e-09
3.045834015374985595e-09
1.877336323214083680e-09
