8.933285343597029920e-08
6.618513847731982549e-08
7.792976486178675363e-08
9.557164484763472059e-08
5.650702840496933068e-08
3.313498860099002758e-08
6.697166113835948373e-08
6.372199879135716637e-08
2.735322289283641082e-08
5.267832482578126879e-08
8.887700909738793266e-08
6.845483200484820409e-08
7.261548511257137136e-08
1.153084728687788183e-07
1.084231477833682913e-07
9.827474713375456933e-08
1.427186590781959669e-07
1.294338880653321113e-07
4.418264385361671068e-08
4.512669929924266267e-08
1.062830094189976512e-07
6.983811064387723834e-08
9.025809008940536539e-09
6.762717609375741901e-08
1.638398136570850412e-07
1.888351563471003837e-07
1.668697820811834903e-07
1.063714885193912893e-07
4.218788042775275848e-08
9.673331610285573176e-08
2.183799862716960380e-07
1.863601413789605730e-07
3.435418494864592817e-08
2.480331695948757776e-08
1.678256121631334954e-07
2.310263005863189556e-07
1.637666543954126108e-07
9.608705638046989866e-08
5.465116322333733585e-08
3.948341948412293978e-08
1.796787094697728969e-07
4.562952083816085234e-07
5.353737913584136236e-07
2.711226883509962308e-07
1.937507836424833241e-08
4.585142871018911890e-08
1.436639701875305590e-07
1.520957837122781791e-07
1.413344300971487878e-07
1.174995634365084797e-07
4.140142100218340856e-07
1.555002025299119708e-06
2.712715418953638512e-06
2.231473796991033169e-06
6.442348453846649698e-07
4.525446278081363641e-08
2.994197257229790682e-07
4.600129314506879066e-07
2.704431381846659946e-06
8.906828287862648651e-06
1.610725510216314861e-05
2.071998766410868361e-05
2.132423613165646217e-05
1.537795455631582204e-05
4.927485408039981912e-06
2.121343679552018803e-07
1.965070280575110982e-07
1.253233711401436993e-05
1.833086548298296840e-04
8.857327467464057823e-04
2.488978081596199612e-03
4.884242510641300522e-03
7.310498855974653480e-03
8.822709350435792991e-03
8.984964963418443779e-03
8.069860711424811303e-03
6.643412917055125863e-03
5.093682914008781405e-03
3.565129537865501918e-03
2.166416426783593710e-03
1.067665765278798641e-03
3.893251709019881351e-04
8.983470523338774082e-05
9.337211963311307084e-06
4.955345605982329690e-07
4.022502561860740481e-07
5.717512187316099304e-06
1.971951470760678553e-05
3.279356421343681090e-05
3.417304301946379788e-05
2.390536420050758069e-05
1.070668297960702331e-05
2.433043575209269262e-06
9.729896097945464089e-08
3.634986929141629809e-08
6.485395304656062802e-08
1.332562000917470266e-06
4.318602571861947233e-06
6.454033628474138519e-06
5.498835623142389549e-06
2.707406501123580712e-06
6.915131709098791797e-07
9.861632284763066581e-08
2.041556518322157037e-08
1.666854974189281256e-08
2.588319676985258740e-07
7.017099354281812204e-07
1.088151441040432429e-06
1.253619356159994642e-06
1.100733385716602983e-06
6.680757298582128847e-07
2.333233165890545965e-07
4.036010345264036662e-08
2.389367122741085950e-08
1.274701941211748905e-08
5.098641816512605384e-08
2.836464533495297071e-07
6.016604518767159435e-07
6.846559303066598056e-07
4.509659790362280156e-07
1.736314579888755675e-07
5.425650812084342058e-08
1.709950504058898367e-08
2.231352840484880028e-09
6.949063563615460178e-08
1.727324179804962148e-07
2.104410083291615039e-07
2.343987094362730909e-07
2.867146216697192375e-07
2.443695472542071954e-07
8.752099355682664261e-08
7.768498145762423655e-10
3.804011203758496065e-08
6.375792028653475063e-08
7.652307973714806289e-08
1.868814149877975517e-07
3.142992589003830630e-07
2.834307186714161254e-07
1.310940295043692576e-07
2.538673813498310114e-08
5.620898340382100725e-09
6.202362116278036321e-09
8.490871463314209091e-09
3.166866541410784305e-08
6.240487710273843849e-08
7.275154620526527542e-08
6.921220255906173269e-08
8.279258470193181472e-08
1.113361943411138403e-07
1.095444259647882066e-07
6.413975753889093319e-08
2.714690549432041196e-08
3.166991561332497764e-08
4.170281754687912383e-08
2.594480510158140138e-08
5.633735962000582862e-09
2.155246609065787564e-09
7.850548674476905805e-09
1.615521766180053757e-08
2.621887132274718732e-08
2.798831152492299214e-08
1.649937098635976541e-08
3.302707528960275765e-09
1.444507853681411101e-09
1.307404832530569394e-08
2.685085635610094644e-08
2.524125671324978726e-08
9.145961759716179138e-09
2.594617776955871448e-09
1.548728404213897544e-08
2.692737916723865351e-08
2.124963825743204214e-08
1.001439654896305736e-08
6.524473921573828988e-09
6.657803206655230605e-09
3.723313648199877519e-09
2.849229746812383426e-09
1.224134899114805469e-08
2.749624262885882420e-08
3.340722630961813221e-08
2.399019464998077807e-08
1.147418000083634264e-08
8.691753507086023047e-09
1.272618890028084099e-08
1.296464557176233870e-08
6.617652142781341264e-09
1.048723694915722592e-09
3.580905578013368957e-09
1.099894677592774815e-08
1.379544081513708956e-08
1.030151697441195862e-08
5.970354829700157755e-09
2.593675410033479418e-09
2.162776294193996027e-09
9.689385684995284953e-09
1.910952539054188252e-08
1.834778433811886390e-08
1.700818652177584136e-08
3.804080532502145462e-08
7.829970342733965044e-08
1.086597968930897510e-07
1.089496867148629373e-07
8.059969602471973291e-08
4.154594580607924763e-08
2.042969967734841351e-08
3.092411667893805789e-08
5.157409148994831643e-08
5.552061227408133294e-08
4.507108374393106828e-08
3.461678172729644714e-08
2.571884489922556248e-08
1.859723615435992280e-08
2.078839337101269978e-08
3.143505133583879917e-08
3.880892688699824128e-08
3.751660686328705739e-08
3.228482947228946717e-08
2.581741271354846044e-08
1.571357646543574851e-08
5.395886382741031363e-09
8.755021932235274806e-09
4.091201434904769321e-08
1.271766937304420377e-07
3.420860172683511738e-07
8.049918674623286417e-07
1.583780420038363075e-06
2.604797023526400833e-06
3.662843673340886111e-06
4.473464407749535837e-06
4.735237812896405167e-06
4.284963149321075989e-06
3.275076010520385915e-06
2.120562800506050752e-06
1.202519691821317121e-06
6.478852902854859705e-07
3.756301769972350622e-07
2.588280398288142504e-07
2.159825464944805532e-07
2.149894688036203090e-07
2.406401364112736512e-07
2.671012092423287621e-07
2.666421012472204975e-07
2.367720778969291822e-07
2.010237968266231740e-07
1.877783082143893143e-07
2.144229844709620004e-07
2.728790765008684511e-07
3.230105916198991087e-07
3.221839790373269138e-07
2.684590712126696192e-07
1.993156265704649931e-07
1.509713059650100027e-07
1.343411126535232488e-07
1.411325005614250411e-07
1.541164320409884079e-07
1.569083093913349395e-07
1.482743516450164339e-07
1.458928319514918997e-07
1.735021102467537896e-07
2.475963636052182317e-07
3.667060480857486826e-07
4.986250171720712379e-07
5.895195307393495856e-07
6.131010798175350255e-07
6.177337998942297587e-07
7.117936168991161936e-07
9.868803211345324495e-07
1.435496354519345088e-06
1.933207228619380072e-06
2.327460482200844812e-06
2.584626770316073004e-06
2.851785290178408176e-06
3.337267549013404854e-06
4.102197909819537640e-06
4.975685034441623695e-06
5.708876294641713293e-06
6.250113770697768237e-06
6.873825945702521223e-06
7.989340798221268591e-06
9.742833849499481344e-06
1.176856409682956507e-05
1.340315170021167986e-05
1.428755817061651028e-05
1.481414922715931009e-05
1.587071224510016058e-05
1.799512657465677826e-05
2.074842076248800107e-05
2.300367609121762761e-05
2.397554268351031890e-05
2.404186084838970251e-05
2.449892859120714723e-05
2.636782409564325126e-05
2.937096203506112625e-05
3.211981272201945944e-05
3.338086300151821132e-05
3.326651865054136797e-05
3.326472941109966808e-05
3.496586131033011386e-05
3.850425710745496459e-05
4.224355816954724604e-05
4.424524048592457090e-05
4.418120129363559161e-05
4.370851862784766055e-05
4.482980578732649195e-05
4.779769067048636211e-05
5.066112965207838841e-05
5.109204991739586452e-05
4.883593273297325102e-05
4.624938868666116890e-05
4.621063506938187488e-05
4.940655384797672527e-05
5.360655090367011621e-05
5.563312084941050340e-05
5.433261794064186035e-05
5.179140477351943663e-05
5.135955430700117895e-05
5.419704935096069900e-05
5.793121417659216328e-05
5.899802976925886918e-05
5.629808246462965007e-05
5.234438029876638113e-05
5.062485054880244532e-05
5.187501169963417514e-05
5.331210002295073112e-05
5.176902503851571322e-05
4.723534227667108761e-05
4.290007464392512758e-05
4.182783991626370078e-05
4.385549454651420658e-05
4.576547141846395072e-05
4.453737095231348724e-05
4.043300181571538130e-05
3.658149906012899116e-05
3.544037293098367398e-05
3.619752594049707869e-05
3.601314333102256299e-05
3.340664638595224848e-05
2.988295083011647778e-05
2.811990429812414458e-05
2.877884696150971315e-05
2.957736475008376241e-05
2.785881479912459769e-05
2.367076469298773597e-05
1.964156038051528654e-05
1.799024055871085217e-05
1.830329702046442429e-05
1.830050804733593880e-05
1.642390517499440559e-05
1.351679511254418730e-05
1.183967347999500489e-05
1.240181845443077028e-05
1.369033128530738308e-05
1.339730778906242614e-05
1.104915491485175489e-05
8.406065000062211141e-06
7.312615417979508479e-06
7.613301213937421183e-06
7.563999415055268070e-06
6.183626857600492028e-06
4.563001435827182301e-06
4.490266661101864286e-06
6.201238275688625137e-06
7.910969080914736088e-06
7.532954222318535933e-06
4.875265556879053048e-06
2.021684164551322945e-06
1.078596446845420152e-06
1.814473227142885909e-06
2.441259051333508671e-06
2.708796444580612737e-06
6.248404679983157812e-06
2.132406485278586243e-05
5.884869846690749044e-05
1.256993454436469173e-04
2.183494974420423164e-04
3.251012865237328572e-04
4.316775187465265225e-04
5.178944379566274240e-04
5.535380489855699524e-04
5.137695412316724015e-04
4.051928600911497425e-04
2.678673427317701853e-04
1.464093694055570744e-04
6.356764291884580244e-05
1.941212347082151506e-05
3.282637401522583078e-06
1.599074147930915248e-06
2.795603645548050176e-06
2.055899007685938270e-06
7.082925241544862584e-07
6.376507351608787296e-07
1.336433120479990171e-06
1.567106278943648814e-06
1.064247392526856908e-06
3.415246645345979440e-07
2.635428293494855438e-08
3.030946727127098304e-07
6.856014484220546104e-07
6.486067662631278243e-07
3.264726521050349668e-07
1.849120240015784619e-07
3.202199395132298972e-07
4.507569154327360834e-07
3.575948329988729399e-07
1.235842823555490616e-07
2.270769170785563823e-08
1.828910235930509092e-07
3.991673840027769249e-07
4.068069280234979129e-07
2.217698881326096491e-07
4.792368833471382994e-08
1.726518332715049708e-09
5.691675436233243211e-08
1.180959652496817212e-07
1.007015773614399285e-07
3.144777618491687394e-08
1.611156990757480967e-08
6.830497420078422370e-08
9.986556028452392007e-08
7.708729365049300541e-08
3.968499324793739834e-08
1.134393831378014978e-08
5.700820846567771242e-09
3.527833202891746652e-08
5.888362057572490383e-08
3.197879709633843326e-08
4.212295452180149709e-10
2.241699758556049110e-08
5.670029196049741936e-08
4.272285433780445986e-08
7.569797981384521422e-09
2.300023038158853102e-09
1.757978008736871081e-08
2.156977662958354767e-08
1.215681127128531211e-08
3.218192456319081251e-09
3.326402879906604711e-09
1.281539518810818303e-08
2.199146381914412297e-08
2.003868895312811013e-08
8.991561013192408520e-09
7.622802380549556295e-10
4.902915724122681637e-09
1.941645979837762183e-08
2.870746133704887043e-08
2.126759756598889056e-08
9.741464281181505520e-09
1.339042089077866461e-08
2.590333434262388848e-08
2.609270134721388766e-08
1.252541415443136386e-08
2.469781732907532593e-09
3.984839919535461695e-09
9.234344107500386425e-09
1.032341983030064228e-08
7.355322341901340680e-09
3.084979699687298161e-09
8.865484000109180198e-11
2.472341465715555046e-09
1.023026166513982999e-08
1.362157404741977736e-08
6.481507245839359934e-09
3.096207995600674898e-11
5.386230435425076841e-09
1.249468915736385767e-08
8.335602777318737490e-09
7.335211528221135206e-10
1.793733154347564043e-09
6.831596644379002540e-09
7.790665271486104172e-09
6.619927685120412099e-09
5.265469937084476776e-09
2.721919747659528820e-09
2.704898644644764493e-09
6.908946081548246900e-09
8.146833232911354186e-09
3.136565341731288173e-09
4.359538461907293811e-11
4.825409806784112825e-09
1.161550382752875962e-08
1.154883795377866544e-08
4.662023885717024385e-09
2.075744116715496891e-10
4.277255779950764547e-09
1.010962361437605824e-08
8.636828559260770648e-09
3.316244053903853016e-09
1.945006311914602161e-09
2.690609604066592311e-09
1.580147644508289642e-09
1.441167229321631624e-09
3.173660329901325212e-09
2.579890508478154213e-09
3.972914444575488154e-10
1.359867584971669555e-09
4.609526648797946171e-09
5.895932315913752510e-09
4.258822483247387284e-09
1.741285614134058427e-09
1.892667749892417661e-09
5.833566633957562746e-09
7.621836124621265247e-09
3.267693838900153420e-09
5.075631192830687024e-10
5.235261731957764070e-09
9.015275077703990140e-09
5.204806304009879201e-09
1.010341617965633477e-09
2.371227468409580653e-09
6.279937237841529926e-09
1.122392239964692808e-08
1.594712622075852197e-08
1.409365483781369100e-08
6.110277062585638641e-09
3.975945545778791801e-09
1.721955972642979198e-08
4.971863928733488797e-08
1.020352170937496130e-07
1.580137558845646721e-07
1.909829777980039336e-07
2.016590079836587710e-07
2.164977730943853391e-07
2.346038151909753750e-07
2.207293889636418774e-07
1.639565457577591496e-07
9.778661738205046646e-08
5.222210480176796590e-08
2.590973048014876398e-08
9.367825080275680176e-09
1.413717699041102089e-09
1.205733459025033065e-10
4.212186756393167913e-10
9.823809338763057449e-10
2.637193996497743449e-09
4.066217679920700728e-09
3.911017072576534826e-09
2.712600597948567375e-09
1.407346407285760301e-09
5.969905656348836167e-10
4.882193666723289939e-10
5.407523107812886024e-10
3.138151181666539855e-10
1.448625820290368656e-10
2.368266016958341997e-10
3.039908919419864371e-10
3.277777810358073140e-10
5.771520516594465759e-10
1.052880029929824806e-09
1.393591124628554432e-09
1.200248944573139050e-09
6.560004515191961368e-10
5.486941061645437232e-10
1.039934291981784570e-09
1.277274147779374455e-09
9.485109442335845266e-10
8.224585920510119028e-10
1.161306469166619241e-09
1.243022695467025166e-09
9.376921234160051172e-10
1.228418902163670436e-09
2.486925815856688506e-09
3.293412655149966234e-09
2.269160536146396285e-09
6.785008291500769456e-10
1.002797567938123926e-09
2.809881854077722890e-09
3.228139248164981857e-09
1.742193238857446561e-09
5.296189505509228160e-10
2.790902069688493467e-10
8.232136017412311163e-11
3.210335865193765389e-10
1.363293018899716366e-09
1.636217157859329083e-09
5.747847714489026976e-10
2.188353903979346775e-10
1.394306705844225517e-09
2.193264928754958526e-09
1.568300808487071504e-09
6.605576231505404826e-10
3.195339572594861547e-10
2.770179633716098922e-10
2.523616577092263261e-10
2.597664426582957409e-10
7.156678435393373702e-10
2.178927551576378862e-09
3.882705089481942130e-09
3.949701729349347353e-09
2.169829583066932111e-09
5.263819722342348764e-10
2.804594811434437013e-10
6.830765295878570870e-10
7.604588956743714203e-10
4.796541257110482439e-10
1.802069014630016090e-10
8.726386948018672893e-11
3.380562041895409148e-10
9.917774655391305154e-10
1.879234704994228868e-09
2.404455771612263278e-09
1.975104920744512524e-09
9.082218251882554046e-10
1.512756113317666337e-10
7.371681562336048725e-11
5.309588339391222276e-10
1.551840647332212957e-09
2.699194018077213064e-09
2.810444563302112565e-09
1.665676398553688007e-09
7.079791020623489255e-10
1.244801055958217941e-09
3.016334340483307532e-09
4.622942890996538826e-09
4.566466833863550943e-09
2.636494034117490254e-09
6.534599096825993713e-10
4.588989121054061572e-10
1.454718541567752135e-09
1.943316889672067004e-09
1.846828192283566832e-09
1.931236527922090964e-09
1.840314238466645263e-09
1.114039056988991807e-09
6.155107127486279484e-10
1.136893217628375641e-09
1.966061730857271980e-09
2.006063895191633428e-09
1.214219889038704973e-09
3.601846038124683184e-10
5.745736450192176838e-11
2.295925938985939548e-10
4.461957342804722860e-10
8.047799686405089732e-10
1.800399933876700026e-09
3.002420302613852842e-09
3.042718741775858946e-09
1.572485008389604166e-09
1.403138003301657562e-10
3.767993915595040852e-10
1.866639753205298818e-09
2.530448435786275540e-09
1.381033205165770350e-09
8.262231828580278119e-11
4.543074484298347696e-10
1.844518285698824998e-09
3.673108760350746710e-09
7.814201747082165369e-09
1.364711839895827627e-08
1.487882138556923507e-08
8.405781021758571398e-09
1.322035808668532930e-09
8.039889907700165184e-10
3.337207884115339315e-09
2.725307767980570225e-09
9.104494272754572503e-10
1.940724752448036638e-09
3.647587317356220611e-09
3.168495083409475087e-09
2.727776040445831742e-09
4.778971170792282412e-09
8.641397682430503930e-09
1.339396741761664936e-08
1.747257870320489149e-08
1.735153344426853813e-08
1.258269641004293390e-08
8.295235431008034657e-09
8.462536914497583346e-09
1.126463636800818450e-08
1.282984582980888296e-08
1.107386400779483899e-08
6.414503169394263893e-09
1.854820020450978144e-09
7.628990458170171040e-11
4.663427178649116033e-11
2.326929302350367000e-10
2.154843016133592574e-09
5.674317330352660805e-09
6.346856154809416838e-09
2.855022702486010643e-09
9.926461916342016602e-11
7.886665619026197437e-10
1.801812487530860839e-09
1.153340780335799171e-09
5.992840566682574382e-10
7.322531482426111555e-10
3.912398749744489046e-10
4.345832234138001576e-11
7.275595592838061626e-10
1.676667727147377889e-09
1.925397871655778406e-09
1.716107541505274930e-09
1.259324546445667725e-09
5.343399815122854599e-10
4.137121084161266108e-11
4.563354084684406881e-11
1.024347306780529686e-10
2.443675442994732987e-11
4.518192065710370570e-11
1.718506590638670341e-10
3.712091513170187642e-10
7.175300750333090389e-10
9.524206813879307285e-10
7.754736269934586736e-10
4.124941793878307168e-10
1.985600879733690846e-10
1.344634977960194420e-10
1.482197230991467032e-10
1.702284857899961695e-10
8.470767047020129035e-11
4.772633276696816334e-13
1.028588778261553080e-10
2.678945448131766301e-10
4.387539024200498121e-10
9.012179095614210966e-10
1.571642335267201592e-09
1.756230256713810739e-09
1.130645798884259834e-09
2.912133768014759804e-10
6.871566548564197017e-12
2.925964940202572478e-10
4.729524465887225195e-10
2.118140886921818135e-10
3.919772357848850454e-11
3.167317348858564437e-10
4.800988158826633605e-10
1.941500321386980411e-10
4.126233505518408673e-11
2.142420522443925511e-10
2.004326160990906385e-10
1.860117718402591722e-10
7.061369941378603124e-10
1.138503765707175595e-09
7.421941231658119534e-10
2.033713025975980358e-10
2.168933501548087081e-10
2.597015644325046087e-10
1.073464206761511047e-10
2.950845059345798691e-10
5.520852506323517010e-10
2.661291471813626014e-10
1.069127210458561105e-10
7.815036417885522773e-10
1.374439162564013236e-09
1.025642964911496080e-09
5.915779467566173800e-10
9.966120838448282304e-10
1.638316393618301858e-09
1.548042891609716026e-09
8.079449386804589324e-10
2.368774065393868245e-10
3.808633980485064663e-10
9.299159136622142689e-10
1.063924669330591994e-09
5.518588502654517095e-10
5.852314474466364753e-11
8.762334160507340266e-11
4.053501089356036076e-10
7.576725917935134655e-10
1.223567292338797832e-09
1.615038895976566099e-09
1.404532955623736305e-09
6.057161023852053340e-10
1.494897053533506939e-10
8.709759414009880832e-10
2.272593716223380286e-09
2.896624685752854253e-09
2.098742016360056685e-09
7.938346556443556987e-10
1.521112293333145318e-10
3.088067404202086265e-10
7.076949432538603645e-10
9.746915371794132762e-10
1.059785892097813796e-09
9.663319451343502525e-10
6.459820761820724417e-10
2.191464398178397336e-10
2.423586495225933943e-10
1.157756777399230901e-09
2.232750469407007860e-09
2.100814559813403721e-09
8.271184782940950675e-10
5.517479607135781924e-11
5.611030756317438942e-10
1.275939467629228562e-09
1.234255728925642558e-09
8.124817448247919674e-10
6.702189881613543456e-10
8.573509279568046902e-10
9.280886194193674987e-10
4.069233334203088808e-10
5.011471095855099490e-10
4.804953069446901821e-09
1.407868527523549837e-08
2.075099904048769314e-08
1.617357626824442250e-08
4.625380005929753829e-09
3.989127316206137889e-10
7.851580247628589784e-09
1.514966536646225576e-08
1.231284992173117052e-08
4.276909746408367090e-09
3.743807057987142681e-10
1.166129454431957430e-09
1.945918496372253607e-09
1.370784406965787254e-09
1.144274237311872169e-09
1.852042399911645826e-09
2.341485619006254449e-09
1.474435108845873417e-09
1.089896213968797950e-10
9.517012179115304476e-10
4.463972976676424985e-09
6.823223829980076361e-09
5.348031135147010238e-09
2.926889680015464796e-09
3.103158526897906161e-09
4.451908791819252206e-09
3.823126255359196746e-09
1.696019915222454132e-09
9.430900686885171318e-10
2.677368203843790097e-09
5.317084188618905602e-09
6.574255192457990639e-09
5.786457825129824779e-09
4.348440343463349177e-09
3.641253295643957532e-09
3.781341205822367646e-09
4.917874713919737803e-09
7.204972224784938494e-09
8.860875635225933843e-09
7.580213788554962987e-09
4.369759182338028567e-09
2.632703678713105978e-09
3.422995897169898525e-09
4.584587522623282442e-09
4.280491011220007158e-09
3.144917626970594442e-09
3.064140931265246713e-09
4.600722407364356889e-09
5.779381286034317586e-09
4.448629225538001096e-09
1.714002322881872719e-09
6.837731820976449452e-10
1.894841127703689453e-09
2.952798179953701602e-09
2.539408120826922866e-09
1.722847122528508836e-09
1.454990300831715889e-09
1.342032087497874777e-09
8.710239810761887611e-10
2.561579058701899167e-10
7.319662071034160020e-12
2.140791101461920133e-10
4.208533264812275920e-10
4.642205437801785920e-10
9.864152226375662970e-10
2.236054974371629229e-09
3.083332365926247103e-09
2.483127924681851909e-09
1.085903213483145242e-09
1.865373737028578337e-10
2.301453258651147187e-11
1.278639907202390335e-10
3.642575360405903377e-10
7.385935793133987884e-10
9.482803649350074158e-10
7.453413204967057448e-10
3.219700140805093298e-10
3.952422935265579576e-11
2.327305478177147902e-11
1.464191369086728073e-10
2.694048196244835106e-10
3.881904795979887732e-10
5.746935243891074663e-10
8.688740714320749994e-10
1.264264588129898605e-09
1.701914837087856081e-09
1.988045753507230355e-09
1.823311090662480970e-09
1.156796329170537160e-09
4.887997358270228959e-10
4.075614895669916870e-10
7.587217713127130581e-10
8.637589773352002565e-10
6.081387450608604588e-10
4.808548421280174596e-10
5.748542180773120508e-10
5.990279081871518422e-10
6.908140289119177076e-10
1.070410461831434755e-09
1.299671546421874335e-09
9.575175300730935839e-10
4.075743611700957325e-10
1.079835054814241819e-10
2.036238709552663590e-11
6.362763214427611291e-11
1.909371924101445268e-10
1.537382533224759192e-10
3.350499665260463786e-11
3.000341417521768663e-10
7.613391932103934121e-10
6.788534399841212428e-10
1.841439255235638985e-10
7.790964795073123186e-11
3.548422046939674063e-10
4.578670917866550687e-10
4.682524044460463178e-10
6.874677652554280750e-10
8.303337176691453368e-10
6.330887805994078246e-10
4.064965848352228608e-10
4.961754166533333326e-10
9.649309674439292671e-10
1.752629797376947737e-09
2.512146931938059803e-09
2.703202343965416603e-09
2.268818014887264771e-09
1.705572811099475485e-09
1.398907304563332358e-09
1.381216791422883089e-09
1.500187661975882902e-09
1.451208055702305412e-09
1.031471267282293783e-09
4.791084891681916297e-10
1.513599608513194594e-10
6.753145560841614772e-11
1.472352823270648399e-10
4.540084912159783112e-10
8.752135670052107909e-10
1.054723245554517619e-09
8.489000312903570507e-10
4.814170140997229028e-10
2.535070286312000209e-10
3.195772727694888735e-10
5.794045130264898887e-10
7.259353240373207265e-10
6.090456031679425391e-10
4.214546249927326014e-10
3.280537552094220172e-10
2.369923302090915759e-10
1.512430698765884404e-10
3.312980899260597258e-10
8.502424145506050330e-10
1.326452692723903993e-09
1.344377198083222344e-09
9.444156742670346373e-10
5.165902540695514408e-10
3.290930799940714078e-10
3.481781983583567556e-10
4.605669253402861237e-10
6.105984506789175484e-10
6.883266253306570743e-10
5.658055069533678544e-10
3.105440572903565288e-10
1.205145023485217527e-10
5.448233232556029559e-11
4.673603024421209373e-11
8.263153582006992634e-11
1.482502437752147450e-10
1.602212068399847757e-10
9.862516856652888200e-11
4.229658842281509563e-11
2.382196530021586691e-11
2.520877279530647566e-11
7.339090760927759168e-11
1.764028495153006052e-10
2.576778534996479061e-10
2.671648811930392993e-10
2.551181158680652270e-10
2.951391824636938066e-10
4.086726071296102662e-10
5.285382111672985706e-10
5.195124643454443484e-10
3.396796890464132899e-10
1.400735362874161692e-10
8.636916282747743049e-11
2.013301696471229144e-10
4.587463066512028156e-10
7.919953233199008574e-10
9.675515186492514712e-10
7.869228537203839642e-10
4.249308076597391009e-10
2.121813077330791981e-10
1.668922081229521907e-10
1.082739578378139623e-10
4.053671764808010735e-11
5.011570532062637829e-11
7.142827229947642724e-11
6.032563378281538081e-11
9.861335081812456575e-11
1.499282988360559561e-10
9.062100859601110265e-11
3.286649839596660275e-11
1.712129804565043692e-10
3.617286820095608664e-10
3.272152843719206437e-10
1.444430810936047233e-10
6.981221847290532454e-11
8.659594158974979755e-11
4.852898839854754544e-11
2.514039795364575192e-11
1.173532282466118696e-10
1.802811792130312537e-10
8.249347627311249205e-11
1.681211727484616672e-11
2.129150719488888963e-10
5.107968093114944496e-10
5.656610632801851902e-10
3.750526252044387448e-10
2.520383333337031965e-10
3.320882994017886304e-10
4.606897862674359256e-10
5.167998027616030167e-10
4.996350801071469242e-10
3.878024796435663018e-10
2.271490824878231089e-10
1.851539828630764898e-10
2.730562839769618168e-10
2.882918429474063619e-10
1.720200144099484749e-10
6.875168647000964545e-11
4.711552189644153792e-11
1.518411292037364863e-10
4.995605850299985320e-10
9.145734128106155520e-10
9.155496239137280062e-10
4.558767689111021462e-10
8.746229302316222020e-11
1.036796554397927374e-10
2.119914646812939488e-10
1.968027466278968315e-10
1.764716784388957888e-10
1.938005344063603635e-10
1.885071361448752088e-10
2.281200921543992951e-10
3.091894787611070956e-10
2.539165499620904411e-10
7.623647901425942057e-11
2.569101060942883626e-12
3.825322457131743863e-11
1.805652369348729038e-11
1.818939113535286708e-11
2.036100787666321695e-10
4.209625740924699123e-10
3.984941555896235814e-10
1.781957750494013069e-10
1.946839806140346286e-11
3.983066033597008102e-11
1.556053717166725038e-10
2.392587754589547329e-10
2.100505604965087532e-10
7.248824886662015430e-11
3.727121906565786524e-11
6.261952674243651170e-10
2.317586859095791221e-09
4.691835697576819556e-09
6.227914731362161361e-09
5.663180052424118438e-09
3.480382114829774856e-09
1.367894326553283944e-09
3.374715483615183181e-10
9.345817323363269683e-11
3.693752694729073740e-11
2.782099346504025001e-12
1.541169131458751638e-11
2.951108547687073745e-11
2.417466991937731974e-11
1.706550282947455592e-11
6.441731777616206349e-12
1.235087942358577727e-11
4.533472446032812408e-11
4.854033631329671330e-11
1.158592858600528593e-11
2.296479502371368447e-11
1.064740031075247415e-10
1.812985836685955355e-10
2.114427738709880076e-10
2.113809300302959084e-10
1.634246447793308073e-10
7.854473796811988007e-11
2.247625912584303689e-11
1.074534972365253883e-11
6.688459689970876316e-12
1.475031793709380153e-12
1.232317375003041427e-11
8.588813530225624469e-11
2.600761206012742053e-10
4.072484848416703286e-10
3.298780397621422069e-10
1.117574404974435881e-10
1.429462231161377337e-11
3.274437449663313895e-11
1.860462019947355493e-11
5.286691193065845909e-11
1.987353101017195346e-10
2.612689700925901836e-10
1.987408996211430394e-10
2.207456510308214641e-10
2.860462716434014332e-10
1.912297848919340425e-10
9.245362884060760392e-11
2.291887941416707332e-10
4.371640073734300272e-10
4.975503251587312069e-10
4.604406881325809205e-10
3.446439718210997072e-10
1.409731480318586159e-10
4.857081756107239596e-11
1.249372061960457212e-10
1.141408504575947953e-10
7.118624170742030646e-12
7.091164676037626307e-11
2.299130355642659448e-10
2.532404130099372780e-10
3.037738585956057317e-10
5.108832604963069642e-10
5.680923333120210273e-10
3.492303718348625676e-10
1.660285483869157828e-10
1.377358501066474167e-10
9.012272702097022923e-11
1.688165338306659061e-11
4.014483484592118116e-12
1.048227237874438943e-11
4.697286373752428831e-11
1.542757924492727163e-10
2.759853975581410429e-10
4.749328716601915018e-10
8.061508006787983686e-10
9.167064923540638023e-10
5.397864584330300994e-10
1.001710558367361737e-10
2.358904645589982928e-12
1.426640729807332192e-11
1.866068165079832719e-11
2.796471579325541608e-10
5.864748338054076517e-10
4.404259348886289036e-10
7.953819442440100947e-11
3.891634712742105125e-11
1.579923114513514226e-10
1.166367999954390666e-10
1.334189897223998553e-10
3.344684342119755239e-10
3.950743571520074272e-10
2.212524141299024817e-10
8.790520833564239817e-11
7.638202195166057601e-11
6.814652918262131496e-11
5.386129239205351978e-11
5.433876009053785658e-11
6.529715101924063472e-11
1.416172951990693835e-10
2.588713959106132198e-10
2.825256470562987721e-10
1.985196429051441850e-10
9.543102938529304536e-11
1.312184597868182207e-11
2.565667461801828929e-11
1.802113153530855926e-10
2.987523759756180282e-10
2.189648387384399271e-10
7.387746897221527512e-11
1.679986842671133358e-11
2.884386402437045188e-11
1.336409385899826189e-10
3.240369458337345072e-10
3.780184664204823592e-10
2.074107293698741842e-10
5.858314293532077491e-11
6.166561339526060381e-11
7.120960624392085197e-11
3.659979256676245297e-11
2.371148826375599033e-11
1.579798525207276427e-11
3.984289516911710748e-11
1.460613278482903469e-10
1.894737097386486686e-10
7.690217703600866857e-11
4.645118073307750229e-13
3.791580961681752005e-11
2.600378024840185175e-11
1.715803139870206935e-11
1.684781099125510898e-10
2.706762410338840942e-10
1.250996663516038864e-10
8.025949183328889539e-14
8.464566614096988306e-11
1.283584204536955402e-10
3.677650034566018930e-11
4.560640098657917045e-11
1.521677960498875184e-10
1.427940398751551404e-10
7.484351691439557402e-11
9.861996897059465264e-11
1.168836942429396253e-10
4.711775261809700204e-11
3.302075432876197088e-12
2.239273958834719443e-11
2.499567127660543215e-11
3.512701593006080203e-11
9.969352354378311117e-11
1.365137129066462508e-10
8.646749365744336418e-11
2.231706408446993136e-11
7.313919568963297440e-12
2.620357546534427620e-11
5.595612132468025191e-11
7.003540551998084353e-11
3.785367077983807665e-11
1.040704127847772415e-11
9.328087894621081977e-11
2.470984125833524212e-10
2.685124882360134733e-10
1.067870275577819070e-10
6.987266864860023209e-12
1.263481525048088904e-10
2.518383634539692294e-10
1.774902063223682614e-10
5.321463241183499161e-11
5.349465215376707067e-11
7.291569027839613827e-11
2.091322403954096065e-11
5.475196299779864358e-12
5.230621725165823588e-11
5.075383983475088428e-11
1.067798276379654794e-11
1.908517902651716588e-11
4.564603230634566361e-11
4.100187738753437392e-11
3.694069781255264618e-11
3.728411110359067248e-11
1.600012858061611731e-11
1.378171761516735678e-12
1.866136676819436327e-11
6.155074670808463526e-11
1.352746852696291869e-10
1.879854482694146619e-10
1.334835224634220104e-10
4.009786915704491813e-11
4.845813300366319655e-11
1.076336914693026384e-10
9.006564464940039440e-11
3.724107634003705037e-11
2.805616017025414047e-11
3.001639032173553785e-11
3.117364971830740445e-11
6.014843372762582037e-11
7.570218861788370721e-11
4.789940338135495680e-11
2.275291136936547207e-11
2.646431046973253266e-11
7.940703977365595585e-11
1.923551886078328220e-10
2.290045649002494654e-10
9.088324981985959433e-11
1.330692457095247099e-11
2.023996175828004134e-10
4.019106825308820139e-10
3.462620345877090590e-10
2.151904278690239346e-10
1.874547891898741153e-10
1.328009310535626563e-10
2.922240158767403354e-11
3.961370119389911991e-11
1.135991094445318082e-10
8.752870686476737309e-11
1.661973224715491430e-11
2.572662842262185100e-12
5.275817572327278713e-12
8.621855555074703010e-12
3.259043335221908044e-11
2.689408400671525813e-11
2.658724794299140435e-12
4.683908791122417862e-11
1.165085147208807195e-10
1.091054351669589426e-10
5.614464192135894124e-11
2.361422215812829267e-11
2.568139798212179127e-11
8.654522114729769476e-11
1.505052591132823225e-10
1.058780996839418382e-10
5.306417645269207319e-11
1.623711432335104483e-10
2.782748634879394534e-10
1.787012232870562318e-10
2.054923307399054908e-11
2.774313706364636932e-11
1.128440148000632655e-10
1.525289254985438833e-10
1.666455296308199407e-10
1.259237386427007398e-10
3.699444061011984149e-11
4.882084104917314736e-11
1.509440327115864894e-10
1.480821310326011684e-10
5.213002574252329108e-11
2.616020384658225424e-11
4.342898247615033077e-11
1.811355938842777460e-11
9.433808342389753808e-13
2.082479426294312344e-11
7.074213773118999125e-11
1.975025946803018747e-10
3.139182105567556514e-10
2.430538243353481071e-10
9.020981961957488385e-11
8.154561041797229993e-11
1.244856773518124840e-10
5.888306033621048431e-11
1.451404459786259322e-11
7.711657474720376396e-11
9.024763660490197349e-11
2.684270421021682916e-11
2.233561370512058898e-11
5.910008140488825931e-11
7.702292741381351492e-11
1.450565252839283930e-10
2.333535203350711595e-10
2.015414240786380228e-10
8.920636798354637448e-11
3.358905447438110240e-11
2.879821398857216361e-11
3.410346686733713704e-11
5.828552706756931728e-11
5.510907116723397144e-11
1.327624721405884096e-11
2.433257409736690108e-11
7.310702576648057579e-11
5.153864709485782673e-11
1.660137532518075938e-11
7.397574425352531131e-11
1.330862084773534054e-10
9.939887293963643284e-11
5.823800862587314141e-11
6.585047437033400737e-11
5.788435457492207906e-11
2.155508133318393215e-11
2.220277401895773584e-12
4.206645490958363304e-15
1.551890636634499810e-12
3.757185776943036811e-12
2.505819762511048782e-13
1.904330630295390261e-11
7.473989796059776638e-11
1.109993192419057833e-10
1.163972380680069531e-10
1.416808355131093035e-10
1.422308504927146514e-10
6.265596971088222322e-11
5.096515896887314340e-12
3.498931789883243839e-11
5.365219425165904829e-11
5.092063060358115490e-11
1.058160212558514224e-10
1.268561226303422963e-10
3.838631480945563223e-11
1.189365300492125535e-11
1.075207080529836347e-10
1.145320425663768148e-10
1.587437171181821306e-11
3.903599270498807226e-11
1.675889530234172210e-10
1.932702507585665728e-10
1.327712920118707334e-10
1.092612192358798108e-10
9.240589699948651205e-11
4.695523883719932338e-11
1.775818952342954552e-11
7.854625807542456204e-12
2.910979328241418904e-11
1.170586083856731466e-10
1.775296508954569515e-10
1.068089478681163047e-10
1.160058279758089034e-11
9.090299900476402408e-12
2.387069079907973774e-11
4.353296864414871667e-12
2.464066332763139324e-11
7.467061522911398401e-11
6.705337142769119404e-11
2.177436523816180217e-11
7.498470419938006747e-12
1.481719176315187083e-11
1.145775490656097985e-11
4.990972040960397458e-12
2.109066594700901822e-11
5.748545068340260887e-11
5.529823766155709722e-11
5.619434764409903832e-12
3.799846263710860416e-11
1.887065273728386382e-10
2.486152477149082858e-10
1.222257867127083135e-10
2.054477230900548587e-11
4.886785245004287872e-11
5.389545643851161989e-11
5.386470069951903131e-12
1.642727609821665315e-11
3.855295701486815754e-11
5.495491392784295553e-12
3.572738246020922648e-11
1.544412391398307044e-10
1.892176240873427686e-10
1.016404499797266550e-10
2.848027281453682420e-11
1.521581922689812065e-11
1.773475910259407449e-11
2.642418914588532316e-11
3.199345214752601425e-11
2.527513272338303267e-11
2.224239479985639858e-11
1.551876282533422380e-11
1.201829134192292549e-11
4.795202891272067888e-11
7.243161245289834472e-11
3.539219555585604054e-11
4.447003475458819477e-11
1.313499327766748290e-10
1.269137082112053434e-10
3.660386610723904587e-11
6.066439103170846501e-11
1.416449994568357855e-10
9.197139417811581603e-11
9.881905764124080501e-12
1.809103220149013393e-11
3.173149302656221607e-11
9.445710532402524975e-11
2.855609238574422820e-10
3.550082482268864595e-10
1.624771600807469475e-10
2.049213230887808585e-11
6.428805596911946792e-11
6.004175751176076690e-11
1.383172133562639342e-11
6.815461869738831848e-11
7.703466542998645026e-11
3.206715463079815500e-11
1.771013094558931118e-10
3.491404008946725217e-10
2.344853595197388261e-10
9.086474570243695777e-11
1.694226771765478036e-10
1.701745276115298461e-10
4.135390145075830465e-11
1.395515172983603139e-10
3.191710580033043521e-10
1.971158723824741322e-10
1.032979587894489130e-11
4.717890436458329894e-11
6.520803016110288556e-11
5.754669581372996633e-14
1.095239798344803036e-10
2.546262335555362253e-10
1.609800377210259766e-10
1.670607016631708533e-11
2.120325676909499876e-11
6.481642595590560630e-11
1.199732336994220231e-10
1.864768271583234508e-10
1.305741254612981721e-10
5.287149373873224774e-11
1.414759241903359504e-10
2.027986551425426252e-10
1.182227930693504702e-10
1.588828121192489351e-10
2.926147747923852741e-10
1.949665857830049927e-10
1.625752684718453841e-11
3.628555629074473612e-11
7.979819977520526082e-11
7.443056573960567462e-11
1.833882925510038977e-10
2.132230671583246775e-10
7.136477009288426634e-11
1.798373098389389723e-10
4.811026422789260116e-10
4.117549458633496064e-10
2.106068956371939580e-10
4.142536472091440709e-10
5.496896510036112923e-10
1.958413669950764012e-10
1.025916166294219814e-11
2.718336675553965770e-10
3.216300358188596984e-10
7.609006508576939913e-11
2.318158683326687390e-11
4.856594639223562981e-11
1.034523701914645433e-11
2.905162767641548696e-10
7.235047310991471671e-10
6.522716498954170439e-10
2.328156539851575256e-10
3.994920757194053093e-11
2.715290278450270332e-11
4.449899868928205457e-11
2.012875440177772886e-10
2.930788321043746145e-10
1.229794357612173160e-10
7.458998453294428884e-12
8.136185207480402392e-11
8.408960990168464533e-11
6.743495157354050407e-11
1.595374452967716379e-10
1.230577611846793997e-10
1.730156475691099825e-11
2.215749753027724283e-10
5.235893291501813791e-10
4.755578965730142062e-10
2.601979530476584162e-10
1.539085488646614103e-10
5.431095939773643550e-11
8.753194333991102936e-12
1.194303843261446333e-10
1.644076738549207591e-10
1.173443181803522087e-10
1.951309750164778027e-10
2.174270082951838450e-10
4.210312009592894993e-11
5.909223592028789810e-11
3.127004117357314804e-10
3.185064502078449227e-10
1.079849210921740560e-10
4.556471376333763889e-11
4.034675496790346239e-11
8.235502598475666239e-11
4.089957631709707361e-10
6.662729237394015801e-10
4.118375246858873477e-10
6.176764098920273281e-11
2.475236147240438055e-11
7.399922586017877444e-11
2.020075465969182428e-10
4.991517447634959272e-10
5.086727106403999604e-10
1.428533869833214023e-10
1.827612593007456814e-11
1.724048059049076165e-10
1.844574367967697004e-10
2.133259831002153508e-10
3.099554442930988502e-10
1.190935093820858940e-10
4.104308636518827123e-11
5.516933874309170070e-10
8.618351502672139744e-10
4.496208361605885196e-10
1.389255236116416297e-10
2.016777556426791384e-10
7.714072133534367389e-11
6.599489540448641924e-11
4.673736692591978486e-10
5.006400348270836737e-10
1.197992315241371964e-10
1.724175617522745662e-10
3.273053993390068088e-10
6.540482571949895293e-11
1.881018232040169386e-10
6.941614656544493995e-10
4.511827159555778973e-10
5.544154835108269383e-12
4.593117523725786058e-10
7.777878523138871098e-10
2.328375301057198891e-10
8.534331063282714499e-11
4.038120930248288204e-10
1.363055442004049813e-10
1.585107168480922589e-10
1.096295274825529175e-09
1.215412894846950097e-09
2.896220698116714957e-10
1.675465748797244229e-10
4.844903225404747625e-10
1.359553371044739240e-10
4.156865258113460671e-10
1.343071093707275121e-09
8.587319660689198627e-10
1.245558355823181202e-11
8.527934894005021382e-10
1.331976894516505186e-09
3.166680633521520125e-10
5.567207335749451141e-10
1.549168773812349751e-09
5.678558971752959547e-10
3.011472558600865428e-10
2.642155522049423722e-09
2.790058007719290384e-09
4.310076088299020968e-10
1.192897942604243960e-09
2.622625541904070565e-09
4.334856596451675599e-10
1.599255633120082143e-09
7.088081372202018787e-09
4.798386434347756044e-09
1.546809010570380573e-10
9.548131319554793897e-09
1.514366518488571511e-08
1.058794707167860878e-09
2.824427901946979105e-08
1.569227730313657149e-07
2.999427056609589098e-07
