-4.738409445E-2
-2.347247861E-2
-3.366890922E-2
-1.212681178E-2
-1.852099784E-3
5.399206188E-3
1.015995257E-2
4.035519809E-2
3.087383509E-2
6.655871123E-2
5.600770563E-2
-8.652132004E-3
-2.826940455E-2
8.792973123E-3
1.086515095E-2
8.774553426E-3
1.230712328E-2
-5.092060938E-2
-6.686519086E-2
-2.921997570E-2
-2.681953833E-2
-1.633037254E-2
7.417441811E-3
1.546933223E-2
3.445245326E-2
2.783595771E-2
-2.474736050E-2
-3.564964607E-2
-2.499931119E-2
-1.852885447E-2
3.894081805E-3
1.291031949E-3
9.244904853E-3
-3.965063021E-3
3.575627878E-2
3.406301513E-2
5.322770029E-2
4.951685667E-2
6.620807946E-2
5.450323969E-2
9.622044861E-2
-9.498891979E-2
1.242352184E-3
2.035572380E-2
4.228528589E-2
5.422168598E-2
5.536828935E-2
6.240777299E-2
8.282234520E-2
-1.257327944E-1
8.683841676E-2
-1.494238037E-3
-7.054775208E-2
-2.733593807E-2
-3.407216072E-2
-5.822454393E-2
-3.596474975E-2
-2.848846279E-2
-1.981031522E-2
8.143167943E-2
5.865943432E-2
-1.113117635E-1
-1.412359774E-1
-1.077798456E-1
-9.072484076E-2
-1.116972491E-1
-7.029316574E-2
-4.898263142E-2
5.517488718E-2
4.056636244E-2
5.877060816E-2
-1.185860932E-1
-9.470670670E-2
-1.043880582E-1
-1.119919643E-1
-6.725791842E-2
1.904400252E-2
3.085081093E-2
3.684170544E-2
4.309244826E-2
6.738758087E-2
5.743981153E-2
7.193584740E-2
-9.765446186E-2
-7.042670995E-2
-6.197814271E-2
-4.514351115E-2
-7.590317726E-2
-4.200300947E-2
4.428900778E-3
-8.669893257E-3
-2.117597871E-2
2.849905379E-2
2.418037318E-2
1.481347159E-2
1.963539608E-2
3.932174295E-2
4.117420316E-2
6.118420139E-2
-1.586331055E-2
-5.778712220E-3
9.031767026E-3
2.616567770E-3
2.480531484E-2
3.266708925E-2
4.785056040E-2
4.321743548E-2
6.620347500E-2
8.258157223E-2
6.224989519E-2
-1.005061790E-1
-5.637405440E-2
-4.505798966E-2
-1.060067443E-3
-6.561534479E-3
8.180528879E-3
8.604831994E-3
1.867758855E-2
2.012219280E-2
5.055557564E-2
-1.085232049E-1
8.175007254E-2
-6.491405517E-2
-3.062379360E-2
-9.100116789E-3
1.887230761E-2
4.373383522E-2
3.646608442E-2
8.099553734E-2
6.504437327E-2
6.089804322E-2
8.250790089E-2
-1.019705161E-1
-7.464342564E-2
-7.139306515E-2
-6.964059919E-2
-3.286836203E-3
-1.623695903E-2
1.568575948E-2
7.154969871E-2
4.179519787E-2
6.448587030E-2
-1.071193814E-1
8.424129337E-2
-7.071615756E-2
-8.288805932E-2
-4.266413301E-2
-4.313057289E-3
-2.657946665E-3
1.100106314E-1
-4.444291443E-2
-4.510206729E-2
-2.948705666E-2
3.671075916E-3
9.898134507E-3
1.971828379E-2
3.837972134E-2
5.095356703E-2
8.109421283E-2
9.701445699E-2
-9.456330538E-2
1.416346878E-1
-3.571740165E-2
-5.612279754E-3
-1.938864402E-2
2.303968742E-2
3.894739551E-3
3.173625469E-2
8.191124350E-2
6.635215133E-2
8.593060821E-2
-1.081956029E-1
1.054380238E-1
-9.043144435E-2
-6.828150898E-2
-3.577726707E-2
-5.458080024E-2
-2.007871121E-2
7.212855387E-3
-6.251694635E-3
3.021797352E-2
5.127590522E-2
6.857299805E-2
7.491254807E-2
9.263722599E-2
-7.005371898E-2
-5.576424301E-2
-2.492300235E-2
1.676921174E-2
5.464989692E-3
3.684630990E-2
3.753243387E-2
6.544302404E-2
7.071293145E-2
6.911965460E-2
-9.305883199E-2
-5.841005221E-2
-4.667823762E-2
4.639408085E-3
1.248408016E-2
1.446876582E-2
2.069187723E-2
5.473479629E-2
6.680078804E-2
9.342597425E-2
-8.410965651E-2
-4.301804677E-2
-4.643286392E-2
-3.887435049E-2
1.897032559E-2
1.567322295E-3
3.425049782E-2
-2.903907001E-2
-2.344090119E-2
2.490596287E-2
2.373699285E-2
2.558813803E-2
6.633175910E-2
6.692117453E-2
8.333545178E-2
8.500438184E-2
-7.738922536E-2
-5.002003536E-2
-3.404321522E-2
-3.730870411E-2
2.031691186E-2
2.174112387E-2
-4.124649987E-2
5.689512566E-2
-8.972756565E-2
-6.082298607E-2
-4.487182572E-2
1.703563519E-2
1.719154231E-2
3.581482917E-2
4.569549859E-2
7.587758452E-2
-7.900618017E-2
-8.087706566E-2
-5.556689203E-2
-1.680072397E-2
5.565638654E-3
1.116775442E-2
3.911254928E-2
5.853707716E-2
1.207826659E-1
1.157929897E-1
-4.775050655E-2
-4.623683169E-2
1.848217449E-3
1.530026831E-2
1.312678494E-2
3.035217337E-2
7.107539475E-2
9.887415171E-2
8.420247585E-2
-6.181500107E-2
-6.770853698E-2
-5.622538552E-2
-1.097494457E-2
-1.482787915E-2
1.977683045E-2
4.425418377E-2
5.696814507E-2
6.894467026E-2
-1.075627655E-1
-6.932155043E-2
-5.342629924E-2
7.082603872E-3
-5.158374552E-3
2.266406454E-2
1.867956296E-2
-5.762393773E-2
1.134467428E-3
-1.767169684E-2
3.467147471E-3
4.262472689E-2
7.200491428E-2
9.258855134E-2
7.302653044E-2
1.013265625E-1
-4.953126237E-2
-3.646930680E-2
-3.134412318E-2
1.612712862E-3
1.298008766E-2
-7.185354829E-2
4.787227139E-2
-1.394249648E-1
1.049926728E-1
-9.059524536E-2
-9.003608674E-2
-8.398400992E-2
-6.527652591E-2
-5.803640187E-2
-1.291226596E-2
-1.536861900E-2
1.043755841E-2
2.179374918E-2
5.390789732E-2
6.881771237E-2
