4.512192241890924993e-08
4.562991685118984614e-08
4.608359471593589831e-08
4.648109779318029870e-08
4.682282714334474512e-08
4.711147930968458401e-08
4.735202032949746342e-08
4.755159692429819900e-08
4.771938598953064230e-08
4.786638529544973769e-08
4.800515009054367977e-08
4.814948205046926505e-08
4.831407830532657515e-08
4.851415070191097275e-08
4.876502488548293053e-08
4.908173111902172726e-08
4.947859931346257180e-08
4.996887027555067752e-08
5.056433477104849611e-08
5.127501225855401930e-08
5.210888043931593608e-08
5.307166447772266386e-08
5.416669277065773241e-08
5.539482521900278506e-08
5.675445800980662347e-08
5.824160524167308750e-08
5.985005481708999566e-08
6.157159486074347252e-08
6.339630482678689939e-08
6.531290150731203570e-08
6.730912759971577251e-08
6.937217057312901682e-08
7.148909874824212869e-08
7.364729853791608837e-08
7.583489587868910303e-08
7.804114748408979255e-08
8.025678895630031708e-08
8.247432542993496065e-08
8.468825207174331804e-08
8.689519353819221137e-08
8.909396758736079921e-08
9.128555243897559627e-08
9.347297104293207005e-08
9.566109167287162900e-08
9.785634564582962144e-08
1.000663890738830832e-07
1.022997003282417113e-07
1.045651373894802853e-07
1.068714850101883012e-07
1.092269856621661812e-07
1.116388924709876046e-07
1.141130571560412756e-07
1.166535627232776811e-07
1.192624411727314430e-07
1.219394605332434430e-07
1.246820049312841835e-07
1.274850726505367911e-07
1.303413615271739585e-07
1.332414672661111715e-07
1.361741809483893367e-07
1.391268645416024571e-07
1.420859230176743263e-07
1.450373145348443477e-07
1.479670952353028853e-07
1.508619987290198277e-07
1.537099790405274771e-07
1.565007271771382750e-07
1.592261245119571679e-07
1.618805941588056033e-07
1.644613718467803216e-07
1.669686246803960004e-07
1.694054280850783894e-07
1.717776228263239148e-07
1.740934906135884964e-07
1.763632989303924488e-07
1.785987109905749657e-07
1.808120597745151152e-07
1.830155629613950495e-07
1.852204409351064221e-07
1.874360017028596169e-07
1.896687665771310874e-07
1.919216042705576584e-07
1.941929714163823895e-07
1.964762819004905519e-07
1.987594216226424367e-07
2.010245075512805677e-07
2.032478399894112906e-07
2.054001067986969727e-07
2.074468969644262457e-07
2.093494420822020786e-07
2.110656486973475207e-07
2.125513840213152650e-07
2.137619684058750753e-07
2.146538773600362129e-07
2.151866194101094516e-07
2.153245943387772201e-07
2.150391333523538775e-07
2.143103418466965271e-07
2.131289343152633611e-07
2.114978857312982949e-07
2.094337200069633367e-07
2.069676360628953799e-07
2.041460900032354700e-07
2.010310494479124397e-07
1.976997714907363134e-07
1.942439836123499160e-07
1.907686456886434392e-07
1.873902004711005843e-07
1.842342443456562709e-07
1.814328419363103387e-07
1.791214464512999049e-07
1.774354015322980819e-07
1.765063592168231607e-07
1.764584178733840709e-07
1.774043364544961671e-07
1.794418450816650073e-07
1.826500723559090641e-07
1.870864613901272719e-07
1.927839880085563534e-07
1.997490436773434435e-07
2.079599859415921214e-07
2.173663276662133141e-07
2.278888312425915653e-07
2.394204594271919414e-07
2.518280679145717298e-07
2.649550653997036809e-07
2.786249042643124400e-07
2.926451630496968458e-07
3.068125337327307306e-07
3.209181061177194771e-07
3.347532291354375144e-07
3.481156429272598749e-07
3.608154836305971798e-07
3.726815001992163401e-07
3.835666605746721437e-07
3.933534955066946169e-07
4.019587977612009922e-07
4.093372662660226813e-07
4.154843851199297906e-07
4.204381998306223223e-07
4.242796355825458350e-07
4.271317639482270503e-07
4.291577536296221564e-07
4.305572212825688045e-07
4.315617216958683014e-07
4.324286216328760079e-07
4.334341791071947221e-07
4.348657095062563734e-07
4.370127388880470233e-07
4.401580886917854579e-07
4.445682695342391752e-07
4.504841731342488372e-07
4.581120549625529453e-07
4.676148053329082503e-07
4.791043264387767429e-07
4.926350198350530756e-07
5.081983174930400850e-07
5.257190491937763260e-07
5.450535561776208591e-07
5.659892985174333650e-07
5.882469610288088916e-07
6.114839754112454942e-07
6.353003798301641565e-07
6.592465959389691758e-07
6.828325100349704235e-07
7.055388017748341832e-07
7.268289133643272192e-07
7.461625350908956250e-07
7.630098540273842585e-07
7.768657005632361597e-07
7.872641679176199067e-07
7.937928696607370445e-07
7.961059066609051052e-07
7.939361792843810257e-07
7.871061812270944322e-07
7.755363491557394604e-07
7.592521148463476097e-07
7.383876843641856266e-07
7.131877909658517374e-07
6.840066916724124027e-07
6.513038434093481332e-07
6.156375770002403697e-07
5.776553092591824230e-07
5.380817280011857201e-07
4.977046221368496613e-07
4.573583395358713943e-07
4.179059838801850769e-07
3.802203234751810958e-07
3.451636397199553672e-07
3.135675963194237305e-07
2.862132854595526151e-07
2.638117874776632683e-07
2.469863427840155310e-07
2.362559465372770325e-07
2.320213818954413195e-07
2.345538756543862027e-07
2.439865830275655713e-07
2.603096409251479112e-07
2.833684662360855223e-07
3.128658805741136430e-07
3.483679321661636754e-07
3.893132844956903359e-07
4.350260802476574184e-07
4.847322170285998247e-07
5.375784699680555112e-07
5.926541803479227787e-07
6.490149038866961226e-07
7.057080724851054354e-07
7.617985965010958454e-07
8.163957075959332291e-07
8.686789510624411780e-07
9.179230767781005502e-07
9.635219332758820311e-07
1.005008597646969129e-06
1.042073954195436874e-06
1.074581088799328112e-06
1.102575851002389693e-06
1.126292875449929299e-06
1.146157830783999353e-06
1.162783036318742934e-06
1.176959894325901973e-06
1.189645521332574854e-06
1.201944580654778086e-06
1.215087546747116678e-06
1.230402906090816185e-06
1.249287583834274096e-06
1.273173316897185897e-06
1.303490567437534948e-06
1.341631774011399429e-06
1.388911635336695295e-06
1.446529395339256653e-06
1.515530922583262310e-06
1.596772438147934384e-06
1.690888090897436466e-06
1.798258443089937667e-06
1.918985667171986187e-06
2.052872472568434870e-06
2.199406892918582748e-06
2.357752866395941759e-06
2.526749318933326392e-06
2.704912484991781670e-06
2.890449020341044942e-06
3.081274496708249841e-06
3.275038807790195597e-06
3.469161045221503142e-06
3.660865628515434167e-06
3.847229470338844258e-06
4.025231835854413554e-06
4.191809118091757891e-06
4.343912390067298758e-06
4.478570923491349698e-06
4.592950039011752198e-06
4.684416016694560308e-06
4.750596434561406949e-06
4.789437996834922515e-06
4.799264574302641879e-06
4.778822458979141111e-06
4.727327216628072474e-06
4.644499280434670303e-06
4.530591136847640598e-06
4.386408842597712759e-06
4.213315813038482020e-06
4.013233272514474639e-06
3.788625557032728812e-06
3.542473958028167386e-06
3.278241813689513371e-06
2.999822088993267397e-06
2.711479892353741403e-06
2.417781455606064063e-06
2.123514173657527256e-06
1.833597938244282441e-06
1.552991019942590468e-06
1.286587388343016457e-06
1.039113820567748482e-06
8.150238755490545148e-07
6.183929222298489868e-07
4.528169107165916355e-07
3.213157446632715196e-07
2.262461914351556901e-07
1.692251603570453576e-07
1.510667784800897520e-07
1.717357232745483105e-07
2.303195035629067672e-07
3.250216990652092586e-07
4.531788507894845192e-07
6.113025951110548781e-07
7.951487190207949054e-07
9.998151797221314249e-07
1.219868220536519436e-06
1.449499360503870318e-06
1.682711629955526159e-06
1.913534869087249624e-06
2.136270800783617861e-06
2.345761751022724526e-06
2.537686754233018220e-06
2.708877952722223149e-06
2.857655187566855563e-06
2.984177404457748818e-06
3.090799517443638969e-06
3.182438951721290232e-06
3.266939666552841156e-06
3.355430554653610613e-06
3.462671068271280492e-06
3.607381049623103846e-06
3.812539780128269814e-06
4.105658720022994934e-06
4.519012951620359653e-06
5.089827252462400501e-06
5.860414782802408162e-06
6.878250479444346182e-06
8.195989137232131760e-06
9.871411711874232732e-06
1.196729998832419776e-05
1.455123289878604004e-05
1.769531548363893745e-05
2.147580551793906717e-05
2.597267980281468534e-05
3.126910932739102749e-05
3.745085069785896700e-05
4.460558992091747830e-05
5.282215645938595760e-05
6.218972360379780887e-05
7.279692044036724775e-05
8.473088037879948078e-05
9.807630999194502381e-05
1.129143915789066393e-04
1.293217845320687352e-04
1.473695503135088244e-04
1.671220585463831720e-04
1.886360338820748813e-04
2.119593671761257480e-04
2.371302123280724162e-04
2.641760085864825716e-04
2.931125877314840270e-04
3.239433027108013972e-04
3.566584988570645296e-04
3.912345803416064378e-04
4.276336781799944383e-04
4.658031954369402168e-04
5.056754459537380481e-04
5.471678288226542678e-04
5.901823559211637118e-04
6.346061007732776505e-04
6.803114148143008140e-04
7.271563689094085164e-04
7.749852202741053329e-04
8.236296408894648547e-04
8.729088768424810409e-04
9.226312428267977690e-04
9.725951557883186953e-04
1.022590243004111062e-03
1.072399370289617033e-03
1.121799165101059056e-03
1.170562212268974308e-03
1.218458534140213568e-03
1.265257079538348664e-03
1.310728251753161657e-03
1.354644470976610910e-03
1.396782712914612168e-03
1.436926055004617009e-03
1.474865151534157951e-03
1.510400824831261302e-03
1.543344272653454381e-03
1.573519500124578472e-03
1.600764507103575891e-03
1.624932591946854753e-03
1.645893270311961018e-03
1.663534354088307219e-03
1.677761294625805359e-03
1.688498952073195537e-03
1.695691913844668596e-03
1.699304634244671328e-03
1.699322738595218478e-03
1.695751481219787875e-03
1.688616702203265792e-03
1.677964277699573294e-03
1.663859669966621197e-03
1.646387058342752962e-03
1.625649607301078410e-03
1.601767000217265043e-03
1.574875433048842765e-03
1.545126184425979227e-03
1.512684100007967870e-03
1.477727163390506063e-03
1.440443606560905688e-03
1.401031341627858662e-03
1.359696141475559865e-03
1.316649821322073751e-03
1.272109427902972170e-03
1.226294355483627729e-03
1.179425556194280524e-03
1.131723728737425065e-03
1.083407591981979919e-03
1.034693056687548476e-03
9.857907628739745551e-04
9.369054139368840394e-04
8.882343347070749970e-04
8.399663039428801291e-04
7.922803732095170257e-04
7.453454153267636629e-04
6.993185486460414555e-04
6.543449449565959990e-04
6.105571272052301435e-04
5.680744377253067485e-04
5.270030743382130576e-04
4.874353607470067410e-04
4.494500465027270178e-04
4.131122675703272074e-04
3.784737151994841016e-04
3.455728613863066749e-04
3.144355531136439779e-04
2.850751574265126664e-04
2.574933456751048286e-04
2.316806724460044014e-04
2.076172476926538236e-04
1.852736260220750393e-04
1.646114160581543459e-04
1.455842391544623002e-04
1.281386752019097086e-04
1.122149149941830754e-04
9.774795830131094258e-05
8.466821598671231701e-05
7.290262293768200240e-05
6.237538811217393489e-05
5.300878442266156935e-05
4.472408132767898058e-05
3.744216306206923017e-05
3.108434767016890195e-05
2.557299275028467332e-05
2.083208221371281692e-05
1.678782498635303594e-05
1.336908130421698399e-05
1.050782749511276370e-05
8.139475249465640330e-06
6.203190814765493416e-06
4.642110912234803225e-06
3.403508957172739548e-06
2.438914158186983756e-06
1.704154318872817494e-06
1.159362217399875912e-06
7.689223689182341063e-07
5.013759802452945833e-07
3.292867822158180450e-07
2.290674013634766817e-07
1.807770795782252681e-07
1.678915721906064358e-07
1.770520923152465310e-07
1.977982164322220646e-07
2.222884254787980175e-07
2.450145143103339307e-07
2.625130209011617235e-07
2.730782579172483632e-07
2.764817217556543918e-07
2.736995089171072793e-07
2.666532052526385364e-07
2.579650602283082019e-07
2.507306257382390428e-07
2.483115169563428385e-07
2.541479498587896660e-07
2.715943525906062390e-07
3.037769370390483156e-07
3.534741551088320199e-07
4.230208769232877634e-07
5.142336028413296723e-07
6.283588259653321321e-07
7.660410542295343955e-07
9.273095873362654567e-07
1.111585258481158727e-06
1.317699771691661499e-06
1.543933512582685998e-06
1.788060472892780829e-06
2.047408842762331528e-06
2.318926184406961269e-06
2.599249461830411396e-06
2.884785854256548526e-06
3.171785721424132734e-06
3.456426689123797036e-06
3.734889242246462194e-06
4.003428010356479146e-06
4.258449387261673325e-06
4.496567765497526112e-06
4.714671790114902870e-06
4.909972151111835335e-06
5.080040246194430641e-06
5.222852174967452178e-06
5.336803422327561414e-06
5.420735722216275701e-06
5.473941113318110602e-06
5.496157069752015344e-06
5.487568768686382965e-06
5.448781158766794234e-06
5.380806818103793052e-06
5.285032411868051383e-06
5.163180084278986536e-06
5.017278855113595874e-06
4.849610793581960542e-06
4.662677090247852811e-06
4.459140453380393497e-06
4.241786658164046010e-06
4.013472724359376108e-06
3.777077003645938351e-06
3.535461704544739874e-06
3.291421571756056053e-06
3.047651103479418353e-06
2.806704875280430330e-06
2.570963030827210650e-06
2.342608547767526631e-06
2.123597901690675952e-06
1.915647117302000758e-06
1.720215634773084032e-06
1.538496082566437343e-06
1.371413319023907127e-06
1.219621284835694628e-06
1.083510596244682180e-06
9.632160353207296428e-07
8.586284771039725406e-07
7.694126343572866281e-07
6.950239155227167900e-07
6.347312683105775081e-07
5.876396776983020410e-07
5.527144683008808057e-07
5.288081018309292382e-07
5.146851543722599247e-07
5.090495706641691722e-07
5.105700486408803884e-07
5.179046506608748837e-07
5.297255372087905273e-07
5.447401219250059382e-07
5.617124185258299027e-07
5.794809289544526891e-07
5.969741466163013671e-07
6.132251069737386216e-07
6.273810748045525263e-07
6.387130786490490825e-07
6.466202432327729494e-07
6.506339375667424768e-07
6.504177490112569196e-07
6.457650104039375675e-07
6.365957456059630225e-07
6.229490183428733661e-07
6.049759107042751738e-07
5.829291877869202448e-07
5.571516604723623450e-07
5.280649292733194445e-07
4.961550713085831861e-07
4.619599283432381243e-07
4.260546647115618970e-07
3.890374672971837510e-07
3.515165624561358544e-07
3.140961203689164593e-07
2.773643856528773405e-07
2.418817127116217166e-07
2.081698630958221340e-07
1.767031372116707656e-07
1.478999717906779079e-07
1.221168100159392872e-07
9.964294867766031614e-08
8.069705551234929111e-08
6.542546745308515488e-08
5.390164012967010957e-08
4.612739586935531960e-08
4.203528014997637705e-08
4.149241366231079232e-08
4.430536553733234292e-08
5.022605094944013579e-08
5.895859330893854328e-08
7.016670462626558251e-08
8.348177269590462684e-08
9.851117351554250718e-08
1.148466957809646169e-07
1.320732056707893428e-07
1.497767582672098317e-07
1.675527918302844071e-07
1.850135695263706949e-07
2.017949357516823596e-07
2.175628128637761486e-07
2.320181881396969887e-07
2.449019353371068383e-07
2.559981972714318010e-07
2.651367255888495051e-07
2.721948536198602784e-07
2.770975380820426872e-07
2.798173929690157926e-07
2.803731562918024024e-07
2.788272808911472131e-07
2.752834217037428015e-07
2.698822136832731684e-07
2.627974615809590920e-07
2.542311626265919880e-07
2.444081819825712638e-07
2.335712776777638880e-07
2.219750767411449203e-07
2.098809099613298387e-07
1.975511399644498137e-07
1.852437324038162822e-07
1.732075812172803229e-07
1.616775123630481979e-07
1.508704468663930270e-07
1.409814208896844957e-07
1.321807593126371445e-07
1.246114683318112143e-07
1.183872989968801916e-07
1.135917402031017707e-07
1.102772109049403112e-07
1.084652993704279010e-07
1.081473181256378801e-07
1.092854272419960584e-07
1.118145179856491022e-07
1.156441679828984184e-07
1.206613734511208017e-07
1.267333543647988405e-07
1.337105977720487394e-07
1.414303811494745233e-07
1.497199606939918884e-07
1.584002639954433271e-07
1.672892511238274494e-07
1.762051526170576298e-07
1.849699494772587503e-07
1.934120681333941303e-07
2.013694320308330185e-07
2.086918253232287792e-07
2.152429075519987694e-07
2.209023701586689584e-07
2.255670170854631689e-07
2.291522662062137162e-07
2.315924811949860560e-07
2.328417108698029613e-07
2.328735665518944666e-07
2.316807633837676351e-07
2.292748834323345291e-07
2.256850690426283999e-07
2.209572510554919294e-07
2.151526315956075015e-07
2.083460009156110425e-07
2.006243880053882032e-07
1.920848780011315533e-07
1.828330567330934349e-07
1.729809388403158890e-07
1.626449215409402437e-07
1.519441404925777752e-07
1.409983021798768034e-07
1.299261407265659361e-07
1.188436045998986389e-07
1.078622058475239674e-07
9.708776286803942967e-08
8.661890496363611035e-08
7.654610343097191774e-08
6.695062945458807003e-08
5.790372872455784568e-08
4.946611714836458567e-08
4.168744052529595518e-08
3.460610971473124220e-08
2.824918029682726929e-08
2.263243050671200854e-08
1.776065843190349231e-08
1.362804181506055824e-08
1.021871834448490638e-08
7.507445464587759780e-09
5.460391980594226835e-09
4.036046622001218088e-09
3.186190549933457358e-09
2.856962394005117664e-09
2.989963423970442762e-09
3.523412917325340147e-09
4.393318362712474553e-09
5.534648320032602985e-09
6.882500969513786279e-09
8.373226714955370289e-09
9.945520487450799453e-09
1.154143904873545996e-08
1.310733335362749045e-08
1.459471261443995831e-08
1.596096435905711238e-08
1.716999748445485605e-08
1.819273065497401621e-08
1.900744105776635100e-08
1.960001184295933785e-08
1.996397834437072310e-08
2.010048938368932693e-08
2.001808609422851301e-08
1.973234180781267526e-08
1.926541277709058114e-08
1.864540444592061645e-08
1.790568900655004138e-08
1.708408455547988525e-08
1.622195565299914964e-08
1.536328515130420978e-08
1.455364792046702527e-08
1.383921243332552424e-08
1.326568545170733317e-08
1.287731677324951352e-08
1.271590816474361680e-08
1.281987777542689996e-08
1.322342224735963795e-08
1.395572790126068312e-08
1.504032522057651688e-08
1.649453397509910755e-08
1.832903171870903881e-08
2.054759033882360280e-08
2.314689972493275381e-08
2.611658769676366657e-08
2.943934384892085127e-08
3.309116921878987347e-08
3.704181533681957339e-08
4.125525093663643490e-08
4.569033459256435267e-08
5.030151588280164344e-08
5.503959880769494990e-08
5.985266804846735764e-08
6.468690312297632723e-08
6.948757846944597268e-08
7.419995945883793235e-08
7.877016714832042575e-08
8.314616025483365422e-08
8.727844407569031326e-08
9.112094676333378541e-08
9.463166234494199306e-08
9.777319046633232062e-08
1.005133658258618571e-07
1.028255004874943113e-07
1.046888031305239973e-07
1.060884944314224099e-07
1.070158047628120384e-07
1.074680729287812514e-07
1.074484309778907977e-07
1.069657276893825353e-07
1.060340316159208431e-07
1.046723725572999662e-07
1.029042093367717600e-07
1.007568511980600422e-07
9.826104029071555953e-08
9.545021215882835147e-08
9.236003747496450350e-08
8.902776810819204810e-08
8.549160599718494784e-08
8.179026462039496003e-08
7.796230805923969677e-08
7.404577760315626514e-08
7.007769876599370887e-08
6.609365265916006449e-08
6.212753313581802622e-08
5.821116109606460651e-08
5.437414492387815913e-08
5.064366746881800897e-08
4.704433766624977141e-08
4.359818376662780853e-08
4.032454775383720421e-08
3.724015294632847901e-08
3.435911389484753008e-08
3.169298371453608567e-08
2.925088528330419959e-08
2.703956237310676222e-08
2.506353650167358304e-08
2.332518155606150298e-08
2.182487762288796107e-08
2.056111283520356693e-08
1.953058751459463628e-08
1.872835104769651797e-08
1.814787671925713542e-08
1.778118662954585796e-08
1.761893627476271788e-08
1.765049813784526087e-08
1.786407659270139332e-08
1.824677541239264366e-08
1.878471783968983491e-08
1.946314055863195522e-08
2.026649448948316755e-08
2.117859123461809690e-08
2.218270723066642103e-08
2.326175533756090829e-08
2.439843253202548034e-08
2.557537649132200679e-08
2.677537762563670728e-08
2.798153335697830211e-08
2.917747762027588478e-08
3.034756787892950725e-08
3.147706795932699300e-08
3.255238111978892632e-08
3.356119179634013953e-08
3.449267753148077159e-08
3.533764639830600852e-08
3.608864862479226749e-08
3.674012446369802581e-08
3.728842680972811368e-08
3.773190582100802817e-08
3.807089354927402549e-08
3.830764979283968525e-08
3.844633747239848414e-08
3.849285985486027684e-08
3.845476968639993009e-08
3.834103693146285274e-08
3.816188788388725971e-08
3.792855095294317147e-08
3.765298256830660542e-08
3.734764440887284594e-08
3.702517300697523151e-08
3.669814580949227368e-08
3.637878617230699138e-08
3.607868083685125280e-08
3.580857790873465274e-08
3.557811428539999523e-08
3.539566587295760543e-08
3.526816921048711117e-08
3.520098149457927806e-08
3.519784138867046548e-08
3.526078121165824745e-08
3.539017245611406328e-08
3.558475331895394355e-08
3.584169674051326015e-08
3.615677687215542054e-08
3.652447877778008623e-08
3.693822901250365535e-08
3.739058970496673354e-08
3.787346992163876057e-08
3.837841207433307722e-08
3.889678869646302662e-08
3.942009981756154766e-08
3.994015896895237793e-08
4.044936250431461230e-08
4.094087355488462496e-08
4.140877924129274982e-08
4.184828648142170766e-08
4.225578190264298726e-08
4.262895901138017973e-08
4.296683910921821014e-08
4.326975336931811794e-08
4.353935876046490811e-08
4.377851164615615635e-08
4.399121520153929288e-08
4.418246573698936241e-08
4.435807302291318686e-08
4.452453234604925534e-08
4.468877241020966291e-08
4.485800213681711365e-08
4.503948072580632438e-08
4.524028895994024802e-08
4.546718077142573146e-08
4.572633715551884258e-08
4.602324708231702811e-08
4.636253615892958000e-08
4.674781919657536445e-08
4.718165466984885574e-08
4.766541589089445096e-08
4.819930480682712350e-08
4.878232080682729336e-08
4.941225762356770782e-08
5.008580610038954452e-08
5.079856536802699529e-08
5.154519477322948256e-08
5.231949835228867248e-08
5.311458124786114173e-08
5.392292612828449188e-08
5.473664412169323815e-08
5.554756242998847520e-08
5.634739423670432469e-08
5.712790532643264086e-08
5.788098323963179997e-08
5.859887348387124053e-08
5.927422414727935307e-08
5.990020341867285689e-08
6.047060099397380512e-08
6.097981761600945428e-08
6.142302376745535087e-08
6.179611335811447158e-08
6.209575296475139192e-08
6.231930098369675689e-08
6.246490433962971172e-08
6.253139199613857378e-08
6.251825449904948455e-08
6.242561634850683832e-08
6.225410807061564539e-08
6.200492722406000558e-08
6.167970785754713049e-08
6.128048758704740385e-08
6.080967751882309174e-08
6.026994469815369013e-08
5.966428561885312284e-08
5.899592068250693714e-08
5.826828820918212030e-08
5.748504350358271830e-08
5.664997703236783246e-08
5.576711135232247891e-08
5.484062724679491235e-08
5.387487955745199883e-08
5.287441188099449124e-08
5.184389119760242952e-08
5.078819877644398238e-08
4.971235746041900588e-08
4.862153356425811512e-08
4.752103012793637462e-08
4.641620221282107297e-08
4.531250597107015038e-08
4.421539717470131964e-08
4.313029343794132611e-08
4.206252711260538284e-08
4.101723004477088246e-08
3.999933783969075773e-08
3.901346577169278716e-08
3.806384623227316283e-08
3.715426506928420951e-08
3.628794676347667055e-08
3.546755374198594952e-08
3.469508378097355309e-08
3.397183207341619105e-08
3.329836341383495787e-08
3.267444961715872659e-08
3.209911810484538715e-08
3.157061917227433819e-08
3.108645811902508131e-08
3.064344259430814106e-08
3.023770205842984824e-08
2.986481012665099545e-08
2.951983255604125507e-08
2.919743147481658243e-08
2.889197883759883773e-08
2.859763652578907347e-08
2.830852325784519266e-08
2.801880135144522978e-08
2.772280373567908059e-08
2.741515649745733240e-08
2.709085623394885687e-08
2.674541506475057227e-08
2.637491644077749230e-08
2.597609566609710877e-08
2.554640394001675865e-08
2.508401973892468389e-08
2.458791360377332379e-08
2.405782298043459697e-08
2.349424484037689965e-08
2.289840986319218090e-08
2.227220860227875968e-08
2.161816644726052641e-08
2.093934175228813246e-08
2.023925106101046041e-08
1.952175203953821558e-08
1.879097710266621847e-08
1.805120815781991072e-08
1.730678010860844724e-08
1.656198623979459245e-08
1.582096676848973167e-08
1.508765109932759692e-08
1.436566431058525817e-08
1.365826881267891220e-08
1.296831810023699506e-08
1.229820718306873969e-08
1.164987314846677957e-08
1.102477456912347068e-08
1.042390326802930407e-08
9.847808415275015018e-09
9.296619556777334734e-09
8.770106916473291422e-09
8.267723355272366813e-09
7.788666624212890817e-09
7.331945169856579588e-09
6.896436300007171117e-09
6.480963907232247227e-09
6.084353831601600219e-09
5.705494906205567088e-09
5.343393065149299893e-09
4.997210552382731105e-09
4.666310285798456059e-09
4.350275708784045443e-09
4.048927380725758249e-09
3.762328277401738804e-09
3.490773595348993209e-09
3.234780521238698946e-09
2.995058724357384684e-09
2.772478035981917525e-09
2.568029201896552290e-09
2.382776387722361247e-09
2.217813266833482826e-09
2.074210893674639908e-09
1.952969537670571038e-09
1.854972520792969780e-09
1.780941589024532481e-09
1.731402441847902618e-09
1.706652086320610782e-09
1.706736294699257581e-09
1.731435386960445128e-09
1.780256661747399629e-09
1.852440033177494583e-09
1.946968085795547156e-09
2.062586468543323154e-09
2.197831825058287500e-09
2.351063433544586099e-09
2.520505328208676376e-09
2.704286975146383095e-09
2.900488851642571239e-09
3.107189056120904929e-09
3.322505405409479260e-09
3.544642740697020929e-09
3.771929325055148973e-09
4.002853045001657572e-09
4.236086276600168954e-09
4.470513701174695363e-09
4.705243574025622680e-09
4.939616258733516002e-09
5.173205692924304940e-09
5.405807531048701160e-09
5.637432929747441560e-09
5.868284283147865563e-09
6.098732023741371818e-09
6.329287867755927232e-09
6.560567878748820550e-09
6.793269039692953780e-09
7.028130897445673386e-09
7.265905698583859410e-09
7.507331160915481485e-09
7.753097800621668994e-09
8.003838084775725684e-09
8.260103143696537779e-09
8.522353638087713649e-09
8.790956716542350171e-09
9.066178515167415894e-09
9.348202565833588150e-09
9.637133085823394797e-09
9.933012780537321416e-09
1.023584463313488821e-08
1.054560451507527924e-08
1.086227877796488236e-08
1.118587884971800285e-08
1.151646657447150581e-08
1.185417793070447642e-08
1.219923007668175981e-08
1.255195117473434704e-08
1.291277846398530564e-08
1.328226400979479704e-08
1.366107482638630522e-08
1.404997126869484599e-08
1.444980987589617629e-08
1.486150967939727042e-08
1.528602824493405337e-08
1.572433350675849688e-08
1.617735423953614983e-08
1.664596285621027140e-08
1.713092198711078695e-08
1.763284829418447635e-08
1.815217818500735462e-08
1.868911611732763893e-08
1.924362687243383417e-08
1.981539331126576027e-08
2.040380021104062888e-08
2.100792600730836056e-08
2.162651941615595706e-08
2.225803016202202336e-08
2.290060268894663873e-08
2.355210093040629124e-08
2.421014190831840978e-08
2.487211050789332116e-08
2.553523306239813278e-08
2.619660443876938543e-08
2.685324519309937252e-08
2.750216231576771765e-08
2.814038173074028490e-08
2.876503935433913303e-08
2.937341176289442468e-08
2.996297268673351646e-08
3.053144548156845582e-08
3.107681712261602508e-08
3.159740988496710239e-08
3.209188056386912681e-08
3.255925021844966561e-08
3.299888426481571157e-08
3.341053223239337909e-08
3.379429038576282338e-08
3.415059023858119694e-08
3.448017998136001381e-08
3.478406331385145466e-08
3.506350487884254454e-08
3.531995969754338940e-08
3.555503579052130220e-08
3.577045579405631528e-08
3.596798176852641862e-08
3.614941563847379994e-08
3.631652866373431136e-08
3.647103201388265138e-08
3.661455265256437684e-08
3.674857772376644063e-08
3.687448050804221965e-08
3.699347834767213036e-08
3.710663503792762948e-08
3.721487009700529450e-08
3.731893672904152005e-08
3.741948095101576394e-08
3.751703022693964209e-08
3.761202368933070898e-08
3.770484513776784360e-08
3.779581978398656608e-08
3.788528686126006661e-08
3.797359570626119965e-08
3.806113749696342822e-08
3.814837379682822085e-08
3.823582315895459221e-08
3.832411849088259623e-08
3.841398338724687382e-08
3.850624056586246930e-08
3.860181453170304620e-08
3.870169079968654365e-08
3.880694559160514303e-08
3.891869529278558524e-08
3.903807998290747161e-08
3.916624420838841531e-08
3.930427810756670090e-08
3.945323390026033302e-08
3.961406716755281623e-08
3.978761789892556612e-08
3.997459455099171800e-08
4.017552373116717677e-08
4.039078115293027712e-08
4.062055144087089101e-08
4.086483191326276247e-08
4.112344239922499706e-08
4.139600189259600677e-08
4.168198838526327965e-08
4.198072571882736272e-08
4.229141315426442029e-08
4.261315797241452900e-08
4.294496977797910747e-08
4.328583467192489431e-08
4.363470865083702794e-08
4.399055627903021294e-08
4.435233663482813244e-08
4.471906543356883812e-08
4.508978942486978511e-08
4.546359418786038569e-08
4.583960439232413299e-08
4.621693396363495817e-08
4.659471210290668344e-08
4.697201791463773791e-08
4.734785007878469835e-08
4.772109117643180149e-08
4.809042467099420761e-08
4.845433589062553351e-08
4.881102652433735725e-08
4.915837419957669465e-08
4.949389673679285288e-08
4.981467897580914927e-08
5.011739741416119543e-08
5.039826801023951506e-08
5.065305187748500268e-08
5.087707668986150121e-08
5.106523005802171208e-08
5.121206091557202259e-08
5.131180946357790122e-08
5.135850057710115891e-08
5.134605509913433698e-08
5.126837289882044142e-08
5.111952076163737152e-08
5.089384285303468680e-08
5.058612583654188564e-08
5.019176993869152683e-08
4.970691905814910333e-08
4.912867640869083479e-08
4.845522698497493487e-08
4.768599347478086841e-08
4.682177673635988248e-08
4.586483723917574544e-08
4.481903424502743122e-08
4.368985757176707870e-08
4.248447044136601486e-08
4.121171907898648256e-08
3.988207351134249377e-08
3.850760392314851800e-08
3.710185106256999206e-08
3.567969788946216950e-08
3.425720682225158204e-08
3.285139765181562110e-08
3.148005605480410964e-08
3.016146007582617994e-08
2.891411719337038331e-08
2.775648620617999870e-08
2.670666793089380344e-08
2.578213998365256899e-08
2.499944856818687364e-08
2.437393375260312578e-08
2.391946971565598110e-08
2.364820706736675132e-08
2.357038101565100263e-08
2.369411177737213306e-08
2.402526017527494809e-08
2.456732188411350922e-08
2.532134312007897300e-08
2.628591767640323357e-08
2.745718798809065323e-08
2.882890778484232224e-08
3.039254640731359406e-08
3.213740761157189553e-08
3.405083032836907444e-08
3.611837369625568546e-08
3.832405721702382497e-08
4.065058748478896616e-08
4.307965858902532463e-08
4.559220375563481404e-08
4.816867877148293804e-08
5.078934478492803778e-08
5.343450376746307463e-08
5.608479697819210487e-08
5.872140862754573122e-08
6.132628428162725881e-08
6.388232512464511045e-08
6.637350480577332059e-08
6.878505122863204953e-08
7.110350127228154906e-08
7.331677074272635227e-08
7.541419509869342902e-08
7.738648418301928010e-08
7.922576196138271683e-08
8.092547032119117721e-08
8.248030769455054922e-08
8.388615229588456614e-08
8.513991079532090868e-08
8.623948255514946696e-08
8.718359670798102618e-08
8.797171119517004852e-08
8.860391693190209189e-08
8.908078525383973661e-08
8.940335585647209771e-08
8.957300908033743248e-08
8.959141823826081801e-08
8.946051858028874086e-08
8.918242877955024418e-08
8.875951849426411365e-08
8.819436242295779425e-08
8.748977336023421368e-08
8.664884672702098593e-08
8.567495281687966204e-08
8.457185933751943128e-08
8.334373298395763866e-08
8.199520300277631844e-08
8.053141992016996027e-08
7.895805064776453624e-08
7.728137741630699905e-08
7.550826968157545035e-08
7.364619845680437885e-08
7.170323235700903289e-08
6.968796605803916488e-08
6.760953078874560283e-08
6.547748600595883776e-08
6.330174471863714318e-08
6.109248142696310348e-08
5.885998483884399204e-08
5.661458443225693461e-08
5.436648447803915793e-08
5.212563703574505486e-08
4.990161286257506332e-08
4.770344229858392050e-08
4.553953194305881151e-08
4.341752386492321837e-08
4.134420982820753408e-08
3.932542872195502692e-08
3.736604037867571214e-08
3.546986536293524717e-08
3.363967712773069082e-08
3.187721702102879847e-08
3.018321262541612153e-08
2.855746216570867248e-08
2.699889786113136665e-08
2.550569077370934894e-08
2.407537123193173067e-08
2.270494710814151046e-08
2.139106348743148508e-08
2.013013586185432210e-08
1.891850087343971055e-08
1.775256300325041933e-08
1.662892263965590349e-08
1.554451596618264547e-08
1.449671660081135635e-08
1.348343103994975386e-08
1.250317264183575131e-08
1.155510517321532964e-08
1.063907871052593495e-08
9.755625096590241819e-09
8.905937935687728675e-09
8.091829291383458856e-09
7.315660609571762779e-09
6.580265803267371246e-09
5.888848824629338739e-09
5.244875267869186474e-09
4.651956132044213576e-09
4.113725677954339547e-09
3.633726505463757224e-09
3.215294264651570271e-09
2.861455260908081089e-09
2.574837340252859510e-09
2.357596178877039193e-09
2.211364474557994677e-09
2.137219733261785353e-09
2.135676905952760254e-09
2.206704690426727016e-09
2.349764043550974872e-09
2.563871606506899089e-09
2.847681139105957081e-09
3.199584099570958676e-09
3.617825013939908829e-09
4.100625625620227452e-09
4.646319535483009201e-09
5.253485002174770203e-09
5.921076949385057646e-09
6.648552015860600924e-09
7.435978113525779458e-09
8.284135150237065827e-09
9.194589067036895926e-09
1.016974652116794528e-08
1.121288498760898724e-08
1.232815004036801311e-08
1.352053715624932600e-08
1.479583454948286982e-08
1.616054563560674286e-08
1.762178814636893688e-08
1.918716250545752811e-08
2.086462100833218387e-08
2.266230524695059228e-08
2.458838371287038085e-08
2.665088678086472686e-08
2.885752925250573428e-08
3.121556739662518000e-08
3.373164084626722115e-08
3.641164858962978809e-08
3.926062462517939712e-08
4.228267573799815579e-08
4.548091035871708982e-08
4.885741530490127712e-08
5.241326520547561741e-08
5.614853602446706256e-08
6.006240115562728001e-08
6.415320319132936449e-08
6.841857608559636780e-08
7.285559040488776640e-08
7.746087809265550679e-08
8.223084013857402659e-08
8.716178775986315032e-08
9.225011760978845167e-08
9.749248229355037049e-08
1.028858993423420007e-07
1.084279360348633758e-07
1.141167756328207698e-07
1.199513012304697173e-07
1.259311500981724745e-07
1.320566719180483221e-07
1.383289711937874483e-07
1.447497931051999429e-07
1.513214328839927941e-07
1.580466150595197532e-07
1.649282676771402092e-07
1.719694201427735553e-07
1.791729337114506673e-07
1.865412922446296298e-07
1.940763908623774078e-07
2.017792361684232956e-07
2.096498359174784391e-07
2.176869283585308479e-07
2.258878256809803614e-07
2.342482942345409369e-07
2.427623670608741881e-07
2.514224136961014457e-07
2.602190478376004090e-07
2.691411919029275057e-07
2.781761992411790754e-07
2.873099052597649633e-07
2.965269777419049501e-07
3.058110694823710989e-07
3.151451368166785134e-07
3.245117996990604205e-07
3.338935892603908220e-07
3.432734994833219922e-07
3.526352687315526047e-07
3.619638027636976315e-07
3.712455927595500512e-07
3.804689544103732576e-07
3.896245545856342585e-07
3.987055825520401338e-07
4.077080304259965232e-07
4.166309217339480649e-07
4.254763031338509042e-07
4.342495186289995852e-07
4.429590670151770778e-07
4.516165999567582450e-07
4.602366302606624268e-07
4.688365459624184440e-07
4.774361928822513822e-07
4.860575876661319962e-07
4.947245880539419621e-07
5.034623273059759949e-07
5.122970212557044715e-07
5.212553644180082860e-07
5.303641223243119909e-07
5.396497374008285808e-07
5.491377446042918083e-07
5.588526449427485311e-07
5.688174000389050429e-07
5.790531909685187716e-07
5.895792412765533081e-07
6.004124798283999765e-07
6.115677261398678236e-07
6.230574964929817428e-07
6.348921061267088289e-07
6.470798434655808256e-07
6.596269647812626219e-07
6.725382288696038242e-07
6.858169960379258917e-07
6.994656041351304393e-07
7.134857733877991963e-07
7.278787619836822140e-07
7.426460401190486058e-07
7.577894300707137598e-07
7.733114763383759922e-07
7.892157795922760987e-07
8.055069970347843908e-07
8.221913411131263055e-07
8.392764490164147225e-07
8.567714546939455016e-07
8.746869866508468600e-07
8.930347819153236308e-07
9.118278264217538327e-07
9.310798181500672638e-07
9.508048639299042443e-07
9.710171246290648658e-07
9.917300869361262497e-07
1.012956456749179990e-06
1.034707384470621583e-06
1.056992014851261803e-06
1.079817060095759476e-06
1.103186052684277783e-06
1.127099355841790307e-06
1.151553536623607388e-06
1.176541171719324557e-06
1.202050754495294445e-06
1.228066323375530853e-06
1.254567966963333400e-06
1.281531684261782185e-06
1.308929743160834910e-06
1.336731162742825461e-06
1.364901892718161471e-06
1.393405920616626808e-06
1.422205646320926658e-06
1.451262742180085273e-06
1.480539078285668358e-06
1.509997240850148853e-06
1.539601954417741552e-06
1.569320613190469837e-06
1.599124224479535486e-06
1.628988307332900919e-06
1.658893242593302065e-06
1.688825475087652676e-06
1.718777658156074943e-06
1.748749239750179261e-06
1.778746316243401793e-06
1.808782326513440874e-06
1.838877601211040845e-06
1.869059248611664310e-06
1.899360893186084131e-06
1.929821746603201423e-06
1.960486586845144439e-06
1.991404579520924725e-06
2.022628519718106196e-06
2.054214003657871258e-06
2.086218004030258255e-06
2.118698510626902247e-06
2.151713087876850006e-06
2.185318007739897950e-06
2.219567448821778206e-06
2.254512213886098441e-06
2.290199695207999064e-06
2.326672839656228972e-06
2.363969831863645468e-06
2.402123949465216538e-06
2.441163000576179399e-06
2.481110126431416691e-06
2.521983600630244570e-06
2.563797392209817880e-06
2.606561896992067445e-06
2.650284194431142211e-06
2.694969666178543855e-06
2.740622477709874780e-06
2.787246745866548400e-06
2.834847750287708023e-06
2.883432499782797401e-06
2.933011560258710250e-06
2.983599523503518073e-06
3.035216018467594849e-06
3.087886594919012091e-06
3.141642765305248371e-06
3.196523209054685326e-06
3.252573415493136032e-06
3.309845773773277104e-06
3.368399433635088120e-06
3.428299218562182738e-06
3.489615716612134889e-06
3.552423734933190579e-06
3.616801250753348055e-06
3.682828186250576580e-06
3.750584289460289779e-06
3.820148374750952726e-06
3.891596010134310486e-06
3.964997906617270148e-06
4.040418328063955952e-06
4.117912786165860487e-06
4.197527390350697563e-06
4.279296808383804299e-06
4.363243196656642380e-06
4.449375379088875635e-06
4.537687488787273201e-06
4.628159536379236738e-06
4.720756686878203313e-06
4.815429855493620386e-06
4.912115646289247514e-06
5.010738321162441158e-06
5.111210420747257947e-06
5.213434537353450919e-06
5.317305380510513886e-06
5.422711204396884239e-06
5.529537198957032670e-06
5.637667268413471185e-06
5.746986779362601882e-06
5.857385347168272754e-06
5.968758668312326377e-06
6.081012090400475814e-06
6.194062184797056898e-06
6.307839009730427355e-06
6.422288097668341001e-06
6.537371157292280321e-06
6.653068292500097201e-06
6.769377907927955453e-06
6.886317115878263867e-06
7.003921686295487523e-06
7.122244556146667592e-06
7.241355818980909320e-06
7.361340327382991454e-06
7.482295848574597186e-06
7.604330846488912987e-06
7.727560950725232512e-06
7.852107129801441068e-06
7.978091693623202949e-06
8.105635155037546106e-06
8.234853046064317603e-06
8.365851776030959269e-06
8.498726592996929351e-06
8.633557759427313295e-06
8.770407998694973090e-06
8.909320293774835464e-06
9.050315111795434936e-06
9.193390091625015966e-06
9.338518269397862943e-06
9.485647857599787983e-06
9.634702605803909946e-06
9.785581767958694327e-06
9.938162630245903146e-06
1.009230163373927110e-05
1.024783701955251884e-05
1.040459195868382000e-05
1.056237714071892976e-05
1.072099566220508877e-05
1.088024624855088871e-05
1.103992763627843227e-05
1.119984304138023443e-05
1.135980367879236042e-05
1.151963406165032097e-05
1.167917520287420107e-05
1.183828845838180017e-05
1.199685896427421175e-05
1.215479769401526393e-05
1.231204476637507720e-05
1.246857032948398254e-05
1.262437568678103965e-05
1.277949371149392942e-05
1.293398770265142575e-05
1.308795121428832254e-05
1.324150548679309979e-05
1.339479705816856906e-05
1.354799473536635254e-05
1.370128523575342090e-05
1.385486989170519585e-05
1.400895940798204393e-05
1.416376924267589825e-05
1.431951394135667407e-05
1.447640280617942976e-05
1.463463418668094223e-05
1.479439063889030733e-05
1.495583433079603208e-05
1.511910222117873340e-05
1.528430293570216627e-05
1.545151298744924678e-05
1.562077426424103533e-05
1.579209220444081972e-05
1.596543424207521735e-05
1.614073004746905608e-05
1.631787157097446998e-05
1.649671440323537670e-05
1.667707989202059759e-05
1.685875763509079347e-05
1.704150941507276201e-05
1.722507298993113803e-05
1.740916680121474939e-05
1.759349508172768138e-05
1.777775305642588163e-05
1.796163282451208114e-05
1.814482884271998703e-05
1.832704362004729438e-05
1.850799321533681263e-05
1.868741238137245047e-05
1.886505947820791841e-05
1.904072071453917294e-05
1.921421389241094034e-05
1.938539143972219374e-05
1.955414280532420256e-05
1.972039588589060888e-05
1.988411780500339070e-05
2.004531478531672501e-05
2.020403115122352273e-05
2.036034781750790026e-05
2.051437945929452921e-05
2.066627152241716167e-05
2.081619634018535000e-05
2.096434865823918969e-05
2.111094120237531430e-05
2.125619894563462225e-05
2.140035409406693237e-05
2.154364049957797667e-05
2.168628803124403664e-05
2.182851777716791740e-05
2.197053609688159659e-05
2.211253039216636211e-05
2.225466464476262844e-05
2.239707543026812347e-05
2.253986946702787105e-05
2.268311998526325752e-05
2.282686562733781270e-05
2.297110917903998219e-05
2.311581698760721646e-05
2.326092028922595339e-05
2.340631492845469554e-05
2.355186405801451861e-05
2.369740004384571978e-05
2.384272852891266249e-05
2.398763025116816509e-05
2.413186596330572513e-05
2.427518031138468970e-05
2.441730585406848880e-05
2.455796882402515069e-05
2.469689163714030325e-05
2.483379854104708978e-05
2.496841946968403998e-05
2.510049355779791339e-05
2.522977421729910534e-05
2.535602998935322739e-05
2.547904870446321011e-05
2.559863924476470437e-05
2.571463269201086134e-05
2.582688510920955096e-05
2.593527539039800763e-05
2.603970690540627751e-05
2.614010645757832514e-05
2.623642268530066460e-05
2.632862650429657780e-05
2.641670623040918785e-05
2.650066730116766179e-05
2.658052930641632017e-05
2.665632278131147901e-05
2.672808867111628581e-05
2.679587227539243955e-05
2.685972273515985426e-05
2.691968992119034876e-05
2.697582145182515591e-05
2.702816301032926724e-05
2.707675290085416616e-05
2.712162299384649291e-05
2.716279703554293090e-05
2.720028928528945599e-05
2.723410687328459937e-05
2.726424593984113303e-05
2.729069475273755976e-05
2.731343389709451079e-05
2.733243672614556839e-05
2.734767368084589808e-05
2.735910969261118206e-05
2.736670889527908194e-05
2.737043590371911661e-05
2.737025709103899635e-05
2.736614570681736140e-05
2.735807926951159343e-05
2.734604448386875606e-05
2.733003817330712689e-05
2.731006793262853803e-05
2.728615660247646246e-05
2.725833829615114157e-05
2.722666223547223955e-05
2.719119219069780909e-05
2.715200551875461926e-05
2.710919616664446614e-05
2.706286873567263510e-05
2.701314081667106144e-05
2.696014075207662602e-05
2.690400509346403343e-05
2.684488036411963977e-05
2.678291563084136883e-05
2.671826396211543110e-05
2.665107932292681736e-05
2.658151340743800792e-05
2.650971721698437705e-05
2.643583331934771006e-05
2.635999763110749485e-05
2.628233571718313169e-05
2.620296509075745655e-05
2.612198807231898740e-05
2.603949459334037306e-05
2.595556045961874229e-05
2.587024587549366917e-05
2.578359928379245520e-05
2.569565149168505293e-05
2.560642008408777693e-05
2.551590911218141832e-05
2.542411002417899264e-05
2.533100177256353980e-05
2.523655733548031834e-05
2.514073375104254715e-05
2.504348721987521069e-05
2.494476854370254558e-05
2.484451839879711299e-05
2.474268380890825141e-05
2.463920274434708036e-05
2.453402053901571853e-05
2.442708491127803632e-05
2.431834067342812032e-05
2.420774594549945173e-05
2.409525567609512866e-05
2.398083754604113832e-05
2.386446594388619359e-05
2.374611560325422287e-05
2.362577709557256764e-05
2.350343906108770038e-05
2.337910340061785205e-05
2.325277821998912890e-05
2.312447053989888853e-05
2.299419900036201318e-05
2.286198642833830086e-05
2.272785226872194627e-05
2.259182746230091284e-05
2.245393561897338623e-05
2.231420795207950992e-05
2.217267576395691829e-05
2.202936295057696074e-05
2.188430120361371610e-05
2.173751139691509213e-05
2.158901900843283449e-05
2.143884703133454463e-05
2.128700898674429278e-05
2.113352470463456491e-05
2.097840223598126938e-05
2.082165383726481320e-05
2.066328938835102237e-05
2.050330990681817453e-05
2.034172371885166309e-05
2.017852878202791865e-05
2.001372890256107413e-05
1.984732737603319173e-05
1.967932067988264807e-05
1.950971458147975863e-05
1.933850655995701952e-05
1.916570179164081556e-05
1.899130666740926209e-05
1.881532234678165094e-05
1.863776041952832090e-05
1.845862525251893080e-05
1.827792946590038882e-05
1.809568722017644124e-05
1.791190759317273743e-05
1.772660971362021850e-05
1.753980518414971767e-05
1.735151309584723325e-05
1.716175330130972147e-05
1.697053988160369871e-05
1.677789594591481837e-05
1.658383652505764883e-05
1.638838336639343970e-05
1.619155855480322050e-05
1.599337842582794001e-05
1.579386825366202785e-05
1.559304598011033871e-05
1.539093694071306373e-05
1.518756804958468451e-05
1.498296231684539610e-05
1.477715340277928376e-05
1.457017026630910285e-05
1.436205166237384084e-05
1.415284077774431437e-05
1.394258017323444781e-05
1.373132584696613858e-05
1.351913256429019163e-05
1.330606766885992182e-05
1.309220579187751102e-05
1.287762381597827631e-05
1.266241391990989156e-05
1.244666923194699519e-05
1.223049644334515572e-05
1.201401021886658764e-05
1.179732784619304654e-05
1.158058087306417471e-05
1.136390091094559610e-05
1.114743079456002165e-05
1.093131861540065689e-05
1.071571205251403618e-05
1.050076859467833417e-05
1.028664169883515095e-05
1.007349065652370117e-05
9.861474571494031674e-06
9.650746753839874954e-06
9.441463910673795118e-06
9.233773184948860423e-06
9.027821209878043196e-06
8.823748596359690422e-06
8.621684959263945780e-06
8.421757616802236739e-06
8.224080080428576979e-06
8.028760803269911612e-06
7.835898669027101617e-06
7.645579079408277646e-06
7.457882531743874120e-06
7.272874855595998869e-06
7.090615881739740807e-06
6.911156070415174144e-06
6.734533702806791394e-06
6.560783322724906251e-06
6.389927577948660797e-06
6.221985633938895972e-06
6.056970658421440248e-06
5.894887759373872135e-06
5.735741922670969756e-06
5.579530970196936866e-06
5.426253268051336473e-06
5.275905543161947675e-06
5.128481027920507975e-06
4.983976415484863414e-06
4.842385380812231237e-06
4.703705147173660914e-06
4.567934175119686509e-06
4.435070098923113294e-06
4.305115409051408092e-06
4.178071207254973984e-06
4.053942474663644356e-06
3.932735480075725180e-06
3.814455426553772727e-06
3.699110928867767592e-06
3.586708028795915151e-06
3.477254373850198011e-06
3.370756539837473315e-06
3.267217634801385968e-06
3.166640950626533321e-06
3.069024529027689196e-06
2.974364698493281398e-06
2.882653690966806675e-06
2.793877587172446335e-06
2.708019617741282643e-06
2.625055601402505245e-06
2.544957282012666987e-06
2.467690555201352693e-06
2.393214030210283640e-06
2.321481871102696515e-06
2.252442442379856831e-06
2.186037266116540075e-06
2.122204339890508132e-06
2.060875126298017759e-06
2.001977931441500409e-06
1.945437144701719890e-06
1.891172713532568162e-06
1.839103424338641897e-06
1.789144562347433880e-06
1.741211158996171922e-06
1.695217535813990682e-06
1.651076990404411988e-06
1.608704809700852345e-06
1.568016231014361623e-06
1.528929321077400645e-06
1.491364507719922444e-06
1.455244180380803377e-06
1.420495232940996916e-06
1.387047036631789134e-06
1.354833797959398246e-06
1.323793884611102698e-06
1.293869185809839664e-06
1.265007122973209264e-06
1.237158519321523512e-06
1.210279440758534987e-06
1.184330295739694526e-06
1.159274970008380868e-06
1.135082392747555087e-06
1.111724346125456055e-06
1.089176919975872280e-06
1.067419489139140843e-06
1.046433742179106654e-06
1.026204969073028788e-06
1.006719926296592505e-06
9.879680780056134342e-07
9.699405860186335305e-07
9.526293651489321095e-07
9.360282518955183900e-07
9.201310263354508658e-07
9.049325808902083666e-07
8.904280202823552342e-07
8.766118296278894600e-07
8.634790308445220524e-07
8.510234079817094692e-07
8.392386875590613241e-07
8.281177896250279476e-07
8.176521398449291785e-07
8.078328687163830146e-07
7.986492385258689273e-07
7.900898755794756467e-07
7.821421738207708849e-07
7.747917470525632673e-07
7.680236950491232268e-07
7.618212030054228089e-07
7.561668413024779566e-07
7.510421008006491335e-07
7.464269609555411811e-07
7.423012255821847695e-07
7.386432465723660741e-07
7.354312842960729162e-07
7.326431317460344890e-07
7.302557515900929353e-07
7.282466565882793297e-07
7.265926854401228678e-07
7.252713864494543501e-07
7.242606605383426028e-07
7.235383940309193264e-07
7.230838287383330003e-07
7.228762977049573442e-07
7.228965704888545237e-07
7.231264306688048911e-07
7.235482227721520050e-07
7.241461498989144457e-07
7.249048861527495560e-07
7.258108310494526513e-07
7.268515609098436378e-07
7.280152410738444103e-07
7.292918256710905891e-07
7.306715164778834530e-07
7.321459274798168446e-07
7.337074148360103616e-07
7.353483758004065481e-07
7.370623956102569202e-07
7.388426004437039939e-07
7.406828056580453349e-07
7.425768028027235049e-07
7.445176355344848269e-07
7.464987983640150047e-07
7.485125861176418989e-07
7.505513398868515897e-07
7.526068000430091564e-07
7.546694660338785013e-07
7.567299516407648684e-07
7.587774209315928623e-07
7.608010150131521577e-07
7.627893358497905553e-07
7.647299385167793865e-07
7.666108736201786219e-07
7.684192181400759198e-07
7.701426710813687781e-07
7.717691336837261727e-07
7.732862797239595493e-07
7.746832078734492966e-07
7.759489752750244486e-07
7.770742489325981115e-07
7.780508584612588301e-07
7.788713116803370518e-07
7.795304106315783624e-07
7.800236488459386510e-07
7.803487699482813937e-07
7.805051572018578514e-07
7.804931695221372382e-07
7.803155997795941017e-07
7.799758468295399099e-07
7.794792974999473071e-07
7.788325029390960220e-07
7.780423109534617496e-07
7.771171580837805851e-07
7.760650524786903317e-07
7.748948261317202495e-07
7.736151830243912778e-07
7.722337374253345013e-07
7.707582620169154560e-07
7.691946386519971628e-07
7.675481391959981166e-07
7.658225253945245595e-07
7.640191793183691069e-07
7.621384882515959318e-07
7.601779527675048160e-07
7.581336664765877833e-07
7.559996324103818332e-07
7.537671324611019508e-07
7.514261460972680706e-07
7.489648265056280999e-07
7.463690281472856361e-07
7.436240952436945712e-07
7.407133708310734326e-07
7.376200605193462503e-07
7.343269106979051730e-07
7.308159120467484590e-07
7.270702152864576992e-07
7.230727495669936326e-07
7.188081301804522782e-07
7.142623525793152671e-07
7.094224740789490130e-07
7.042784325713775960e-07
6.988215735738419472e-07
6.930463756335029901e-07
6.869499607182330189e-07
6.805315703514641956e-07
6.737940979064238132e-07
6.667423940534083412e-07
6.593846698111791693e-07
6.517317383746458272e-07
6.437962344213217898e-07
6.355938160425314445e-07
6.271412797154817659e-07
6.184576666098614433e-07
6.095633218304756667e-07
6.004789731607771976e-07
5.912267223435712821e-07
5.818281505658763766e-07
5.723052931432133058e-07
5.626797205529485575e-07
5.529716884078987112e-07
5.432011158429875857e-07
5.333859051754389020e-07
5.235429757855359005e-07
5.136875627445574585e-07
5.038326137092908663e-07
4.939898980392993035e-07
4.841686743175792619e-07
4.743768742163879927e-07
4.646206880061686183e-07
4.549042431401527875e-07
4.452308421086802638e-07
4.356019496690003716e-07
4.260184621494328960e-07
4.164804898528657830e-07
4.069872003752644222e-07
3.975380451912579753e-07
3.881319099699278046e-07
3.787682982196103543e-07
3.694471318214243733e-07
3.601685769967641238e-07
3.509340793895476000e-07
3.417455047595878556e-07
3.326060758265055948e-07
3.235200464345526604e-07
3.144923858808799884e-07
3.055295215873027014e-07
2.966383954301127320e-07
2.878271068738222579e-07
2.791044426831880003e-07
2.704794297483403383e-07
2.619618250082677304e-07
2.535611513227134599e-07
2.452871378536241196e-07
2.371492157779395307e-07
2.291560664606400668e-07
2.213160041931694462e-07
2.136361389074213066e-07
2.061227742204364331e-07
1.987810240707558048e-07
1.916145050820509599e-07
1.846257613561292669e-07
1.778156762773155940e-07
1.711839484013449390e-07
1.647289194996016477e-07
1.584474782161825044e-07
1.523355822124926019e-07
1.463879307420225252e-07
1.405985231128942096e-07
1.349606651332357836e-07
1.294670269940369634e-07
1.241101962149869549e-07
1.188825059117543353e-07
1.137765726960724420e-07
1.087853526817026616e-07
1.039022161664222299e-07
9.912139919171180860e-08
9.443783832860064458e-08
8.984755706168209660e-08
8.534763712984834864e-08
8.093618741197502204e-08
7.661259332619335926e-08
7.237726248697816494e-08
6.823179460475425283e-08
6.417881674810249282e-08
6.022181764151570819e-08
5.636519517775078522e-08
5.261392581432552083e-08
4.897356220842293705e-08
4.544999023349587177e-08
4.204920406597047325e-08
3.877725005134501044e-08
3.563991916288568397e-08
3.264269255417075414e-08
2.979053834260173246e-08
2.708774642724092963e-08
2.453789625539652163e-08
2.214367926326869911e-08
1.990690676353348222e-08
1.782843871776491641e-08
1.590815539259191186e-08
1.414502300600546458e-08
1.253708266303538119e-08
1.108155812898777627e-08
9.774921328230555535e-09
8.612985889779149130e-09
7.591051523334204071e-09
6.704001539262493050e-09
5.946458435472796499e-09
5.312906272451924366e-09
4.797815764815490682e-09
4.395780847605447531e-09
4.101623600437415649e-09
3.910488238003280532e-09
3.817934064293978270e-09
3.819984637063517787e-09
3.913180200249893317e-09
4.094593019639510794e-09
4.361820589762914817e-09
4.712974154920498546e-09
5.146621878689800769e-09
5.661740283549053097e-09
6.257632775966176409e-09
6.933831750876147607e-09
7.690016962116792396e-09
8.525888353264772384e-09
9.441078434130557479e-09
1.043503835154734584e-08
1.150692223483615406e-08
1.265552364744318853e-08
1.387915724090619413e-08
1.517562498047884784e-08
1.654215235971569116e-08
1.797533317852966113e-08
1.947116378531882333e-08
2.102499149507222728e-08
2.263159404006911861e-08
2.428520423859438886e-08
2.597954010632016513e-08
2.770795470545018666e-08
2.946344332742083006e-08
3.123882429874268671e-08
3.302681910213590817e-08
3.482012292637506866e-08
3.661161871371676528e-08
3.839437487263654931e-08
4.016185830460102215e-08
4.190799113909508619e-08
4.362718136553336820e-08
4.531452163389540526e-08
4.696569828452304039e-08
4.857716310467119102e-08
5.014609912521787284e-08
5.167035369615496081e-08
5.314857269601188708e-08
5.457998644699026978e-08
5.596451498877081749e-08
5.730263362453961916e-08
5.859521341404339743e-08
5.984360507193826953e-08
6.104933485645254939e-08
6.221418204877079611e-08
6.333999758658013537e-08
6.442851416452374694e-08
6.548144457572454722e-08
6.650016357252930450e-08
6.748582981854168516e-08
6.843923446956854000e-08
6.936065555909500310e-08
7.025003773198507996e-08
7.110672633157865866e-08
7.192968677792145986e-08
7.271742999461654977e-08
7.346794699767944684e-08
7.417899090316094576e-08
7.484787661959042283e-08
7.547179344031766922e-08
7.604779384294120633e-08
7.657278311284555460e-08
7.704386336350559640e-08
7.745815462497743077e-08
7.781314166593929363e-08
7.810666449915955783e-08
7.833689703038047004e-08
7.850267848511957334e-08
7.860328883863131180e-08
7.863875519776603828e-08
7.860977839643520491e-08
7.851764065342288742e-08
7.836446405391756641e-08
7.815289893972073089e-08
7.788634728987012117e-08
7.756880071547036091e-08
7.720466370544118991e-08
7.679893009930007705e-08
7.635679777505125846e-08
7.588382311837888907e-08
7.538570236775158490e-08
7.486805152273172460e-08
7.433654502926057093e-08
7.379651634600750641e-08
7.325310109892549075e-08
7.271102845688643911e-08
7.217442542492438940e-08
7.164698333344619035e-08
7.113161204454408628e-08
7.063063322073798822e-08
7.014564032177519321e-08
6.967737852705161750e-08
6.922598307479372906e-08
6.879072196602345154e-08
6.837026565638170397e-08
6.796263129899316346e-08
6.756514326265176057e-08
6.717473980337061948e-08
6.678778841126205174e-08
6.640040917668957760e-08
6.600847025022745784e-08
6.560758872213259422e-08
6.519345997319242092e-08
6.476169372485850898e-08
6.430813650242090093e-08
6.382886096678942040e-08
6.332015010145275126e-08
6.277879173605920898e-08
6.220188228684503298e-08
6.158709642475004312e-08
6.093262505689354538e-08
6.023710448143611547e-08
5.949984065793897487e-08
5.872055856520500664e-08
5.789959874799453961e-08
5.703779602568243478e-08
5.613635440621981688e-08
5.519700443965451177e-08
5.422171717821599004e-08
5.321284539516072388e-08
5.217297256085220307e-08
5.110476830815231222e-08
5.001111255790776619e-08
4.889481893391405332e-08
4.775875969455935075e-08
4.660573011914321813e-08
4.543832884103241197e-08
4.425906434570552572e-08
4.307024596312049670e-08
4.187389392375854547e-08
4.067188330540294460e-08
3.946576029479081241e-08
3.825689917018541039e-08
3.704644673476284240e-08
3.583528544238692290e-08
3.462419846474575250e-08
3.341374846748994725e-08
3.220444798108335770e-08
3.099674196574874713e-08
2.979100339828615090e-08
2.858769382726586083e-08
2.738727653201718312e-08
2.619036844377796142e-08
2.499772780822005356e-08
2.381024816341629546e-08
2.262908003874292242e-08
2.145554556156152683e-08
2.029124042374995024e-08
1.913799806533859795e-08
1.799785666965256551e-08
1.687312084056238000e-08
1.576626074608128472e-08
1.467995264747487937e-08
1.361701311026404547e-08
1.258033749410416682e-08
1.157290680484864212e-08
1.059767982367745493e-08
9.657587973354029818e-09
8.755458451678462992e-09
7.893946560114565756e-09
7.075516772385846419e-09
6.302354954076841315e-09
5.576351906856392013e-09
4.899047601945064766e-09
4.271589228193567630e-09
3.694723154704306432e-09
3.168754870969614314e-09
2.693554871824066065e-09
2.268549360006742795e-09
1.892725370259386666e-09
1.564657419289108922e-09
1.282524486397255970e-09
1.044152403004475803e-09
8.470531430394407440e-10
6.884736501182476678e-10
5.654549078742892385e-10
4.748884375028585493e-10
4.135822173599375253e-10
3.783242862197100252e-10
3.659472464490230922e-10
3.733933718202658513e-10
3.977734419662100563e-10
4.364244074132081955e-10
4.869592111069812150e-10
5.473092512410839177e-10
6.157615832480333033e-10
6.909827799485202113e-10
7.720378706701165679e-10
8.583961718033655623e-10
9.499260971568510333e-10
1.046884986533770063e-09
1.149891485444022844e-09
1.259897018995372523e-09
1.378143571787671245e-09
1.506113121180834781e-09
1.645479397225754102e-09
1.798042660509246286e-09
1.965674703768044414e-09
2.150253857187364981e-09
2.353598616673552180e-09
2.577416306637043329e-09
2.823235766548085388e-09
3.092366041518186495e-09
3.385848020715544438e-09
3.704411111815319626e-09
4.048459433528547809e-09
4.418036467922295977e-09
4.812832875541504587e-09
5.232182946831097263e-09
5.675067179656852165e-09
6.140157028097992300e-09
6.625820519100579655e-09
7.130187322716204517e-09
7.651187305858238983e-09
8.186589459427448358e-09
8.734092582379258362e-09
9.291347346005205013e-09
9.856053536572791113e-09
1.042600687151828792e-08
1.099913662451941043e-08
1.157360371714159701e-08
1.214779494337638993e-08
1.272041040440223955e-08
1.329047467066662468e-08
1.385733127182509278e-08
1.442070988824680978e-08
1.498065709472803235e-08
1.553758429781105981e-08
1.609221885069255586e-08
1.664553800958113106e-08
1.719879499071626233e-08
1.775338379040652152e-08
1.831085290512822077e-08
1.887280965447730303e-08
1.944081426248146692e-08
2.001639265261165963e-08
2.060086920231553824e-08
2.119538600875627869e-08
2.180080419851536789e-08
2.241760459736489935e-08
2.304593677625368253e-08
2.368546766958364097e-08
2.433545536251963459e-08
2.499469239110488122e-08
2.566145386068784903e-08
2.633362052976806888e-08
2.700857175612359705e-08
2.768333805910808889e-08
2.835460053426137909e-08
2.901869227354133390e-08
2.967177458530252606e-08
3.030985862496248052e-08
3.092882387216554477e-08
3.152463856659457566e-08
3.209328255027801026e-08
3.263097079813117412e-08
3.313417140782079001e-08
3.359961041513979211e-08
3.402448782357390047e-08
3.440635546637934625e-08
3.474331515191775458e-08
3.503398309069257779e-08
3.527743618078202242e-08
3.547337822016110553e-08
3.562194289990729252e-08
3.572383518373027375e-08
3.578022569663081487e-08
3.579263179192119832e-08
3.576302923017605504e-08
3.569359642229963019e-08
3.558681315815269423e-08
3.544531548577460814e-08
3.527174983564835049e-08
3.506886805780999088e-08
3.483926702872249109e-08
3.458549239080538436e-08
3.430991098193645555e-08
3.401459505237185237e-08
3.370145114624956231e-08
3.337201078730467626e-08
3.302758265938876778e-08
3.266918506515312148e-08
3.229749458613509317e-08
3.191303105172845023e-08
3.151601740405356024e-08
3.110658330849961471e-08
3.068475364553497653e-08
3.025044704647322674e-08
2.980369003498672286e-08
2.934451388355252395e-08
2.887316562193967175e-08
2.839010423747417182e-08
2.789599549992414159e-08
2.739189582283131772e-08
2.687912862079421215e-08
2.635944200317651907e-08
2.583495669816719986e-08
2.530810531170438351e-08
2.478173804155935295e-08
2.425894145664631788e-08
2.374311207393624755e-08
2.323783753289364324e-08
2.274677239405312598e-08
2.227366894264434701e-08
2.182215413586785792e-08
2.139574609462582603e-08
2.099770672307875728e-08
2.063090111032947860e-08
2.029781146450917919e-08
2.000033366951288466e-08
1.973980739384197938e-08
1.951691107199305920e-08
1.933157556760140769e-08
1.918305576092977982e-08
1.906980954229124517e-08
1.898960670434945662e-08
1.893951774953986307e-08
1.891592305587087294e-08
1.891467839147751284e-08
1.893109042837329915e-08
1.896011436247975820e-08
1.899642607487162479e-08
1.903450308258001981e-08
1.906885121345062092e-08
1.909402450184754593e-08
1.910485389190993151e-08
1.909653118153791602e-08
1.906468392148562844e-08
1.900557996270855067e-08
1.891610507075622475e-08
1.879393481796633161e-08
1.863754498305290402e-08
1.844620138420864553e-08
1.822006617838680784e-08
1.796007302224950755e-08
1.766798663718832855e-08
1.734630234696227669e-08
1.699812893188296944e-08
1.662718398771688375e-08
1.623757941160911377e-08
1.583378806178654036e-08
1.542047376842622544e-08
1.500232237385606782e-08
1.458398932318921106e-08
1.416987688118651246e-08
1.376409140819362868e-08
1.337029803267617924e-08
1.299159600001438639e-08
1.263051400438525964e-08
1.228887362644173600e-08
1.196782543058806103e-08
1.166780867986871606e-08
1.138853924860325571e-08
1.112911042486912594e-08
1.088798158733248699e-08
1.066311987977279806e-08
1.045207148126925556e-08
1.025205057262398547e-08
1.006012019207329100e-08
9.873258641621273199e-09
9.688548771927430615e-09
9.503285481192537495e-09
9.315079477386703401e-09
9.122024813788055442e-09
8.922740807994672485e-09
8.716506041819847248e-09
8.503297991327131192e-09
8.283811977163418892e-09
8.059521963085728974e-09
7.832615249419246752e-09
7.605999927457764505e-09
7.383221275263825597e-09
7.168357584793397728e-09
6.965953166396064004e-09
6.780845461525042133e-09
6.618063922738315537e-09
6.482661283775468977e-09
6.379541506405471740e-09
6.313338630392507059e-09
6.288221820812711431e-09
6.307786750653591786e-09
6.374909595169840257e-09
6.491618988917924317e-09
6.659035946511906064e-09
6.877293427617913930e-09
7.145481262924513442e-09
7.461676310555615694e-09
7.822917875802323684e-09
8.225299766440642784e-09
8.664033723340293804e-09
9.133533876413439071e-09
9.627596657294202608e-09
1.013949334282554650e-08
1.066219003904046733e-08
1.118850495600185906e-08
1.171126390077426209e-08
1.222354958236498364e-08
1.271880619846856844e-08
1.319107753367464551e-08
1.363513350372096830e-08
1.404656893211690512e-08
1.442199218095271472e-08
1.475901483287660754e-08
1.505638511226624273e-08
1.531397247526267427e-08
1.553271406102429911e-08
1.571465742329661095e-08
1.586277876815841368e-08
1.598096675680054410e-08
1.607384998802297467e-08
1.614659995867271373e-08
1.620485274929784317e-08
1.625441467649111936e-08
1.630116604767042349e-08
1.635082781895169384e-08
1.640873247244857983e-08
1.647974543401918333e-08
1.656799409004753456e-08
1.667682825232808996e-08
1.680866706896188378e-08
1.696487369954904874e-08
1.714580674407569663e-08
1.735068879166984560e-08
1.757772800379088565e-08
1.782412862623582244e-08
1.808613045978205596e-08
1.835923296180272894e-08
1.863821398485973929e-08
1.891740504459652288e-08
1.919082765214237635e-08
1.945233634423970770e-08
1.969593487060005938e-08
1.991584001548253449e-08
2.010679207197684888e-08
2.026418263187160382e-08
2.038415968828352797e-08
2.046388698541098660e-08
2.050150768056435335e-08
2.049634410077411784e-08
2.044888343522886052e-08
2.036072638067091819e-08
2.023468022798902866e-08
2.007454500180519263e-08
1.988513613243339225e-08
1.967209531655773851e-08
1.944167656687989586e-08
1.920068521120975967e-08
1.895613773032359127e-08
1.871517185067313826e-08
1.848477859193243336e-08
1.827154030253774426e-08
1.808154354346490454e-08
1.792005883101119956e-08
1.779148901705797036e-08
1.769917991446851848e-08
1.764526403920694982e-08
1.763069899243437535e-08
1.765510260196326476e-08
1.771686678436820513e-08
1.781315030869391840e-08
1.793990796397335044e-08
1.809211746953316146e-08
1.826379404747284278e-08
1.844827804943168154e-08
1.863838142555664866e-08
1.882654716416705040e-08
1.900519016574885448e-08
1.916678371930783583e-08
1.930420136026602526e-08
1.941087505942926502e-08
1.948093332022072566e-08
1.950949624041015078e-08
1.949267263044484511e-08
1.942779485825793789e-08
1.931343688924084615e-08
1.914939431052960213e-08
1.893680538635723763e-08
1.867796361761269542e-08
1.837636121999660615e-08
1.803651833826538998e-08
1.766378547467850392e-08
1.726428878402425818e-08
1.684460163620685844e-08
1.641165188878258869e-08
1.597245445651237224e-08
1.553384993406097040e-08
1.510239994718846879e-08
1.468406988376461521e-08
1.428415306782187997e-08
1.390707208435943559e-08
1.355621671111419096e-08
1.323394761545071915e-08
1.294143867401983763e-08
1.267875297251419404e-08
1.244482770369705854e-08
1.223750140452203926e-08
1.205369590675880406e-08
1.188945181489556891e-08
1.174016933700284832e-08
1.160075391710876860e-08
1.146578100752698084e-08
1.132978285364614495e-08
1.118737033879427949e-08
1.103351787191193905e-08
1.086372590193768631e-08
1.067416816801626670e-08
1.046191073012757323e-08
1.022500520387775215e-08
9.962551942989212410e-09
9.674826440121325103e-09
9.363217801190211134e-09
9.030274857301911605e-09
8.679615001257194090e-09
8.315801362607440409e-09
7.944270985084550734e-09
7.571105874351444755e-09
7.202903565356212585e-09
6.846546319798555718e-09
6.508964871390380399e-09
6.196964775220448538e-09
5.916954260374169646e-09
5.674780259733327353e-09
5.475516300762869169e-09
5.323278386187500888e-09
5.221124273724605345e-09
5.170904780549352352e-09
5.173233567081230252e-09
5.227443969132888895e-09
5.331587534873634586e-09
5.482526229566732769e-09
5.675984618701394662e-09
5.906719402955544726e-09
6.168668256802398163e-09
6.455121955918881504e-09
6.758980479151535439e-09
7.072928299853028382e-09
7.389713937169247621e-09
7.702363453718952054e-09
8.004379126923807608e-09
8.290001056179639334e-09
8.554326386016215469e-09
8.793520621825916746e-09
9.004912401850107332e-09
9.187044113726599678e-09
9.339773574718609493e-09
9.464192541592515321e-09
9.562642639651216554e-09
9.638594392549303874e-09
9.696484372009842742e-09
9.741617241828961082e-09
9.779887951205940403e-09
9.817631157613973884e-09
9.861354121836539298e-09
9.917460571302684200e-09
9.992077890298899649e-09
1.009073834886855024e-08
1.021823259762807178e-08
1.037838458370141737e-08
1.057385574000178068e-08
1.080609610963288068e-08
1.107517352377129207e-08
1.137981520898737590e-08
1.171738680797600387e-08
1.208391394140513592e-08
1.247427525296466556e-08
1.288225225467644341e-08
1.330080991495760930e-08
1.372228412763429601e-08
1.413858792179498267e-08
1.454158363093359201e-08
1.492324462930683960e-08
1.527604275376705016e-08
1.559317712281188232e-08
1.586877772786471875e-08
1.609825051573445928e-08
1.627833622051097218e-08
1.640738176516753878e-08
1.648539383241874826e-08
1.651403706363705599e-08
1.649675614444750343e-08
1.643857546735874613e-08
1.634611139836864634e-08
1.622735374463244462e-08
1.609140060410426533e-08
1.594832801212309315e-08
1.580876136641817065e-08
1.568368442006651360e-08
1.558405723085963124e-08
1.552043082331456965e-08
1.550273730133921258e-08
1.553983990066715998e-08
1.563936458885940482e-08
1.580739771355697399e-08
1.604822606468030116e-08
1.636430244958694384e-08
1.675600586780508982e-08
1.722172776750374927e-08
1.775784556133069571e-08
1.835875014700549178e-08
1.901713191740188643e-08
1.972402589043451825e-08
2.046921180189214012e-08
2.124145554771087713e-08
2.202876983394123984e-08
2.281893720855691598e-08
2.359968750301833329e-08
2.435924267718623915e-08
2.508660629386184023e-08
2.577181423245254644e-08
2.640643514632583967e-08
2.698360241809918919e-08
2.749842531085774548e-08
2.794805157117896919e-08
2.833165304763442683e-08
2.865066009843166765e-08
2.890845170913503849e-08
2.911045607456383757e-08
2.926386598282253595e-08
2.937728918807854247e-08
2.946068031118106046e-08
2.952473063198434277e-08
2.958072686584194316e-08
2.964005575129196657e-08
2.971369938636329966e-08
2.981207585551879128e-08
2.994438966257670149e-08
3.011852408439585523e-08
3.034063712010074230e-08
3.061480731808901026e-08
3.094309184112288117e-08
3.132512879861576845e-08
3.175834248568490220e-08
3.223787373106493499e-08
3.275657766272141774e-08
3.330546975825257200e-08
3.387367881433912261e-08
3.444902978648953915e-08
3.501830070526897957e-08
3.556750811177145671e-08
3.608258830062879527e-08
3.654973242715525470e-08
3.695571011520942824e-08
3.728860773460486230e-08
3.753789621377477242e-08
3.769510376121707885e-08
3.775400193156087185e-08
3.771072143675498290e-08
3.756423896052747535e-08
3.731611828563364401e-08
3.697083221070898802e-08
3.653555365935530475e-08
3.601986763237124848e-08
3.543583460551678252e-08
3.479733411600939201e-08
3.411998454881979657e-08
3.342058132228875797e-08
3.271650777286269194e-08
3.202551632180197430e-08
3.136490510029990704e-08
3.075128668620528655e-08
3.019998717033756958e-08
2.972449455575050006e-08
2.933631756185314076e-08
2.904436703182187944e-08
2.885494770691058531e-08
2.877147673800960239e-08
2.879429539440350226e-08
2.892091776727212754e-08
2.914585144721156905e-08
2.946102804271448573e-08
2.985597160932946938e-08
3.031803574292285233e-08
3.083306636145211642e-08
3.138557201431163063e-08
3.195947990460340664e-08
3.253854693149116352e-08
3.310676155321175622e-08
3.364912929702738645e-08
3.415183304308368572e-08
3.460294967910721212e-08
3.499270494411357645e-08
3.531364465259294105e-08
3.556115232368223769e-08
3.573323459318178026e-08
3.583085805546470944e-08
3.585775819665385083e-08
3.582015014417106984e-08
3.572679092242466201e-08
3.558829990687117304e-08
3.541706823151229644e-08
3.522666943288835594e-08
3.503122974267506828e-08
3.484520667179723405e-08
3.468250738046382572e-08
3.455626617119101717e-08
3.447821644405317998e-08
3.445810954037857353e-08
3.450362103819965473e-08
3.461968943668026405e-08
3.480858263046103872e-08
3.506963208159392034e-08
3.539906325404340046e-08
3.579036598674361251e-08
3.623410952579158305e-08
3.671851633323099092e-08
3.722968563666023667e-08
3.775188487923640098e-08
3.826837361477786844e-08
3.876157600436809310e-08
3.921399248791532358e-08
3.960865255777101950e-08
3.992954946932083180e-08
4.016254789068903022e-08
4.029549872958450139e-08
4.031904257338987988e-08
4.022683186078615096e-08
4.001565843964904589e-08
3.968598705498627665e-08
3.924161901317395893e-08
3.869000060394538142e-08
3.804191117603148447e-08
3.731105243716922770e-08
3.651401737376704636e-08
3.566944829867866395e-08
3.479783015441573125e-08
3.392074841544012916e-08
3.306012488733075749e-08
3.223786270395801436e-08
3.147484777004220165e-08
3.079060754050015893e-08
3.020259090391840037e-08
2.972552737292094151e-08
2.937125118623471150e-08
2.914804418407168261e-08
2.906066004662474538e-08
2.911008640498397662e-08
2.929343255383004582e-08
2.960431278473689184e-08
3.003278836731696941e-08
3.056598615188970925e-08
3.118844472445827709e-08
3.188253594938884769e-08
3.262935756834806163e-08
3.340906974797825129e-08
3.420187151522272512e-08
3.498857239794620899e-08
3.575112523660420508e-08
3.647356899115130934e-08
3.714222632275864404e-08
3.774650486619935848e-08
3.827913577122180594e-08
3.873628036330357501e-08
3.911800728521275420e-08
3.942789264839781115e-08
3.967323577998469717e-08
3.986464283842597911e-08
4.001547989681078572e-08
4.014173280621924404e-08
4.026099518053508109e-08
4.039215856315274620e-08
4.055452986481820418e-08
4.076691615265356490e-08
4.104718069834623426e-08
4.141135026635320125e-08
4.187276545319228121e-08
4.244184511256531594e-08
4.312513586014915059e-08
4.392529573808012097e-08
4.484066753065855195e-08
4.586497901250091326e-08
4.698778200379588578e-08
4.819416262124527725e-08
4.946549776526160695e-08
5.077975898015341059e-08
5.211191644769711036e-08
5.343512178645287019e-08
5.472097914474701921e-08
5.594089809411568864e-08
5.706680407085985258e-08
5.807182557156433911e-08
5.893170837156744083e-08
5.962505116060315692e-08
6.013459410565048413e-08
6.044763710967408389e-08
6.055630976397364982e-08
6.045848309633565402e-08
6.015732496908210793e-08
5.966186740724666720e-08
5.898659629110574981e-08
5.815087100267383581e-08
5.717894753760506679e-08
5.609868753546693338e-08
5.494127764034615582e-08
5.374006932455242859e-08
5.252936072447947807e-08
5.134382990095177064e-08
5.021689560563461413e-08
4.918013564145531895e-08
4.826206536331089029e-08
4.748702858983121016e-08
4.687483876529331080e-08
4.643961785840984839e-08
4.618974742927518670e-08
4.612738573155877894e-08
4.624819604740596034e-08
4.654188912308807022e-08
4.699206296063707373e-08
4.757715663938082828e-08
4.827098483991262033e-08
4.904342625059122457e-08
4.986188625544171458e-08
5.069191202853995456e-08
5.149884324370307495e-08
5.224885287583132566e-08
5.290996092091878003e-08
5.345368725807439498e-08
5.385558430193125577e-08
5.409668120249532157e-08
5.416407202588539067e-08
5.405130578110589806e-08
5.375927382971268140e-08
5.329580188774628964e-08
5.267606328493036072e-08
5.192203845899111230e-08
5.106175097975277020e-08
5.012896062584710692e-08
4.916163997851474938e-08
4.820128503137019358e-08
4.729141818294737460e-08
4.647601774447246508e-08
4.579851081883725332e-08
4.529983516721862295e-08
4.501745776017827698e-08
4.498387429365380976e-08
4.522525139626441964e-08
4.576082795446243016e-08
4.660164359528032733e-08
4.775039285697618097e-08
4.920095588155861290e-08
5.093818275711852819e-08
5.293860047160046938e-08
5.517042874333172374e-08
5.759484869436322435e-08
6.016685825882456198e-08
6.283628611682419972e-08
6.554976462460138612e-08
6.825165233304781230e-08
7.088624879644553559e-08
7.339923069037069132e-08
7.573900225515802930e-08
7.785892140717801593e-08
7.971796625841178779e-08
8.128267771246993847e-08
8.252790574115542602e-08
8.343725937419362050e-08
8.400433635306934252e-08
8.423205555978748867e-08
8.413327632825381307e-08
8.373003178240468009e-08
8.305246118486032130e-08
8.213853508129624947e-08
8.103193122687222464e-08
7.978129557249476210e-08
7.843827880577164961e-08
7.705549584075793503e-08
7.568543233237327789e-08
7.437787286487240569e-08
7.317887584864005285e-08
7.212889879575879789e-08
7.126114144870752524e-08
7.060103370581431591e-08
7.016463757371655135e-08
6.995871592659372938e-08
6.998023744505008410e-08
7.021623876546644184e-08
7.064491088242995059e-08
7.123570243153790978e-08
7.195105684072240442e-08
7.274754971118858498e-08
7.357724801579217225e-08
7.439015651815710910e-08
7.513542250674804826e-08
7.576396455357063144e-08
7.623017287841916110e-08
7.649351373580732068e-08
7.652092543880406177e-08
7.628758818854110571e-08
7.577883331583851814e-08
7.499078491776862593e-08
7.393065134517293387e-08
7.261754491863989076e-08
7.108152763432348477e-08
6.936360830724517984e-08
6.751443920317867572e-08
6.559268462795693040e-08
6.366379965164268806e-08
6.179777430026831860e-08
6.006670777340058528e-08
5.854297718254933080e-08
5.729622820488703827e-08
5.639146819600607309e-08
5.588653080098767888e-08
5.582974078035021974e-08
5.625849014704516839e-08
5.719713384093955630e-08
5.865626265336305610e-08
6.063174551601650613e-08
6.310421186266753919e-08
6.603972952555359358e-08
6.938988951040215767e-08
7.309347017240956184e-08
7.707781763961144795e-08
8.126055993201326533e-08
8.555256649598752648e-08
8.985982807941574125e-08
9.408692683022057105e-08
9.813968079912948322e-08
1.019277170016202321e-07
1.053680896519319702e-07
1.083870267986480080e-07
1.109231328370853484e-07
1.129290792673136061e-07
1.143728185776371783e-07
1.152395877518199347e-07
1.155314752721452074e-07
1.152683437314509179e-07
1.144868989165324889e-07
1.132392070660036880e-07
1.115919483205734436e-07
1.096232960786715368e-07
1.074212503148001255e-07
1.050803767918024677e-07
1.026983462235843076e-07
1.003734629044428319e-07
9.820045292931878781e-08
9.626800083787606996e-08
9.465535594537725784e-08
9.342927655855899365e-08
9.264236531400857728e-08
9.233037202545599338e-08
9.251153839642342977e-08
9.318555606054725396e-08
9.433317125138039988e-08
9.591740962632053909e-08
9.788398248286582804e-08
1.001637741060586863e-07
1.026749146861662005e-07
1.053253101112094683e-07
1.080166169659711469e-07
1.106469323410466621e-07
1.131152519665964798e-07
1.153249096586884840e-07
1.171868963281207601e-07
1.186241152170954022e-07
1.195735756248327027e-07
1.199898625917611524e-07
1.198468860993856955e-07
1.191389840070654199e-07
1.178824768519883043e-07
1.161147358985420359e-07
1.138942037248121372e-07
1.112985007354885241e-07
1.084218526423759787e-07
1.053729002811090804e-07
1.022703723830585418e-07
9.923982232134260498e-08
9.640900344971697372e-08
9.390310763191443300e-08
9.184083273914050534e-08
9.032924792425126036e-08
8.946021991126660094e-08
8.930640983716541753e-08
8.991786552962377299e-08
9.132009257276781088e-08
9.351173619269486605e-08
9.646433394194850763e-08
1.001222187550259238e-07
1.044033506367474602e-07
1.092019540937239765e-07
1.143907681377151567e-07
1.198254512439514155e-07
1.253488367842756214e-07
1.307957178732502129e-07
1.359991095582954007e-07
1.407952169749643572e-07
1.450300657743564548e-07
1.485649420462470281e-07
1.512814574459957288e-07
1.530872736422276439e-07
1.539193609699363681e-07
1.537481567437796490e-07
1.525795213239875248e-07
1.504555836011599855e-07
1.474555395110690704e-07
1.436934876251323459e-07
1.393167177663717816e-07
1.345016601317295645e-07
1.294487854882774605e-07
1.243774712259258328e-07
1.195185837155381190e-07
1.151078123029690810e-07
1.113776389968193190e-07
1.085491883267893826e-07
1.068248920200409292e-07
1.063803291065207386e-07
1.073577587055078864e-07
1.098597381470721123e-07
1.139437996214467817e-07
1.196190844784398048e-07
1.268433109901966354e-07
1.355223814213218839e-07
1.455108909051320056e-07
1.566142198038371016e-07
1.685931578238332906e-07
1.811687387291891990e-07
1.940299222707397409e-07
2.068416123086012762e-07
2.192536202672200587e-07
2.309114951081866921e-07
2.414668448742850585e-07
2.505877654348602183e-07
2.579704780785909065e-07
2.633485129770278228e-07
2.665031232399550210e-07
2.672712372651380655e-07
2.655520204888827615e-07
2.613131613785641510e-07
2.545932830045618577e-07
2.455043440485270500e-07
2.342305851340644622e-07
2.210254314630521970e-07
2.062073578402897571e-07
1.901520984035185873e-07
1.732845150816993921e-07
1.560677571589992646e-07
1.389911717852661287e-07
1.225577696917042973e-07
1.072699759306469136e-07
9.361592524419893883e-08
8.205521410918478156e-08
7.300523142319314702e-08
6.682865170633758543e-08
6.382171195168094086e-08
6.420452911164485541e-08
6.811307381105827607e-08
7.559335949193888119e-08
8.659826334513262047e-08
1.009865346164803926e-07
1.185247988932960929e-07
1.388919351483068925e-07
1.616859124074641217e-07
1.864334230638923157e-07
2.126010305705779521e-07
2.396088613058988124e-07
2.668453476993786334e-07
2.936829856645224358e-07
3.194954515824661085e-07
3.436739085993514025e-07
3.656441103127993317e-07
3.848820539609406397e-07
4.009284040865614848e-07
4.134021079083862991e-07
4.220108091466049139e-07
4.265601208945197199e-07
4.269594853027228430e-07
4.232252774592883478e-07
4.154816850447872210e-07
4.039575999130903976e-07
3.889815919455707060e-07
3.709734395194901508e-07
3.504331911269932973e-07
3.279283757602456674e-07
3.040786425248657171e-07
2.795394738641258285e-07
2.549844435708390557e-07
2.310869877628577138e-07
2.085022807401591274e-07
1.878492802370453335e-07
1.696939478833637293e-07
1.545337320544584810e-07
1.427839471675320356e-07
1.347664219576491991e-07
1.307006424900429957e-07
