3.479048284835732029e-08
3.348586288383308962e-08
3.346939671763114219e-08
3.471908392836942305e-08
3.717139230952552087e-08
4.072361849020876936e-08
4.523754393385988037e-08
5.054425901751442352e-08
5.644998882238713603e-08
6.274272093515883559e-08
6.919940911148939924e-08
7.559350802323208596e-08
8.170258353226669941e-08
8.731574291355293570e-08
9.224063393414614738e-08
9.630977928587066750e-08
9.938603679409758245e-08
1.013670051760824286e-07
1.021882310190595573e-07
1.018251156821580574e-07
1.002934661184329737e-07
9.764867793681480937e-08
9.398358507939252364e-08
8.942505797148650890e-08
8.412947439935203715e-08
7.827722257869353627e-08
7.206642790529999169e-08
6.570612266684094043e-08
5.940909542614771528e-08
5.338466393755670137e-08
4.783161696014794167e-08
4.293156502031862686e-08
3.884292409651713594e-08
3.569573136260947215e-08
3.358746281737289412e-08
3.257998852143710279e-08
3.269776087825167891e-08
3.392728734714790253e-08
3.621789486436109706e-08
3.948374833684809932e-08
4.360704840991297566e-08
4.844228199986934698e-08
5.382137625899249649e-08
5.955957002949658620e-08
6.546179121467710277e-08
7.132932678134704537e-08
7.696654138631088843e-08
8.218741718176972082e-08
8.682170188295441891e-08
9.072043933012263281e-08
9.376071169260377849e-08
9.584943360097502040e-08
9.692606971348986779e-08
9.696421274025099297e-08
9.597195455227498353e-08
9.399106140544674023e-08
9.109500835191389208e-08
8.738592696881127975e-08
8.299060596155182980e-08
7.805568786096547169e-08
7.274223292410571753e-08
6.721986721575108033e-08
6.166070106827019317e-08
5.623324797585095600e-08
5.109656705768348815e-08
4.639481432998851153e-08
4.225240820373513854e-08
3.876996913492632906e-08
3.602116735598378649e-08
3.405059309147972136e-08
3.287270210500516925e-08
3.247187166591098864e-08
3.280355983756057334e-08
3.379650538454789490e-08
3.535588969438498748e-08
3.736733601387915854e-08
3.970159135314751655e-08
4.221972751465335337e-08
4.477865585806685439e-08
4.723675865900941107e-08
4.945944086031593365e-08
5.132438341053835048e-08
5.272632113721731735e-08
5.358116857161201434e-08
5.382933899538807501e-08
5.343815471510388105e-08
5.240324024171388774e-08
5.074885848663709861e-08
4.852718864429211276e-08
4.581654892400197166e-08
4.271864505697247123e-08
3.935493619028715942e-08
3.586224372282392518e-08
3.238776728944939617e-08
2.908368425528767961e-08
2.610150448486466963e-08
2.358641994116535464e-08
2.167180571778378069e-08
2.047410379978836607e-08
2.008825625604199263e-08
2.058384324423300402e-08
2.200209037562563080e-08
2.435382358611143990e-08
2.761847287913578162e-08
3.174415714801455729e-08
3.664883844258742122e-08
4.222253462721983473e-08
4.833051331080127464e-08
5.481733830038559264e-08
6.151167132278314607e-08
6.823165839360892011e-08
7.479068053375974572e-08
8.100336100009846765e-08
8.669152184997621717e-08
9.168998078627486637e-08
9.585196348977201453e-08
9.905389121402456257e-08
1.011995121503834962e-07
1.022230806520757419e-07
1.020916111097470318e-07
1.008060792033560719e-07
9.840147436338648585e-08
9.494580798413905692e-08
9.053805557042703348e-08
8.530505161674742140e-08
7.939754262592943588e-08
7.298547206079123002e-08
6.625261032619669511e-08
5.939082330512131058e-08
5.259403113549284702e-08
4.605216598420008368e-08
3.994527410800045883e-08
3.443793316999216935e-08
2.967423368091235898e-08
2.577340558453476209e-08
2.282629163039117722e-08
2.089274787835298570e-08
2.000004247021573985e-08
2.014232452047073345e-08
2.128115787554249224e-08
2.334708541711778277e-08
2.624218714963777457e-08
2.984353249451471782e-08
3.400738854313827079e-08
3.857408439916675015e-08
4.337331306176682491e-08
4.822974148754136733e-08
5.296873067599572938e-08
5.742194060944261133e-08
6.143271931508597752e-08
6.486100295149688029e-08
6.758765785640819508e-08
6.951809924769750329e-08
7.058503030309368972e-08
7.075030199872993222e-08
7.000580570760582409e-08
6.837333437384318609e-08
6.590351527523507776e-08
6.267381585077374900e-08
5.878565451320573846e-08
5.436083343554627632e-08
4.953728692652957081e-08
4.446440127161748519e-08
3.929801586893000003e-08
3.419524849509478351e-08
2.930939235519518040e-08
2.478496415549771126e-08
2.075313374497210447e-08
1.732764689714076384e-08
1.460136149297549847e-08
1.264353091027277417e-08
1.149789483445943707e-08
1.118162541042449587e-08
1.168516798633111900e-08
1.297295955769971902e-08
1.498498156620595192e-08
1.763910523012815835e-08
2.083411336249910475e-08
2.445331180541981389e-08
2.836859765433809817e-08
3.244482100007048526e-08
3.654433719439943915e-08
4.053153819213587838e-08
4.427726330987320753e-08
4.766293053722832297e-08
5.058422065342526546e-08
5.295425496420536451e-08
5.470614657854961594e-08
5.579481012720183942e-08
5.619805082723413520e-08
5.591687648413910197e-08
5.497498993199174226e-08
5.341759677283111991e-08
5.130945466509518582e-08
4.873234590380643236e-08
4.578202334466898566e-08
4.256470623103653785e-08
3.919334170761480340e-08
3.578365519432752684e-08
3.245021301369486952e-08
2.930258828749277489e-08
2.644175363327907449e-08
2.395683231569859616e-08
2.192231928912183733e-08
2.039583890205071910e-08
1.941651828326224985e-08
1.900401616432476014e-08
1.915824715029297456e-08
1.985975579509606179e-08
2.107077567382900814e-08
2.273688256699633001e-08
2.478918973078086669e-08
2.714702160396776877e-08
2.972091124402540107e-08
3.241588693796341706e-08
3.513487703187104446e-08
3.778213571076086440e-08
4.026656189958438160e-08
4.250483644774057345e-08
4.442417974746664838e-08
4.596476201779108521e-08
4.708159793824869276e-08
4.774589555120884024e-08
4.794585970441817143e-08
4.768681715417241075e-08
4.699081691212582911e-08
4.589561493008365973e-08
4.445312318085373408e-08
4.272741848652812505e-08
4.079227821754715266e-08
3.872847615077869444e-08
3.662082689211107947e-08
3.455512121134116862e-08
3.261508517462431425e-08
3.087938340660392667e-08
2.941888175911942285e-08
2.829417530376158703e-08
2.755349822651037956e-08
2.723107309027450593e-08
2.734597774850771077e-08
2.790149817290528163e-08
2.888507133429653424e-08
3.026874889927431672e-08
3.201018180901425216e-08
3.405411325670625327e-08
3.633424880073113456e-08
3.877553558703802699e-08
4.129669546738981025e-08
4.381295284797784681e-08
4.623885047230725204e-08
4.849110146147535817e-08
5.049127101646128691e-08
5.216834361461121050e-08
5.346098287300688730e-08
5.431944493541080405e-08
5.470713046584062868e-08
5.460159601478143805e-08
5.399517069701896142e-08
5.289503232505127756e-08
5.132279039040906090e-08
4.931363782174653305e-08
4.691497968832191907e-08
4.418476016713375970e-08
4.118942172479998272e-08
3.800161521949130164e-08
3.469777106267638214e-08
3.135552101276504046e-08
2.805118821001128221e-08
2.485733314919044991e-08
2.184047804176113225e-08
1.905907527326031598e-08
1.656180537882855096e-08
1.438621022217915877e-08
1.255776972199588564e-08
1.108939769829890170e-08
9.981387800941031812e-09
9.221811917212264744e-09
8.787326523428899281e-09
8.644387509964396946e-09
8.750800386606712699e-09
9.057558193852792950e-09
9.510896023134329160e-09
1.005449677720888096e-08
1.063174618730773308e-08
1.118798691631516792e-08
1.167266976485705995e-08
1.204133350938944842e-08
1.225735470390760692e-08
1.229337773425760161e-08
1.213241475061689119e-08
1.176854924368628634e-08
1.120722950389462381e-08
1.046515199420502265e-08
9.569711748534469811e-09
8.558077267216090479e-09
7.475894307134086655e-09
6.375674415982105429e-09
5.314928783815468092e-09
4.354095632243833974e-09
3.554355158726629547e-09
2.975389893081542388e-09
2.673174501883567566e-09
2.697869120111126462e-09
3.091890896916481233e-09
3.888223423957469839e-09
5.109030298404729434e-09
6.764614102032724323e-09
8.852757879706255765e-09
1.135848006554856677e-08
1.425419266033357943e-08
1.750028351399725642e-08
2.104608678678917110e-08
2.483121763583465761e-08
2.878722256515769654e-08
3.283951979602223141e-08
3.690950066111014548e-08
4.091681108103157666e-08
4.478167655039297585e-08
4.842721319452529115e-08
5.178169371104218954e-08
5.478058170595716285e-08
5.736842090224114140e-08
5.950040838777557542e-08
6.114363737090831760e-08
6.227802335788260462e-08
6.289673938830607189e-08
6.300634337257764794e-08
6.262645026390016786e-08
6.178900991920782182e-08
6.053726623980996307e-08
5.892428289795279212e-08
5.701128465132737244e-08
5.486571783825785354e-08
5.255915330971434152e-08
5.016508067826113478e-08
4.775671261022520948e-08
4.540474560972656560e-08
4.317531138281752422e-08
4.112805715590236738e-08
3.931445697601525686e-08
3.777643357166676726e-08
3.654523486330944220e-08
3.564072422724788135e-08
3.507100500369431612e-08
3.483242504374779288e-08
3.490994344914402252e-08
3.527787579053881082e-08
3.590090582350958945e-08
3.673543724741845763e-08
3.773115516098278917e-08
3.883277099261930977e-08
3.998192377273210937e-08
4.111908378812675145e-08
4.218551818821354974e-08
4.312516535065855783e-08
4.388638850292516191e-08
4.442359036511521582e-08
4.469853682600190641e-08
4.468148888285993118e-08
4.435200850335048193e-08
4.369945230672314865e-08
4.272317785667296138e-08
4.143235832021748871e-08
3.984555653311640495e-08
3.798997400573089558e-08
3.590044696225772469e-08
3.361821486377649144e-08
3.118953798963691750e-08
2.866413180888341365e-08
2.609358066940321344e-08
2.352970139697194030e-08
2.102294083978696399e-08
1.862087340463393639e-08
1.636679477026567371e-08
1.429852417429032830e-08
1.244739750320484333e-08
1.083750103823412980e-08
9.485160206862239088e-09
8.398702947017651659e-09
7.578475873029350553e-09
7.017137080601240619e-09
6.700185014947913701e-09
6.606708027707943673e-09
6.710327866218039406e-09
6.980284740309773590e-09
7.382643146853164475e-09
7.881558761903064329e-09
8.440565761531538629e-09
9.023846026055930372e-09
9.597417637133000233e-09
1.013022785282828542e-08
1.059509639568960074e-08
1.096948517216566485e-08
1.123608047742679828e-08
1.138314714117296858e-08
1.140468049970940246e-08
1.130033185577427920e-08
1.107512575179602695e-08
1.073898169949903977e-08
1.030607306095273561e-08
9.794026714540199131e-09
9.223030558471087083e-09
8.614860599201472874e-09
7.991875812037762397e-09
7.376026482103339817e-09
6.787896553280680445e-09
6.245842522802689819e-09
5.765243355503621876e-09
5.357898298378406451e-09
5.031593908855420506e-09
4.789861788269033736e-09
4.631925140980970871e-09
4.552852154011341566e-09
4.543899077122806540e-09
4.593034556358014189e-09
4.685629076125625925e-09
4.805273488960243409e-09
4.934708628163242255e-09
5.056825678717549506e-09
5.155686858719607213e-09
5.217557261322806678e-09
5.231864790319938780e-09
5.192095882658923833e-09
5.096552100186962248e-09
4.948950784273231296e-09
4.758857529831603608e-09
4.541891240459871538e-09
4.319732065487779648e-09
4.119888039708426158e-09
3.975237161895879952e-09
3.923364348161205753e-09
4.005678867903889067e-09
4.266373103574699665e-09
4.751214086747050612e-09
5.506240178037751995e-09
6.576373432594281473e-09
8.003998511536778586e-09
9.827575754831255882e-09
1.208028304071131730e-08
1.478879623026378129e-08
1.797219330935133718e-08
2.164102851738898340e-08
2.579667575544371964e-08
3.043083083090946506e-08
3.552536737495621704e-08
4.105240504569715221e-08
4.697462793048519977e-08
5.324599518975975309e-08
5.981252329101827064e-08
6.661350387539473428e-08
7.358279518691636391e-08
8.065024981355888100e-08
8.774348892585785019e-08
9.478943549595869413e-08
1.017162279270965779e-07
1.084548911990231915e-07
1.149409097598982816e-07
1.211160058399104613e-07
1.269292887916416483e-07
1.323386973301425699e-07
1.373118821864761308e-07
1.418268000197132682e-07
1.458724217168034475e-07
1.494485537281083801e-07
1.525659630126747256e-07
1.552458026282378608e-07
1.575187379578922701e-07
1.594242539149163414e-07
1.610090646280042593e-07
1.623260376431224400e-07
1.634322365531411149e-07
1.643875312397308865e-07
1.652526857394317841e-07
1.660874246296443763e-07
1.669489982814753888e-07
1.678901303559753353e-07
1.689577931370481178e-07
1.701916855163977011e-07
1.716229135208891343e-07
1.732733853352090929e-07
1.751547519367348538e-07
1.772683452896190972e-07
1.796049248768142433e-07
1.821447030257274632e-07
1.848581510025579255e-07
1.877063186860531864e-07
1.906421548638016024e-07
1.936115375226663006e-07
1.965544714656797246e-07
1.994069644219994726e-07
2.021021985226864251e-07
2.045725697010635343e-07
2.067511973635430961e-07
2.085733903796374236e-07
2.099786076785529664e-07
2.109114526189154075e-07
2.113234317352581296e-07
2.111736148367541345e-07
2.104299540650640194e-07
2.090698013050574583e-07
2.070801930670296982e-07
2.044584626270626452e-07
2.012117612429998778e-07
1.973571912754480897e-07
1.929211547850517748e-07
1.879385205732075826e-07
1.824521348183933418e-07
1.765114061977225851e-07
1.701715376878916937e-07
1.634921625653773907e-07
1.565359602563154588e-07
1.493676908487937749e-07
1.420525929819927818e-07
1.346554632316769006e-07
1.272393865488357287e-07
1.198646025372222365e-07
1.125878274452059664e-07
1.054612098061713741e-07
9.853191941833647916e-08
9.184156870764008757e-08
8.542582553282567899e-08
7.931441986909552436e-08
7.353093799574038898e-08
6.809309817782580361e-08
6.301292048638060950e-08
5.829702971373439476e-08
5.394720791287033313e-08
4.996076852922419888e-08
4.633121095388528719e-08
4.304874594738067448e-08
4.010084533120836799e-08
3.747288942370579390e-08
3.514861880850308271e-08
3.311071167462286667e-08
3.134114984663454436e-08
2.982166181408783413e-08
2.853400584831615010e-08
2.746019101314957147e-08
2.658270162503354396e-08
2.588454569600249314e-08
2.534935104619706802e-08
2.496133826271194665e-08
2.470525427823794204e-08
2.456633788617549248e-08
2.453016871965551978e-08
2.458260282514384045e-08
2.470964712598022359e-08
2.489734656470873870e-08
2.513175583821415733e-08
2.539884556855415172e-08
2.568453848271790886e-08
2.597472088762245778e-08
2.625529322503411170e-08
2.651232612333315951e-08
2.673215455514529457e-08
2.690160381148686630e-08
2.700817524249209499e-08
2.704024978502229308e-08
2.698736928348567886e-08
2.684041635427359588e-08
2.659189323435745614e-08
2.623607354205966857e-08
2.576922664037205537e-08
2.518973794702218049e-08
2.449818763413681311e-08
2.369744264621034484e-08
2.279260211714611562e-08
2.179097923205386055e-08
2.070196613918105395e-08
1.953684956018588786e-08
1.830862714186708557e-08
1.703170340135912524e-08
1.572162116509948487e-08
1.439471475214740231e-08
1.306774891529954186e-08
1.175758240194133271e-08
1.048077969338493798e-08
9.253282279273066588e-09
8.090067710492723259e-09
7.004843773528348022e-09
6.009799449420077217e-09
5.115371572467207264e-09
4.330087970351454297e-09
3.660446959213374205e-09
3.110856253055910611e-09
2.683636184541812161e-09
2.379064306454998186e-09
2.195483146855904817e-09
2.129447100318309676e-09
2.175911186451802055e-09
2.328458586126407662e-09
2.579546531092185603e-09
2.920778250815422426e-09
3.343179754436882605e-09
3.837477131249752552e-09
4.394376026866671039e-09
5.004815938077628327e-09
5.660220533627879549e-09
6.352707489196035310e-09
7.075288545102992164e-09
7.822028511435943673e-09
8.588170841759647821e-09
9.370251865584066767e-09
1.016615824132955882e-08
1.097518833207728774e-08
1.179807130440335907e-08
1.263696462475481869e-08
1.349546582277305551e-08
1.437857316052442540e-08
1.529268557591565615e-08
1.624557316542632693e-08
1.724634717288934324e-08
1.830547403106159784e-08
1.943473958990343149e-08
2.064728094257011708e-08
2.195758635246794313e-08
2.338149614146432116e-08
2.493625749213556720e-08
2.664050088796142994e-08
2.851429043914394652e-08
3.057910959776975621e-08
3.285782199729384718e-08
3.537467931051389850e-08
3.815519259577525614e-08
4.122608945465452969e-08
4.461510159177667206e-08
4.835083817403089497e-08
5.246252868396570434e-08
5.697970551766235925e-08
6.193196207548917380e-08
6.734848718597157110e-08
7.325775360603076289e-08
7.968705032710178392e-08
8.666197066825875152e-08
9.420607023811892696e-08
1.023402505012776142e-07
1.110824425074052174e-07
1.204471251751357317e-07
1.304448483791924362e-07
1.410820792819249781e-07
1.523607012076682035e-07
1.642780170398780390e-07
1.768265508395462427e-07
1.899938948058163106e-07
2.037630482823581004e-07
2.181122577546668304e-07
2.330155765915672254e-07
2.484431045809822312e-07
2.643612573390695915e-07
2.807336646033617414e-07
2.975213025430272024e-07
3.146835357106594992e-07
3.321786175852897740e-07
3.499641384195604796e-07
3.679981968179567749e-07
3.862394438170132930e-07
4.046482097551481650e-07
4.231868067081693871e-07
4.418196730625557125e-07
4.605143366273844312e-07
4.792408724636641763e-07
4.979727587230815378e-07
5.166860049879526671e-07
5.353596777923715194e-07
5.539752619684668228e-07
5.725158195452194593e-07
5.909662198651093711e-07
6.093114703725544519e-07
6.275367825897572175e-07
6.456263536575165222e-07
6.635620394387008417e-07
6.813233933745390055e-07
6.988856525282577460e-07
7.162198713098880615e-07
7.332917312935718816e-07
7.500603961530335897e-07
7.664790557355280792e-07
7.824933023794312423e-07
7.980420492706309301e-07
8.130570765638388471e-07
8.274627368688906833e-07
8.411775904248215513e-07
8.541137046080735766e-07
8.661787569291957569e-07
8.772766222004403479e-07
8.873081102823063889e-07
8.961737005127694854e-07
9.037736823441596126e-07
9.100113459425725885e-07
9.147932815513605242e-07
9.180325086469325450e-07
9.196497293771393312e-07
9.195745214684308821e-07
9.177483277671267063e-07
9.141244800721969933e-07
9.086708746245561344e-07
9.013705467806543097e-07
8.922220239853225748e-07
8.812412435963742236e-07
8.684604332924678422e-07
8.539294131023322330e-07
8.377147629296393236e-07
8.198987329365815178e-07
8.005795382953913098e-07
7.798688380553857653e-07
7.578914392143672549e-07
7.347830979336950359e-07
7.106881986731388777e-07
6.857587345103063093e-07
6.601509722572459946e-07
6.340241921449571639e-07
6.075379673206579638e-07
5.808495626009721153e-07
5.541126024897786888e-07
5.274740593137987652e-07
5.010731488478611971e-07
4.750392605189814408e-07
4.494902180534323539e-07
4.245317278788378383e-07
4.002557179425793622e-07
3.767403181770745796e-07
3.540492491936194492e-07
3.322316002057756811e-07
3.113225845624349733e-07
2.913435462428907332e-07
2.723032651181373345e-07
2.541985166333211381e-07
2.370156924653651462e-07
2.207320056145253537e-07
2.053168768648732991e-07
1.907338167984243338e-07
1.769417069546877009e-07
1.638966758053431642e-07
1.515535203810305592e-07
1.398670838661145094e-07
1.287937914844524916e-07
1.182925976309404625e-07
1.083261592015989313e-07
9.886153324243535030e-08
8.987069322748378326e-08
8.133100517494445820e-08
7.322520125601444780e-08
6.554139733065850341e-08
5.827273078256010311e-08
5.141683801468882623e-08
4.497527444561427154e-08
3.895263605242414088e-08
3.335572545547257105e-08
2.819254728034520531e-08
2.347128691974649463e-08
1.919933890854414300e-08
1.538229245487203072e-08
1.202305609687352947e-08
9.121022577149294403e-09
6.671405603394070186e-09
4.664696569895931222e-09
3.086298136843505634e-09
1.916346153626693074e-09
1.129707470443855315e-09
6.961778263080386921e-10
5.808600650614663211e-10
7.447208278352283890e-10
1.145309382827849249e-09
1.737616320722224202e-09
2.475052524158029426e-09
3.310517870028053089e-09
4.197528769618832466e-09
5.091381363404654421e-09
5.950302336556993978e-09
6.736575805916127077e-09
7.417596809597455205e-09
7.966827095546044945e-09
8.364643288235065976e-09
8.599020636421351046e-09
8.666075071134970467e-09
8.570413952064856633e-09
8.325300422146733448e-09
7.952643453049966929e-09
7.482776640778667304e-09
6.954077410338423040e-09
6.412400610571314554e-09
5.910359240151920999e-09
5.506482043172214263e-09
5.264243300402462895e-09
5.251024126664201366e-09
5.537007076684859776e-09
6.194044332404919581e-09
7.294538538766531876e-09
8.910340555853515722e-09
1.111172599024916269e-08
1.396643645547176182e-08
1.753885352432793805e-08
2.188928780559021968e-08
2.707340302430358189e-08
3.314183564422564865e-08
4.013991711094157372e-08
4.810763059853953761e-08
5.707968660443852042e-08
6.708573091546840110e-08
7.815079717493381124e-08
9.029573301488710792e-08
1.035379042706713036e-07
1.178918739987711147e-07
1.333701034285515672e-07
1.499838930164213323e-07
1.677440175031916536e-07
1.866616752628676951e-07
2.067491669154106487e-07
2.280204432584687871e-07
2.504919111560324276e-07
2.741825790595325682e-07
2.991146345888413282e-07
3.253134894877879537e-07
3.528075872762550072e-07
3.816285963403041149e-07
4.118105923919760998e-07
4.433900244721571648e-07
4.764044895704834490e-07
5.108923801334795233e-07
5.468917176473778884e-07
5.844387722661150971e-07
6.235675127748306335e-07
6.643076030589883118e-07
7.066838025008495759e-07
7.507143987884199573e-07
7.964095410331719262e-07
8.437708777424684200e-07
8.927893904807854300e-07
9.434452874387539585e-07
9.957067344839566401e-07
1.049528602075292189e-06
1.104853038849925041e-06
1.161607766643341461e-06
1.219707136727490759e-06
1.279051705430050697e-06
1.339527869368717072e-06
1.401009818668978838e-06
1.463358559700982613e-06
1.526424377235323251e-06
1.590047336051113778e-06
1.654057782334507847e-06
1.718279579313205956e-06
1.782529598037300034e-06
1.846621269545693987e-06
1.910365565532255895e-06
1.973571840855092427e-06
2.036051752975732589e-06
2.097618548295273130e-06
2.158090980105949877e-06
2.217293654178785353e-06
2.275059556015160906e-06
2.331228534668168150e-06
2.385652741583976140e-06
2.438194783023151564e-06
2.488729191869610718e-06
2.537143770098631888e-06
2.583336737396685082e-06
2.627221547090188194e-06
2.668723598099434269e-06
2.707780644763032079e-06
2.744343065376697545e-06
2.778369679232974894e-06
2.809831879499107277e-06
2.838709143394294103e-06
2.864989529038150489e-06
2.888664822197240147e-06
2.909734441849532289e-06
2.928200516904550238e-06
2.944067369521392834e-06
2.957341072411567758e-06
2.968024565988000684e-06
2.976121930080243571e-06
2.981633767112768624e-06
2.984557273792219850e-06
2.984886514146533308e-06
2.982608383042154773e-06
2.977707863175720933e-06
2.970164462937852669e-06
2.959953434762079243e-06
2.947047219206025715e-06
2.931412692873046481e-06
2.913017524789575671e-06
2.891827846600088958e-06
2.867810557409528529e-06
2.840935737512681641e-06
2.811174940000022889e-06
2.778508069917030585e-06
2.742921782594501568e-06
2.704412153408354408e-06
2.662987235037486423e-06
2.618665581845197844e-06
2.571482565475586589e-06
2.521488571864308674e-06
2.468750976591747826e-06
2.413355782954140215e-06
2.355405436574196601e-06
2.295023476824677712e-06
2.232351700659440694e-06
2.167550599256230278e-06
2.100799345366822359e-06
2.032292379998162679e-06
1.962241852163819793e-06
1.890873533166416982e-06
1.818425575811701245e-06
1.745146890838210968e-06
1.671292773950582863e-06
1.597125459627304607e-06
1.522909392713668497e-06
1.448909011776452214e-06
1.375386366503199069e-06
1.302596772270620853e-06
1.230788538150412156e-06
1.160198767057437728e-06
1.091051369219124997e-06
1.023555163200084341e-06
9.579007650661351582e-07
8.942607300072140899e-07
8.327870025478027415e-07
7.736102244857925813e-07
7.168392832669545549e-07
6.625601962927045645e-07
6.108374152132512670e-07
5.617133712363302038e-07
5.152094115905308302e-07
4.713269493122237785e-07
4.300482165767598248e-07
3.913386037734124669e-07
3.551478105586531131e-07
3.214118451362050022e-07
2.900550592335160395e-07
2.609918277408479637e-07
2.341290614163791105e-07
2.093678293504617489e-07
1.866053784882566746e-07
1.657366782876082839e-07
1.466563366479024507e-07
1.292597808277721361e-07
1.134445049319969777e-07
9.911105921891289466e-08
8.616366646248711873e-08
7.451088488756650528e-08
6.406575282691670862e-08
5.474586910829995902e-08
4.647326334543738329e-08
3.917403796499052964e-08
3.277801162669059165e-08
2.721813177581775688e-08
2.242990446084117452e-08
1.835080286700957388e-08
1.491968176799252586e-08
1.207631741805433059e-08
9.761005392899837894e-09
7.914335725524064074e-09
6.477144137934986269e-09
5.390660692087332008e-09
4.596902142424513667e-09
4.039282661842477393e-09
3.663475883352901855e-09
3.418513002485781698e-09
3.258101264030464808e-09
3.142155956105746202e-09
3.038499529545450168e-09
2.924706588427784255e-09
2.790048543798963041e-09
2.637488104441551234e-09
2.485684245611172147e-09
2.370939944582002213e-09
2.349049772665962871e-09
2.496989741216400273e-09
2.914394544644106973e-09
3.724782767854476885e-09
5.076474165283858391e-09
7.143170209763798741e-09
1.012416624887293110e-08
1.424415906842098660e-08
1.975266985490169999e-08
2.692303623538870623e-08
3.605100884932824665e-08
4.745296816728178533e-08
6.146372017566476376e-08
7.843406601689633592e-08
9.872798152555385385e-08
1.227196029220555176e-07
1.507900541002005562e-07
1.833239672249704622e-07
2.207062808518681565e-07
2.633187061988748881e-07
3.115364123955046740e-07
3.657248925537603156e-07
4.262365740823920564e-07
4.934085007702168336e-07
5.675594758251872622e-07
6.489880712717862777e-07
7.379701327759385461e-07
8.347581424339553359e-07
9.395794909525498561e-07
1.052635826482319229e-06
1.174102901255625808e-06
1.304129362526412693e-06
1.442838553079113473e-06
1.590327913785872272e-06
1.746669893478174337e-06
1.911913214528618159e-06
2.086081989540420591e-06
2.269179278330011894e-06
2.461186285221270789e-06
2.662063592840080034e-06
2.871752507857506892e-06
3.090172857549995622e-06
3.317227131090280194e-06
3.552797834971626492e-06
3.796747732521457556e-06
4.048920065140913823e-06
4.309133748977693693e-06
4.577187483791567961e-06
4.852854409596205157e-06
5.135880986359093356e-06
5.425985996009101195e-06
5.722853129554679947e-06
6.026135765014335852e-06
6.335449504587936100e-06
6.650370768389136829e-06
6.970435907597809724e-06
7.295132590998028954e-06
7.623907198340689391e-06
7.956157020181899158e-06
8.291230640888568580e-06
8.628429298154597515e-06
8.966999130647821696e-06
9.306143417229032611e-06
9.645016377960953364e-06
9.982727250887830824e-06
1.031834558826416559e-05
1.065089581282909576e-05
1.097937547978005631e-05
1.130275151148113545e-05
1.161996846264764888e-05
1.192995784242567756e-05
1.223163479730438451e-05
1.252392158676975624e-05
1.280574526744565203e-05
1.307604867620381964e-05
1.333380191373261636e-05
1.357799921874477974e-05
1.380768492086966089e-05
1.402195008680086050e-05
1.421994329447587807e-05
1.440088117855390424e-05
1.456404270984671155e-05
1.470879404325346549e-05
1.483458135731214122e-05
1.494093838029632289e-05
1.502749310295923885e-05
1.509395729184722353e-05
1.514014735554174707e-05
1.516597180816864548e-05
1.517143386008529847e-05
1.515663299916831373e-05
1.512174940852478018e-05
1.506705987438770651e-05
1.499292042800118420e-05
1.489976760860287345e-05
1.478810003095139019e-05
1.465849106192583073e-05
1.451156936682548205e-05
1.434801502987847384e-05
1.416855528362054466e-05
1.397394530414687823e-05
1.376497892779559669e-05
1.354246961177282389e-05
1.330724670181116210e-05
1.306015178735633536e-05
1.280202195095533945e-05
1.253370086030231125e-05
1.225602307047234548e-05
1.196981274052764244e-05
1.167588266403011720e-05
1.137502196481370981e-05
1.106800867265020522e-05
1.075559864375101355e-05
1.043852733806145642e-05
1.011751176928154267e-05
9.793242648914649273e-06
9.466397761027061367e-06
9.137634772934549144e-06
8.807594852303572930e-06
8.476906044486969834e-06
8.146178170267825297e-06
7.816014990077238138e-06
7.487008856678507694e-06
7.159743961576632868e-06
6.834798904824149107e-06
6.512742091306340297e-06
6.194140554857067807e-06
5.879554391943425975e-06
5.569537769819946417e-06
5.264639054649185494e-06
4.965395223645285861e-06
4.672336358956029251e-06
4.385978990077380099e-06
4.106824421869440966e-06
3.835356339532856424e-06
3.572034333355299179e-06
3.317294833215667912e-06
3.071544129477091767e-06
2.835155257347340032e-06
2.608464604597491983e-06
2.391766091800181481e-06
2.185310733332581912e-06
1.989301236741485432e-06
1.803889665625829331e-06
1.629175334109889498e-06
1.465201665759775606e-06
1.311956870654810180e-06
1.169371991117796360e-06
1.037321315098216361e-06
9.156233335959767322e-07
8.040415447265827259e-07
7.022877814006395644e-07
6.100243937429931144e-07
5.268681491517533255e-07
4.523940610576994118e-07
3.861408227700988035e-07
3.276156768503620543e-07
2.763002605953993070e-07
2.316567235643658721e-07
1.931338803639758830e-07
1.601739818860360081e-07
1.322190876062531901e-07
1.087176642931441865e-07
8.913104553105582655e-08
7.293962215206058084e-08
5.964894815207837680e-08
4.879534316801288409e-08
3.995121395728129646e-08
3.272994536248624259e-08
2.679031584208891008e-08
2.184051590223285134e-08
1.764163882933883645e-08
1.401075497616047295e-08
1.082355390115238659e-08
8.016584887740106282e-09
5.589172711609374098e-09
3.605019211798041280e-09
2.193585627172583181e-09
1.551307084420806515e-09
1.942707791505116009e-09
3.701488358764477066e-09
7.231644413735281769e-09
1.300868080586017433e-08
2.158097521599313863e-08
3.357131360307885626e-08
4.967867434670591098e-08
7.068022131936849460e-08
9.743354684314262256e-08
1.308791579286459256e-07
1.720430496643215016e-07
2.220396189770992361e-07
2.820744704568683953e-07
3.534473061880541786e-07
4.375547718297225512e-07
5.358927389442322500e-07
6.500589284938274226e-07
7.817544227670335663e-07
9.327848854122352694e-07
1.105061162195188105e-06
1.300598109456489675e-06
1.521514115384366632e-06
1.770027808623844283e-06
2.048454295588062648e-06
2.359200248288107936e-06
2.704755637270595511e-06
3.087687582658107489e-06
3.510629054222606657e-06
3.976267690181194589e-06
4.487333395463578930e-06
5.046580807303869297e-06
5.656777173315130862e-06
6.320682022298095146e-06
7.041028823499907050e-06
7.820506073095098324e-06
8.661731236095960180e-06
9.567235877233879433e-06
1.053943840928290492e-05
1.158062221990493099e-05
1.269291452475303835e-05
1.387825546571386527e-05
1.513838691203647042e-05
1.647482285365275747e-05
1.788883278486499265e-05
1.938141057641305041e-05
2.095327176525626871e-05
2.260482570895907132e-05
2.433616259000473498e-05
2.614704376628636349e-05
2.803687425429846563e-05
3.000471662307888408e-05
3.204926840765553509e-05
3.416886091257123522e-05
3.636146210780765331e-05
3.862465447469380165e-05
4.095566922017056157e-05
4.335136927218258051e-05
4.580826082236782597e-05
4.832250894694407358e-05
5.088991919293257794e-05
5.350599210282696439e-05
5.616590891326990622e-05
5.886455358578628560e-05
6.159653836940752393e-05
6.435618523481894380e-05
6.713759807816590825e-05
6.993464674896023904e-05
7.274099591286695675e-05
7.555013679363733743e-05
7.835536454282906039e-05
8.114986493672789040e-05
8.392669321516500823e-05
8.667880689102595881e-05
8.939910101493138027e-05
9.208037956002213778e-05
9.471545449856988679e-05
9.729711833585229371e-05
9.981817990914821964e-05
1.022715024633969908e-04
1.046499696396735739e-04
1.069465959706424675e-04
1.091544941785432663e-04
1.112669143137743515e-04
1.132772849197085470e-04
1.151791754279100758e-04
1.169664167234745665e-04
1.186330646506404191e-04
1.201734421674556747e-04
1.215821827735792329e-04
1.228541901007473857e-04
1.239847647260634497e-04
1.249695635533301435e-04
1.258046420407853139e-04
1.264864962297650240e-04
1.270120177121363599e-04
1.273786193620948543e-04
1.275841875763040209e-04
1.276271186194713719e-04
1.275063528021095976e-04
1.272213207194234654e-04
1.267720581704904364e-04
1.261591467683538547e-04
1.253837538478994029e-04
1.244475686929229902e-04
1.233529021107989245e-04
1.221026153401384533e-04
1.207001290009749477e-04
1.191494271406137528e-04
1.174549795937011631e-04
1.156218172556092660e-04
1.136554468039534499e-04
1.115618408171661072e-04
1.093474229818304104e-04
1.070189797805101668e-04
1.045837114056444067e-04
1.020491378235629582e-04
9.942307444543225419e-05
9.671360404491108895e-05
9.392898588592781288e-05
9.107768793322328104e-05
8.816829396329565452e-05
8.520947336065379208e-05
8.220994888805504262e-05
7.917841357875375662e-05
7.612355270364286580e-05
7.305396228220360712e-05
6.997812206310003813e-05
6.690436794427585907e-05
6.384082507330607554e-05
6.079542677831087572e-05
5.777585141704189221e-05
5.478950422676056464e-05
5.184349922324465055e-05
4.894461184613699208e-05
4.609929790974846543e-05
4.331365000525364554e-05
4.059338873699322724e-05
3.794385375635354960e-05
3.536997373097366644e-05
3.287628419447250871e-05
3.046689984747812598e-05
2.814551191370247030e-05
2.591538477478894017e-05
2.377933818513755163e-05
2.173976161552440740e-05
1.979859755567191161e-05
1.795734175431698901e-05
1.621704278677690614e-05
1.457829294915835152e-05
1.304123946810542785e-05
1.160557699213572080e-05
1.027055148285441521e-05
9.034964593020423332e-06
7.897174645924254184e-06
6.855110492583417835e-06
5.906276873678434385e-06
5.047768335190779128e-06
4.276285757436207502e-06
3.588154149767404036e-06
2.979349625651408488e-06
2.445525669058465570e-06
1.982047014468716175e-06
1.584028396805976713e-06
1.246377977147713111e-06
9.638484938110080315e-07
7.310925102663413741e-07
5.427249158793912671e-07
3.933915668647957778e-07
2.778440425710299115e-07
1.910211645263735502e-07
1.281361768925554425e-07
8.477017721561099684e-08
5.697114422205233475e-08
4.135843446703057266e-08
3.523213375254090318e-08
3.668697700186663447e-08
4.473025715984825613e-08
5.940315814723797369e-08
8.190498853085630103e-08
1.147196251409888595e-07
1.617436007037869444e-07
2.284152068979634539e-07
3.218438637340521053e-07
4.509394516015531711e-07
6.265406384880482964e-07
8.615419218498137077e-07
1.171018883349104508e-06
1.572350541211153056e-06
2.085339938535579354e-06
2.732330612491764624e-06
3.538320031224313802e-06
4.531069621090027250e-06
5.741208695086257674e-06
7.202338164253857900e-06
8.951126084351495709e-06
1.102740049962400058e-05
1.347423857971671266e-05
1.633804479053915527e-05
1.966863600342242156e-05
2.351931008750930580e-05
2.794691468421499003e-05
3.301191244378324900e-05
3.877842540235741067e-05
4.531430199110480519e-05
5.269114924883387360e-05
6.098437123820639244e-05
7.027320323991495185e-05
8.064070574348135572e-05
9.217380970892770104e-05
1.049632917687379587e-04
1.191037665016909909e-04
1.346936722010794055e-04
1.518351832517044321e-04
1.706342223268377054e-04
1.912003429013730800e-04
2.136466484457932706e-04
2.380897020436694041e-04
2.646493122089537786e-04
2.934484971657220294e-04
3.246132285584333731e-04
3.582722467097814844e-04
3.945568651227240636e-04
4.336005814756493915e-04
4.755389888468992336e-04
5.205093377981088749e-04
5.686502286205774104e-04
6.201012973305080516e-04
6.750026176922025757e-04
7.334945825907657853e-04
7.957172632174490693e-04
8.618100608385642928e-04
9.319109376883954500e-04
1.006156320534833072e-03
1.084680306085446461e-03
1.167614188472228687e-03
1.255086011662342625e-03
1.347219614310408075e-03
1.444134659227419093e-03
1.545945689216349749e-03
1.652761668660097114e-03
1.764685578874300919e-03
1.881813338526936927e-03
2.004234102165758195e-03
2.132029237101781480e-03
2.265271990440497537e-03
2.404027240595859195e-03
2.548350366120665910e-03
2.698287965502811116e-03
2.853876823858048604e-03
3.015143810207225605e-03
3.182105884306581263e-03
3.354768965803167635e-03
3.533129199519740877e-03
3.717171946005632353e-03
3.906871972945732789e-03
4.102193769136636831e-03
4.303090415916499024e-03
4.509505462700426175e-03
4.721371917058308013e-03
4.938612730665991463e-03
5.161141406369032340e-03
5.388860812146438299e-03
5.621665660406052409e-03
5.859441412985161649e-03
6.102064999484109117e-03
6.349405643763759988e-03
6.601323512729552478e-03
6.857672736294964655e-03
7.118300106364258695e-03
7.383045929264089695e-03
7.651744969258158363e-03
7.924224812649399707e-03
8.200309344857601920e-03
8.479817128038556057e-03
8.762562295275048985e-03
9.048355523178439053e-03
9.337002024434841799e-03
9.628305419835630000e-03
9.922065727195531967e-03
1.021808025002835137e-02
1.051614454199721951e-02
1.081605000638152271e-02
1.111758814981044646e-02
1.142054818630554650e-02
1.172471793534787983e-02
1.202988480281357887e-02
1.233583303581658151e-02
1.264234839221525276e-02
1.294921542625755012e-02
1.325621845820497066e-02
1.356314263709371137e-02
1.386977094164473095e-02
1.417588931475714971e-02
1.448128372167369754e-02
1.478574125863703521e-02
1.508905135817833511e-02
1.539100262024759892e-02
1.569138842732343761e-02
1.599000383944322243e-02
1.628664779181434458e-02
1.658111981583200792e-02
1.687322600038305281e-02
1.716277575925230850e-02
1.744958319654645040e-02
1.773346853496933495e-02
1.801425466879555751e-02
1.829177343708426190e-02
1.856586217397827865e-02
1.883636508526022324e-02
1.910313464881324697e-02
1.936602790898167906e-02
1.962491286924201647e-02
1.987966472064511131e-02
2.013016707490425383e-02
2.037631318111971304e-02
2.061800185767494881e-02
2.085514380584114688e-02
2.108765742517092201e-02
2.131546977287472958e-02
2.153851747960227464e-02
2.175674226833470420e-02
2.197009705479399319e-02
2.217854133754388821e-02
2.238204184249984949e-02
2.258057312012806336e-02
2.277411270806285748e-02
2.296264699990397534e-02
2.314616631706305563e-02
2.332466532020643218e-02
2.349814339446947703e-02
2.366659963321778720e-02
2.383003857861917471e-02
2.398846519405361047e-02
2.414188523052037197e-02
2.429030560318881302e-02
2.443372945556783818e-02
2.457216195015081428e-02
2.470560541384369743e-02
2.483405988797024802e-02
2.495752372293837812e-02
2.507598898396741841e-02
2.518944746068927515e-02
2.529788622287791958e-02
2.540128853264296202e-02
2.549963481596234649e-02
2.559289858248531974e-02
2.568105272519475082e-02
2.576406560434085086e-02
2.584190237149960531e-02
2.591452633661393834e-02
2.598189542221404635e-02
2.604396867153520659e-02
2.610070281536926509e-02
2.615205389585151599e-02
2.619797888661102442e-02
2.623843254141727810e-02
2.627337388036391289e-02
2.630276304858144079e-02
2.632656392019093808e-02
2.634474108711813700e-02
2.635726610210653575e-02
2.636411438233668067e-02
2.636526672137537788e-02
2.636071068446329060e-02
2.635043753670964981e-02
2.633444790679120157e-02
2.631274853117991641e-02
2.628535333303541957e-02
2.625228434280053522e-02
2.621356837991670533e-02
2.616924193201500964e-02
2.611934761127469168e-02
2.606393468083717871e-02
2.600305941687279521e-02
2.593678151500170351e-02
2.586516815515436940e-02
2.578829021629808899e-02
2.570622231463669596e-02
2.561904270929179009e-02
2.552682958530348017e-02
2.542966446098980648e-02
2.532762837853260243e-02
2.522080168539140785e-02
2.510926374173193948e-02
2.499308936944812445e-02
2.487235189047053846e-02
2.474711961501135579e-02
2.461745568759528269e-02
2.448341792375001436e-02
2.434505575767236321e-02
2.420241323012922025e-02
2.405552609436775735e-02
2.390442202834431110e-02
2.374912088582193867e-02
2.358963240708403242e-02
2.342595939413781927e-02
2.325809564551557101e-02
2.308602671350673888e-02
2.290973071549252602e-02
2.272917691508788418e-02
2.254432915985379524e-02
2.235514467708007644e-02
2.216157537170961381e-02
2.196356915563011866e-02
2.176106931353141705e-02
2.155401809107657454e-02
2.134235619388344038e-02
2.112602444015719561e-02
2.090496539172154861e-02
2.067912325256984069e-02
2.044844734616770368e-02
2.021289201972427396e-02
1.997241834357944834e-02
1.972699572293060144e-02
1.947660198798138731e-02
1.922122643419543059e-02
1.896086978384784252e-02
1.869554559671872049e-02
1.842528153420775264e-02
1.815011930966953929e-02
1.787011700035739600e-02
1.758534876597011090e-02
1.729590570342056863e-02
1.700189651975595601e-02
1.670344710748183914e-02
1.640070195342675438e-02
1.609382343526441494e-02
1.578299214318160809e-02
1.546840608256198728e-02
1.515028133938669218e-02
1.482885101153611808e-02
1.450436483250259687e-02
1.417708862847037732e-02
1.384730308837970464e-02
1.351530360045043004e-02
1.318139880740116544e-02
1.284590967474890343e-02
1.250916843575032404e-02
1.217151707135270128e-02
1.183330653172824827e-02
1.149489508976836265e-02
1.115664706727353267e-02
1.081893149120660876e-02
1.048212048409328384e-02
1.014658813536822510e-02
9.812708860721169532e-03
9.480856023466512766e-03
9.151400537723149500e-03
8.824709369862529518e-03
8.501144316950275462e-03
8.181060559951379083e-03
7.864805391004536794e-03
7.552716964739159336e-03
7.245123070907480423e-03
6.942340030660953780e-03
6.644671581166663836e-03
6.352407865427002649e-03
6.065824475961434370e-03
5.785181602220375481e-03
5.510723194095669582e-03
5.242676257940731208e-03
4.981250206697132935e-03
4.726636282008486213e-03
4.479007126892754244e-03
4.238516307615854996e-03
4.005298051738838926e-03
3.779467005718563973e-03
3.561118072832544085e-03
3.350326419634960286e-03
3.147147398148296762e-03
2.951616718270607276e-03
2.763750618714249253e-03
2.583546117886001241e-03
2.410981428535030786e-03
2.246016278276740611e-03
2.088592475396869666e-03
1.938634460494957764e-03
1.796049928663689867e-03
1.660730592680037011e-03
1.532552854645103779e-03
1.411378688766532765e-03
1.297056499571254797e-03
1.189422031612359090e-03
1.088299383613256649e-03
9.935019361049671292e-04
9.048334364170529560e-04
8.220890367962978024e-04
7.450564138815384332e-04
6.735168032075870099e-04
6.072461407115995781e-04
5.460161542829207199e-04
4.895954529672128961e-04
4.377506372453157484e-04
3.902473219451399055e-04
3.468512032150060918e-04
3.073290586192208170e-04
2.714497127487624584e-04
2.389849809430621584e-04
2.097105213377019274e-04
1.834066778868842387e-04
1.598592432702323433e-04
1.388601625885026744e-04
1.202081845218763603e-04
1.037094200739008818e-04
8.917785733179627104e-05
7.643579210226481089e-05
6.531418813889274867e-05
5.565297170093478474e-05
4.730124146222650192e-05
4.011742138190479485e-05
3.396933788243899362e-05
2.873423135936924373e-05
2.429870710338348231e-05
2.055861956629600839e-05
1.741890661292096204e-05
1.479336807024896088e-05
1.260439688796865524e-05
1.078266879126409480e-05
9.266790996326798756e-06
8.002921297153777697e-06
6.944358119227784278e-06
6.051108630800240027e-06
5.289440759728903048e-06
4.631421977417664139e-06
4.054452997165359848e-06
3.540798776771724785e-06
3.077122254922424583e-06
2.654025369212694565e-06
2.265599962206441867e-06
1.908993793221071038e-06
1.583993426424548661e-06
1.292627167928073561e-06
1.038790422626522420e-06
8.278946915827573511e-07
6.665423772620520670e-07
5.622277211958921093e-07
5.230646484520596832e-07
5.575417134412950285e-07
6.743036980235668030e-07
8.819596222981659168e-07
1.188916080412035844e-06
1.603234833338990843e-06
2.132513591214213129e-06
2.783787779309440364e-06
3.563452479163140182e-06
4.477202156507953669e-06
5.529986384377937783e-06
6.725980730300077344e-06
8.068568364181697184e-06
9.560333886305779814e-06
1.120306522843531142e-05
1.299776244161662464e-05
1.494465438327031325e-05
1.704321535686084631e-05
1.929218897015607951e-05
2.168961111699462327e-05
2.423283830084628916e-05
2.691856864888818250e-05
2.974287007712580309e-05
3.270120415829464426e-05
3.578844837303798803e-05
3.899892411842112433e-05
4.232641034916092220e-05
4.576416939081074249e-05
4.930496566761587916e-05
5.294108531130667773e-05
5.666435342921501031e-05
6.046616569515169120e-05
6.433748319603451219e-05
6.826888533351451198e-05
7.225058063305893428e-05
7.627241282919601691e-05
8.032393136832039491e-05
8.439437117003750050e-05
8.847273209037404310e-05
9.254779678994577014e-05
9.660814406043057077e-05
1.006422479465044091e-04
1.046384553009412733e-04
1.085850942359905028e-04
1.124704994454507346e-04
1.162830316527174322e-04
1.200112033876872666e-04
1.236436488054938360e-04
1.271692551694112913e-04
1.305771870202269351e-04
1.338569021334727561e-04
1.369982793362485140e-04
1.399916355502669909e-04
1.428277332728405253e-04
1.454979237219647154e-04
1.479940793368304873e-04
1.503087334568349110e-04
1.524350751604892419e-04
1.543669333403519645e-04
1.560989122119185734e-04
1.576262879192498684e-04
1.589451368164580825e-04
1.600523005283813335e-04
1.609453410893423291e-04
1.616226606993154266e-04
1.620833623476325978e-04
1.623273617951955612e-04
1.623553240547111654e-04
1.621685928313855679e-04
1.617692940650290571e-04
1.611601694856376100e-04
1.603446745033746572e-04
1.593268948773721811e-04
1.581114604247081299e-04
1.567036372354273829e-04
1.551091484272988348e-04
1.533342637608607877e-04
1.513857084122680031e-04
1.492705728642753434e-04
1.469963995295385626e-04
1.445710049586440863e-04
1.420025660034847359e-04
1.392995307622177143e-04
1.364705337549451355e-04
1.335244795844323790e-04
1.304703765766185102e-04
1.273174202544740980e-04
1.240749116848095736e-04
1.207521818648018354e-04
1.173586706160147699e-04
1.139037760746799673e-04
1.103969321334863016e-04
1.068475347794074727e-04
1.032648752825824490e-04
9.965820980572433489e-05
9.603662536660948976e-05
9.240910646138539124e-05
8.878446807701360021e-05
8.517129600192074337e-05
8.157800338974121658e-05
7.801271329490980266e-05
7.448331182848227754e-05
7.099738793911535928e-05
6.756218108868136435e-05
6.418462481313113221e-05
6.087124799725208166e-05
5.762821637116186390e-05
5.446128235931799383e-05
5.137574363817456606e-05
4.837647833849574472e-05
4.546786958836022605e-05
4.265384129413250970e-05
3.993782374057373185e-05
3.732272852230776014e-05
3.481098267616723177e-05
3.240448122314748167e-05
3.010462448538986081e-05
2.791230452546731886e-05
2.582790072702250425e-05
2.385131912124803500e-05
2.198197453486200673e-05
2.021883419956872793e-05
1.856042610403831641e-05
1.700485505462245850e-05
1.554984904807319785e-05
1.419276702560518133e-05
1.293064833152936214e-05
1.176023818050366832e-05
1.067801823320501887e-05
9.680256202773069641e-06
8.763029561285471042e-06
7.922275090141331260e-06
7.153821691731068238e-06
6.453425166895891434e-06
5.816813181954320050e-06
5.239712313024033798e-06
4.717889211458028096e-06
4.247179396083761372e-06
3.823515248945748015e-06
3.442958086547121986e-06
3.101717233932971247e-06
2.796175610366782047e-06
2.522905817833088929e-06
2.278683850359256276e-06
2.060503523820152968e-06
1.865581401856911423e-06
1.691364277572723580e-06
1.535529652872174309e-06
1.395983743592803270e-06
1.270859204815156567e-06
1.158506432607420710e-06
1.057486199910296413e-06
9.665578705346938328e-07
8.846662237273973293e-07
8.109285349745781083e-07
7.446181365647876673e-07
6.851496273680336328e-07
6.320621484390587536e-07
5.850027871342830538e-07
5.437113154524498967e-07
5.080037863530202692e-07
4.777584871551575650e-07
4.529018325685889850e-07
4.333955298875647813e-07
4.192258705580937329e-07
4.103932301404784305e-07
4.069042683610097249e-07
4.087648827950864713e-07
4.159747131879912686e-07
4.285238935367257774e-07
4.463900882601639104e-07
4.695380119963487017e-07
4.979193895347611833e-07
5.314738920993018715e-07
5.701317949366476368e-07
6.138165597090322070e-07
6.624478098550053263e-07
7.159458231939400424e-07
7.742343827880344876e-07
8.372454772228372296e-07
9.049225619241152799e-07
9.772232470484103526e-07
1.054123279520183952e-06
1.135617231253942080e-06
1.221721316927041899e-06
1.312473578872138165e-06
1.407932955038863679e-06
1.508180161769881531e-06
1.613313793262867391e-06
1.723449795366862240e-06
1.838717463391717373e-06
1.959254384168413171e-06
2.085204589505382613e-06
2.216710608227738185e-06
2.353911097698522179e-06
2.496934375682444752e-06
2.645891377524763066e-06
2.800873901678106019e-06
2.961945253140851106e-06
3.129139360028859982e-06
3.302454968213595720e-06
3.481849761121955215e-06
3.667242157696702966e-06
3.858503333919755498e-06
4.055460951088033704e-06
4.257896492661824863e-06
4.465542677359323631e-06
4.678090930181812309e-06
4.895185893109570190e-06
5.116434981068816761e-06
5.341409206921531138e-06
5.569643754325445419e-06
5.800650853986329761e-06
6.033915521596886145e-06
6.268909750126269984e-06
6.505094883994551308e-06
6.741923091710815436e-06
6.978853345596775221e-06
7.215345460551392537e-06
7.450876186000360738e-06
7.684940044707108073e-06
7.917048636902248906e-06
8.146746814506611312e-06
8.373602034627743038e-06
8.597219691768287679e-06
8.817239888802074030e-06
9.033332376767557646e-06
9.245211037319371367e-06
9.452617066759967066e-06
9.655332408487476298e-06
9.853171775122148668e-06
1.004597301520009553e-05
1.023360998565355438e-05
1.041597027814704223e-05
1.059296764234048288e-05
1.076453067845247793e-05
1.093059041831750159e-05
1.109109345809325005e-05
1.124597667134856270e-05
1.139518093379578825e-05
1.153863916210277339e-05
1.167626388378979880e-05
1.180796316806377615e-05
1.193361521765199685e-05
1.205308579745241797e-05
1.216621813758984465e-05
1.227282282491984670e-05
1.237269832091650148e-05
1.246560738504066492e-05
1.255129938326655237e-05
1.262950318999374200e-05
1.269992019520237802e-05
1.276224946832746109e-05
1.281616623856506238e-05
1.286134837807255933e-05
1.289747160905228015e-05
1.292420463050701775e-05
1.294123716002119190e-05
1.294825911585537982e-05
1.294498896553267471e-05
1.293116920514682380e-05
1.290656146559570101e-05
1.287097460404988588e-05
1.282424258243127748e-05
1.276625177344805537e-05
1.269693445101240656e-05
1.261626175022905991e-05
1.252426912255209957e-05
1.242103145377663585e-05
1.230668702637576880e-05
1.218142768474916338e-05
1.204548861463111377e-05
1.189916966281140568e-05
1.174280765509947890e-05
1.157679615249744156e-05
1.140157252456736309e-05
1.121760509612734614e-05
1.102541043906758539e-05
1.082552441224344826e-05
1.061851839595001265e-05
1.040498494480977782e-05
1.018552414641715130e-05
9.960758256048030763e-06
9.731303935707692521e-06
9.497786596966941488e-06
9.260826949260019369e-06
9.021028836423116356e-06
8.778992968323142266e-06
8.535292761627591847e-06
8.290488398455176153e-06
8.045116189756136595e-06
7.799679560787175264e-06
7.554663060591547589e-06
7.310513183605038809e-06
7.067652884418527324e-06
6.826474496902255696e-06
6.587334275905517550e-06
6.350566725541427821e-06
6.116470327876664964e-06
5.885322066431846624e-06
5.657373291632319441e-06
5.432846936717643479e-06
5.211951138866329019e-06
4.994868606941191741e-06
4.781769845825200133e-06
4.572810490596479133e-06
4.368129613618457194e-06
4.167859952885854093e-06
3.972125376126412245e-06
3.781039119926119158e-06
3.594713390104962359e-06
3.413251203851572744e-06
3.236754899242924449e-06
3.065323013282651135e-06
2.899047745619507597e-06
2.738021190390480790e-06
2.582327622012212381e-06
2.432048728994311133e-06
2.287259810521739904e-06
2.148026566876125176e-06
2.014408592232950549e-06
1.886452449569759939e-06
1.764194638900773177e-06
1.647657952393888380e-06
1.536848545504080176e-06
1.431758111428527713e-06
1.332358691396884822e-06
1.238604916251710166e-06
1.150431696538736271e-06
1.067752715619043512e-06
9.904627630433420476e-07
9.184350822071963932e-07
8.515241618538077258e-07
7.895655019956556053e-07
7.323761094582119139e-07
6.797577812758870922e-07
6.314970047251851879e-07
5.873686905600119262e-07
5.471378135970009663e-07
5.105615214541843592e-07
4.773931290653478872e-07
4.473836251428164723e-07
4.202857379364927103e-07
3.958563484803964694e-07
3.738590088155504684e-07
3.540676135202509881e-07
3.362679954075810432e-07
3.202611545781142150e-07
3.058649995728267193e-07
2.929158796448696201e-07
2.812707720586698674e-07
2.708076054122592686e-07
2.614266605564475345e-07
2.530506048222605424e-07
2.456241822788823435e-07
2.391143456252966759e-07
2.335087498384344175e-07
2.288151259999732473e-07
2.250595043764472025e-07
2.222841719091787673e-07
2.205461328468042458e-07
2.199142263594774665e-07
2.204672198511044346e-07
2.222910499740847469e-07
2.254760115162371076e-07
2.301147091926000153e-07
2.362989224421001106e-07
2.441177347194481105e-07
2.536550536523382530e-07
2.649872820262148025e-07
2.781821039272026293e-07
2.932962061758191193e-07
3.103746587695577570e-07
3.294496994484120908e-07
3.505397308107256617e-07
3.736497996739332143e-07
3.987706358081889069e-07
4.258798188277826155e-07
4.549420216098784873e-07
4.859093412020793830e-07
5.187234858818406723e-07
5.533157015694726948e-07
5.896094099312150756e-07
6.275212638376854879e-07
6.669620374034295792e-07
7.078398154329227031e-07
7.500597464382401424e-07
7.935272904216136163e-07
8.381490080851276309e-07
8.838329276487994150e-07
9.304918169806512160e-07
9.780416518636801045e-07
1.026404641114885652e-06
1.075508849804964137e-06
1.125287255354012426e-06
1.175680544919169838e-06
1.226633697610489028e-06
1.278098490216322174e-06
1.330031692475842519e-06
1.382392709634843795e-06
1.435146032458763992e-06
1.488256078618100404e-06
1.541689580406151975e-06
1.595412798483877791e-06
1.649388316142851267e-06
1.703577864993583881e-06
1.757936132999518070e-06
1.812413891001963734e-06
1.866955059793672207e-06
1.921493514295666721e-06
1.975957185832861053e-06
2.030261645380324948e-06
2.084314799462159915e-06
2.138014535638568826e-06
2.191246193280262918e-06
2.243888528358406869e-06
2.295807523542475452e-06
2.346863015962678902e-06
2.396907146737661682e-06
2.445782617759693995e-06
2.493330489301264076e-06
2.539384104100989756e-06
2.583777366506106414e-06
2.626343637317306121e-06
2.666914342701915422e-06
2.705327985937428663e-06
2.741423634669551692e-06
2.775050080078456939e-06
2.806064464881979795e-06
2.834330532961773639e-06
2.859726808539672815e-06
2.882144722100183803e-06
2.901486335669748703e-06
2.917673444856586896e-06
2.930639164187225755e-06
2.940336713800968878e-06
2.946736366030725784e-06
2.949822042143386825e-06
2.949599625714500572e-06
2.946087178010242236e-06
2.939322862431213559e-06
2.929360712309402563e-06
2.916266207925780177e-06
2.900123674093934357e-06
2.881025581632387144e-06
2.859079654981694634e-06
2.834403914790108448e-06
2.807121752185236267e-06
2.777368663300407661e-06
2.745281416395991427e-06
2.711004683319787664e-06
2.674686039378247071e-06
2.636471212962619750e-06
2.596510558811319087e-06
2.554948896265077065e-06
2.511932045926244214e-06
2.467602407257827343e-06
2.422094940756520626e-06
2.375543678552016669e-06
2.328072795357982688e-06
2.279803248725711250e-06
2.230849272298620937e-06
2.181315337792029830e-06
2.131302740883705682e-06
2.080902089264105839e-06
2.030199962825299911e-06
1.979276309278389426e-06
1.928202291347212748e-06
1.877046715224662080e-06
1.825869777519415124e-06
1.774729427484598398e-06
1.723679386086078118e-06
1.672767553824771684e-06
1.622041896557009111e-06
1.571545109652009917e-06
1.521320281932596331e-06
1.471409172575130109e-06
1.421850811168622098e-06
1.372686480756419356e-06
1.323954971977477265e-06
1.275697242878226493e-06
1.227954684814244598e-06
1.180767674589650165e-06
1.134179472954728262e-06
1.088231904601504906e-06
1.042968925345741319e-06
9.984348145426604657e-07
9.546726540385989246e-07
9.117272030901245080e-07
8.696410456008649790e-07
8.284572128103379906e-07
7.882174420600547271e-07
7.489607447016981375e-07
7.107255141629816774e-07
6.735463169162067099e-07
6.374558692690550810e-07
6.024835995526758275e-07
5.686545359832017384e-07
5.359909702277937306e-07
5.045100648459755091e-07
4.742254877812566759e-07
4.451464647161177288e-07
4.172771417467058587e-07
3.906180462407121976e-07
3.651645482583555866e-07
3.409083312222866784e-07
3.178369594089204277e-07
2.959336998213929967e-07
2.751788546081789520e-07
2.555489261049623149e-07
2.370179293727521140e-07
2.195573224995397870e-07
2.031361086053189879e-07
1.877219630939354938e-07
1.732808196997840054e-07
1.597779152456735146e-07
1.471778409113592214e-07
1.354446848218068218e-07
1.245428324689569639e-07
1.144366906204328218e-07
1.050913637055361772e-07
9.647263263132282017e-08
8.854697435303724805e-08
8.128199617568766787e-08
7.464614263902520470e-08
6.860902280383974903e-08
6.314127385218024115e-08
5.821445411876086179e-08
5.380121870305881634e-08
4.987502779456817013e-08
4.641028604826518987e-08
4.338219837868749432e-08
4.076666844536130485e-08
3.854042424909895886e-08
3.668085012835542340e-08
3.516615461210322568e-08
3.397536978432659524e-08
3.308840168735323782e-08
3.248628556667913560e-08
3.215122629592181314e-08
3.206692446492510942e-08
3.221877106775683424e-08
3.259407180547988656e-08
3.318245438825024833e-08
3.397604608210505498e-08
3.496990212412613045e-08
3.616226658323736895e-08
3.755480880004508437e-08
3.915301677364600451e-08
4.096627455582391899e-08
4.300817447705788242e-08
4.529658091597425950e-08
4.785360551059874248e-08
5.070573691834177856e-08
5.388353189256018136e-08
5.742157930323615837e-08
6.135812769962743976e-08
6.573458387457551600e-08
7.059523524366477347e-08
7.598639551992956851e-08
8.195596766550311490e-08
8.855259430895972290e-08
9.582468432852070087e-08
1.038197949690762665e-07
1.125835907379947988e-07
1.221587018187822043e-07
1.325841700879257513e-07
1.438939999906843098e-07
1.561166864564078152e-07
1.692741615354810069e-07
1.833806915823910655e-07
1.984427644269491174e-07
2.144577063805068332e-07
2.314138533535008952e-07
2.492898980440060927e-07
2.680542155872929526e-07
2.876656864324463208e-07
3.080726428342285423e-07
3.292140979538039982e-07
3.510197229201929564e-07
3.734097730639660525e-07
3.962970779376297977e-07
4.195862930812908769e-07
4.431762708964231182e-07
4.669605548485879857e-07
4.908277344530620887e-07
5.146644452927688996e-07
5.383545734801464148e-07
5.617824703162122273e-07
5.848335301970461977e-07
6.073945171613604269e-07
6.293570985751444505e-07
6.506164679447602014e-07
6.710748655896736384e-07
6.906416845124181035e-07
7.092332443317042635e-07
7.267762911476201006e-07
7.432055829700561817e-07
7.584671961158707532e-07
7.725177509798275193e-07
7.853233023354526361e-07
7.968624086614963655e-07
8.071225363868824888e-07
8.161028817129900667e-07
8.238126516792459884e-07
8.302690940768698596e-07
8.355000672159589001e-07
8.395395122923953917e-07
8.424298581038670658e-07
8.442196568800290574e-07
8.449611117274867642e-07
8.447123839467276268e-07
8.435326670582687431e-07
8.414844894196853105e-07
8.386312130143512186e-07
8.350345716677536509e-07
8.307570875465900732e-07
8.258573320074778398e-07
8.203924855202409303e-07
8.144161780123101570e-07
8.079764717693849303e-07
8.011186767239384445e-07
7.938812046594432461e-07
7.862985915875605678e-07
7.783999344229102172e-07
7.702075056423685732e-07
7.617400287029826987e-07
7.530092365851431438e-07
7.440233123229543513e-07
7.347858908906965402e-07
7.252952171217090825e-07
7.155476996578196465e-07
7.055350236560538597e-07
6.952477535243683823e-07
6.846746603395758980e-07
6.738021585248133603e-07
6.626178138833203098e-07
6.511077403716455715e-07
6.392600245823438358e-07
6.270640831351889392e-07
6.145100926041894262e-07
6.015921280268500104e-07
5.883056130641383668e-07
5.746502788159939840e-07
5.606293401672601016e-07
5.462487384114231055e-07
5.315196990022264303e-07
5.164561437340340852e-07
5.010770333591811133e-07
4.854053044263862366e-07
4.694668969524808177e-07
4.532926725959780025e-07
4.369158485667157553e-07
4.203737209689022936e-07
4.037064433226723516e-07
3.869559370073103152e-07
3.701672391572792766e-07
3.533861142041098489e-07
3.366602612277952627e-07
3.200380931925042416e-07
3.035676872936230034e-07
2.872977054628659431e-07
2.712753590132037919e-07
2.555472533498540646e-07
2.401583360804409192e-07
2.251510394608391124e-07
2.105659373931160020e-07
1.964401965839863365e-07
1.828082159020209404e-07
1.697008712067797218e-07
1.571449552685428136e-07
1.451637188110298365e-07
1.337758663050806575e-07
1.229961205372712616e-07
1.128348257743812420e-07
1.032977242779903843e-07
9.438648780180885433e-08
8.609823139641039885e-08
7.842608619395901525e-08
7.135914721128940521e-08
6.488255456350192570e-08
5.897806342343493083e-08
5.362397098244199793e-08
4.879571925261307315e-08
4.446610232256748603e-08
4.060555633747081418e-08
3.718272635737642359e-08
3.416476537899967413e-08
3.151768462727174785e-08
2.920692556304340411e-08
2.719759944586128977e-08
2.545503614135739138e-08
2.394511287320534846e-08
2.263458787380926797e-08
2.149156735356570931e-08
2.048571171980162987e-08
1.958863933551698491e-08
1.877414652493649969e-08
1.801840234818334394e-08
1.730022810692947826e-08
1.660115062215819256e-08
1.590559562361816088e-08
1.520091833073615918e-08
1.447740036061393885e-08
1.372830667060361973e-08
1.294975166652837350e-08
1.214067491151580658e-08
1.130268355475334334e-08
1.043987218677320347e-08
9.558689645805650935e-09
8.667668358910614142e-09
7.777240730892100294e-09
6.899467361047484643e-09
6.047764058644400387e-09
5.236667297581848982e-09
4.481527714386338472e-09
3.798268701387030467e-09
3.203108351640854200e-09
2.712299484840754407e-09
2.341903535430483483e-09
2.107548120901885906e-09
2.024233081211911640e-09
2.106139376341730520e-09
2.366463232424859524e-09
2.817289216040673257e-09
3.469465912303832622e-09
4.332532817267366121e-09
5.414658733520210946e-09
6.722596573724518176e-09
8.261701826983059102e-09
1.003591447786045023e-08
1.204783212718680705e-08
1.429875974640922703e-08
1.678875358794728681e-08
1.951678393878420029e-08
2.248075363198493567e-08
2.567770060009911334e-08
2.910389452808269068e-08
3.275489854343278588e-08
3.662584349206783551e-08
4.071138206351553556e-08
4.500598192845414485e-08
4.950398575280342664e-08
5.419960742716277120e-08
5.908727717275016987e-08
6.416142981476698311e-08
6.941685169548639918e-08
7.484862949526254814e-08
8.045201231664859171e-08
8.622280222325248745e-08
9.215690030195582780e-08
9.825069395199689507e-08
1.045008509505772217e-07
1.109040130033366936e-07
1.174572398917012803e-07
1.241572787394607098e-07
1.310010169738096669e-07
1.379851222333525414e-07
1.451055781771464393e-07
1.523582338627504559e-07
1.597378094875769859e-07
1.672384840993137533e-07
1.748534273976679377e-07
1.825742325684886230e-07
1.903916617058223538e-07
1.982944415951591245e-07
2.062700875435081450e-07
2.143044036552484262e-07
2.223808938743635971e-07
2.304818093237436496e-07
2.385868045352203941e-07
2.466740991173779787e-07
2.547200217266208252e-07
2.626984734390860603e-07
2.705823555518981319e-07
2.783421389140480396e-07
2.859474194549351994e-07
2.933665401464800360e-07
3.005661354324785649e-07
3.075129446758162128e-07
3.141722989264715466e-07
3.205100397625227614e-07
3.264921849492972884e-07
3.320845142989553646e-07
3.372546749567375246e-07
3.419705349636009489e-07
3.462023368604601863e-07
3.499223085312309607e-07
3.531041931738386052e-07
3.557254683604634413e-07
3.577654893945999349e-07
3.592076829120523153e-07
3.600389825585018673e-07
3.602491943738363511e-07
3.598331230536086222e-07
3.587884569182171291e-07
3.571178063715617951e-07
3.548278858181042963e-07
3.519286559684448965e-07
3.484351953399440230e-07
3.443653608065561105e-07
3.397415445350520642e-07
3.345896166290625348e-07
3.289378791463575143e-07
3.228186192131195194e-07
3.162656798645162977e-07
3.093159144763244458e-07
3.020080059275343284e-07
2.943813580284780640e-07
2.864773712050425368e-07
2.783371266803451152e-07
2.700026082373658890e-07
2.615155721473496991e-07
2.529165429351642575e-07
2.442459144994998102e-07
2.355419485549430081e-07
2.268418691916003766e-07
2.181809440696086072e-07
2.095917218162250177e-07
2.011048951009173742e-07
1.927485553059272585e-07
1.845476071754668419e-07
1.765247766517687536e-07
1.686993283499480815e-07
1.610880945375842464e-07
1.537050278440440104e-07
1.465608982588128876e-07
1.396642682274950421e-07
1.330206245299625182e-07
1.266333567205752303e-07
1.205035454897274200e-07
1.146298623569241632e-07
1.090094670464998657e-07
1.036374362442246095e-07
9.850763552841537358e-08
9.361263889140221681e-08
8.894372393770411182e-08
8.449163339404456304e-08
8.024617278244044273e-08
7.619692340110558583e-08
7.233319741343925964e-08
6.864404110289235345e-08
6.511882352376820504e-08
6.174690893005118979e-08
5.851818787706036286e-08
5.542301072338452278e-08
5.245215331220574775e-08
4.959722868381577039e-08
4.685038687788616530e-08
4.420467238366917755e-08
4.165391797960951214e-08
3.919266369202576644e-08
3.681641136950719676e-08
3.452133938642670156e-08
3.230451237124216653e-08
3.016374112407907527e-08
2.809746533674117689e-08
2.610488099634854977e-08
2.418567524248412994e-08
2.234012084453464217e-08
2.056891922354428113e-08
1.887306631849888783e-08
1.725388846812939543e-08
1.571281236921183094e-08
1.425138326457055349e-08
1.287111726488208440e-08
1.157337834252343983e-08
1.035936800607764354e-08
9.229954715654301491e-09
8.185665355608049312e-09
7.226582600931118421e-09
6.352269431511553218e-09
5.561766859023938032e-09
4.853511644622947823e-09
4.225355122432950924e-09
3.674540864570144052e-09
3.197709289836457764e-09
2.790950320498849407e-09
2.449825188954276909e-09
2.169449157726763924e-09
1.944561634115774218e-09
1.769616271044486404e-09
1.638901272746463250e-09
1.546645623952448423e-09
1.487159200683867244e-09
1.454963908835853876e-09
1.444930035471586983e-09
1.452426345247023915e-09
1.473448125036559042e-09
1.504759137528127053e-09
1.544011567301036107e-09
1.589853161036644105e-09
1.642032908840798294e-09
1.701467301859896258e-09
1.770307319801511513e-09
1.851968293378743081e-09
1.951134226647016032e-09
2.073753650110967235e-09
2.226983851598912913e-09
2.419135969561342006e-09
2.659577850164981348e-09
2.958610578661044894e-09
3.327348373030175241e-09
3.777541958156645593e-09
4.321426790540899200e-09
4.971533370530416761e-09
5.740481200225979107e-09
6.640815692169544881e-09
7.684773732054419679e-09
8.884132528679165347e-09
1.025001698574259544e-08
1.179270125953650574e-08
1.352152449370967944e-08
1.544467788600579667e-08
1.756917650920389479e-08
1.990075036862505641e-08
2.244372726656288448e-08
2.520113293358076296e-08
2.817452907904897384e-08
3.136418827131639485e-08
3.476908860111855694e-08
3.838687740357217172e-08
4.221418851726330460e-08
4.624646980396126558e-08
5.047835901805151194e-08
5.490371169932556548e-08
5.951556000909180720e-08
6.430660070532240248e-08
6.926887688683586910e-08
7.439428933594558902e-08
7.967453522080171420e-08
8.510093999747188085e-08
9.066504301003065221e-08
9.635799493384123770e-08
1.021711435849886918e-07
1.080957876220312830e-07
1.141228030708205130e-07
1.202433031877728718e-07
1.264476891049292820e-07
1.327263234600441612e-07
1.390690958547640419e-07
1.454648653137988129e-07
1.519021162862871602e-07
1.583684521535736950e-07
1.648499774846227471e-07
1.713322542967874904e-07
1.777989292578861126e-07
1.842327875218766139e-07
1.906152303210134470e-07
1.969256652283073829e-07
2.031428243330099227e-07
2.092432817830627194e-07
2.152029084779086499e-07
2.209964351280675886e-07
2.265969433888482679e-07
2.319776044855157191e-07
2.371101461752918378e-07
2.419667157219127183e-07
2.465195284304375748e-07
2.507404448770826089e-07
2.546030439133658351e-07
2.580809963714227880e-07
2.611501953234355589e-07
2.637883773357968388e-07
2.659746671868713309e-07
2.676917704256935587e-07
2.689241485871939050e-07
2.696601766523126695e-07
2.698915791658029412e-07
2.696127970072182279e-07
2.688230478344879488e-07
2.675242286185150920e-07
2.657228688884359185e-07
2.634292837006789056e-07
2.606566912712810090e-07
2.574229659992070687e-07
2.537483103136451993e-07
2.496568818544554327e-07
2.451756989704090012e-07
2.403335708047028614e-07
2.351625102308359819e-07
2.296953506143629415e-07
2.239670688729585792e-07
2.180136071669102904e-07
2.118707872806324975e-07
2.055754765262636537e-07
1.991633935807036244e-07
1.926702457842700619e-07
1.861306775222285622e-07
1.795773627199363783e-07
1.730420606706523397e-07
1.665538157613744782e-07
1.601400322961125674e-07
1.538257028804409009e-07
1.476327981231556699e-07
1.415813038194943871e-07
1.356878954624803400e-07
1.299670045666861676e-07
1.244303601544867845e-07
1.190866738449362144e-07
1.139426624350201155e-07
1.090021405208119758e-07
1.042670483051871540e-07
9.973722911590485039e-08
9.541031272033439318e-08
9.128266211326289220e-08
8.734874621096324538e-08
8.360205694905714040e-08
8.003500075861986163e-08
7.663885784736400443e-08
7.340458446219966192e-08
7.032232801782425789e-08
6.738217715788907976e-08
6.457407025363131937e-08
6.188774676085145741e-08
5.931337470363680392e-08
5.684112556285085504e-08
5.446174746411834646e-08
5.216645034013583730e-08
4.994682341151006317e-08
4.779530136766176996e-08
4.570477451398912687e-08
4.366901036825924238e-08
4.168251678509382974e-08
3.974043443416517650e-08
3.783887132794927407e-08
3.597455021432745816e-08
3.414510675729382963e-08
3.234893994770398872e-08
3.058508965448744013e-08
2.885345794218133988e-08
2.715449304654441196e-08
2.548937664599736493e-08
2.385986184877259603e-08
2.226813559706651463e-08
2.071693373805056281e-08
1.920925669375723575e-08
1.774845432882308072e-08
1.633805450747143241e-08
1.498161599773384418e-08
1.368275685178233955e-08
1.244491179088620667e-08
1.127134570928253464e-08
1.016499979535944262e-08
9.128366379280953802e-09
8.163482238013877384e-09
7.271763343700645289e-09
6.454009535356834368e-09
5.710319280229135526e-09
5.040038044481621396e-09
4.441787288321404396e-09
3.913418115831716762e-09
3.452073832992119849e-09
3.054215696487464486e-09
2.715679681136599614e-09
2.431786938696091576e-09
2.197421932663085402e-09
2.007175567556891046e-09
1.855471645551612207e-09
1.736709186525630293e-09
1.645433337052914465e-09
1.576478701317140077e-09
1.525142943176758020e-09
1.487335787785130249e-09
1.459720111537981953e-09
1.439856361363641720e-09
1.426303467751974430e-09
1.418723344425106733e-09
1.417943271177239161e-09
1.425990253428502165e-09
1.446111325115695572e-09
1.482737201790760130e-09
1.541438229492760211e-09
1.628831721939991715e-09
1.752457123031729811e-09
1.920638919257534102e-09
2.142307715234772959e-09
2.426795818382960674e-09
2.783640221791676374e-09
3.222333760249074605e-09
3.752111167591503817e-09
4.381706982548135200e-09
5.119107976027297411e-09
5.971368937586119532e-09
6.944364678516849402e-09
8.042653166363469587e-09
9.269308979179828628e-09
1.062576667280655191e-08
1.211181154333979302e-08
1.372543859539629619e-08
1.546293651306488979e-08
1.731889107928050321e-08
1.928619281301149813e-08
2.135629289371084176e-08
2.351917823776011098e-08
2.576371715439433740e-08
2.807780867931747566e-08
3.044850636845068131e-08
3.286249915975845765e-08
3.530608909181846798e-08
3.776571051102223214e-08
4.022808647102075699e-08
4.268032029305555096e-08
4.511045912147905887e-08
4.750729896039433669e-08
4.986092216133486232e-08
5.216269276984707297e-08
5.440516160761852702e-08
5.658256787561029252e-08
5.869034503415324747e-08
6.072556387757815998e-08
6.268668099377849502e-08
6.457320185816328424e-08
6.638607585119974428e-08
6.812691041770613493e-08
6.979833025129513417e-08
7.140353478054072758e-08
7.294580319978562157e-08
7.442887005248023165e-08
7.585598723734043864e-08
7.723032575275292439e-08
7.855450329886506830e-08
7.983010037700388239e-08
8.105817182296714828e-08
8.223833858826415041e-08
8.336938226240727959e-08
8.444890021055506480e-08
8.547297428341408627e-08
8.643692660108988138e-08
8.733454947343961552e-08
8.815895401119668440e-08
8.890240144255274142e-08
8.955614601094478890e-08
9.011141061150234402e-08
9.055872877989955417e-08
9.088896642470315011e-08
9.109324173937408810e-08
9.116283668277978016e-08
9.109024006153885024e-08
9.086847706117626638e-08
9.049212422566150220e-08
8.995716244334408039e-08
8.926080559812023398e-08
8.840242148991257224e-08
8.738273062317792420e-08
8.620464394601103547e-08
8.487293881971863127e-08
8.339391746333777104e-08
8.177609069476878206e-08
8.002923023158483827e-08
7.816496437147719190e-08
7.619628901619908720e-08
7.413709198044223451e-08
7.200261435352245096e-08
6.980846197150106745e-08
6.757101920532509384e-08
6.530691686935953477e-08
6.303255132642032439e-08
6.076443365486487165e-08
5.851831824133535389e-08
5.630955611302006612e-08
5.415266409289381283e-08
5.206096751028143812e-08
5.004695221022636714e-08
4.812161742914906344e-08
4.629485901646629735e-08
4.457521258591722895e-08
4.296966485973684573e-08
4.148405341748038759e-08
4.012263929265869978e-08
3.888852904655067135e-08
3.778356038931618306e-08
3.680822910345865359e-08
3.596210511158566381e-08
3.524352996532778184e-08
3.465002916036177500e-08
3.417825037317508576e-08
3.382391312695163159e-08
3.358219082534030466e-08
3.344742749036951063e-08
3.341350254338484147e-08
3.347375339087147627e-08
3.362089289594528078e-08
3.384735257833647907e-08
3.414497269859436397e-08
3.450534123263748956e-08
3.491969996072154832e-08
3.537884479344969455e-08
3.587348321629065531e-08
3.639391863039646424e-08
3.693042902724570968e-08
3.747319945199015586e-08
3.801225322111663509e-08
3.853788274333274119e-08
3.904036087239065842e-08
3.951040145445098361e-08
3.993913732200100277e-08
4.031809413520668887e-08
4.063963711370374941e-08
4.089695635763783573e-08
4.108404126027704734e-08
4.119618234712773923e-08
4.122966293343948368e-08
4.118223719101818897e-08
4.105305281608008740e-08
4.084254966929178754e-08
4.055286719555713675e-08
4.018741883474744444e-08
3.975123368665661036e-08
3.925072911419319167e-08
3.869345743341958370e-08
3.808833074310725488e-08
3.744504535572417175e-08
3.677423693206954091e-08
3.608710094943677841e-08
3.539500627527111860e-08
3.470956336766686072e-08
3.404197577081163201e-08
3.340308647200241864e-08
3.280296265868394869e-08
3.225050675795007870e-08
3.175351445594418198e-08
3.131811465422540458e-08
3.094887887041778212e-08
3.064854493185452111e-08
3.041779322389464233e-08
3.025547125387690696e-08
3.015826489540692202e-08
3.012102164869453030e-08
3.013672593638995563e-08
3.019652594321564918e-08
3.029020319091181343e-08
3.040609056087535645e-08
3.053162306179013430e-08
3.065352293109976047e-08
3.075800508310846550e-08
3.083140052951003583e-08
3.086018106477871855e-08
3.083158647989626520e-08
3.073383460082185291e-08
3.055630979900827854e-08
3.029012563689478542e-08
2.992804509539637712e-08
2.946495880034358724e-08
2.889791000934017889e-08
2.822607518339201481e-08
2.745106669853861524e-08
2.657661138592294328e-08
2.560872972582750636e-08
2.455548598533645009e-08
2.342670849340195744e-08
2.223398378600316162e-08
2.099013190936215462e-08
1.970911440477025603e-08
1.840560709384482829e-08
1.709458762197436013e-08
1.579115565251151860e-08
1.450999992213696176e-08
1.326521997517211666e-08
1.206994268519592523e-08
1.093599888838167334e-08
9.873792164540778387e-09
8.891977918287744792e-09
7.997410471220568913e-09
7.194996326746164353e-09
6.487622740751157527e-09
5.876230822472754302e-09
5.359801387845052465e-09
4.935520398185275395e-09
4.598903285973016239e-09
4.343969384260104616e-09
4.163507076991469302e-09
4.049274296220180141e-09
3.992302491849450205e-09
3.983152519751375460e-09
4.012172828122535553e-09
4.069800988957270816e-09
4.146771502710721123e-09
4.234379329136269301e-09
4.324662763530940102e-09
4.410550795927396604e-09
4.486029230722008061e-09
4.546182621124650269e-09
4.587280637540055291e-09
4.606766820561942776e-09
4.603207430723948676e-09
4.576264100628749639e-09
4.526545685505911063e-09
4.455522278725811562e-09
4.365358641357924560e-09
4.258734508383929654e-09
4.138712982521855012e-09
4.008524075567842724e-09
3.871435927284917662e-09
3.730582451415738344e-09
3.588811166308307586e-09
3.448600174223467984e-09
3.311929647452269289e-09
3.180250863484199882e-09
3.054438801344589614e-09
2.934777960262016577e-09
2.821015850026931517e-09
2.712385828185274317e-09
2.607710517436997130e-09
2.505487856948844407e-09
2.403995131712975646e-09
2.301434551420267649e-09
2.196036288614607732e-09
2.086206232413492101e-09
1.970636252047978609e-09
1.848404791774417789e-09
1.719084944103161502e-09
1.582794868216200159e-09
1.440259082599442562e-09
1.292819714631970141e-09
1.142423310774495754e-09
9.915958106338136164e-10
8.433674862372203691e-10
7.011955307182586690e-10
5.688511538843304618e-10
4.502931189717427355e-10
3.495359856598681516e-10
2.705016035395762961e-10
2.168786994762520652e-10
1.919819068830865132e-10
1.986230251154648133e-10
2.390005026598254771e-10
3.146060447330743718e-10
4.261600045773461995e-10
5.735727141601232119e-10
7.559337857983851126e-10
9.715381164019610366e-10
1.217938043621593787e-09
1.492020039974164622e-09
1.790122431623655543e-09
2.108152095064029911e-09
2.441744489605939667e-09
2.786418188396055415e-09
3.137727904614655176e-09
3.491450175071381167e-09
3.843710204902741488e-09
4.191148987089286044e-09
4.531033485409063489e-09
4.861333723726595722e-09
5.180823548772594043e-09
5.489066714227425608e-09
5.786451277238153871e-09
6.074130958234411653e-09
6.353924454927434763e-09
6.628252040200129863e-09
6.899935430623496660e-09
7.172081494050567937e-09
7.447873830439826560e-09
7.730346943130330512e-09
8.022241704525703576e-09
8.325736173496721098e-09
8.642319974182023824e-09
8.972601969437263757e-09
9.316140629188873477e-09
9.671411417300665974e-09
1.003566320086199483e-08
1.040497641670258838e-08
1.077426675789501135e-08
1.113733275132659100e-08
1.148707319937956067e-08
1.181557259712739609e-08
1.211441279905757597e-08
1.237489975279842177e-08
1.258831453857899665e-08
1.274631988701341974e-08
1.284117520780184700e-08
1.286615403655532016e-08
1.281581268412753589e-08
1.268623467493439980e-08
1.247537652077629390e-08
1.218316413709516604e-08
1.181173585408711214e-08
1.136548686020357399e-08
1.085105184873804152e-08
1.027733264970312584e-08
9.655275853394944964e-09
8.997747133424670538e-09
8.319221385834772899e-09
7.635421265973313892e-09
6.962983288830530244e-09
6.318953480155709899e-09
5.720368301730228620e-09
5.183737830341220875e-09
4.724536472269180684e-09
4.356755254848674146e-09
4.092405005212944740e-09
3.941134348516460006e-09
3.909858206690971563e-09
4.002460813048676243e-09
4.219617603578452413e-09
4.558650173840254135e-09
5.013536720830066136e-09
5.574985485079994203e-09
6.230602679054970880e-09
6.965211128979008126e-09
7.761179666283804091e-09
8.598921151843299485e-09
9.457403928820699319e-09
1.031470613748230211e-08
1.114869652245436894e-08
1.193760390774638122e-08
1.266072565888685072e-08
1.329902422484322979e-08
1.383567372548229552e-08
1.425666747235594795e-08
1.455117278120038123e-08
1.471197510971630004e-08
1.473569628427868423e-08
1.462289670085899213e-08
1.437818349685793992e-08
1.401000790802587731e-08
1.353052647964522435e-08
1.295522017266981020e-08
1.230241335097806347e-08
1.159280332235892702e-08
1.084875242809075306e-08
1.009367135048565714e-08
9.351260583414081609e-09
8.644746419310209672e-09
7.996195501823882345e-09
7.425749709928035365e-09
6.951017526182848308e-09
6.586471527358246818e-09
6.342948192626700768e-09
6.227307579128132660e-09
6.242143111072672633e-09
6.385698555004942257e-09
6.651877885656377718e-09
7.030396167420952737e-09
7.507115981834062806e-09
8.064440525234253083e-09
8.681899332009403779e-09
9.336785630392892745e-09
1.000486863842930783e-08
1.066122891567974666e-08
1.128102986030853555e-08
1.184039670988270352e-08
1.231720770475611523e-08
1.269183252050642443e-08
1.294787846834185129e-08
1.307272001603013566e-08
1.305803197754024193e-08
1.290010577656464514e-08
1.260001859838701730e-08
1.216372476837611480e-08
1.160186969741612773e-08
1.092955959992863698e-08
1.016590219626075496e-08
9.333415642535312952e-09
8.457367175543770393e-09
7.564952363807671786e-09
6.684407005510048122e-09
5.844109923590505714e-09
5.071605010419679520e-09
4.392690380865695893e-09
3.830512825205932725e-09
3.404742143314789397e-09
3.130864630257042890e-09
3.019573748815895609e-09
3.076335649034998283e-09
3.301103242269137639e-09
3.688208728180241482e-09
4.226455715977706331e-09
4.899372643819387760e-09
5.685671775458737431e-09
6.559860978678717474e-09
7.493002805568850101e-09
8.453632309699426603e-09
9.408735638646581490e-09
1.032484797641641005e-08
1.116916064153284000e-08
1.191062772278656472e-08
1.252108508747396006e-08
1.297623800318766419e-08
1.325661394380010368e-08
1.334833790402974931e-08
1.324374683890027070e-08
1.294186602070306149e-08
1.244861615315207138e-08
1.177687283996949061e-08
1.094626221998146429e-08
9.982744071940147925e-09
8.918017522206255610e-09
7.788684506488134877e-09
6.635283994348276778e-09
5.501150190364873495e-09
4.431162860064977261e-09
3.470432122594063953e-09
2.662923278836102981e-09
2.050100049912385648e-09
1.669599153969364972e-09
1.553991213394418300e-09
1.729666329396022364e-09
2.215871485447998557e-09
3.023941656897259744e-09
4.156742729873573530e-09
5.608347174558337565e-09
7.363964077496346231e-09
9.400111609333458333e-09
1.168505371619468165e-08
1.417947091405173430e-08
1.683735322882632179e-08
1.960711278474926546e-08
2.243284375874922046e-08
2.525574711448712718e-08
2.801563537301035768e-08
3.065249242851056676e-08
3.310806559363603183e-08
3.532739406783799771e-08
3.726028880758728128e-08
3.886267210493788943e-08
4.009776217949876503e-08
4.093707468542810200e-08
4.136118714098055315e-08
