-1.638168283E-2
4.968526214E-2
1.149732899E-2
9.610006958E-2
-9.882475436E-2
2.399683744E-2
2.832406946E-2
6.635478139E-2
-1.933798939E-2
-1.191616952E-1
5.476830993E-3
-7.133912295E-2
3.947501630E-2
-4.759459943E-2
3.924477473E-2
-2.218180709E-2
-2.024316974E-2
-9.165370464E-2
2.247197740E-2
4.891099036E-2
-5.036145076E-2
-3.908156604E-2
1.321368814E-1
2.481386624E-2
-8.183881640E-2
1.994326152E-2
-5.575832352E-2
5.422300100E-2
-5.112519488E-2
-1.917024329E-2
-6.433256902E-3
2.354749711E-3
-9.036237001E-2
4.598428681E-2
-3.818165138E-2
4.396144673E-2
-4.344826937E-2
-1.009831056E-1
-2.990810666E-3
-7.181473821E-2
4.296811670E-2
-6.542585045E-2
4.965763167E-2
-1.147687156E-2
2.379948646E-2
-8.856648952E-2
3.473532200E-2
-6.946232170E-2
2.894440666E-2
-9.760581888E-3
8.401367813E-2
2.732284553E-2
-9.113335609E-2
5.380659178E-2
-3.587791324E-2
4.763808101E-2
-1.211431343E-2
-8.439910412E-2
2.477044985E-2
-4.712095857E-2
4.912544414E-2
-5.588396639E-2
7.006693631E-2
-1.030914634E-1
3.146259487E-2
-8.810797334E-2
3.851918504E-2
-2.636431716E-2
6.738889217E-2
-1.750526391E-2
-7.944824547E-2
4.203464836E-2
-6.418715417E-2
5.705958232E-2
-6.378656719E-3
-9.113664180E-2
2.244105935E-2
-4.611973464E-2
4.637109116E-2
-1.607315987E-2
-8.417478204E-2
5.843379721E-2
6.535816193E-2
1.787503250E-2
4.745915160E-2
3.040085174E-2
-4.150634259E-2
-1.182374358E-1
1.884073205E-2
-5.853306502E-2
7.779385895E-2
7.366130594E-3
-6.922287494E-2
5.077397823E-2
-3.522665799E-2
6.925714761E-2
-2.063922351E-3
1.610216871E-2
2.024783939E-2
5.703984573E-2
-2.358233556E-2
-1.482919510E-2
1.183414385E-1
-5.169422179E-2
-4.330025986E-2
-7.435796317E-3
-7.035175338E-3
4.248066247E-2
-3.735014796E-2
5.298956111E-2
-1.033096225E-3
-1.081192940E-1
-7.867726684E-2
-6.338985264E-2
5.673263967E-2
-1.728620566E-2
-8.580292761E-2
7.597889006E-2
-8.258089423E-3
7.557301223E-2
1.004088484E-2
-4.239902645E-2
6.867430359E-2
7.863453589E-3
1.137195006E-1
2.818789892E-2
-3.226245940E-2
7.876218855E-2
2.104381844E-2
4.812224582E-2
3.271774575E-2
-8.327819407E-3
-9.270623326E-2
-6.389836222E-2
7.683210820E-2
-2.171540260E-2
-2.718529478E-2
6.183809042E-2
-1.684874482E-2
8.068767190E-2
-2.298769308E-3
-7.511641085E-2
5.424142256E-2
-4.295687005E-2
7.267853618E-2
1.472334843E-2
-6.690861285E-2
5.107263476E-2
-2.175355703E-2
-1.116156802E-1
3.048242442E-2
-5.695294961E-2
7.161416113E-2
-3.798631020E-3
-6.485945731E-2
3.947501630E-2
-4.418767616E-2
8.613321930E-2
2.367449738E-2
-4.166093469E-2
5.243829638E-2
-2.834374085E-2
1.092080697E-1
7.091554254E-2
-1.202155836E-2
1.008009538E-1
2.087607048E-2
-7.039579004E-2
9.376804531E-2
-1.317861974E-1
-8.592067659E-2
-4.337524995E-2
4.759334773E-2
-1.921168528E-2
9.213530272E-2
2.851155214E-2
-3.024882823E-2
-7.668007910E-2
2.882665582E-2
-7.459276915E-2
5.565181747E-2
-1.302146632E-2
-5.423477665E-2
5.112065375E-2
-2.941600978E-2
9.501003474E-2
2.608348615E-2
-4.217207432E-2
-9.373179823E-2
1.363792177E-2
-6.648759544E-2
8.095343411E-2
-7.163452916E-3
-1.061175019E-1
2.099316567E-2
-2.799377218E-2
9.664277732E-2
6.499963999E-2
-1.529296767E-2
-9.430016577E-2
2.216608450E-2
