2.996122551E+1
2.976222610E+1
2.948567963E+1
2.919367218E+1
2.875946045E+1
2.849232864E+1
2.817148209E+1
2.800629234E+1
2.760869598E+1
2.730954361E+1
2.704539871E+1
2.674112892E+1
2.645060921E+1
2.612570381E+1
2.581255913E+1
2.550256920E+1
2.523774529E+1
2.492875099E+1
2.464223099E+1
2.434448814E+1
2.402371597E+1
2.371952820E+1
2.344214249E+1
2.315286064E+1
2.284624672E+1
2.254321480E+1
2.225999069E+1
2.199118423E+1
2.166529846E+1
2.139720345E+1
2.109793472E+1
2.080604362E+1
2.047578049E+1
2.008409691E+1
1.975860214E+1
1.945937157E+1
1.928143311E+1
1.887898445E+1
1.857968140E+1
1.839509773E+1
1.807192993E+1
1.775320435E+1
1.746510696E+1
1.720588684E+1
1.689620781E+1
1.649434280E+1
1.618507385E+1
1.590946960E+1
1.563561249E+1
1.539607620E+1
1.509718037E+1
1.476897240E+1
1.441392136E+1
1.411764145E+1
1.380091858E+1
1.348801136E+1
1.319672298E+1
1.287934208E+1
1.270245838E+1
1.229608822E+1
1.199238873E+1
1.168530560E+1
1.147692013E+1
1.109270477E+1
1.080358601E+1
1.060016441E+1
1.020021248E+1
9.914113045E+0
9.584719658E+0
9.294493675E+0
9.026008606E+0
8.679675102E+0
8.416399002E+0
8.206674576E+0
7.909657478E+0
7.598892689E+0
7.220077515E+0
6.889210701E+0
6.608354092E+0
6.285246849E+0
6.077158928E+0
5.684770584E+0
5.460145950E+0
5.093945980E+0
4.889918804E+0
4.474792480E+0
4.303538322E+0
3.882392406E+0
3.693497896E+0
3.384396791E+0
3.107715607E+0
2.789856672E+0
2.489027739E+0
2.183123827E+0
1.879837871E+0
1.549338698E+0
1.245382428E+0
9.773551226E-1
6.718628407E-1
3.563175499E-1
3.177506849E-2
-2.608361542E-1
-5.602526665E-1
-8.518501520E-1
-1.185481310E+0
-1.475596070E+0
-1.794406772E+0
-2.091220856E+0
-2.413718939E+0
-2.618746042E+0
-3.016492367E+0
-3.232350826E+0
-3.514296532E+0
-3.836818695E+0
-4.117455482E+0
-4.439240932E+0
-4.761689663E+0
-5.063706875E+0
-5.369286060E+0
-5.652484417E+0
-5.979799271E+0
-6.274646759E+0
-6.600710869E+0
-6.899830818E+0
-7.106902599E+0
-7.500759602E+0
-7.721826553E+0
-8.126326561E+0
-8.313525200E+0
-8.648442268E+0
-8.919916153E+0
-9.252294540E+0
-9.566498756E+0
-9.837391853E+0
-1.016566086E+1
-1.045415783E+1
-1.080517769E+1
-1.098598957E+1
-1.141447067E+1
-1.159078312E+1
-1.192891312E+1
-1.225175667E+1
-1.254694080E+1
-1.284427071E+1
-1.317203522E+1
-1.345758629E+1
-1.376879311E+1
-1.405365562E+1
-1.438571167E+1
-1.468549442E+1
-1.495871639E+1
-1.529177952E+1
-1.561858273E+1
-1.587934780E+1
-1.608847618E+1
-1.643218613E+1
-1.674185181E+1
-1.701867294E+1
-1.733993912E+1
-1.762622070E+1
-1.794026184E+1
-1.824558449E+1
-1.853261375E+1
-1.882773781E+1
-1.915332031E+1
-1.942252922E+1
-1.973014259E+1
-2.005935097E+1
-2.039548302E+1
-2.063714218E+1
-2.096880913E+1
-2.130966377E+1
-2.157996368E+1
-2.189049721E+1
-2.209879684E+1
-2.250110054E+1
-2.279679489E+1
-2.308612633E+1
-2.338414574E+1
-2.372009277E+1
-2.390777588E+1
-2.422167778E+1
-2.452631569E+1
-2.485176086E+1
-2.511623955E+1
-2.545727158E+1
-2.576001358E+1
-2.605737114E+1
-2.635091782E+1
-2.665914154E+1
-2.696405983E+1
-2.728885651E+1
-2.759869576E+1
-2.788185692E+1
-2.817481804E+1
-2.842598724E+1
-2.869005203E+1
-2.915259171E+1
-2.935622787E+1
-2.963163567E+1
-2.996107864E+1
