1.196069337870084062e-08
9.808413679165077700e-09
1.019012763488698413e-08
3.586366258884660868e-09
1.283969313972700835e-09
8.658327262417411784e-09
1.240799777095992403e-08
8.388585260254039429e-09
8.444361506866679846e-09
8.148881721497242299e-09
7.943152508953998921e-10
4.628364451774678473e-09
1.536697318856752612e-08
1.101827316949066654e-08
9.155277725508211027e-09
1.462153918531393814e-08
5.717736920780385016e-09
3.672896568436513484e-09
1.416330590100586228e-08
1.084030807784842454e-08
2.951733020699224862e-08
7.455990602066905025e-08
6.572458486188905909e-08
3.077409019379513338e-08
6.278795814811865235e-08
1.009188820472229742e-07
6.732908296510593865e-08
4.543633447146001871e-08
9.056944875534191437e-08
1.098261549713998796e-07
6.407371830996854853e-08
4.177271760994025809e-08
5.982981682736931029e-08
4.445821990691103685e-08
2.118998500723979078e-08
4.712004342383180634e-08
5.507800286669483775e-08
1.567788519835128971e-08
1.269485197495399807e-08
3.771098585226272505e-08
2.269056411846087746e-08
2.148997545991929396e-09
4.868577170149007655e-09
1.046310407662279275e-09
6.136828812251538133e-09
2.160623860133375429e-08
9.783689640201294196e-09
6.327885772829173723e-09
3.948215073682662598e-08
4.256797016107869860e-08
1.717392230629174966e-08
3.914489573906616435e-08
6.520331450717249725e-08
3.526884383711819759e-08
4.383043707075229124e-08
1.249057613063508531e-07
1.385558936105654051e-07
8.020571800100336987e-08
1.124008685323926058e-07
2.004206764816114536e-07
1.772388915951400045e-07
1.131335335321127273e-07
1.553591834534337671e-07
2.035994636691535742e-07
1.469477845463432231e-07
1.066949397083001412e-07
1.533252909710984169e-07
1.566827709500248351e-07
7.897519929732552964e-08
4.703575276482127817e-08
8.294949232743085123e-08
7.966464924165724546e-08
2.696598018378542534e-08
1.301953344294653774e-08
3.822144128068975843e-08
3.013434554326421253e-08
9.963459760322800212e-09
4.259811949838090849e-08
7.324442833868697899e-08
5.285436915875880280e-08
9.631176850221410749e-08
2.351368038388746136e-07
2.877457439453950539e-07
2.588319502508735054e-07
3.992450450867568239e-07
6.542554721830906939e-07
7.256474065575885574e-07
7.344866765609143965e-07
9.682264191240688483e-07
1.169415063526810960e-06
1.038383690908535377e-06
9.323337356795885435e-07
1.125897435416798235e-06
1.208193735052415845e-06
9.790116390200692209e-07
8.549953880736463039e-07
9.148810517215468141e-07
7.666898053742832915e-07
4.937116061359616995e-07
5.059828655287355402e-07
6.360674633113933056e-07
4.932473017610483592e-07
2.648113387734010447e-07
2.479073718910897184e-07
2.546386637132593164e-07
1.418679150808593198e-07
1.112640846631511966e-07
1.597931604317440537e-07
1.012817926514390701e-07
5.587679640175286780e-08
1.436028964677921419e-07
1.670967482080052883e-07
1.208578554180860257e-07
2.370507987668688274e-07
3.844418730286964025e-07
3.562954197220297172e-07
4.529839341226351775e-07
8.290767210564600136e-07
9.909666943042237520e-07
8.018046669438004047e-07
9.003588154724958226e-07
1.419108420929368301e-06
1.624461044303514991e-06
1.344946796187143414e-06
1.284786373527569790e-06
1.595406840272554280e-06
1.629092813950147428e-06
1.278610258011461913e-06
1.144544307315822068e-06
1.311907916131804690e-06
1.233600583390514832e-06
8.200455641831538182e-07
5.492196899395696298e-07
5.549846615179751832e-07
5.090546079761947829e-07
3.055139828884573379e-07
1.578549761815082008e-07
1.362920474946187210e-07
1.107828526887713122e-07
4.466119829094100318e-08
2.160413701060249347e-08
5.277009448751131386e-08
5.779367172778113629e-08
2.410095349305964227e-08
4.428359646809526669e-08
1.387251249476192409e-07
1.809051105063569241e-07
1.392947951223905451e-07
2.053488816774964042e-07
4.397544601188559106e-07
5.662849775618169568e-07
4.563211099986169034e-07
4.252398838331585084e-07
6.404503014145589687e-07
7.581768375059279531e-07
5.829767964021904811e-07
4.589318336934205835e-07
5.826313782284776539e-07
6.256982318224280560e-07
4.259953095714748718e-07
3.100073731781403008e-07
3.992259191431731071e-07
3.780867566919115198e-07
1.876985337282883170e-07
1.389247506939900033e-07
2.368590852176097332e-07
2.010930655127861068e-07
8.707102738837345180e-08
1.264323904572376646e-07
1.900749276123204215e-07
9.313347069393457612e-08
3.509640579784046871e-08
1.403071527175174629e-07
1.433873242471701659e-07
5.010695524533931676e-08
2.888702719883672723e-07
7.757925380189431330e-07
9.431342172367828190e-07
1.007671399615209151e-06
1.801146079134439556e-06
3.151237878913920146e-06
4.056765024828045888e-06
4.526320567323244648e-06
5.437592988870371896e-06
6.607837015975957913e-06
6.984581350617517842e-06
6.688698726342285005e-06
6.760439512834977837e-06
6.990248948683436691e-06
6.237882981225813918e-06
4.795485571523152473e-06
4.118380176808439068e-06
4.206026732687584111e-06
3.572514938930195779e-06
1.989763620728983819e-06
9.182338009126006604e-07
8.942413874286320706e-07
8.504361629526654050e-07
3.233794247962919708e-07
2.136190117199326712e-08
1.407817940001853051e-07
1.805875179715140180e-07
8.620814574211418884e-08
3.293668499445290157e-08
3.360995007875651312e-08
7.095415363970778749e-07
2.557144356732742804e-06
4.214039680722374008e-06
5.457526935274826437e-06
1.188889055260067282e-05
2.862735548774682611e-05
4.789833080723090688e-05
5.598418971399406468e-05
5.794954052250697206e-05
7.759575630433096190e-05
1.199658545454741987e-04
1.533185354515303350e-04
1.513688268976125077e-04
1.383999410526326706e-04
1.601977372313076833e-04
2.158896890572518283e-04
2.561778932439837272e-04
2.541235174324374250e-04
2.385498990556989842e-04
2.431251963063398231e-04
2.617734713187958159e-04
2.782079003028455001e-04
3.024566084008982296e-04
3.434455727445234145e-04
3.723605092464170275e-04
3.533543560792821135e-04
2.987898049341929639e-04
2.579636970178017085e-04
2.517575084780714653e-04
2.491508612674105377e-04
2.174722868624744696e-04
1.701261922916821878e-04
1.441714501673124294e-04
1.467473369798154401e-04
1.503197211432815870e-04
1.354216340779250296e-04
1.113789423857055802e-04
9.233309997811974847e-05
7.656276042705772403e-05
5.814470170006023062e-05
4.124172252289511769e-05
3.175864445734730650e-05
2.617258190452956282e-05
1.814057480335690896e-05
8.781068936968231139e-06
3.210507770063213676e-06
2.009731572471439661e-06
1.733423441812345898e-06
7.362738570341817796e-07
7.430373860716118800e-08
2.143665118590345068e-07
3.091083881648956845e-07
8.938177546684728148e-08
2.708618472092503522e-08
1.198359537208075450e-07
7.252972121785620769e-08
6.762942534821978983e-10
6.118806055036954161e-08
9.915139886471978935e-08
5.377128203402945876e-08
1.004561595020845672e-07
2.448144423394436357e-07
2.711445277523302054e-07
1.790306858679936302e-07
2.243858987028503461e-07
4.377133560213241779e-07
5.368228868582813319e-07
4.077023078629083386e-07
2.840597298709368392e-07
3.415434544726521226e-07
4.183303026030917447e-07
3.213632681284595972e-07
1.683915812745307952e-07
1.496143619350198626e-07
1.837572202703361234e-07
1.181344590319764086e-07
2.509122714151766145e-08
4.194041519715489939e-08
1.189242276358277332e-07
1.159593173100975028e-07
4.837097128070326194e-08
5.541210019143248904e-08
1.357592915779699289e-07
1.479907163318816373e-07
8.296031460900666751e-08
6.612993293388484897e-08
1.161431785931102510e-07
1.338775521992030833e-07
8.854459847329746087e-08
6.526550530100317788e-08
1.186145738154732076e-07
1.694471194059125648e-07
1.377988756734611247e-07
8.332185743902115431e-08
8.470146794146019199e-08
1.071858431250565703e-07
9.160178426334812768e-08
5.327191237557895557e-08
4.320185129164892937e-08
7.020051751526643659e-08
8.612943512243433058e-08
6.059886351529424530e-08
2.994296802854305345e-08
2.986478334115773638e-08
4.195493742115942967e-08
3.707308092986962243e-08
1.714147687955203826e-08
3.718873554608966720e-09
6.259096444874814703e-09
1.095076698073723507e-08
6.982007469995546940e-09
1.569054598116136990e-09
3.361050105314583138e-10
9.885648012343375488e-10
3.870632258173992634e-09
8.750572362525549577e-09
9.867974029500305731e-09
5.322198704697617516e-09
6.582353437541180133e-09
2.572347865443219519e-08
5.223585602561212478e-08
6.239676158981983155e-08
5.503930723333909706e-08
5.819816333275325878e-08
9.183626764002027044e-08
1.344825404491254026e-07
1.485403720357821705e-07
1.373336175327010763e-07
1.396502176822374227e-07
1.659904220106174405e-07
1.828257185061553984e-07
1.647148856264761649e-07
1.310376384802165371e-07
1.175324956243690608e-07
1.240771885672400185e-07
1.172290718515844290e-07
8.444145517521234286e-08
5.202794319962129307e-08
4.390287337222523591e-08
5.000224010327644796e-08
4.558249368133339001e-08
2.834180344097667811e-08
1.868299179457670940e-08
2.483576602350439637e-08
3.134503447912761248e-08
2.619711439799271025e-08
1.908163373259008476e-08
2.573561337976981133e-08
4.327642833305786198e-08
5.270509586979570863e-08
4.794132720073244265e-08
4.608017570535585330e-08
6.018152591745820460e-08
7.732857982940359618e-08
7.694029384577510681e-08
6.332910485850850088e-08
6.107787655562898284e-08
7.638057933416731797e-08
8.682625821891300062e-08
7.573236404717350452e-08
5.430324590074783471e-08
4.347493101806290980e-08
4.666591034387019741e-08
4.776863601877394155e-08
3.551545766867952016e-08
1.889695948810992297e-08
1.132145795153078920e-08
1.245066182415858553e-08
1.306058021443609880e-08
8.391574664792933328e-09
2.396834452331369737e-09
6.341588167819856859e-10
2.041986917683815525e-09
2.223959428327815498e-09
7.863029517881158891e-10
5.490171205341318338e-11
9.451623907510441878e-10
2.448711382312585917e-09
2.886804100122172573e-09
1.911100298602477776e-09
7.718841403352798381e-10
5.970894230582080658e-10
1.875468550314508018e-09
3.947692755329215828e-09
4.762578852733666440e-09
3.519081587085725719e-09
2.058636507785229494e-09
2.226254200442326493e-09
3.958485260357553395e-09
5.806504813379684911e-09
5.898149493425895013e-09
3.819197822099514275e-09
1.876881911804668074e-09
2.432648055792961796e-09
4.588967436375458643e-09
5.457231022690123885e-09
3.797040241422503931e-09
1.419011632870958686e-09
1.051692272708901005e-09
2.552473244250991943e-09
3.068109146100409414e-09
1.672620250156062343e-09
3.888679499249839625e-10
6.085134959153677420e-10
1.625459274156930350e-09
1.996943753268034562e-09
1.525270331574207288e-09
1.738428651808356558e-09
2.988376080796879627e-09
3.436759258905642988e-09
2.457518485013742553e-09
1.539724145077389252e-09
2.260675938933055506e-09
5.141037866321420784e-09
8.219429402265259164e-09
8.379852966260226664e-09
5.960035561770120704e-09
4.426617699764594585e-09
5.906392737472677557e-09
9.501501869919371577e-09
1.190905235145151200e-08
1.044701791494028138e-08
7.018067025671179958e-09
5.670857001956396996e-09
6.697930982552205883e-09
7.146096160111234099e-09
5.436825059501850792e-09
2.746787844369210675e-09
1.161721731308790445e-09
1.336068545405377799e-09
1.850816160393694628e-09
1.373972608366265978e-09
4.631607875566739425e-10
1.059031871082955863e-10
1.271171092166284965e-10
1.152835860829731597e-10
1.691263472472023377e-10
3.445948361913901768e-10
5.423636826145834283e-10
5.581133653032233675e-10
2.524720858913229276e-10
2.805179824751323526e-11
1.353987491130597576e-10
2.285004605255079142e-10
4.016661712354646780e-10
7.729504025039269238e-10
6.923485088133248045e-10
2.443798087831683284e-10
4.603136392248419837e-10
1.412475081625874231e-09
2.168922693741133785e-09
2.038896209587696717e-09
1.191280997291784157e-09
6.450284263338761033e-10
9.540675908003106964e-10
1.357396689229986487e-09
1.148070195390977966e-09
5.887439448753659798e-10
1.896648264830980620e-10
1.169327541989409218e-10
1.594179492401447513e-10
1.272284820608759426e-10
1.513224824238021082e-10
2.386256147805996381e-10
2.001819689756172420e-10
1.557539861405552976e-10
2.811768596090880154e-10
3.666903626613066964e-10
2.652262999217493163e-10
2.776687344211425059e-10
5.659353537548131773e-10
7.011867269738978134e-10
3.987125488351498349e-10
8.191661145583178516e-11
1.490225919274251277e-10
3.937862088247527597e-10
4.416639907801580242e-10
2.446898643120480791e-10
7.933147736667288550e-11
1.167800681696173881e-10
1.473396196220019238e-10
4.638959749924845909e-11
1.449413135687556577e-10
5.708802175930603878e-10
7.030301884969746936e-10
2.745534067862076293e-10
2.043153879021940080e-10
7.520580729773900563e-10
7.437147858565680902e-10
1.440783947030979875e-10
4.761070190421946664e-11
1.579979329426927070e-10
4.199319307114302894e-11
3.402907485232372459e-10
6.754224979695404309e-10
3.550530441163546409e-10
1.082786509659037475e-10
1.909916235842782156e-10
5.769452221789875672e-11
6.785133047168077957e-11
4.562083409160063868e-10
5.772313661189389626e-10
2.668739889552835730e-10
3.836717105216944209e-11
3.635766191307336659e-10
1.237709903063309159e-09
2.048389189112285179e-09
2.256562019405802887e-09
1.833268856211500497e-09
1.042952801048002541e-09
3.767661615287607652e-10
2.230657581557244071e-10
5.609577380125485048e-10
9.867217943631574866e-10
8.913831647522521819e-10
3.204073358125385865e-10
4.128074516447904437e-11
2.632555934007606441e-10
5.705060006955743102e-10
6.616091182767103956e-10
5.241648820599961238e-10
4.507135465628697871e-10
3.659302144345604503e-10
1.996990861886776439e-10
8.586717456556220209e-10
1.945405394477867536e-09
1.525273142340957710e-09
2.710553206610942536e-10
3.902447215726134326e-11
1.849041747445111692e-10
5.254727840548930500e-10
2.122078709257431712e-09
3.971163849401968013e-09
4.596890703462103708e-09
3.886611339914543822e-09
2.094875822490729435e-09
4.806583144621840332e-10
3.213018591232825188e-11
5.557658549281451487e-11
6.797430851279084507e-10
1.965433058962323313e-09
2.031400392030985777e-09
7.848451564254014160e-10
1.009378143029775377e-10
2.166015382748211389e-11
7.495545641641616799e-11
4.329253212336894879e-10
4.662467927336049546e-10
1.189778549324022527e-10
6.697788053213924850e-11
1.681449970126030365e-10
6.173514487798960753e-10
1.499907713658852884e-09
1.522118417179928402e-09
5.557842529684160326e-10
3.389866590719841917e-11
1.070558922887228660e-10
1.082569488930978653e-10
4.727553246065390696e-11
9.707263393274756908e-11
4.888459292280528091e-10
1.192589036883593918e-09
1.486996607960529257e-09
1.107867982909214396e-09
6.458800838162872896e-10
4.944321197831608593e-10
6.022671476488705798e-10
7.143242780381689272e-10
5.348922690714453846e-10
1.669779572708683354e-10
1.505215224416228180e-12
9.594808905929583878e-11
1.653528413105123137e-10
1.033432670080496120e-10
6.287281610927956298e-11
4.702213144296588601e-11
1.209362209601418409e-11
1.117523054572793573e-10
2.327949157784043617e-10
1.617931025529191208e-10
2.221357005903726268e-10
5.977224413533206202e-10
1.024628069094034458e-09
1.541842086359920708e-09
1.954980480846602682e-09
1.612802420013549714e-09
8.043014746981553410e-10
3.933105555943191377e-10
3.508521990793702723e-10
3.083921007726935064e-10
2.217265729058124322e-10
6.061417960042796932e-11
4.398373309463150675e-11
4.735339127215748273e-10
1.059689760092991700e-09
1.307279908816857793e-09
1.122879946760297023e-09
7.208547019268007043e-10
3.886333110119137643e-10
2.674129702929287523e-10
3.298109522919796116e-10
4.603959136244058099e-10
4.178077635338870897e-10
1.707182626725215398e-10
3.639877541085804679e-11
8.261138432025906259e-11
9.511830840390477991e-11
8.770504230694036621e-11
1.365929733806690808e-10
1.743060556156940215e-10
2.153294013567529988e-10
2.565941498258701260e-10
1.533784681063857784e-10
2.437413544179534169e-12
1.647867588498970179e-10
5.359852087812393131e-10
5.546138530754990809e-10
2.655759699544352363e-10
2.547074268628088767e-10
5.105376587866839248e-10
5.609278557069115545e-10
3.110899586434044453e-10
5.993913405932046233e-11
9.821002495676225889e-11
2.320985355048921946e-10
9.223186143494536574e-11
2.319073699576186105e-11
3.211540415978687990e-10
4.283612850845966334e-10
1.971597110426037714e-10
6.963020561353920049e-11
1.363915900841745458e-11
6.112091888138944617e-11
4.217071805915210800e-10
6.515575536572832460e-10
4.375847912784155356e-10
3.166804176804344942e-10
7.584425158315968826e-10
1.305348313196870431e-09
1.016610590964254583e-09
1.880399660243038046e-10
2.301714681976725265e-10
9.341678704014319036e-10
8.944456324987729616e-10
3.060942855411244814e-10
2.919404544076494103e-11
4.569570496091461111e-12
8.076454934512783353e-11
1.082529066257678057e-10
8.512298142800405227e-11
5.060628611523372769e-10
1.033613849582876907e-09
8.212357001128744024e-10
2.696836443555663809e-10
9.444274298778317489e-11
1.873047944912889874e-10
3.046501755300298653e-10
3.843557416749735330e-10
4.855846095069776628e-10
5.157561575005205870e-10
2.149561957558487514e-10
1.885203257972623807e-11
4.640743533831043633e-10
1.085621881960866094e-09
1.317487763151035476e-09
9.760512850877599250e-10
2.573475626868543556e-10
6.750815817143266925e-11
4.376116254780209577e-10
2.904850757965365988e-10
2.541636249823447506e-11
1.305215124488092106e-09
5.217266605266952887e-09
1.088061617724763628e-08
1.329677309853446957e-08
8.217084077937202526e-09
1.426510138967989483e-09
3.149023423041339505e-09
1.307117324794319375e-08
2.131118890313495203e-08
2.217311029168187823e-08
1.822614552281432515e-08
1.296112379124725368e-08
7.171541174975914354e-09
2.280129656798733894e-09
2.095864251260015481e-10
3.108564954172775148e-11
2.225877562742505438e-10
1.204383299449239934e-09
2.631273639280157482e-09
4.084617521931321167e-09
7.328012253192996680e-09
1.137044269863025912e-08
1.093705795218221830e-08
5.373913557707490690e-09
1.250866835036807167e-09
2.300197864422148870e-09
4.526621815281918608e-09
3.829687312450279009e-09
1.541381805866478084e-09
4.857018504385301721e-10
1.367654968648142592e-09
3.745887671221747769e-09
5.909560415708120267e-09
5.209271067432852986e-09
1.985499023081210969e-09
2.960333578002329715e-11
1.141201966349647445e-09
2.967139073497094167e-09
3.010712914364272922e-09
1.542909200898763534e-09
2.830836612902936916e-10
2.576205960380361875e-10
1.111634236871442950e-09
1.658521426547544101e-09
1.136754755992831403e-09
1.730288845153074634e-10
2.401953636027798509e-10
1.881450908895256526e-09
3.788470310065447961e-09
4.243004993159655847e-09
3.147433070470866757e-09
1.742017073630444345e-09
8.219180001159857914e-10
3.280184408387871969e-10
1.208075944155694535e-10
1.889981246936683072e-10
5.589910507022157220e-10
1.219471643562876375e-09
1.502331782240107246e-09
6.550742228942024697e-10
2.859249569172543883e-11
1.562085799407265570e-09
3.384972990415193825e-09
2.454875501396248529e-09
4.619044158889158918e-10
2.505064849235964315e-10
6.193603924435554289e-10
2.659480309973132696e-10
1.857247134297575573e-10
3.470650221205756934e-10
1.415607792290047369e-10
1.177867247702024945e-12
1.382753027772382892e-11
1.358603923153741406e-10
4.443086709553893259e-10
3.725312152660955135e-10
3.574396149969661208e-11
6.924681437896065100e-11
1.489171260433874549e-10
2.613651394145250880e-10
6.344599605336382290e-10
5.468893648999022793e-10
8.366900142535514628e-11
7.331464963392143513e-11
1.645200765907241419e-10
3.780796578720469056e-11
6.046026550465155188e-11
1.079112711357268926e-10
7.230743521177762977e-11
1.163024125149893738e-10
1.516185018400282489e-10
1.523999509947491504e-10
8.806241882139273040e-11
2.356706672604671769e-11
1.786311770541044966e-10
2.296700604877798795e-10
5.629782953499724871e-11
1.109990760525882927e-10
2.124840150018914231e-10
2.924632401004608270e-10
6.341479165827240177e-10
5.609953462125621691e-10
7.561326534434857030e-11
2.092216625390062599e-10
4.045649223747111965e-10
9.162115927573029761e-11
2.950517645727597492e-10
7.735279990544578024e-10
4.928550312233684653e-10
6.683296999533318806e-11
2.531826767733194371e-11
2.383289600303049378e-11
1.834452792511886885e-10
4.280070118986673871e-10
3.222630632397607284e-10
7.421507446085441433e-11
1.571340179550255994e-11
4.081732527756399072e-11
1.715631427851337662e-11
1.779578271632254932e-11
1.491652769690597432e-10
2.231446097748557609e-10
1.013368003866542780e-10
1.116770872657187964e-10
3.150909118558772239e-10
3.631978676846627050e-10
3.005983115066721024e-10
3.137546108587087447e-10
3.030442043179063874e-10
2.221761904814434536e-10
1.238111001613454803e-10
4.437877628781813125e-11
5.996298917690402424e-12
2.541007226941835960e-11
2.048299959947953048e-10
4.037180037459722531e-10
2.751991130837220925e-10
4.223034023698992896e-11
6.863611354954555036e-11
8.189392439069719543e-11
6.135280496028951016e-12
1.737042340646262835e-10
3.340448379162240574e-10
1.412258218827563167e-10
5.799699859995144773e-12
1.955529852760053521e-10
2.896738692212258073e-10
1.371239162283364349e-10
5.132736252890545628e-11
4.308091397832680725e-11
9.588284555254173113e-12
1.457161001790135033e-10
3.897425968810856618e-10
3.782397099902130878e-10
1.466451645194458038e-10
9.901480583525637746e-12
2.486344678694504260e-11
3.296642387717780642e-11
2.494051809766018327e-12
8.930002401694008267e-11
2.309354911998632189e-10
2.325382305850987665e-10
2.921332579210079322e-10
4.634063446731112588e-10
3.825395880991124185e-10
1.893566696636069799e-10
2.004883238752125272e-10
1.841005217496214180e-10
9.938852621820492799e-11
1.104801147451378059e-10
7.034057227264353161e-11
3.642499004337147571e-12
2.395608896035620490e-12
1.898158095523006443e-11
2.043189740749403025e-10
3.690431040063857128e-10
1.852743641715970761e-10
6.370558697230173850e-11
1.871443422201049531e-10
1.441002948279188199e-10
5.244634682949775334e-11
1.438915296683843503e-10
2.117548310924975552e-10
1.954904622444194732e-10
1.489479141769758198e-10
1.341178990228694050e-10
1.937077937239391742e-10
1.635862854415139802e-10
1.062916742908002160e-10
1.039162981478475326e-10
1.035398078468729237e-10
6.286048587848807987e-10
1.448900433759789088e-09
1.146217273021657935e-09
1.689537064100843295e-10
1.229362181692589816e-10
4.129749218135538076e-10
1.931791659162591513e-10
2.385814385807274043e-10
5.641075259414852541e-10
4.414433973101799011e-10
1.417116527969756907e-10
6.626720146974226094e-11
5.225294309776256355e-11
1.702635577856714424e-11
3.095737798608730108e-11
7.807504856314900820e-11
1.238764561413122650e-10
2.649072859719254027e-10
4.249527430390220938e-10
3.011200459842763600e-10
1.045866487168602206e-10
1.224917789061697830e-10
6.266695340335742999e-11
8.986612851305996052e-11
4.112831262995574185e-10
3.424088876937990771e-10
4.017934472662238494e-11
2.867331236121841458e-10
4.480003012819493100e-10
1.289708273475701660e-10
1.933029646056221458e-10
5.752016044987643800e-10
5.624869501685719106e-10
2.828669005047167314e-10
6.215162025283559112e-11
8.376726763624635792e-12
1.006597089447080793e-10
1.963904229497150945e-10
2.714596792314789344e-10
1.850179745493407565e-10
4.907751492632573725e-11
3.126284492956471854e-10
4.696028569081136761e-10
9.636260677046644324e-11
1.193288871824779563e-10
4.767443589653742089e-10
2.307269927766907840e-10
2.162900864855559904e-11
2.754592855050454292e-10
1.996488228849967975e-10
9.419853140980191627e-11
4.244717946468658088e-10
4.716316760256983453e-10
1.829992246865210626e-10
1.299037496870315027e-10
1.833330949888229917e-10
1.878977840059330618e-10
2.035280776898794250e-10
1.432161435546655726e-10
7.189284438313945859e-11
5.148626988763348509e-11
2.886563087393589208e-11
6.273425989755641118e-11
1.477136864259518692e-10
2.232142610491572967e-10
2.276097447800007998e-10
8.870261254909417147e-11
2.000806252044964241e-12
6.774065405623692694e-11
3.813351586244054488e-11
2.097744334412591647e-11
2.208036658364800019e-10
3.398341362948531958e-10
3.103909816336367551e-10
3.628602846924402420e-10
3.361298281576270054e-10
1.441596427077926102e-10
6.767573887881954760e-11
1.584753598634957232e-10
1.965310279392030434e-10
8.408899876552783702e-11
4.634136834789469764e-11
3.028890966905304485e-10
4.674173915903959483e-10
2.017861277195927738e-10
5.543848631084551385e-11
3.051144653326540236e-10
3.204452529098833596e-10
7.110859665312213166e-11
2.296444641794016323e-10
6.154432546031969314e-10
5.369615330540851002e-10
1.427223507117861242e-10
6.476761484291116807e-12
1.282631318315598452e-10
1.565666866669248848e-10
6.085699956899118014e-11
6.854020719542815339e-11
1.358796855177906545e-10
6.648058505052993796e-11
4.929454097278525002e-11
2.653252994783774799e-10
3.655570191347093552e-10
1.898997061637815381e-10
8.845180990005344691e-11
1.105202781710215196e-10
9.439518169284078960e-11
1.841367628141151156e-10
3.163874197477884591e-10
2.234847652881828667e-10
5.582793988660333101e-11
2.381911349923226358e-12
3.151980884892972129e-11
2.284728771650627155e-10
4.351711905012136876e-10
3.035250700561012455e-10
5.275330162204458134e-11
1.485228236146062610e-11
3.152885765457055868e-11
3.824448688198145744e-11
1.348927705885154782e-10
1.755066749595015440e-10
9.761504429862255697e-11
3.545285597039369224e-11
2.208816049272537237e-11
4.668981223165799596e-11
7.427382839133632258e-11
5.998485606614352772e-11
5.523367093700895460e-11
4.365019172065845775e-11
2.891984802233324147e-11
1.207197546657477578e-10
1.606975228654286969e-10
4.363478091268865263e-11
9.578052960960935696e-11
2.920725680892640473e-10
2.559429302959994690e-10
1.295409804464299158e-10
1.179594598954403614e-10
5.360912221285976353e-11
3.898933101038919059e-12
1.064169816985234359e-10
1.851952817814182158e-10
1.621864621991150113e-10
1.321037069331968314e-10
1.542198662447462758e-10
2.105757843449143410e-10
1.582749507754917127e-10
2.759586271828800031e-11
4.572356190371607920e-12
6.947409244258119872e-12
2.307489961277740271e-11
1.904241857078879388e-10
2.730322107626667374e-10
1.362031336370293136e-10
4.523210606671930508e-11
6.733301177796897689e-11
2.149723179961576320e-10
4.895132459356648107e-10
5.246481490748525333e-10
2.509475635412406815e-10
5.382837957827164377e-11
6.554542141643091295e-12
3.458746638855729210e-11
1.161817506331441083e-10
1.248250964221177466e-10
1.301716217348615952e-10
1.647924841751077441e-10
1.090536177363246982e-10
1.561508236802253481e-10
2.672799714032105300e-10
1.383768521196960170e-10
7.213656747162397786e-11
2.014657615061805151e-10
1.328762836349367981e-10
4.829920146969791693e-11
1.529447707159689624e-10
2.513200715124395398e-10
5.944376694301743305e-10
1.007002748562549917e-09
7.257276695102104329e-10
1.451015509147234873e-10
2.038986380525460576e-11
5.461917533491763952e-11
5.818209192880903548e-11
2.008247762098486405e-10
2.520620418177049375e-10
1.447550142587893776e-10
7.401053484919016600e-11
1.048396434639643817e-10
3.467542352151695427e-10
6.085500368773400463e-10
5.042653240716989518e-10
2.490783349935192558e-10
1.508770600027628439e-10
7.349355784227977480e-11
1.224186946860906720e-11
2.999388823207911763e-11
2.606623204405291518e-11
9.870902555093175652e-11
2.622672002768841846e-10
2.522787398633828014e-10
1.022178397232173058e-10
2.189307847447738238e-11
8.245999335293701122e-12
1.136880845160069915e-10
2.820681901458515782e-10
2.123933837405274956e-10
3.466465389032850204e-11
8.847867407506829309e-11
1.650683957412634715e-10
1.211720509585880894e-10
1.863803398862792573e-10
2.286836656269454878e-10
1.640621296862704546e-10
3.098789006880067817e-10
4.603340256338415606e-10
2.520090743160131984e-10
4.567111708149136620e-11
5.819883293366627514e-11
5.613700686478566152e-11
8.955464766338356557e-11
1.542901106716894661e-10
7.213633837174144420e-11
4.166033949820171651e-13
2.106563012279095747e-11
5.342681846190950276e-12
4.675198472247295796e-11
1.209688782888015114e-10
5.596582152382193244e-11
7.928363195613111219e-12
1.007062927858865146e-10
1.424936191440560037e-10
6.413337686478875354e-11
3.459843593383096307e-12
5.402911152199964291e-12
3.874216484244944140e-12
4.514046800095455094e-11
1.864041731279391682e-10
2.190396972156828728e-10
6.713929435064163534e-11
1.224705518188657765e-11
5.156011402582984109e-11
9.883127482284495657e-12
3.365588119854779119e-11
9.287034683760245910e-11
2.340182070009129899e-11
2.254473052162771076e-11
1.004395796714713330e-10
4.527337381255285833e-11
3.098775606458356555e-12
3.766495935993175478e-11
6.794163314328059960e-12
3.329198062115013748e-11
1.283250683853954745e-10
9.870234917890661460e-11
3.156364627372193263e-11
3.756130016447697257e-11
4.123648667184674855e-11
4.240244921745027538e-11
4.906321202358705119e-11
5.412693099090778948e-11
9.754336584286555049e-11
1.218704466295816145e-10
9.437638819806803292e-11
8.762510342746225037e-11
6.613401438540915373e-11
6.507951150912930535e-12
2.964342975973460849e-11
1.203423402225122584e-10
1.163268176031626462e-10
3.255506077204726053e-11
4.206793376021700959e-12
1.671808306224387404e-11
2.526331772277942732e-11
8.405842327475254402e-11
1.364012135449027836e-10
8.547322105662086973e-11
2.040334337704536614e-11
1.337925096740640576e-11
4.270733026238662465e-11
1.004802256449852218e-10
9.061750527853697398e-11
2.771995229571687550e-11
8.712762924047119637e-11
1.517662070198109217e-10
6.767873330493136145e-11
1.567500912522124958e-11
2.819843090009864689e-11
1.771836923232383707e-11
9.931959411166282742e-11
1.995332966556052308e-10
1.515812066103012422e-10
6.730535565009549796e-11
2.138283958807525682e-11
2.556100603533238258e-11
1.233565160384527376e-10
1.513413697748388719e-10
5.657438611477849949e-11
2.986607180332463600e-11
3.544822906567737458e-11
2.256806697319943769e-12
5.111116098753262057e-11
1.238377851456388114e-10
9.611240253608927511e-11
6.310285877698765733e-11
1.384218167217532770e-10
2.853663793900694541e-10
3.291067100602050376e-10
1.796417521054935128e-10
2.578752459175190241e-11
3.445912845651540030e-11
1.668985955282613821e-10
3.302372252770267509e-10
3.691804366095152509e-10
2.199017881910585422e-10
6.539355663386262671e-11
4.696414236402324502e-11
1.211575424368646753e-10
1.743239732685906741e-10
1.172875224576764680e-10
3.192313968697294362e-11
5.699656963202829187e-11
1.890102649906096321e-10
3.534138247724488710e-10
3.949361828917776942e-10
2.284599518462705286e-10
8.640381344085618671e-11
1.500623725956628105e-10
2.866762903622641140e-10
3.494511515647061403e-10
2.733746329180288708e-10
1.247316801370526144e-10
1.247248610799069315e-10
3.170951067789896141e-10
5.286148455021345845e-10
5.844447944833709671e-10
4.090134017271615099e-10
2.165246468925417354e-10
2.345188885394980646e-10
2.928621187736284278e-10
2.386932969927290972e-10
1.607276965111748048e-10
1.197463918290346256e-10
2.344245804705066760e-10
4.965159513658448762e-10
5.805055605993244747e-10
3.941061777291020205e-10
1.739410629519035789e-10
8.193351902678120407e-11
2.022916204761206998e-10
4.330270393293824472e-10
5.029797529759861300e-10
3.845474417620343447e-10
2.690365681983923086e-10
3.279572303753475118e-10
5.529966048749820175e-10
6.354096839196188061e-10
4.298690213945399826e-10
2.148923377878196293e-10
1.857819988218064010e-10
3.280464297257505827e-10
5.054827050753878449e-10
4.487155923633317598e-10
2.035584085401701668e-10
1.009488643026521912e-10
2.031837400251205999e-10
3.932110365135896524e-10
5.018783533566892262e-10
3.781630040575313599e-10
2.148694034314562715e-10
1.955926255080006462e-10
2.089514699968568381e-10
2.330247999359396877e-10
2.247016530543241832e-10
1.720695021856996857e-10
3.556506996233222388e-10
6.706918475976982987e-10
6.800453243426620071e-10
4.657122214512841476e-10
2.504620833187834922e-10
1.612866596534269660e-10
4.463451660531221366e-10
7.925482948998948839e-10
6.659180329253814406e-10
3.216647644241514779e-10
1.132792163218452700e-10
1.145997073926809148e-10
5.023616315662844115e-10
8.767471931430547074e-10
6.211559952729570897e-10
1.456973446826079916e-10
2.366422039437977034e-12
2.644992052505559715e-11
1.792063077349600958e-10
4.573915676309228517e-10
4.390546874116825400e-10
1.232534073577037577e-10
4.454933813068596422e-11
2.625546947403562420e-10
3.624463304239158603e-10
2.238758182589740515e-10
5.694564796240973617e-11
6.466006440821543946e-12
9.759942311400961949e-11
2.718120546760985805e-10
3.547560124918283281e-10
2.461336895424526486e-10
7.169384020382119992e-11
2.566919863614018630e-11
1.654459101947187417e-10
3.111597780511734793e-10
2.452274734647926031e-10
6.564951072446712953e-11
2.016433595063198393e-11
1.441279127945169375e-10
3.064591703356717730e-10
3.207402169038124768e-10
1.427782958401107137e-10
2.498766557663211435e-11
9.077037961658534587e-11
1.602688525248457004e-10
1.608795423085629756e-10
1.067009409547376051e-10
1.579704646893205991e-11
5.086774430370551182e-11
1.734314403533877588e-10
1.408732669966525352e-10
3.942355501730431633e-11
3.744305094774907416e-11
4.936158568180662675e-11
5.048194776426759056e-11
5.477001897139973912e-11
1.415890585155153509e-11
9.430155671745918529e-12
7.333214353707664570e-11
1.159629543570561354e-10
1.273908436011930478e-10
8.306110935608239244e-11
1.628303333581065914e-11
6.724251798890206485e-11
1.429315264089302355e-10
1.302585316341743370e-10
1.612529288921174920e-10
1.867550010078818805e-10
9.735158700578695261e-11
6.563237023240431126e-11
1.123269867743943854e-10
9.438592533631902561e-11
6.079152262016238297e-11
2.792566225170016238e-11
8.306043333074636154e-12
1.002471534562241070e-10
1.533574004082892410e-10
6.286829935239733808e-11
3.940132945985723770e-11
9.219867315299154429e-11
9.063668138250943425e-11
9.445474089107190440e-11
7.822415540134038514e-11
1.145446558384954012e-11
1.779773825568252790e-11
8.195816439055555623e-11
1.294376289065341378e-10
1.431520361436208919e-10
7.105015796741721704e-11
2.462223814644666236e-12
2.072140950121538678e-11
3.802615740031763263e-11
6.617513916457967040e-11
6.172667557684325642e-11
3.622764331867498890e-12
2.024148579932137086e-10
5.323404664467799893e-10
4.631814496623322534e-10
1.954309282318826203e-10
7.812056552057007305e-11
2.143424180290571019e-12
1.444495138921844970e-10
4.450430474212841748e-10
3.511769730829108977e-10
5.543496451421548907e-11
8.686419350495517221e-12
6.354744445825703908e-11
2.261730759163692204e-10
4.166997265133894692e-10
2.446354363946132547e-10
6.831704514757168532e-12
8.539038108435494393e-11
1.806051555972442661e-10
2.192975769681693906e-10
2.616717837314988100e-10
1.111375512115746335e-10
3.592288866276336358e-12
1.691960880797746795e-10
2.697832472462677901e-10
1.958721473827764292e-10
1.177138415920829971e-10
4.341645224021095979e-11
6.621069275736625423e-11
2.186724430221556200e-10
3.131049626207535983e-10
2.825495628789299254e-10
1.590205761751642385e-10
2.810590070563704445e-11
6.025177594864052670e-11
1.998924070072471046e-10
2.221945032536815909e-10
1.033675503359824975e-10
9.085791189890794390e-12
7.961545772872577618e-11
2.588005823883877292e-10
3.711675562618069362e-10
3.148271615107618973e-10
1.142364073179411872e-10
4.700016016338342327e-11
2.781081650587713153e-10
3.777710922685687573e-10
1.608831487197816265e-10
5.534110541156765358e-11
5.883490996570946941e-11
3.247313824939043181e-11
2.591144298994340523e-10
4.850068002712137837e-10
2.962214941827020530e-10
6.130037068900459351e-11
1.848975466982200479e-11
1.077048705614572229e-10
4.200951364087139333e-10
5.501877848537207566e-10
2.332973151634173293e-10
3.728731334374895380e-11
1.108604432534253238e-10
2.501770142197917155e-10
5.595007512052807477e-10
6.293537735920753873e-10
2.164514265532988843e-10
4.457217440545538136e-11
2.934447498043499542e-10
4.783568027312804899e-10
4.997240705670689559e-10
2.990652124216125976e-10
4.502830818448895895e-11
1.323064098721215886e-10
2.873897336582212661e-10
2.959315454126941460e-10
3.668660462215672555e-10
2.633892217271490833e-10
4.658420106690270149e-11
1.663590187182025361e-10
3.156466721830455909e-10
2.442367013120039484e-10
1.808442611934060621e-10
7.726233990464354324e-11
1.129136093278360626e-10
3.712206047217855483e-10
3.601441119735550926e-10
2.125639190374218394e-10
2.022648449948824209e-10
6.027141091303929962e-11
1.517176541961747714e-10
5.552382534698880441e-10
4.368481035141742209e-10
4.792591902537885040e-11
6.548976906718810773e-11
2.067404501209750253e-10
4.149746237405256393e-10
5.785844019666029207e-10
2.974580778810193891e-10
1.197320636498543552e-10
3.362486234858049206e-10
4.020991862638650010e-10
4.425669039029300185e-10
5.059151232220087156e-10
2.642212120879575217e-10
1.294667271721030406e-10
1.992944578743660175e-10
1.440544538427466149e-10
2.592406321373519232e-10
3.943550547410552621e-10
1.686930853955039037e-10
1.018540757069254789e-10
3.294110247799540533e-10
4.110137195258365884e-10
4.049218148124874642e-10
3.715966473132536322e-10
3.223492671296302143e-10
4.213905180369530855e-10
4.487377153523863327e-10
2.961136761369120930e-10
2.254975396027579088e-10
2.376348792796904090e-10
2.426874771439163226e-10
2.311254858359586844e-10
2.060602945342723764e-10
2.460371059752586475e-10
2.452407024289709826e-10
2.306403151093576185e-10
4.035323777833898489e-10
4.554817511926381086e-10
2.700071863242977594e-10
2.528314905715030288e-10
3.103444877302895837e-10
3.194885479022874438e-10
4.893593401715065014e-10
5.971308492833842222e-10
5.216994958861474150e-10
4.633214649364741009e-10
4.007451325352128367e-10
4.308850789417745569e-10
4.821796437858281638e-10
3.177834623488419766e-10
2.888821789045249391e-10
4.191314039986303316e-10
3.286550260027494355e-10
3.662668010894953852e-10
5.624794529708901378e-10
4.773025099258019091e-10
4.624649445986976458e-10
6.189821903578182758e-10
5.120430295015351478e-10
3.747278236361328052e-10
3.777356291545083520e-10
3.440399462713893153e-10
4.630154030437364867e-10
6.435826337414748042e-10
5.772975786480945078e-10
5.254090069735920006e-10
6.377977293632835448e-10
5.463052201302895851e-10
2.692720735928487128e-10
3.107005402589509058e-10
5.453270403372281614e-10
4.839608796593849560e-10
4.952516734400809192e-10
7.186759935279663278e-10
5.462365420448073911e-10
4.217805833496917900e-10
7.756651921002615655e-10
8.090080052423024869e-10
6.221006972037798060e-10
6.153441090826568806e-10
3.654533194907262154e-10
4.026973734729976602e-10
8.467997905970804802e-10
6.643156076901564804e-10
3.700609120379465190e-10
5.144809660824793861e-10
4.123383029123592873e-10
3.965482902856122548e-10
5.646466461862682518e-10
3.706459689120606200e-10
3.922944899944137816e-10
5.569768098275506580e-10
4.831527496571896561e-10
8.671180935612107204e-10
1.126908872793974077e-09
6.625777453699422456e-10
5.943692757634134271e-10
8.841293765391626076e-10
8.933369541682441684e-10
9.455879751185196941e-10
9.091256764947552880e-10
8.509616554040035479e-10
9.584141731899961496e-10
8.570604346380134697e-10
9.171301773384301514e-10
1.020170909254039140e-09
6.052026186807055768e-10
4.939572916421691441e-10
6.325178709326537164e-10
5.209702982978737511e-10
9.338540359803355019e-10
1.159234711884818324e-09
6.155372922387159903e-10
6.008321182863794689e-10
8.164985209044884440e-10
8.872358910058274523e-10
1.347113042964371515e-09
1.228764460199487446e-09
8.599945695000906400e-10
1.118714754369896764e-09
9.356170510326460850e-10
9.293393113566725148e-10
1.435160004043334350e-09
9.888317119470569691e-10
8.531721654625900963e-10
1.330356316988482397e-09
7.199191575718694344e-10
4.250542817720209308e-10
7.278185657573128981e-10
5.294909287196739302e-10
1.046106170878260172e-09
1.231704961636710810e-09
5.588143596847583055e-10
1.177446940062327148e-09
1.342105537186572637e-09
5.940335730255418676e-10
1.274400269125528673e-09
1.183780065663759709e-09
4.510554016631940390e-10
1.489145245247627048e-09
1.417810575580585111e-09
4.975832108250840011e-10
1.131978384422744147e-09
9.622520287878338213e-10
6.359774572403913356e-10
1.204506132326059942e-09
6.790168482666497753e-10
8.558201275347024467e-10
1.449383548584320198e-09
6.833983471701210626e-10
1.280056596144710696e-09
1.698430214971417108e-09
8.841120808453853291e-10
1.956663698968533573e-09
1.669836481419332257e-09
5.459693980816397838e-10
2.272361715102774387e-09
1.601343006799129641e-09
5.405406568332763577e-10
2.588355344038062761e-09
1.354056702978438494e-09
1.482351480696443404e-09
3.827478308746980418e-09
9.242177076090819747e-10
3.431026053979592678e-09
6.374956448421411189e-09
7.747317994942263355e-10
1.068093388403284521e-08
1.476651314165285787e-08
1.908429216145912445e-09
7.790216426257499020e-08
2.230940856895975701e-07
