-1.392843205E-5	-2.535849035E-6	5.881505786E-5
-2.607741044E-5	3.471989185E-4	-8.240662282E-6
4.220172195E-5	9.298809164E-5	5.612081168E-6
-3.387869219E-5	1.691288053E-4	-5.628598956E-5
1.832385751E-4	2.087776520E-4	1.272514055E-4
1.054952008E-4	1.749998773E-4	2.294451115E-4
-7.823906344E-5	-8.788360719E-5	-1.729369687E-4
-3.801101684E-6	1.970782978E-5	1.520147180E-6
-1.064478238E-5	-3.103903146E-5	4.147825894E-5
8.680125757E-5	8.766206884E-5	8.449591405E-5
2.614067926E-4	2.897439990E-4	1.080159345E-4
3.675668268E-5	1.268635515E-6	6.169906897E-7
1.331666572E-4	9.600017074E-5	-4.686921966E-5
-4.553688086E-6	-5.196141865E-5	-4.550068479E-5
1.894190973E-5	3.364939403E-5	6.482034223E-5
-9.863445302E-5	-6.005851901E-5	-2.729422522E-5
1.575487886E-6	6.350789772E-5	2.479639306E-6
6.203263183E-4	6.153396098E-4	5.579655408E-4
1.642934308E-6	-1.057380650E-4	2.548436350E-5
-2.186538768E-4	-1.812867558E-4	-1.838868920E-4
2.284846960E-5	8.047539268E-6	-7.369097875E-5
7.790627023E-6	5.243196938E-5	6.444966857E-5
2.540273272E-5	-1.483053802E-5	5.074116052E-5
1.198845275E-4	3.067720900E-5	1.180311374E-4
-2.405186024E-5	1.394804895E-5	2.497711102E-5
5.011515896E-5	1.007315077E-4	8.667233487E-5
-7.176819490E-4	-7.349735824E-4	-7.281886647E-4
9.294998017E-5	6.390931230E-5	4.867006282E-5
6.041499364E-5	9.323431732E-5	9.398033581E-5
9.241691441E-5	7.501010259E-5	7.383992488E-5
-4.497625559E-5	-9.845737077E-5	-1.472628537E-5
7.082836819E-4	6.817002431E-4	6.632197183E-4
7.558766811E-6	-1.364249329E-5	7.819495295E-6
2.023875713E-4	1.523913525E-4	1.982938556E-4
1.531581511E-4	1.951614831E-4	1.912741573E-4
1.110009725E-5	2.782031152E-5	2.459019925E-5
1.287896739E-4	1.180846375E-4	9.484822658E-5
5.666248035E-5	9.213165322E-5	1.007748651E-4
1.125453055E-4	6.271825987E-5	1.347010548E-4
5.079607581E-5	6.045314512E-5	7.173782797E-5
1.602880511E-4	1.847650419E-4	1.540434023E-4
8.525239537E-5	1.065255856E-4	1.199000253E-4
1.782114414E-4	1.834183931E-4	1.775472774E-4
1.359133457E-4	1.455642487E-4	1.365032367E-4
1.327455975E-4	1.438577892E-4	1.280907600E-4
3.181774227E-4	3.757824015E-4	3.343113349E-4
-1.004114747E-4	-9.001108265E-5	-1.038954069E-4
2.779632632E-4	2.809669531E-4	3.264672996E-4
1.053492742E-4	1.183045970E-4	1.182985507E-4
3.527056251E-4	3.362701973E-4	3.649516439E-4
4.501919902E-4	4.379624152E-4	4.664864973E-4
3.795555676E-4	4.508689453E-4	3.947901132E-4
1.633746579E-4	2.114047820E-4	2.399506629E-4
2.564405149E-4	2.399311488E-4	2.512064821E-4
3.962937044E-4	3.860989818E-4	4.134011397E-4
4.239615810E-4	4.765154154E-4	4.089091672E-4
4.555755004E-4	4.617260129E-4	4.822032934E-4
4.324308829E-4	4.308987700E-4	4.451007408E-4
3.960829345E-4	3.920739982E-4	3.828209301E-4
2.691951231E-4	2.580190485E-4	2.500506816E-4
8.594967949E-5	1.161794135E-4	7.214756624E-5
3.887546191E-4	4.134312330E-4	3.968852398E-4
3.605897073E-4	3.197313345E-4	3.696135245E-4
3.177475883E-4	2.922865388E-4	2.882473054E-4
1.982692338E-4	1.738129649E-4	1.990743913E-4
2.793062886E-4	2.647872316E-4	2.560788125E-4
1.876556780E-4	1.877020550E-4	1.641308190E-4
4.758082214E-4	4.898671759E-4	4.116604978E-4
3.764180001E-4	4.015469749E-4	3.880468430E-4
5.736545427E-4	5.400052760E-4	5.291356938E-4
2.227897930E-4	2.270276891E-4	2.297308674E-4
5.234794808E-4	5.065391888E-4	5.180070293E-4
3.557195305E-4	3.677827190E-4	3.620146308E-4
4.959374783E-4	4.922540393E-4	4.885974922E-4
1.194700380E-4	1.304716570E-4	1.148308729E-4
4.723964084E-4	4.633581266E-4	4.984386615E-4
6.644625682E-4	6.526389043E-4	6.486158236E-4
2.666682412E-4	3.098471789E-4	3.004750179E-4
6.007094635E-4	6.079340819E-4	6.235030014E-4
6.373438373E-5	7.948355051E-5	6.658698112E-5
7.538649370E-4	7.619265234E-4	7.973387837E-4
6.619190390E-5	6.707374996E-5	6.782740820E-5
8.130419883E-4	8.164934115E-4	8.408108260E-4
-4.678730329E-5	-3.878829739E-5	-4.374216223E-5
6.850124337E-4	6.710399757E-4	6.615977036E-4
2.433679474E-4	2.603360044E-4	2.457454975E-4
4.885007511E-4	5.084027071E-4	4.953760072E-4
6.519935559E-4	6.415938260E-4	6.515487330E-4
2.787209814E-4	2.900042455E-4	2.995887189E-4
7.268163026E-4	7.073687739E-4	7.279887213E-4
5.198434883E-5	4.020212509E-5	6.455450784E-5
7.538500940E-4	7.990029990E-4	7.439998444E-4
8.027502190E-5	1.023814475E-4	7.558502693E-5
6.882084999E-4	6.625568494E-4	6.766663864E-4
2.464365680E-4	2.369496651E-4	2.372560994E-4
5.940464907E-4	5.830144510E-4	5.666375509E-4
2.201146417E-4	2.160331205E-4	2.302909561E-4
2.124985913E-4	1.895145833E-4	1.994303457E-4
2.917120582E-4	2.832261962E-4	2.750744752E-4
2.859286033E-4	2.965095046E-4	2.768534468E-4
6.288039149E-4	6.467563799E-4	6.329037715E-4
5.746831303E-4	5.786193069E-4	5.588094355E-4
7.031767746E-4	6.997091696E-4	7.336332346E-4
6.377811660E-4	6.533287815E-4	6.496290443E-4
4.303327005E-4	4.284217139E-4	4.304996110E-4
4.393178970E-4	4.434750590E-4	4.268293851E-4
4.155425704E-4	4.401545448E-4	4.126630956E-4
3.120821493E-4	3.157294996E-4	3.122719645E-4
3.462592140E-4	3.353345965E-4	3.452670062E-4
2.039573446E-4	2.161549637E-4	1.769713999E-4
1.558356889E-4	1.525831467E-4	1.671767823E-4
2.065829904E-4	1.885031670E-4	1.753030665E-4
8.652021643E-5	8.118788537E-5	8.302295464E-5
3.782609710E-4	3.691438178E-4	3.514814016E-4
1.628641439E-5	2.873040467E-5	1.622130003E-5
5.274091382E-4	5.266194348E-4	5.144909373E-4
-2.131308975E-5	-2.933349242E-5	-1.240531947E-5
5.553942756E-4	5.621436285E-4	5.443804548E-4
2.057510210E-5	4.095578333E-5	4.087808338E-5
4.336467537E-4	4.194302892E-4	4.075012403E-4
7.148765144E-4	7.243664004E-4	7.365018828E-4
1.675263629E-4	1.628317405E-4	1.939402282E-4
1.183682121E-3	1.188399270E-3	1.174882520E-3
-2.417951036E-4	-2.507528116E-4	-2.400855738E-4
1.457453705E-3	1.447973307E-3	1.449411269E-3
-5.576977856E-4	-5.488305469E-4	-5.419330555E-4
1.784058870E-3	1.795017160E-3	1.772102318E-3
-5.492249038E-4	-5.402363022E-4	-5.524847074E-4
1.295484253E-3	1.276861061E-3	1.319513307E-3
1.416228188E-4	1.337235153E-4	1.313450630E-4
5.588288186E-4	5.486233276E-4	5.387967685E-4
8.701332263E-4	8.696479490E-4	8.654125850E-4
-2.117969780E-5	-1.536956188E-5	-1.579332275E-5
1.337244757E-3	1.330633415E-3	1.341985189E-3
-6.869874778E-4	-7.050781860E-4	-7.034349255E-4
1.852227026E-3	1.857495168E-3	1.843364676E-3
-9.789745091E-4	-9.909314103E-4	-9.742843686E-4
1.655120519E-3	1.658502384E-3	1.649612328E-3
-4.637913371E-4	-4.313917598E-4	-4.373088304E-4
1.276995987E-3	1.272994559E-3	1.288403058E-3
2.412585454E-4	2.583080495E-4	2.381423838E-4
7.079116185E-4	6.944139604E-4	6.965517532E-4
5.618953728E-4	5.530772614E-4	5.549566122E-4
1.559942757E-4	1.662119612E-4	1.638738322E-4
1.046680845E-3	1.033130102E-3	1.042660675E-3
1.560148376E-4	1.499445934E-4	1.741924643E-4
1.226657536E-3	1.225478132E-3	1.226082910E-3
3.758068779E-4	4.013338184E-4	3.938102454E-4
1.037331880E-3	1.045003301E-3	1.052421867E-3
5.220703897E-4	5.192511017E-4	5.093564978E-4
8.158758283E-4	8.096751990E-4	7.944502868E-4
6.128306850E-4	6.334405625E-4	6.301161484E-4
7.146818680E-4	7.311115041E-4	7.151811733E-4
7.450954872E-4	7.709673373E-4	7.732565864E-4
7.738859858E-4	7.683309377E-4	7.811568212E-4
7.696445682E-4	7.657183451E-4	7.713892846E-4
7.605061983E-4	7.647264865E-4	7.621173281E-4
9.527151124E-4	9.415330715E-4	9.481413872E-4
6.769546308E-4	6.810346968E-4	6.731862668E-4
1.113470644E-3	1.111366786E-3	1.100437134E-3
3.403874871E-4	3.390996717E-4	3.390355851E-4
1.150853932E-3	1.136205043E-3	1.156438957E-3
2.918458486E-4	2.862574474E-4	3.016463888E-4
9.512915858E-4	9.756645886E-4	9.727334254E-4
8.827734855E-4	8.742857608E-4	8.839134825E-4
4.355501151E-4	4.245885939E-4	4.041196953E-4
1.871893997E-3	1.868406776E-3	1.859362819E-3
-6.363161956E-4	-6.275483756E-4	-6.360550760E-4
2.729272936E-3	2.726726467E-3	2.717667492E-3
-1.941756345E-3	-1.914466498E-3	-1.930278493E-3
3.592202906E-3	3.592554014E-3	3.571930574E-3
-2.055420307E-3	-2.048021648E-3	-2.059906255E-3
3.577529918E-3	3.570346627E-3	3.571355948E-3
-9.750400204E-4	-9.823893197E-4	-9.804158472E-4
1.871131244E-3	1.864800928E-3	1.861613477E-3
8.604879258E-4	8.613415994E-4	8.712600684E-4
-3.680406371E-4	-3.571664856E-4	-3.568046668E-4
3.426612820E-3	3.419681452E-3	3.428152530E-3
-2.740394091E-3	-2.761384239E-3	-2.755212365E-3
5.509768613E-3	5.499653518E-3	5.508189555E-3
-4.277252126E-3	-4.284199793E-3	-4.286167212E-3
6.060623098E-3	6.057867315E-3	6.054766476E-3
-3.633971792E-3	-3.632326378E-3	-3.647255246E-3
4.829511512E-3	4.820217844E-3	4.829534329E-3
-1.780857565E-3	-1.797082485E-3	-1.771960058E-3
2.476998605E-3	2.486332320E-3	2.484614961E-3
9.500886081E-4	9.434841340E-4	9.378714021E-4
-1.488178823E-4	-1.442034991E-4	-1.443341171E-4
3.216628917E-3	3.218414960E-3	3.225265304E-3
-2.021006774E-3	-2.026219154E-3	-2.028706018E-3
4.249980673E-3	4.256758839E-3	4.262051079E-3
-1.870158361E-3	-1.859670854E-3	-1.855805051E-3
3.591531655E-3	3.599228337E-3	3.595896764E-3
-9.398044203E-4	-9.417951806E-4	-9.386892198E-4
2.238126937E-3	2.242622431E-3	2.245492069E-3
2.781264775E-4	2.692290873E-4	2.838276559E-4
1.109128934E-3	1.101254951E-3	1.100557973E-3
1.318655792E-3	1.326197758E-3	1.329535851E-3
7.310235524E-4	7.365050260E-4	7.304542232E-4
1.332456479E-3	1.339750830E-3	1.334451139E-3
9.825476445E-4	9.862192674E-4	9.849180933E-4
1.055791625E-3	1.048528706E-3	1.052427688E-3
1.157282852E-3	1.188976690E-3	1.170356642E-3
1.178393723E-3	1.167545095E-3	1.166533795E-3
7.400630857E-4	7.480245549E-4	7.517443155E-4
1.850593253E-3	1.857169904E-3	1.857707044E-3
-1.382297778E-4	-1.331151871E-4	-1.501941733E-4
2.422880847E-3	2.428774489E-3	2.414458664E-3
-2.420779783E-4	-2.267177624E-4	-2.338226768E-4
1.482431777E-3	1.479449798E-3	1.480600331E-3
2.448468003E-3	2.458357485E-3	2.463083714E-3
-2.401053673E-3	-2.400426893E-3	-2.411111956E-3
7.036807947E-3	7.041435689E-3	7.036185823E-3
-8.022390306E-3	-8.042934351E-3	-8.034504950E-3
1.314711571E-2	1.316055376E-2	1.316641178E-2
-1.408830751E-2	-1.408656966E-2	-1.406767219E-2
1.763153821E-2	1.763251238E-2	1.762888581E-2
-1.486074924E-2	-1.484489162E-2	-1.486346964E-2
1.406441908E-2	1.405006275E-2	1.403920073E-2
-7.633745670E-3	-7.612235844E-3	-7.609805092E-3
2.819657093E-3	2.804993186E-3	2.803477924E-3
9.510640055E-3	9.511551820E-3	9.520706721E-3
-1.860536821E-2	-1.862480864E-2	-1.862598956E-2
2.995785885E-2	2.998614870E-2	3.000443801E-2
-3.540072590E-2	-3.543000668E-2	-3.545911610E-2
4.628623277E-2	4.630982131E-2	4.632735252E-2
-5.208957195E-2	-5.211230740E-2	-5.212024227E-2
5.900356919E-2	5.900662765E-2	5.903968588E-2
-5.077371746E-2	-5.078595504E-2	-5.076624081E-2
3.878526017E-2	3.878794611E-2	3.878662363E-2
-1.856071688E-2	-1.853465289E-2	-1.852370240E-2
7.765662391E-3	7.743166294E-3	7.707213983E-3
1.059100870E-2	1.061489247E-2	1.063607167E-2
-2.707326971E-2	-2.709976397E-2	-2.712882683E-2
5.380606651E-2	5.380858853E-2	5.383716896E-2
-7.350072265E-2	-7.350277156E-2	-7.356196642E-2
8.857305348E-2	8.857588470E-2	8.861576766E-2
-8.563725650E-2	-8.567612618E-2	-8.566188812E-2
8.371908218E-2	8.375340700E-2	8.375771344E-2
-7.126932591E-2	-7.129149884E-2	-7.128061354E-2
5.980918556E-2	5.979231372E-2	5.981575325E-2
-3.352687508E-2	-3.353867307E-2	-3.351445124E-2
9.838961065E-3	9.814126417E-3	9.792692028E-3
1.859482005E-2	1.860364527E-2	1.862853393E-2
-4.214875028E-2	-4.216926917E-2	-4.219067469E-2
7.483980060E-2	7.483760267E-2	7.489992678E-2
-9.009816498E-2	-9.010166675E-2	-9.014443308E-2
1.028052345E-1	1.028043628E-1	1.028283834E-1
-9.504029900E-2	-9.505003691E-2	-9.506803751E-2
8.621659875E-2	8.621821553E-2	8.626899123E-2
-6.642383337E-2	-6.645743549E-2	-6.646005809E-2
5.944736302E-2	5.942881107E-2	5.944504961E-2
-3.159888834E-2	-3.157897666E-2	-3.158596158E-2
1.851425739E-3	1.808167086E-3	1.810307964E-3
4.056089371E-2	4.057543352E-2	4.063280672E-2
-6.269832700E-2	-6.270202994E-2	-6.272140890E-2
8.214692026E-2	8.220984787E-2	8.219741285E-2
-7.966809720E-2	-7.968518138E-2	-7.971732318E-2
8.794393390E-2	8.795855939E-2	8.797179908E-2
-8.217377216E-2	-8.216819167E-2	-8.223063499E-2
8.042518795E-2	8.047765493E-2	8.045972884E-2
-5.921895057E-2	-5.919558555E-2	-5.923084542E-2
3.846525401E-2	3.844674304E-2	3.844027594E-2
-8.937878534E-3	-8.890842088E-3	-8.905709721E-3
-9.048182517E-3	-9.049139917E-3	-9.078816511E-3
2.968725748E-2	2.972763032E-2	2.972716466E-2
-4.195245728E-2	-4.196809232E-2	-4.199213162E-2
5.692169815E-2	5.693918467E-2	5.694817379E-2
-6.202636287E-2	-6.201143935E-2	-6.203919649E-2
6.330529600E-2	6.333323568E-2	6.332622468E-2
-5.395656079E-2	-5.396281555E-2	-5.396214500E-2
4.549724236E-2	4.549859464E-2	4.549985006E-2
-3.298678622E-2	-3.298501670E-2	-3.298526630E-2
2.345298976E-2	2.346118912E-2	2.344356105E-2
-9.680980816E-3	-9.680254385E-3	-9.649741463E-3
-2.640173770E-3	-2.655664226E-3	-2.662665909E-3
1.455072220E-2	1.455878746E-2	1.458544843E-2
-1.737907343E-2	-1.736962982E-2	-1.738312282E-2
1.991754025E-2	1.993394271E-2	1.994866133E-2
-2.009101212E-2	-2.009677887E-2	-2.009565756E-2
1.951785944E-2	1.950990595E-2	1.952151582E-2
-1.670207083E-2	-1.670092344E-2	-1.670997962E-2
1.256413851E-2	1.257612649E-2	1.256723702E-2
-8.156985976E-3	-8.148339577E-3	-8.153290488E-3
3.907671664E-3	3.886681050E-3	3.906420432E-3
-9.154871223E-4	-9.080852615E-4	-8.933072677E-4
-5.276385345E-4	-5.265703658E-4	-5.264047068E-4
2.391367918E-3	2.398896264E-3	2.411563182E-3
-1.461004955E-3	-1.470392221E-3	-1.468673698E-3
2.453068271E-3	2.448008396E-3	2.446202794E-3
-3.902121971E-4	-3.829260240E-4	-3.911579552E-4
1.228437177E-3	1.227847883E-3	1.235476462E-3
8.136389661E-4	8.200788870E-4	8.111441857E-4
5.357098999E-4	5.228606751E-4	5.189288640E-4
7.484576199E-4	7.431671838E-4	7.539372309E-4
9.613733855E-4	9.528102237E-4	9.623834630E-4
-1.618697861E-4	-1.542802638E-4	-1.520741498E-4
1.811363152E-3	1.810660004E-3	1.803347608E-3
-7.512028096E-4	-7.472691941E-4	-7.540934603E-4
1.915670699E-3	1.923164702E-3	1.913789427E-3
-5.090649574E-5	-5.912298366E-5	-5.064456855E-5
8.016736829E-4	7.934893365E-4	7.998103974E-4
2.223436953E-3	2.219410148E-3	2.229699632E-3
-1.419265172E-3	-1.419170876E-3	-1.412597834E-3
4.840068053E-3	4.832846113E-3	4.847916309E-3
-3.466145135E-3	-3.467670875E-3	-3.467142815E-3
6.369902752E-3	6.377036683E-3	6.377041806E-3
-3.380890004E-3	-3.370539751E-3	-3.367945319E-3
5.569410045E-3	5.575659685E-3	5.590453744E-3
-1.065240707E-3	-1.065132208E-3	-1.059392351E-3
2.607314847E-3	2.607587492E-3	2.614499535E-3
2.498253481E-3	2.502046525E-3	2.507968573E-3
-8.068789029E-4	-8.185410989E-4	-8.092861972E-4
6.153315306E-3	6.145126652E-3	6.164019927E-3
-3.495898098E-3	-3.493078751E-3	-3.498064587E-3
7.838496938E-3	7.838280872E-3	7.846785709E-3
-4.098644946E-3	-4.106343258E-3	-4.107045941E-3
7.058868650E-3	7.049262989E-3	7.060062606E-3
-2.126814099E-3	-2.109128051E-3	-2.104563173E-3
4.363051150E-3	4.366771318E-3	4.365828820E-3
1.223008498E-3	1.226354041E-3	1.224687789E-3
9.704579134E-4	9.652072913E-4	9.812768549E-4
4.454162437E-3	4.457177594E-3	4.469173495E-3
-1.327053295E-3	-1.337435795E-3	-1.329358201E-3
6.034143269E-3	6.039221771E-3	6.042785011E-3
-1.893789158E-3	-1.883414458E-3	-1.899386640E-3
5.695541855E-3	5.691339727E-3	5.692906678E-3
-7.626177976E-4	-7.654622314E-4	-7.634253125E-4
4.081389401E-3	4.075148143E-3	4.078091122E-3
1.199828926E-3	1.204398926E-3	1.210616319E-3
2.136402298E-3	2.134815790E-3	2.143556252E-3
2.849705284E-3	2.854056191E-3	2.860802459E-3
9.977734881E-4	9.989721002E-4	9.938536678E-4
3.557032440E-3	3.543769708E-3	3.552205162E-3
9.586570668E-4	9.493598482E-4	9.521472966E-4
3.343177028E-3	3.326337086E-3	3.340943949E-3
1.579812961E-3	1.592646586E-3	1.594513422E-3
2.603455912E-3	2.601549029E-3	2.604271052E-3
2.323293127E-3	2.319702646E-3	2.316505183E-3
2.006585011E-3	2.010745462E-3	1.997957705E-3
2.637162572E-3	2.646357054E-3	2.644469729E-3
1.896354486E-3	1.889080741E-3	1.894830843E-3
2.347284462E-3	2.344588516E-3	2.348934533E-3
2.170541324E-3	2.160164528E-3	2.158857649E-3
1.858053380E-3	1.861750847E-3	1.852133428E-3
2.473013941E-3	2.463996410E-3	2.468329389E-3
1.650954946E-3	1.643822179E-3	1.647746773E-3
2.325201407E-3	2.320426283E-3	2.315714722E-3
1.960327616E-3	1.956243766E-3	1.970955171E-3
1.878060517E-3	1.877399394E-3	1.875360962E-3
2.712041372E-3	2.713205991E-3	2.728265710E-3
1.293145935E-3	1.275617164E-3	1.300744480E-3
3.306672210E-3	3.305142047E-3	3.314225702E-3
9.715539054E-4	9.630096611E-4	9.663899546E-4
3.319914220E-3	3.332474502E-3	3.318295348E-3
1.265053637E-3	1.269225148E-3	1.270170207E-3
2.618327504E-3	2.623333130E-3	2.634964418E-3
2.151516965E-3	2.140375786E-3	2.148193307E-3
1.613842323E-3	1.619662973E-3	1.608690363E-3
3.278186778E-3	3.276384901E-3	3.276974196E-3
5.043406854E-4	5.104306620E-4	5.101139541E-4
4.036238417E-3	4.025663249E-3	4.045860842E-3
5.666319703E-5	4.445771265E-5	4.502105003E-5
4.068736453E-3	4.075030331E-3	4.079236649E-3
4.125931009E-4	4.154347698E-4	4.119955702E-4
3.391669830E-3	3.394034691E-3	3.384526586E-3
1.416418585E-3	1.424044138E-3	1.425321912E-3
2.237694804E-3	2.237313194E-3	2.235250548E-3
2.438647440E-3	2.432183363E-3	2.439749893E-3
1.216701581E-3	1.203159220E-3	1.203559921E-3
3.299748991E-3	3.306123661E-3	3.298803465E-3
6.111946423E-4	6.083422340E-4	6.188782863E-4
3.526088782E-3	3.528907895E-3	3.525335109E-3
7.267138571E-4	7.238039398E-4	7.197616505E-4
3.169754520E-3	3.166536568E-3	3.167028539E-3
1.225763583E-3	1.227219705E-3	1.235128148E-3
2.599838190E-3	2.599726664E-3	2.584422939E-3
2.040393651E-3	2.025263151E-3	2.025331836E-3
1.995970961E-3	1.991078025E-3	1.996747451E-3
2.404049505E-3	2.416601405E-3	2.406017389E-3
1.741158077E-3	1.736019389E-3	1.741060289E-3
2.576756990E-3	2.589342184E-3	2.578818239E-3
1.717054518E-3	1.721502515E-3	1.723824651E-3
2.494053217E-3	2.494934713E-3	2.492378233E-3
2.090976806E-3	2.080781152E-3	2.089969115E-3
2.264000941E-3	2.261062386E-3	2.276742598E-3
2.203348326E-3	2.208301099E-3	2.208577702E-3
2.231225371E-3	2.247205237E-3	2.246948890E-3
2.473526169E-3	2.459844342E-3	2.454699250E-3
2.256250009E-3	2.252663020E-3	2.240125788E-3
2.357182326E-3	2.361161401E-3	2.354320604E-3
2.516424283E-3	2.510756720E-3	2.520167269E-3
2.356718061E-3	2.358426340E-3	2.370777773E-3
2.437459072E-3	2.432281384E-3	2.435777336E-3
2.384246793E-3	2.403711202E-3	2.392428461E-3
2.412284957E-3	2.413209295E-3	2.416707808E-3
2.634889446E-3	2.640185179E-3	2.641759347E-3
2.111328533E-3	2.104330575E-3	2.107106615E-3
2.946257591E-3	2.956813434E-3	2.942402847E-3
2.086129971E-3	2.093140967E-3	2.091565868E-3
2.827077173E-3	2.833048347E-3	2.827612683E-3
2.097752877E-3	2.096880460E-3	2.106126631E-3
2.771263942E-3	2.771031111E-3	2.765882295E-3
2.614357276E-3	2.607688541E-3	2.616927493E-3
2.150564222E-3	2.138093812E-3	2.138592768E-3
3.132632934E-3	3.147772280E-3	3.141217167E-3
1.835700590E-3	1.839194098E-3	1.845148392E-3
3.390733153E-3	3.383597592E-3	3.402280621E-3
1.519427286E-3	1.507331966E-3	1.520233345E-3
3.575400915E-3	3.569941036E-3	3.580787452E-3
1.890160958E-3	1.884595724E-3	1.883943332E-3
3.060213756E-3	3.062396077E-3	3.054186236E-3
2.240932314E-3	2.235104563E-3	2.242083661E-3
2.741731936E-3	2.750119194E-3	2.746863756E-3
2.872300101E-3	2.873755991E-3	2.875284990E-3
2.076406265E-3	2.091489034E-3	2.082075458E-3
3.416439518E-3	3.417329164E-3	3.421302885E-3
2.164718462E-3	2.172567882E-3	2.180544427E-3
3.427081043E-3	3.422365990E-3	3.423947841E-3
2.021599095E-3	2.026809612E-3	2.033723518E-3
3.518306650E-3	3.522433108E-3	3.525793320E-3
2.475950401E-3	2.466493985E-3	2.477087080E-3
2.951779868E-3	2.967839362E-3	2.959820442E-3
2.784826094E-3	2.784528304E-3	2.790014492E-3
2.981415950E-3	2.997397212E-3	2.994153881E-3
3.027417464E-3	3.034392605E-3	3.031401196E-3
2.639502753E-3	2.640589839E-3	2.634527627E-3
3.226259025E-3	3.239145502E-3	3.230146365E-3
2.887167968E-3	2.894036006E-3	2.894198289E-3
3.076046938E-3	3.071816172E-3	3.077089088E-3
2.883298090E-3	2.881546272E-3	2.888700692E-3
3.205900081E-3	3.210621886E-3	3.202120773E-3
3.146489849E-3	3.139668610E-3	3.148152959E-3
2.935815370E-3	2.937717130E-3	2.945878543E-3
3.091105726E-3	3.105760552E-3	3.097301815E-3
3.257251112E-3	3.267529886E-3	3.267807886E-3
3.042050172E-3	3.047412727E-3	3.061889438E-3
3.101838287E-3	3.093520412E-3	3.103359602E-3
3.240951803E-3	3.252214985E-3	3.247104352E-3
3.273048438E-3	3.277301788E-3	3.278760239E-3
2.994429786E-3	3.005896462E-3	2.997960662E-3
3.079457674E-3	3.075276501E-3	3.085730365E-3
3.547107102E-3	3.548671724E-3	3.534887685E-3
2.974713687E-3	2.979134908E-3	2.981105354E-3
3.356462810E-3	3.368373727E-3	3.351391060E-3
2.939279191E-3	2.943753498E-3	2.948893234E-3
3.638964845E-3	3.634216031E-3	3.633906832E-3
2.861539368E-3	2.862525173E-3	2.876203274E-3
3.438818036E-3	3.454382764E-3	3.453122219E-3
3.304586746E-3	3.308741143E-3	3.318907926E-3
3.259500954E-3	3.255922347E-3	3.261708422E-3
3.226789646E-3	3.225155408E-3	3.236818127E-3
2.891926095E-3	2.889791271E-3	2.917525824E-3
3.758738050E-3	3.758560168E-3	3.765576053E-3
2.697540214E-3	2.709272318E-3	2.690101508E-3
3.818879602E-3	3.827223321E-3	3.838700708E-3
2.878427505E-3	2.883015899E-3	2.877412830E-3
3.968840465E-3	3.968148492E-3	3.979925998E-3
2.882410074E-3	2.882156055E-3	2.877624705E-3
3.681303700E-3	3.689568257E-3	3.687535413E-3
3.335179528E-3	3.334758338E-3	3.329517553E-3
3.488771152E-3	3.465280868E-3	3.482769709E-3
3.590891138E-3	3.604037920E-3	3.593328176E-3
3.244024934E-3	3.243143437E-3	3.247666173E-3
3.805338871E-3	3.804090898E-3	3.803236876E-3
2.870876808E-3	2.874800004E-3	2.869536402E-3
3.756868187E-3	3.743331414E-3	3.758013947E-3
3.087105928E-3	3.087857505E-3	3.100921167E-3
3.810483497E-3	3.811697243E-3	3.817763878E-3
3.314768663E-3	3.335535992E-3	3.328001592E-3
3.791832132E-3	3.789226990E-3	3.783722175E-3
3.783072811E-3	3.774989862E-3	3.784148023E-3
3.703969065E-3	3.720157547E-3	3.710220335E-3
3.921311814E-3	3.921095282E-3	3.914045170E-3
3.739358857E-3	3.745120717E-3	3.739639418E-3
4.117417615E-3	4.127298482E-3	4.132581875E-3
3.736274317E-3	3.744576126E-3	3.748235758E-3
4.126814660E-3	4.131398164E-3	4.131846596E-3
3.908468410E-3	3.904753365E-3	3.904820886E-3
4.095054232E-3	4.089516122E-3	4.080005456E-3
4.130817484E-3	4.132025409E-3	4.141092766E-3
4.207387567E-3	4.211080726E-3	4.196064081E-3
4.331148695E-3	4.305907991E-3	4.327489063E-3
4.300670698E-3	4.313030280E-3	4.315158352E-3
4.496767651E-3	4.505651072E-3	4.499536473E-3
4.427219275E-3	4.442014266E-3	4.443596117E-3
4.554096609E-3	4.565438721E-3	4.561237525E-3
4.559195600E-3	4.563332070E-3	4.563689232E-3
4.633223638E-3	4.626273178E-3	4.628344905E-3
4.761417862E-3	4.754494876E-3	4.754770547E-3
4.791781772E-3	4.798820708E-3	4.809765145E-3
4.934204742E-3	4.941029474E-3	4.936436657E-3
5.039045587E-3	5.045817699E-3	5.048030056E-3
5.086455960E-3	5.109610036E-3	5.093529820E-3
5.245839246E-3	5.245782901E-3	5.259324331E-3
5.218132865E-3	5.221730098E-3	5.215295590E-3
5.507714115E-3	5.506105721E-3	5.519663915E-3
5.498819984E-3	5.489576142E-3	5.513873883E-3
5.737853702E-3	5.741208792E-3	5.748402327E-3
5.713397637E-3	5.735275801E-3	5.744171329E-3
5.899172742E-3	5.913187284E-3	5.916707683E-3
5.947682075E-3	5.943812896E-3	5.957978312E-3
5.895898677E-3	5.888757296E-3	5.901875440E-3
6.072125863E-3	6.080362946E-3	6.093337666E-3
6.021106616E-3	6.025955547E-3	6.038601510E-3
6.293964107E-3	6.282763090E-3	6.285696290E-3
6.232151762E-3	6.235554349E-3	6.240802351E-3
6.558848545E-3	6.544952281E-3	6.568941753E-3
6.437369157E-3	6.428638473E-3	6.451135501E-3
6.554607768E-3	6.546085235E-3	6.543166004E-3
6.551682483E-3	6.557824556E-3	6.553644314E-3
6.715752184E-3	6.728499662E-3	6.692386698E-3
6.836836692E-3	6.845829077E-3	6.831763778E-3
6.936754566E-3	6.939780898E-3	6.918773986E-3
7.366122678E-3	7.341959048E-3	7.336410694E-3
7.719413377E-3	7.728162222E-3	7.702350151E-3
8.212524466E-3	8.228566498E-3	8.227566257E-3
8.700240403E-3	8.708017878E-3	8.707371540E-3
9.415743873E-3	9.419011883E-3	9.399747476E-3
9.893869981E-3	9.901911020E-3	9.890475310E-3
1.027961913E-2	1.027207822E-2	1.026161294E-2
1.062073465E-2	1.063533500E-2	1.060789637E-2
1.096929982E-2	1.096451189E-2	1.095711812E-2
1.141843293E-2	1.139175612E-2	1.138700731E-2
1.190602966E-2	1.188414171E-2	1.189247612E-2
1.233400498E-2	1.233409159E-2	1.231319085E-2
1.294128690E-2	1.293824986E-2	1.294972468E-2
1.360980049E-2	1.359009184E-2	1.360866521E-2
1.435031835E-2	1.435655169E-2	1.436974108E-2
1.497683022E-2	1.499148645E-2	1.499559265E-2
1.563109271E-2	1.562702842E-2	1.563276537E-2
1.628872566E-2	1.626444981E-2	1.625855453E-2
1.637171023E-2	1.635417342E-2	1.638942026E-2
1.617138460E-2	1.615352929E-2	1.617549360E-2
1.612384431E-2	1.612482220E-2	1.615766808E-2
1.630286127E-2	1.631558500E-2	1.633894071E-2
1.677969098E-2	1.678766310E-2	1.681423932E-2
1.714524254E-2	1.710487157E-2	1.717611216E-2
1.750770770E-2	1.748045720E-2	1.755604148E-2
1.798173971E-2	1.798419468E-2	1.804442890E-2
1.863316819E-2	1.867216453E-2	1.865522377E-2
1.902557909E-2	1.901886798E-2	1.900786534E-2
1.926357672E-2	1.928518526E-2	1.925997809E-2
1.948630996E-2	1.949520037E-2	1.948344894E-2
1.986153424E-2	1.987596974E-2	1.985204592E-2
2.046319470E-2	2.048413455E-2	2.041865513E-2
2.120316960E-2	2.123663388E-2	2.115697041E-2
2.183038741E-2	2.183909714E-2	2.175494656E-2
2.182421461E-2	2.179851755E-2	2.176943608E-2
2.090368792E-2	2.090298384E-2	2.089019679E-2
1.918093301E-2	1.918334328E-2	1.915854216E-2
1.811940223E-2	1.810452342E-2	1.807761006E-2
1.777873188E-2	1.777756959E-2	1.778100058E-2
1.712664217E-2	1.711160876E-2	1.712832972E-2
1.610803977E-2	1.608431339E-2	1.608719863E-2
1.472831797E-2	1.471196022E-2	1.468651369E-2
1.390396338E-2	1.390790101E-2	1.384090167E-2
1.378052589E-2	1.378279924E-2	1.368124317E-2
1.327647269E-2	1.326592360E-2	1.317958813E-2
1.245041285E-2	1.245259773E-2	1.238748431E-2
1.134383865E-2	1.132008713E-2	1.128281560E-2
1.028039958E-2	1.024317089E-2	1.024224982E-2
9.274188429E-3	9.239374660E-3	9.273909964E-3
8.002922870E-3	7.955357432E-3	8.036936633E-3
6.637013052E-3	6.597228814E-3	6.725862157E-3
5.278436467E-3	5.240765400E-3	5.340083502E-3
4.039073363E-3	4.032822326E-3	4.127963446E-3
3.025070997E-3	2.986230887E-3	3.078541486E-3
2.056614263E-3	2.052403055E-3	2.138492884E-3
1.201931853E-3	1.191667980E-3	1.278962241E-3
4.956852645E-4	4.775354755E-4	5.753434380E-4
-3.793703945E-5	-4.467049803E-5	3.187214315E-5
-4.102401144E-4	-3.940082970E-4	-3.623032826E-4
-7.300758734E-4	-7.025148952E-4	-7.554629119E-4
-1.032765023E-3	-1.004402991E-3	-1.048093196E-3
-1.210140530E-3	-1.183957211E-3	-1.220709994E-3
-1.313594868E-3	-1.308001927E-3	-1.364441705E-3
-1.233589952E-3	-1.214420656E-3	-1.274465467E-3
-1.178313978E-3	-1.160282409E-3	-1.246091793E-3
-1.045319252E-3	-1.033501932E-3	-1.127231051E-3
-9.522604523E-4	-9.596186574E-4	-1.050266088E-3
-7.931460277E-4	-7.791175740E-4	-8.695810684E-4
-6.840451388E-4	-7.210862241E-4	-7.323324680E-4
-6.048994837E-4	-6.189945270E-4	-6.436766707E-4
-5.063510034E-4	-4.863833892E-4	-5.040565156E-4
-4.316191771E-4	-4.439250915E-4	-4.598376690E-4
-2.392134047E-4	-2.742707147E-4	-2.680959005E-4
-2.641497413E-4	-2.788733691E-4	-2.853026090E-4
-1.455535385E-4	-1.835881558E-4	-1.536613563E-4
-1.722388406E-4	-1.804741041E-4	-1.656941313E-4
-3.374930020E-5	-3.262800965E-5	-8.818108654E-6
5.063982462E-5	3.481637032E-5	8.739672194E-5
3.130581754E-4	3.100603644E-4	3.458635765E-4
5.475117941E-4	5.329836858E-4	5.715874140E-4
6.706903805E-4	6.732241018E-4	7.076938055E-4
1.044575474E-3	1.039518742E-3	1.058598049E-3
1.244354760E-3	1.240891870E-3	1.261469442E-3
1.569526619E-3	1.575934119E-3	1.607701532E-3
1.753941644E-3	1.756219659E-3	1.782626263E-3
2.119527664E-3	2.115698298E-3	2.122059697E-3
2.458088798E-3	2.462900942E-3	2.466378501E-3
2.612796845E-3	2.608349081E-3	2.621301915E-3
2.832280239E-3	2.847413300E-3	2.841687296E-3
2.927212976E-3	2.941498766E-3	2.951242030E-3
3.122711321E-3	3.139366396E-3	3.126399126E-3
3.373177722E-3	3.353562905E-3	3.372070845E-3
3.593041096E-3	3.590146312E-3	3.588625696E-3
3.853235627E-3	3.853240749E-3	3.863428487E-3
4.004246555E-3	4.021167289E-3	4.029275384E-3
4.304951522E-3	4.296916071E-3	4.305845127E-3
4.559075925E-3	4.581335001E-3	4.572237376E-3
4.837909713E-3	4.839870613E-3	4.821090028E-3
5.069150124E-3	5.069903098E-3	5.073265173E-3
5.154631101E-3	5.173257552E-3	5.147373769E-3
5.379894283E-3	5.402088165E-3	5.386282224E-3
5.526524503E-3	5.519772414E-3	5.487427115E-3
5.689225160E-3	5.685159471E-3	5.664419848E-3
5.703595467E-3	5.703304894E-3	5.691819359E-3
5.800477695E-3	5.804894492E-3	5.792119540E-3
5.848103203E-3	5.853338633E-3	5.833353847E-3
5.952441599E-3	5.943724886E-3	5.922945216E-3
6.083532237E-3	6.069669966E-3	6.045521237E-3
6.167401094E-3	6.162807811E-3	6.141111255E-3
6.458097603E-3	6.449032109E-3	6.445009261E-3
6.395189557E-3	6.389701273E-3	6.393540651E-3
6.534968037E-3	6.518964656E-3	6.532420870E-3
6.437872071E-3	6.431049667E-3	6.430492736E-3
6.645542569E-3	6.635335740E-3	6.640989333E-3
6.674154662E-3	6.673321128E-3	6.666338537E-3
6.773923989E-3	6.775360554E-3	6.786973216E-3
6.842982024E-3	6.833242252E-3	6.850360427E-3
6.799440365E-3	6.785967387E-3	6.802321877E-3
7.151992992E-3	7.137102075E-3	7.168934215E-3
7.047298364E-3	7.043113466E-3	7.059100084E-3
7.402174640E-3	7.401000243E-3	7.390812505E-3
7.161921356E-3	7.154637482E-3	7.185132708E-3
7.454591338E-3	7.459519431E-3	7.484570611E-3
7.408307865E-3	7.410704158E-3	7.425486576E-3
7.767823059E-3	7.767525502E-3	7.789905183E-3
8.007858880E-3	8.003942668E-3	8.028188720E-3
8.297489956E-3	8.294681087E-3	8.325382136E-3
8.766409010E-3	8.777404204E-3	8.789590560E-3
8.857423440E-3	8.847600780E-3	8.875907399E-3
9.418334812E-3	9.417518042E-3	9.412535466E-3
9.410920553E-3	9.437139146E-3	9.433117695E-3
1.006658096E-2	1.006727666E-2	1.005418412E-2
1.019284781E-2	1.018745452E-2	1.018856931E-2
1.071058400E-2	1.071455050E-2	1.069963258E-2
1.093482133E-2	1.094158925E-2	1.091815718E-2
1.105229463E-2	1.104207989E-2	1.103041600E-2
1.121351030E-2	1.124341413E-2	1.120438986E-2
1.131140627E-2	1.130321249E-2	1.126141008E-2
1.188470609E-2	1.190158632E-2	1.186260581E-2
1.212680712E-2	1.211756375E-2	1.209789980E-2
1.250783913E-2	1.250538882E-2	1.244362351E-2
1.288216375E-2	1.286409423E-2	1.281090453E-2
1.317432709E-2	1.313941460E-2	1.310729608E-2
1.364009082E-2	1.363485120E-2	1.361002866E-2
1.391476765E-2	1.388599351E-2	1.385719609E-2
1.453080960E-2	1.450323313E-2	1.447901037E-2
1.468088292E-2	1.467442419E-2	1.466785092E-2
1.516435854E-2	1.514224429E-2	1.515565254E-2
1.564330794E-2	1.565863565E-2	1.565415040E-2
1.573398523E-2	1.572721824E-2	1.573805138E-2
1.652445830E-2	1.650685072E-2	1.655773632E-2
1.626621187E-2	1.625292003E-2	1.629694737E-2
1.744388975E-2	1.743582822E-2	1.747309975E-2
1.704097353E-2	1.702954620E-2	1.706760563E-2
1.837552153E-2	1.835907623E-2	1.839556172E-2
1.830861531E-2	1.827037148E-2	1.833677478E-2
1.894870587E-2	1.892312244E-2	1.898701489E-2
1.981613599E-2	1.983631402E-2	1.987849735E-2
1.959873177E-2	1.960705593E-2	1.962732524E-2
2.177377231E-2	2.177136391E-2	2.178892866E-2
2.039391920E-2	2.040400356E-2	2.038724907E-2
2.373090200E-2	2.374514379E-2	2.376438677E-2
2.167052031E-2	2.167395875E-2	2.164867520E-2
2.555935457E-2	2.558972873E-2	2.555021271E-2
2.381147258E-2	2.380978130E-2	2.376667410E-2
2.730391920E-2	2.730914578E-2	2.725900896E-2
2.703211270E-2	2.703044564E-2	2.701064013E-2
2.915480733E-2	2.915410325E-2	2.911260352E-2
3.120304458E-2	3.118818440E-2	3.115680628E-2
3.119564615E-2	3.118689358E-2	3.115170635E-2
3.553193063E-2	3.552796692E-2	3.549986333E-2
3.346506879E-2	3.345008567E-2	3.341799974E-2
3.986667469E-2	3.983965144E-2	3.982982039E-2
3.717556596E-2	3.717856482E-2	3.712671623E-2
4.515077546E-2	4.517211393E-2	4.512934014E-2
4.349499196E-2	4.349422455E-2	4.345831648E-2
5.080617964E-2	5.080688745E-2	5.077214912E-2
5.106654018E-2	5.105743185E-2	5.100103095E-2
5.654167011E-2	5.653521791E-2	5.646773428E-2
5.953635648E-2	5.955344066E-2	5.947088450E-2
6.285285205E-2	6.286793947E-2	6.277564913E-2
6.834200025E-2	6.833221763E-2	6.825327873E-2
6.912785769E-2	6.913472712E-2	6.906132400E-2
7.536810637E-2	7.534465939E-2	7.532662898E-2
7.362605631E-2	7.360266149E-2	7.361811399E-2
7.793974876E-2	7.792111486E-2	7.800091058E-2
7.433946431E-2	7.431673259E-2	7.440035045E-2
7.499823719E-2	7.493366301E-2	7.508880645E-2
6.913132221E-2	6.911246479E-2	6.930886209E-2
6.426524371E-2	6.425193697E-2	6.449208409E-2
5.772859231E-2	5.765248090E-2	5.797241256E-2
4.847775027E-2	4.847290367E-2	4.866167903E-2
4.070023820E-2	4.069635645E-2	4.082145169E-2
2.739949338E-2	2.738062106E-2	2.741676942E-2
1.813605614E-2	1.818919741E-2	1.807370782E-2
4.176285118E-3	4.217722919E-3	3.989283927E-3
-4.648496863E-3	-4.599232692E-3	-4.892584868E-3
-1.630426385E-2	-1.626941003E-2	-1.649562083E-2
-2.452510595E-2	-2.454313636E-2	-2.467214875E-2
-3.293816373E-2	-3.300135955E-2	-3.312339261E-2
-4.089498147E-2	-4.094211012E-2	-4.104725644E-2
-4.611178860E-2	-4.619781673E-2	-4.628360271E-2
-5.236167461E-2	-5.245147645E-2	-5.251711234E-2
-5.469861627E-2	-5.479691550E-2	-5.482149869E-2
-5.913507193E-2	-5.916479975E-2	-5.920717120E-2
-5.957866460E-2	-5.964066461E-2	-5.965260416E-2
-6.101902947E-2	-6.105335802E-2	-6.104588136E-2
-5.923032388E-2	-5.926264822E-2	-5.927512795E-2
-5.841718987E-2	-5.842802301E-2	-5.839859694E-2
-5.699153990E-2	-5.704195052E-2	-5.698783696E-2
-5.463838577E-2	-5.465885624E-2	-5.464708805E-2
-5.278776214E-2	-5.280000344E-2	-5.276744813E-2
-4.923572764E-2	-4.923885316E-2	-4.918234423E-2
-4.700415209E-2	-4.699778184E-2	-4.697540775E-2
-4.385939613E-2	-4.386785999E-2	-4.385090247E-2
-4.233060405E-2	-4.231685773E-2	-4.230966419E-2
-4.001161456E-2	-3.999942169E-2	-4.003206640E-2
-3.796529025E-2	-3.794088587E-2	-3.797670454E-2
-3.562401235E-2	-3.561294451E-2	-3.566398472E-2
-3.266070783E-2	-3.264098242E-2	-3.269948810E-2
-3.030126914E-2	-3.027615696E-2	-3.028215282E-2
-2.733361907E-2	-2.732473053E-2	-2.731660195E-2
-2.498387732E-2	-2.499176189E-2	-2.494285256E-2
-2.246024460E-2	-2.244418487E-2	-2.239879221E-2
-2.018674649E-2	-2.017885633E-2	-2.012377046E-2
-1.848266460E-2	-1.848531701E-2	-1.841975376E-2
-1.661906391E-2	-1.662414707E-2	-1.659664512E-2
-1.522162650E-2	-1.520169713E-2	-1.518930402E-2
-1.342837699E-2	-1.343084499E-2	-1.340440381E-2
-1.259977929E-2	-1.258622762E-2	-1.255045645E-2
-1.139888261E-2	-1.138207130E-2	-1.134817023E-2
-1.048137620E-2	-1.046298072E-2	-1.044459734E-2
-9.596061893E-3	-9.605602361E-3	-9.584043175E-3
-8.399087004E-3	-8.397391066E-3	-8.371927775E-3
-7.855503820E-3	-7.842776366E-3	-7.817963138E-3
-6.657287944E-3	-6.666381843E-3	-6.631514523E-3
-6.266340148E-3	-6.256227847E-3	-6.222882308E-3
-5.419952329E-3	-5.412377883E-3	-5.395228975E-3
-5.092714448E-3	-5.087657832E-3	-5.081311334E-3
-4.477433860E-3	-4.466153681E-3	-4.469100386E-3
-3.900007810E-3	-3.887329483E-3	-3.905346151E-3
-3.516155062E-3	-3.509585746E-3	-3.544738749E-3
-2.734621754E-3	-2.719972981E-3	-2.744392026E-3
-2.652374562E-3	-2.632360440E-3	-2.653212054E-3
-1.877113711E-3	-1.869812142E-3	-1.886021113E-3
-1.855981769E-3	-1.842184807E-3	-1.854866627E-3
-1.240691287E-3	-1.252734452E-3	-1.256028074E-3
-1.130769495E-3	-1.136913314E-3	-1.144482405E-3
-9.808186442E-4	-9.842331056E-4	-9.929864900E-4
-8.624773473E-4	-8.681598702E-4	-8.685138891E-4
-9.485346382E-4	-9.524124325E-4	-9.533439879E-4
-7.823727792E-4	-7.631686167E-4	-7.703775773E-4
-9.538892773E-4	-9.701463860E-4	-9.632764850E-4
-7.559242076E-4	-7.652588538E-4	-7.381890318E-4
-7.280202699E-4	-7.163187256E-4	-7.211974007E-4
-4.121798556E-4	-3.858233104E-4	-3.979685425E-4
-2.863279660E-4	-2.722227946E-4	-2.735671005E-4
-7.453424769E-5	-6.634220335E-5	-9.221649088E-5
2.629889350E-4	2.759524214E-4	2.628868679E-4
3.554987197E-4	3.633122833E-4	3.357960086E-4
7.185011054E-4	7.307567867E-4	7.065330283E-4
7.214009529E-4	7.318740245E-4	7.052010042E-4
1.121859998E-3	1.120913657E-3	1.129803597E-3
1.242952887E-3	1.249229070E-3	1.278505079E-3
1.479590777E-3	1.469071954E-3	1.500852173E-3
1.735709608E-3	1.724241534E-3	1.762604457E-3
1.796360826E-3	1.808167202E-3	1.812773291E-3
2.198808361E-3	2.191560343E-3	2.236296656E-3
2.190301428E-3	2.195231151E-3	2.209864091E-3
2.526477678E-3	2.527651843E-3	2.533615800E-3
2.501348266E-3	2.502692631E-3	2.516055014E-3
2.729367698E-3	2.714856528E-3	2.729342319E-3
2.890012460E-3	2.891046461E-3	2.901523141E-3
2.918969607E-3	2.912948374E-3	2.927433932E-3
3.098738613E-3	3.093964420E-3	3.102992661E-3
3.071429674E-3	3.069715342E-3	3.066801466E-3
3.373762826E-3	3.398471512E-3	3.394381609E-3
3.364538774E-3	3.382962663E-3	3.390832571E-3
3.641747870E-3	3.618239891E-3	3.638368798E-3
3.713696962E-3	3.723539412E-3	3.719525645E-3
3.967899829E-3	3.971964587E-3	3.966206219E-3
4.050868098E-3	4.070395138E-3	4.046651535E-3
4.058708437E-3	4.053842276E-3	4.068652168E-3
4.106848966E-3	4.106560722E-3	4.101288505E-3
4.159888253E-3	4.146976396E-3	4.146224819E-3
4.282906186E-3	4.295827821E-3	4.263420589E-3
4.250574857E-3	4.234761931E-3	4.219026770E-3
4.367218819E-3	4.362937994E-3	4.327065777E-3
4.463004880E-3	4.465852398E-3	4.435436334E-3
4.650352988E-3	4.635640420E-3	4.604299087E-3
4.649923649E-3	4.643220920E-3	4.614684731E-3
4.664234817E-3	4.668405280E-3	4.626537208E-3
4.733143374E-3	4.736918956E-3	4.713737871E-3
4.659536760E-3	4.671675619E-3	4.656115547E-3
4.764168523E-3	4.772316664E-3	4.756824113E-3
4.772745539E-3	4.786598496E-3	4.794192500E-3
4.819126800E-3	4.809281789E-3	4.834974650E-3
4.800265189E-3	4.790970590E-3	4.808441736E-3
4.732387606E-3	4.734677263E-3	4.769520834E-3
4.661915824E-3	4.654309247E-3	4.688763060E-3
4.512707703E-3	4.529104568E-3	4.559373949E-3
4.469813313E-3	4.478436429E-3	4.495163448E-3
4.413379822E-3	4.423084203E-3	4.427919164E-3
4.334956873E-3	4.316887353E-3	4.341507796E-3
4.291316960E-3	4.259943962E-3	4.290441982E-3
4.154383205E-3	4.150399007E-3	4.142962862E-3
4.066087306E-3	4.055851139E-3	4.057194106E-3
3.962717950E-3	3.966393415E-3	3.967201803E-3
3.954448737E-3	3.967104014E-3	3.947393969E-3
3.959886730E-3	3.985162824E-3	3.973522224E-3
3.937111702E-3	3.921383992E-3	3.920104820E-3
3.888964886E-3	3.882913152E-3	3.888352076E-3
3.757595783E-3	3.781841369E-3	3.777540755E-3
3.727245377E-3	3.727223026E-3	3.730162047E-3
3.680852940E-3	3.692415077E-3	3.697084961E-3
3.633375280E-3	3.622029442E-3	3.628312144E-3
3.559741657E-3	3.556993790E-3	3.542314749E-3
3.405959345E-3	3.442513524E-3	3.438590094E-3
3.433170728E-3	3.447316354E-3	3.422893118E-3
3.395205829E-3	3.384608543E-3	3.364382777E-3
3.421935951E-3	3.405371448E-3	3.392714541E-3
3.294019727E-3	3.295093775E-3	3.276941134E-3
3.225491848E-3	3.212121315E-3	3.215099685E-3
3.135895124E-3	3.133121412E-3	3.108231118E-3
3.026304767E-3	3.022933612E-3	3.026596038E-3
3.046790836E-3	3.050663974E-3	3.047652543E-3
3.059780924E-3	3.080969211E-3	3.067154204E-3
3.054694971E-3	3.055765759E-3	3.059434006E-3
3.017961979E-3	3.010180779E-3	3.001406323E-3
3.011387773E-3	2.994203707E-3	3.012856236E-3
2.973369323E-3	2.969962545E-3	2.964577405E-3
2.910148585E-3	2.915806370E-3	2.904640744E-3
2.957236953E-3	2.956836717E-3	2.947117668E-3
2.900811145E-3	2.893507015E-3	2.887978917E-3
2.928668633E-3	2.928995294E-3	2.914037323E-3
2.980950521E-3	2.982852515E-3	2.989065368E-3
3.117366228E-3	3.112996696E-3	3.119555302E-3
3.238798119E-3	3.236765740E-3	3.237156663E-3
3.344146302E-3	3.338591661E-3	3.360792063E-3
3.476672573E-3	3.475896548E-3	3.508119145E-3
3.620224539E-3	3.598033683E-3	3.649159800E-3
3.735456616E-3	3.716928884E-3	3.744862974E-3
3.786941292E-3	3.776947036E-3	3.808780340E-3
3.841489088E-3	3.848873079E-3	3.863916965E-3
3.938287962E-3	3.949368838E-3	3.956978209E-3
4.145815969E-3	4.151743371E-3	4.132656846E-3
4.396190867E-3	4.399248399E-3	4.415023141E-3
4.578785971E-3	4.562273156E-3	4.584192764E-3
4.747692961E-3	4.731375258E-3	4.729263484E-3
4.906448536E-3	4.887595773E-3	4.880880937E-3
4.900150932E-3	4.899256397E-3	4.866310395E-3
4.867190495E-3	4.855519161E-3	4.837709479E-3
5.002238788E-3	4.996153060E-3	4.990756512E-3
5.087276921E-3	5.085401237E-3	5.077283829E-3
5.187930539E-3	5.169105716E-3	5.163546652E-3
5.218758248E-3	5.218445323E-3	5.190153606E-3
5.227664486E-3	5.240559112E-3	5.215767305E-3
5.243837368E-3	5.242061336E-3	5.239670631E-3
5.225375760E-3	5.239574704E-3	5.226222798E-3
5.327327643E-3	5.317385774E-3	5.317095201E-3
5.266979337E-3	5.278452300E-3	5.274374969E-3
5.341032520E-3	5.336361472E-3	5.319853313E-3
5.360960495E-3	5.366475787E-3	5.328517873E-3
5.343268160E-3	5.339349620E-3	5.314204842E-3
5.233757664E-3	5.233402830E-3	5.214522127E-3
5.204232875E-3	5.224018358E-3	5.209751427E-3
5.299913697E-3	5.291290581E-3	5.303061567E-3
5.299978424E-3	5.295680370E-3	5.304602906E-3
5.345069803E-3	5.348980427E-3	5.340109114E-3
5.383539014E-3	5.375354085E-3	5.382603966E-3
5.343161058E-3	5.345534533E-3	5.339622963E-3
5.423805676E-3	5.421847571E-3	5.422051530E-3
5.452897400E-3	5.452611018E-3	5.438819993E-3
5.673620384E-3	5.660375580E-3	5.644926336E-3
5.852511618E-3	5.862415303E-3	5.821606610E-3
5.999583285E-3	5.989285652E-3	5.987554323E-3
6.101496052E-3	6.098560523E-3	6.120658945E-3
6.205273326E-3	6.190049462E-3	6.219958421E-3
6.380932871E-3	6.376146805E-3	6.436998025E-3
6.573400460E-3	6.574309431E-3	6.636179052E-3
6.818837486E-3	6.822315045E-3	6.845977157E-3
6.829550024E-3	6.818101276E-3	6.835593376E-3
6.788970903E-3	6.781537086E-3	6.802245509E-3
6.778128911E-3	6.776615512E-3	6.791024935E-3
6.885192823E-3	6.890100427E-3	6.885379553E-3
6.961865351E-3	6.955296732E-3	6.972184405E-3
6.987199187E-3	7.012140006E-3	7.016494870E-3
7.123236079E-3	7.119499147E-3	7.130089682E-3
7.316178177E-3	7.301873062E-3	7.325246930E-3
7.273092866E-3	7.263809443E-3	7.294506300E-3
7.361087482E-3	7.342211902E-3	7.364645600E-3
7.448237389E-3	7.463977672E-3	7.467560936E-3
7.516351063E-3	7.510384545E-3	7.497879677E-3
7.727957331E-3	7.722477429E-3	7.682357915E-3
8.060492575E-3	8.054698817E-3	7.991069928E-3
8.474144153E-3	8.458958007E-3	8.409122005E-3
8.575025015E-3	8.560654707E-3	8.504530415E-3
8.677858859E-3	8.645365946E-3	8.582492359E-3
8.659637533E-3	8.679025806E-3	8.588287048E-3
8.923849091E-3	8.923486806E-3	8.867698722E-3
9.031934664E-3	9.034383111E-3	8.996658027E-3
8.923395537E-3	8.917354979E-3	8.921777830E-3
8.562619798E-3	8.562011644E-3	8.580593392E-3
7.864564657E-3	7.859857753E-3	7.873152383E-3
7.320308592E-3	7.310849149E-3	7.328008302E-3
6.393028889E-3	6.380615756E-3	6.438027602E-3
5.702375434E-3	5.719449837E-3	5.716802552E-3
4.752785899E-3	4.751238506E-3	4.742548801E-3
4.183358513E-3	4.175950773E-3	4.149070475E-3
3.243862884E-3	3.264186671E-3	3.231826006E-3
2.323837252E-3	2.342702122E-3	2.301549772E-3
1.472776290E-3	1.472265925E-3	1.444721711E-3
3.189396230E-4	2.967048204E-4	2.858569496E-4
-3.150048724E-4	-3.355574445E-4	-3.504269989E-4
-1.373148523E-3	-1.383193419E-3	-1.382233575E-3
-1.901029143E-3	-1.900466275E-3	-1.865464612E-3
-2.752781147E-3	-2.754878951E-3	-2.725815400E-3
-3.074193373E-3	-3.077108879E-3	-3.025230719E-3
-3.434300423E-3	-3.431117628E-3	-3.390421392E-3
-3.627514467E-3	-3.630756168E-3	-3.585151862E-3
-3.391576931E-3	-3.407919779E-3	-3.372986102E-3
-3.624327714E-3	-3.630367341E-3	-3.613510402E-3
-3.292989219E-3	-3.296906361E-3	-3.295127768E-3
-3.520222614E-3	-3.524506697E-3	-3.526558634E-3
-3.297792980E-3	-3.299039090E-3	-3.293424845E-3
-3.439138876E-3	-3.438042244E-3	-3.418524051E-3
-3.340719035E-3	-3.335037967E-3	-3.320497693E-3
-3.204998560E-3	-3.196270904E-3	-3.221193561E-3
-3.408678574E-3	-3.391974140E-3	-3.409072990E-3
-3.052488435E-3	-3.040650627E-3	-3.051647218E-3
-3.333206754E-3	-3.320856020E-3	-3.361948999E-3
-3.013437148E-3	-3.018358955E-3	-3.046716796E-3
-3.208974376E-3	-3.221896477E-3	-3.264503786E-3
-2.906936919E-3	-2.903103363E-3	-2.942985157E-3
-2.822367242E-3	-2.821226604E-3	-2.855740022E-3
-2.865690505E-3	-2.864835784E-3	-2.899741288E-3
-2.583407098E-3	-2.585247857E-3	-2.613773104E-3
-2.799508860E-3	-2.811407903E-3	-2.817786066E-3
-2.376228804E-3	-2.368412213E-3	-2.388932509E-3
-2.525996882E-3	-2.540494082E-3	-2.555362182E-3
-2.145106904E-3	-2.150391461E-3	-2.153664129E-3
-2.233680570E-3	-2.241699956E-3	-2.245121170E-3
-2.085436136E-3	-2.084907610E-3	-2.082748339E-3
-1.981136622E-3	-1.988226781E-3	-1.955884742E-3
-2.050357405E-3	-2.057260368E-3	-2.049950184E-3
-1.645412296E-3	-1.637901994E-3	-1.641223324E-3
-1.858685864E-3	-1.849150634E-3	-1.859766315E-3
-1.397300046E-3	-1.391622005E-3	-1.391208963E-3
-1.578491763E-3	-1.594349858E-3	-1.548717381E-3
-1.280009514E-3	-1.275770133E-3	-1.261852449E-3
-1.324164448E-3	-1.334487693E-3	-1.303590951E-3
-1.314991736E-3	-1.306173042E-3	-1.300691511E-3
-1.012881752E-3	-1.014933689E-3	-1.011531684E-3
-1.214700518E-3	-1.210281625E-3	-1.200883300E-3
-7.359435549E-4	-7.283292944E-4	-7.148376317E-4
-9.784928989E-4	-9.674580069E-4	-9.636718314E-4
-6.166854873E-4	-6.008403143E-4	-6.036968553E-4
-7.423651405E-4	-7.395114517E-4	-7.314069662E-4
-5.108398618E-4	-5.097111571E-4	-5.155928666E-4
-2.450328611E-4	-2.460851101E-4	-2.356679470E-4
-3.465441696E-4	-3.502568579E-4	-3.548065142E-4
1.171544864E-4	1.215078300E-4	1.154415659E-4
-1.757002028E-4	-1.946578705E-4	-1.949872967E-4
3.684727999E-4	3.585802333E-4	3.509641974E-4
2.444176243E-5	2.643281186E-5	8.530846571E-6
4.644597066E-4	4.513308522E-4	4.435018054E-4
4.042837245E-4	4.079584323E-4	3.907850769E-4
4.890626296E-4	4.809832317E-4	4.867203243E-4
8.040786488E-4	8.035451756E-4	8.105717716E-4
5.665689823E-4	5.749796401E-4	5.682619521E-4
1.114470884E-3	1.117444248E-3	1.100753667E-3
7.256017998E-4	7.198904059E-4	7.171373582E-4
1.261366182E-3	1.269315952E-3	1.265424653E-3
1.039824681E-3	1.031263266E-3	1.029413310E-3
1.331651350E-3	1.326151891E-3	1.327563194E-3
1.372041181E-3	1.382439979E-3	1.366271405E-3
1.308156410E-3	1.310853637E-3	1.307662926E-3
1.706314273E-3	1.689988887E-3	1.705031493E-3
1.343187876E-3	1.359499991E-3	1.350147300E-3
1.965570962E-3	1.952432212E-3	1.944965217E-3
1.615843386E-3	1.600552350E-3	1.607911661E-3
2.064469736E-3	2.054228215E-3	2.045071218E-3
1.975254854E-3	1.975663239E-3	1.945803873E-3
2.069804352E-3	2.058447804E-3	2.049425384E-3
2.354344586E-3	2.350480529E-3	2.342451364E-3
2.086817054E-3	2.078151796E-3	2.072612289E-3
2.624711720E-3	2.629092196E-3	2.615475794E-3
2.234410727E-3	2.235413063E-3	2.238312038E-3
2.761989366E-3	2.764665522E-3	2.757599112E-3
2.564039081E-3	2.559976187E-3	2.555847168E-3
2.718044445E-3	2.725942293E-3	2.723139245E-3
2.976887859E-3	2.972709714E-3	2.977006370E-3
2.681540092E-3	2.693513408E-3	2.702131169E-3
3.293522866E-3	3.295495175E-3	3.289429005E-3
2.718420699E-3	2.718839096E-3	2.706484869E-3
3.418141743E-3	3.425696166E-3	3.405236639E-3
2.961622784E-3	2.960886573E-3	2.954870695E-3
3.300670302E-3	3.288185224E-3	3.286144231E-3
3.264038824E-3	3.250179114E-3	3.259975230E-3
3.071272280E-3	3.083590185E-3	3.062517382E-3
3.600729397E-3	3.586981446E-3	3.596078604E-3
2.915438497E-3	2.917426173E-3	2.915232209E-3
3.703361144E-3	3.700958099E-3	3.711803118E-3
2.881699475E-3	2.880810993E-3	2.891309094E-3
3.554848721E-3	3.548726905E-3	3.548868466E-3
3.125830321E-3	3.114645137E-3	3.107754281E-3
3.348529106E-3	3.353280015E-3	3.343594493E-3
3.513058648E-3	3.517724574E-3	3.502181266E-3
3.062747652E-3	3.059143666E-3	3.035987727E-3
3.741848748E-3	3.725549206E-3	3.719788510E-3
2.854871564E-3	2.868562005E-3	2.849401440E-3
3.756572492E-3	3.751683049E-3	3.761705011E-3
2.915419871E-3	2.919265069E-3	2.905854490E-3
3.581314115E-3	3.584280843E-3	3.574056085E-3
3.226986621E-3	3.235526849E-3	3.246121807E-3
3.248042194E-3	3.238965292E-3	3.243024927E-3
3.596341005E-3	3.591113258E-3	3.599438816E-3
2.925537294E-3	2.921083011E-3	2.931387629E-3
3.791088937E-3	3.807827597E-3	3.798848484E-3
2.796282293E-3	2.773628104E-3	2.779852366E-3
3.673953703E-3	3.693806939E-3	3.682006849E-3
2.975420561E-3	2.987983637E-3	2.961459104E-3
3.335599555E-3	3.325333586E-3	3.318127245E-3
3.371031489E-3	3.362858668E-3	3.367508063E-3
2.875049133E-3	2.874774626E-3	2.879565349E-3
3.812660696E-3	3.809108399E-3	3.807345638E-3
2.634891309E-3	2.645158907E-3	2.627088688E-3
4.002523143E-3	4.007703625E-3	3.985643387E-3
2.759424038E-3	2.745616948E-3	2.749931999E-3
3.818849334E-3	3.794884076E-3	3.814711003E-3
3.217770951E-3	3.222048981E-3	3.214129712E-3
3.304272192E-3	3.326334758E-3	3.300505923E-3
3.886509454E-3	3.881441662E-3	3.894733731E-3
2.863284433E-3	2.853771904E-3	2.851312282E-3
4.442815203E-3	4.426206928E-3	4.423235077E-3
2.563522430E-3	2.568650525E-3	2.559784567E-3
4.559142515E-3	4.553141538E-3	4.569926299E-3
2.767141210E-3	2.761976561E-3	2.760126488E-3
4.226517864E-3	4.229683429E-3	4.228609614E-3
3.410900244E-3	3.424427472E-3	3.411696060E-3
3.659770358E-3	3.662243020E-3	3.664293559E-3
4.192734603E-3	4.181121476E-3	4.183311015E-3
3.093741601E-3	3.093698760E-3	3.083748976E-3
4.718521144E-3	4.705857020E-3	4.718428012E-3
2.878108760E-3	2.863507718E-3	2.858179389E-3
4.753270652E-3	4.753394052E-3	4.757774062E-3
3.139069304E-3	3.141591093E-3	3.124856623E-3
4.366878886E-3	4.377819132E-3	4.383196589E-3
3.812434152E-3	3.801231040E-3	3.809598042E-3
3.764416557E-3	3.780652070E-3	3.750740318E-3
4.565587267E-3	4.550185986E-3	4.546916112E-3
3.265690058E-3	3.239072859E-3	3.237030236E-3
5.131581798E-3	5.130934063E-3	5.132552702E-3
3.095788416E-3	3.088100115E-3	3.094013548E-3
5.086612888E-3	5.098797847E-3	5.077505950E-3
3.534786170E-3	3.530644113E-3	3.535206895E-3
4.611825105E-3	4.618864972E-3	4.608732183E-3
4.218271002E-3	4.207631573E-3	4.196665250E-3
4.022620618E-3	4.017708357E-3	4.028314725E-3
4.969651811E-3	4.969009198E-3	4.957291298E-3
3.496671561E-3	3.490357660E-3	3.473147517E-3
5.421128590E-3	5.424800329E-3	5.417726003E-3
3.282570047E-3	3.264505416E-3	3.272147849E-3
5.197170191E-3	5.194027908E-3	5.206782371E-3
3.643411677E-3	3.617895767E-3	3.628400387E-3
4.615322687E-3	4.614586011E-3	4.614554346E-3
4.250496626E-3	4.249376245E-3	4.248674959E-3
3.899461357E-3	3.881796030E-3	3.873478621E-3
4.816749599E-3	4.808126017E-3	4.815428983E-3
3.299809061E-3	3.296219278E-3	3.298269585E-3
5.222189240E-3	5.209830590E-3	5.226835608E-3
3.180972300E-3	3.179003019E-3	3.176902421E-3
4.965223372E-3	4.952432588E-3	4.951233976E-3
3.561776364E-3	3.546457272E-3	3.559260396E-3
4.431909882E-3	4.442365374E-3	4.414769355E-3
4.160366487E-3	4.148896318E-3	4.152563866E-3
3.796152305E-3	3.796172095E-3	3.787635360E-3
4.778332077E-3	4.771734588E-3	4.755413160E-3
3.323604120E-3	3.317055292E-3	3.310935106E-3
5.091147963E-3	5.094410852E-3	5.083668046E-3
3.282421734E-3	3.278814256E-3	3.281757003E-3
4.916583654E-3	4.914722871E-3	4.909153096E-3
3.641407471E-3	3.658845555E-3	3.638220252E-3
4.496274982E-3	4.488677252E-3	4.475035705E-3
4.249475431E-3	4.227799829E-3	4.239971749E-3
3.955395427E-3	3.941219300E-3	3.938989714E-3
4.732529167E-3	4.733669106E-3	4.728529602E-3
3.475671168E-3	3.469548188E-3	3.490297124E-3
4.943867680E-3	4.929675255E-3	4.928332288E-3
3.447553609E-3	3.444436239E-3	3.430600278E-3
4.797722213E-3	4.793309607E-3	4.785601981E-3
3.707312979E-3	3.698951565E-3	3.716017585E-3
4.404525738E-3	4.409990273E-3	4.407710861E-3
4.079811275E-3	4.068899434E-3	4.075631965E-3
3.878432326E-3	3.860769095E-3	3.871062072E-3
4.415096249E-3	4.415653180E-3	4.419744015E-3
3.534668125E-3	3.539056052E-3	3.530353075E-3
4.487412516E-3	4.473390989E-3	4.475560505E-3
3.444282804E-3	3.432129743E-3	3.429011442E-3
4.356650170E-3	4.348242655E-3	4.350093193E-3
3.626593854E-3	3.614407964E-3	3.626662539E-3
4.014176782E-3	4.025096539E-3	4.038548097E-3
3.890611930E-3	3.900354495E-3	3.884587204E-3
3.673871513E-3	3.667467739E-3	3.658909816E-3
4.057491664E-3	4.038316198E-3	4.038814921E-3
3.366282675E-3	3.365117591E-3	3.330923617E-3
4.004690796E-3	3.984752577E-3	3.971904516E-3
3.271748545E-3	3.277564421E-3	3.265790874E-3
3.780860454E-3	3.765521105E-3	3.749936353E-3
3.377901390E-3	3.374751192E-3	3.347507911E-3
3.517505014E-3	3.523931373E-3	3.503022483E-3
3.547378816E-3	3.548624460E-3	3.545395099E-3
3.235681914E-3	3.241197439E-3	3.222190542E-3
3.577082418E-3	3.579308977E-3	3.567440668E-3
3.030501073E-3	3.010546556E-3	2.999916207E-3
3.456578124E-3	3.449748503E-3	3.411032259E-3
2.937601879E-3	2.948193345E-3	2.931755502E-3
3.299656091E-3	3.294030670E-3	3.277075943E-3
3.095986089E-3	3.103993367E-3	3.093897132E-3
3.109836252E-3	3.104825271E-3	3.112570615E-3
3.204013454E-3	3.201084677E-3	3.199283732E-3
3.002945799E-3	3.001610050E-3	2.997373929E-3
3.346246667E-3	3.357291454E-3	3.358041868E-3
3.056474961E-3	3.050338477E-3	3.053911496E-3
3.308981424E-3	3.314433154E-3	3.317390569E-3
3.013407579E-3	2.994159702E-3	2.994952723E-3
3.145621158E-3	3.138780594E-3	3.117982764E-3
3.091674764E-3	3.100234317E-3	3.084912198E-3
3.063845681E-3	3.060449846E-3	3.067727666E-3
3.252524650E-3	3.241771832E-3	3.223249456E-3
3.068225225E-3	3.064669902E-3	3.054533387E-3
3.259244841E-3	3.253838979E-3	3.252113238E-3
3.036127426E-3	3.020487027E-3	3.042440629E-3
3.164826194E-3	3.152410965E-3	3.165647853E-3
3.075004090E-3	3.043339821E-3	3.069499508E-3
3.031547647E-3	3.035465255E-3	3.040588927E-3
3.072105581E-3	3.053006483E-3	3.061884781E-3
2.936952747E-3	2.918350743E-3	2.925115637E-3
3.064983757E-3	3.064430784E-3	3.059628885E-3
2.855311381E-3	2.852100180E-3	2.854762366E-3
2.944170265E-3	2.926099114E-3	2.927488647E-3
2.788589802E-3	2.783162519E-3	2.788318787E-3
2.831430407E-3	2.837432548E-3	2.836693078E-3
2.864832990E-3	2.864184091E-3	2.867066069E-3
2.795474138E-3	2.791676903E-3	2.770262770E-3
2.836110769E-3	2.827630611E-3	2.825322794E-3
2.693308750E-3	2.674999181E-3	2.685383894E-3
2.815404674E-3	2.801374067E-3	2.804487478E-3
2.698653145E-3	2.705858322E-3	2.683554776E-3
2.749852836E-3	2.750459127E-3	2.744358964E-3
2.650650684E-3	2.640662948E-3	2.639808226E-3
2.555779181E-3	2.569335280E-3	2.546309028E-3
2.506871941E-3	2.500541741E-3	2.495069988E-3
2.376806457E-3	2.369745634E-3	2.370257163E-3
2.341797808E-3	2.358021215E-3	2.349331276E-3
2.185370307E-3	2.174964640E-3	2.165781334E-3
2.155241556E-3	2.150618006E-3	2.129402012E-3
1.958170440E-3	1.976854401E-3	1.938072965E-3
1.878545852E-3	1.880900119E-3	1.860138844E-3
1.686563483E-3	1.697974862E-3	1.687351847E-3
1.533062197E-3	1.533831935E-3	1.513714436E-3
1.380620990E-3	1.390366815E-3	1.375377527E-3
1.196457772E-3	1.190182636E-3	1.184531488E-3
1.119491411E-3	1.111499500E-3	1.106324489E-3
9.908579523E-4	9.855304379E-4	9.966262151E-4
9.633718291E-4	9.687657584E-4	9.678059141E-4
8.260005852E-4	8.209808730E-4	8.225797792E-4
7.418053574E-4	7.380016614E-4	7.459832123E-4
6.328827003E-4	6.298360531E-4	6.522133481E-4
5.429419107E-4	5.287244567E-4	5.328425323E-4
5.569885834E-4	5.440145615E-4	5.469981115E-4
4.714519018E-4	4.718321434E-4	4.528936406E-4
4.754557740E-4	4.750659282E-4	4.682608997E-4
4.172582994E-4	3.985531221E-4	4.113522591E-4
4.079027858E-4	4.228538601E-4	4.111509188E-4
3.932789550E-4	4.044054658E-4	3.880290897E-4
3.905339981E-4	3.935164132E-4	3.800874692E-4
3.752851917E-4	3.804723092E-4	3.786571906E-4
3.182282380E-4	3.257148783E-4	3.224281245E-4
3.340202093E-4	3.345594741E-4	3.133275313E-4
2.789261925E-4	2.750139392E-4	2.596414415E-4
3.481864114E-4	3.400911228E-4	3.247237182E-4
3.316227521E-4	3.497803991E-4	3.264628467E-4
3.798633406E-4	3.913183173E-4	3.847611952E-4
3.853006638E-4	3.872858942E-4	3.708308213E-4
3.492534743E-4	3.395877720E-4	3.429303179E-4
3.639248607E-4	3.592706344E-4	3.622371587E-4
2.922167478E-4	3.129025572E-4	2.970457717E-4
3.536533914E-4	3.524673230E-4	3.732375044E-4
3.371486091E-4	3.429916978E-4	3.558818717E-4
3.972729319E-4	4.127521825E-4	4.288676428E-4
4.105033295E-4	4.099052458E-4	4.385067150E-4
4.396348086E-4	4.390712420E-4	4.416756274E-4
4.612691991E-4	4.616859369E-4	4.636770755E-4
4.364229389E-4	4.521096707E-4	4.477169714E-4
5.639476003E-4	5.639581359E-4	5.566077307E-4
6.067531649E-4	6.106221699E-4	6.071628886E-4
7.112628082E-4	7.025210070E-4	7.117375499E-4
7.223907742E-4	7.091693114E-4	7.013098802E-4
7.300766883E-4	7.488175761E-4	7.313605165E-4
7.222465938E-4	7.246992900E-4	7.030245615E-4
7.154435152E-4	7.117576897E-4	6.954447599E-4
7.489837008E-4	7.569061709E-4	7.437270833E-4
7.106786943E-4	6.873018574E-4	6.858182605E-4
6.928701769E-4	6.820420385E-4	6.663169479E-4
5.683826748E-4	5.705438089E-4	5.451003672E-4
4.819675814E-4	4.824309726E-4	4.789576924E-4
4.246408062E-4	4.252817016E-4	4.112546740E-4
3.951248946E-4	3.870580695E-4	3.753743076E-4
3.600263444E-4	3.693321196E-4	3.510269744E-4
2.857453364E-4	2.878312080E-4	2.796451154E-4
2.695375879E-4	2.484885626E-4	2.582735615E-4
1.721368899E-4	1.637501555E-4	1.647093741E-4
1.884865196E-4	1.783703337E-4	1.793572446E-4
1.784880733E-4	1.759033621E-4	1.756158745E-4
1.752260287E-4	1.773656986E-4	1.874504524E-4
1.235719392E-4	1.290636137E-4	1.456248137E-4
1.309902473E-5	2.127130028E-5	3.103058771E-5
-3.946954894E-5	-3.181565262E-5	-3.615388050E-5
-1.428671530E-4	-1.528557186E-4	-1.522288367E-4
-2.226601500E-4	-2.298889012E-4	-2.438314550E-4
-3.077857255E-4	-3.218602797E-4	-3.175704041E-4
-3.902159515E-4	-3.823391744E-4	-3.770320909E-4
-4.731393128E-4	-4.698179837E-4	-4.702321603E-4
-5.942411372E-4	-5.985090975E-4	-5.925227888E-4
-7.442685310E-4	-7.510474534E-4	-7.312216912E-4
-9.154030704E-4	-9.232468437E-4	-9.151261766E-4
-1.054538996E-3	-1.058588852E-3	-1.061499934E-3
-1.154810889E-3	-1.156058512E-3	-1.144838054E-3
-1.244136132E-3	-1.270048437E-3	-1.249289489E-3
-1.347631682E-3	-1.356864348E-3	-1.340224058E-3
-1.515947166E-3	-1.495035831E-3	-1.498898491E-3
-1.676543150E-3	-1.675607520E-3	-1.669133082E-3
-1.795278047E-3	-1.801124308E-3	-1.804151456E-3
-1.967711840E-3	-1.949632191E-3	-1.957969274E-3
-2.024987945E-3	-2.031862736E-3	-2.029158641E-3
-2.146803075E-3	-2.135033719E-3	-2.153327456E-3
-2.251111204E-3	-2.261282410E-3	-2.251606900E-3
-2.365339315E-3	-2.366290428E-3	-2.384515014E-3
-2.451015636E-3	-2.457147464E-3	-2.464226913E-3
-2.472256310E-3	-2.474980894E-3	-2.486553974E-3
-2.635143930E-3	-2.630773699E-3	-2.649921225E-3
-2.716359450E-3	-2.720314078E-3	-2.739961492E-3
-2.845829818E-3	-2.833560109E-3	-2.867786214E-3
-2.925093519E-3	-2.939226106E-3	-2.947205678E-3
-3.045134945E-3	-3.044245997E-3	-3.062861506E-3
-3.155772807E-3	-3.157897852E-3	-3.164241556E-3
-3.213039832E-3	-3.229957772E-3	-3.224247368E-3
-3.297790419E-3	-3.303449834E-3	-3.305785591E-3
-3.354187822E-3	-3.353050211E-3	-3.362018615E-3
-3.480220214E-3	-3.471858799E-3	-3.471590113E-3
-3.559702775E-3	-3.556853859E-3	-3.556464799E-3
-3.658847185E-3	-3.660321468E-3	-3.662917996E-3
-3.709028009E-3	-3.721849760E-3	-3.728271462E-3
-3.684619674E-3	-3.684363794E-3	-3.683513729E-3
-3.742643865E-3	-3.747109091E-3	-3.741196357E-3
-3.824998392E-3	-3.838007106E-3	-3.824272426E-3
-3.952692728E-3	-3.952867351E-3	-3.944866359E-3
-4.084084183E-3	-4.095954821E-3	-4.077145364E-3
-4.217101727E-3	-4.222072195E-3	-4.213672131E-3
-4.300689790E-3	-4.303146154E-3	-4.288331605E-3
-4.340773448E-3	-4.360219929E-3	-4.334106576E-3
-4.381470382E-3	-4.375586752E-3	-4.354105797E-3
-4.481677432E-3	-4.472963978E-3	-4.442839883E-3
-4.608825315E-3	-4.597465973E-3	-4.565215670E-3
-4.647967871E-3	-4.655321129E-3	-4.626526032E-3
-4.655424040E-3	-4.656452220E-3	-4.620411899E-3
-4.643701017E-3	-4.665308632E-3	-4.617555533E-3
-4.633082543E-3	-4.628206138E-3	-4.596076440E-3
-4.553836770E-3	-4.548118450E-3	-4.518965725E-3
-4.486583639E-3	-4.480061121E-3	-4.480346572E-3
-4.461410921E-3	-4.459153861E-3	-4.452970810E-3
-4.409959074E-3	-4.388305824E-3	-4.381495062E-3
-4.310208373E-3	-4.299283493E-3	-4.304882605E-3
-4.311147612E-3	-4.296965897E-3	-4.308048170E-3
-4.339017905E-3	-4.320571199E-3	-4.341451917E-3
-4.330579191E-3	-4.327882081E-3	-4.337091465E-3
-4.327746574E-3	-4.322409164E-3	-4.340972286E-3
-4.330985248E-3	-4.321943969E-3	-4.342831671E-3
-4.325162154E-3	-4.311641678E-3	-4.325432703E-3
-4.289161414E-3	-4.268268123E-3	-4.292942118E-3
-4.356644582E-3	-4.327113274E-3	-4.357226193E-3
-4.503217991E-3	-4.497298039E-3	-4.519191105E-3
-4.613975063E-3	-4.609317519E-3	-4.626384936E-3
-4.667274188E-3	-4.672911949E-3	-4.675165284E-3
-4.688419402E-3	-4.677409306E-3	-4.691285081E-3
-4.652232863E-3	-4.656095989E-3	-4.685873166E-3
-4.587325733E-3	-4.594360944E-3	-4.595318809E-3
-4.587596282E-3	-4.587977659E-3	-4.586773925E-3
-4.674339667E-3	-4.667902831E-3	-4.656048492E-3
-4.767254926E-3	-4.773091059E-3	-4.762529861E-3
-4.780251998E-3	-4.783361685E-3	-4.755519796E-3
-4.714630544E-3	-4.704353865E-3	-4.692616872E-3
-4.656794015E-3	-4.658896010E-3	-4.642253276E-3
-4.575136583E-3	-4.572580568E-3	-4.552582745E-3
-4.527905956E-3	-4.515336826E-3	-4.489306826E-3
-4.470999353E-3	-4.469993990E-3	-4.431111272E-3
-4.368021153E-3	-4.366377834E-3	-4.311531316E-3
-4.250566009E-3	-4.230167251E-3	-4.210860468E-3
-4.106244072E-3	-4.104677122E-3	-4.083780106E-3
-4.034943413E-3	-4.037843551E-3	-4.015014507E-3
-3.936497029E-3	-3.936402500E-3	-3.923362121E-3
-3.837475320E-3	-3.825364169E-3	-3.801772837E-3
-3.695216728E-3	-3.694205778E-3	-3.681656672E-3
-3.543468192E-3	-3.534684191E-3	-3.507976653E-3
-3.344375640E-3	-3.344716039E-3	-3.339565359E-3
-3.102337476E-3	-3.083464690E-3	-3.084460506E-3
-2.904396737E-3	-2.897272818E-3	-2.895329846E-3
-2.802248113E-3	-2.779135015E-3	-2.789919265E-3
-2.655184595E-3	-2.653375501E-3	-2.656257246E-3
-2.492713509E-3	-2.455082256E-3	-2.479515970E-3
-2.303645713E-3	-2.287104959E-3	-2.307467395E-3
-2.096031094E-3	-2.079094294E-3	-2.112042159E-3
-1.866853796E-3	-1.871091779E-3	-1.896911534E-3
-1.710370299E-3	-1.687962329E-3	-1.717866748E-3
-1.598891802E-3	-1.585341408E-3	-1.614508918E-3
-1.512033865E-3	-1.509621390E-3	-1.534672570E-3
-1.461903099E-3	-1.464967383E-3	-1.490429393E-3
-1.378324581E-3	-1.386461081E-3	-1.409488381E-3
-1.291995519E-3	-1.286757994E-3	-1.296996488E-3
-1.177540980E-3	-1.192666357E-3	-1.188665279E-3
-1.108608907E-3	-1.104305498E-3	-1.087673241E-3
-1.063246164E-3	-1.062311116E-3	-1.059264294E-3
-1.025781734E-3	-1.016629394E-3	-1.007293002E-3
-9.358449024E-4	-9.394324734E-4	-9.267996647E-4
-8.538244874E-4	-8.492469206E-4	-8.345721290E-4
-7.721217116E-4	-7.621170371E-4	-7.540852530E-4
-6.842729053E-4	-6.781193078E-4	-6.629874697E-4
-5.978759145E-4	-6.002109731E-4	-5.859180819E-4
-5.306279054E-4	-5.308171385E-4	-5.215901183E-4
-4.210002371E-4	-4.268454213E-4	-4.077172780E-4
-2.569882781E-4	-2.713811409E-4	-2.529977064E-4
-1.112906248E-4	-1.132806210E-4	-8.345179231E-5
-1.162546414E-5	-3.363864607E-6	3.088544418E-6
3.307093357E-5	3.366831515E-5	4.131867172E-5
1.382771879E-4	1.308877982E-4	1.317263814E-4
1.537837088E-4	1.438297477E-4	1.489132992E-4
2.069071488E-4	2.120079007E-4	2.175397676E-4
2.517613466E-4	2.466146252E-4	2.454501519E-4
3.317924275E-4	3.304956481E-4	3.408673801E-4
3.418885753E-4	3.381788847E-4	3.323114943E-4
3.143483482E-4	3.305640421E-4	3.140023910E-4
3.131513658E-4	3.256210184E-4	3.129876568E-4
2.629588998E-4	2.744681260E-4	2.652437834E-4
3.171008429E-4	3.060781164E-4	3.093795385E-4
2.728765830E-4	2.804412798E-4	2.630338422E-4
3.187063267E-4	3.212686570E-4	3.134973522E-4
2.791508159E-4	2.867090807E-4	2.819815127E-4
3.076332214E-4	2.979900164E-4	2.990670910E-4
2.982394071E-4	2.952915966E-4	2.969475172E-4
3.082597977E-4	3.191647120E-4	3.248903377E-4
3.646900877E-4	3.734510974E-4	3.814277006E-4
3.477694117E-4	3.395318636E-4	3.573070862E-4
3.982231137E-4	3.959440801E-4	4.004694638E-4
3.222858941E-4	3.269975132E-4	3.211844014E-4
3.685504780E-4	3.729487071E-4	3.771380580E-4
3.034109832E-4	3.070225648E-4	3.067849611E-4
3.553694114E-4	3.522765182E-4	3.541289479E-4
3.291651665E-4	3.312962072E-4	3.422344162E-4
3.237624187E-4	3.446014307E-4	3.329305910E-4
3.296032955E-4	3.252506431E-4	3.332595224E-4
2.142908779E-4	2.156018600E-4	2.297908068E-4
2.666135260E-4	2.804878750E-4	2.663079649E-4
1.486960828E-4	1.636795787E-4	1.561388053E-4
2.813562169E-4	2.860931272E-4	2.767889819E-4
1.875494781E-4	1.860054326E-4	1.803118648E-4
3.405529133E-4	3.249227593E-4	3.190463467E-4
2.292255958E-4	2.450885950E-4	2.258155146E-4
2.560396679E-4	2.481499978E-4	2.495592344E-4
2.725470695E-4	2.594042162E-4	2.678179299E-4
1.539688092E-4	1.508039422E-4	1.569612214E-4
3.405406605E-4	3.365656594E-4	3.320171963E-4
1.262594888E-4	1.245647727E-4	1.222895517E-4
3.747319570E-4	3.794621734E-4	3.819366975E-4
1.351116225E-4	1.415489241E-4	1.462600630E-4
3.856898693E-4	3.966100339E-4	3.919913433E-4
2.614786790E-4	2.505203593E-4	2.458957606E-4
3.779156832E-4	3.641429357E-4	3.724392736E-4
3.746061120E-4	3.823483130E-4	3.877005947E-4
2.707872191E-4	2.649731177E-4	2.816006017E-4
4.720840661E-4	4.619758984E-4	4.675189266E-4
1.518861973E-4	1.496719779E-4	1.561794488E-4
5.389229627E-4	5.356760812E-4	5.440033274E-4
1.542476821E-4	1.463771914E-4	1.574076159E-4
5.582863232E-4	5.528581678E-4	5.714436411E-4
2.609156654E-4	2.761078067E-4	2.850063902E-4
4.812492698E-4	4.921194632E-4	5.056022201E-4
4.235572706E-4	4.310909135E-4	4.379373859E-4
3.016154515E-4	3.080240567E-4	3.034986148E-4
5.157011328E-4	5.138107226E-4	5.169925862E-4
1.225055021E-4	1.208016402E-4	1.280364086E-4
6.706669810E-4	6.527382066E-4	6.642875378E-4
1.364935451E-4	1.437324681E-4	1.305490441E-4
7.472382858E-4	7.443469949E-4	7.502587978E-4
2.339226630E-4	2.305575763E-4	2.322428481E-4
6.198788178E-4	6.261045928E-4	6.173948059E-4
3.947449150E-4	3.930153325E-4	3.934805281E-4
4.380310129E-4	4.392261908E-4	4.289752978E-4
6.020342698E-4	5.958127440E-4	5.809667637E-4
2.501820854E-4	2.472530468E-4	2.483793651E-4
8.016229840E-4	8.158672135E-4	7.995001506E-4
1.834363211E-4	1.826265361E-4	1.790682290E-4
9.156921296E-4	9.262681706E-4	9.082187898E-4
3.037669230E-4	3.037726565E-4	3.031374654E-4
8.420110680E-4	8.348058909E-4	8.546777535E-4
4.332404642E-4	4.408710811E-4	4.268317134E-4
6.250480656E-4	6.354545476E-4	6.280213711E-4
6.180717028E-4	6.074719131E-4	6.178636104E-4
4.081335501E-4	4.060679348E-4	4.054667661E-4
8.478057571E-4	8.455589414E-4	8.469950990E-4
2.677055018E-4	2.701664926E-4	2.795628388E-4
9.626828250E-4	9.608445107E-4	9.558260208E-4
3.285607381E-4	3.114627034E-4	3.130552359E-4
8.657923318E-4	8.709641406E-4	8.625951596E-4
4.115781921E-4	4.123783438E-4	4.091327137E-4
6.861938164E-4	6.898304564E-4	6.914114347E-4
5.612556706E-4	5.609476357E-4	5.756215542E-4
4.369874659E-4	4.560025409E-4	4.460317432E-4
7.864225772E-4	7.937430637E-4	7.858817116E-4
3.034250694E-4	2.949807385E-4	3.006695770E-4
8.612098172E-4	8.562449948E-4	8.608557982E-4
2.966678003E-4	2.935919620E-4	3.112120612E-4
7.644116995E-4	7.552828174E-4	7.554626209E-4
3.052813408E-4	3.079915768E-4	3.060423187E-4
5.671262625E-4	5.636908463E-4	5.750797573E-4
4.534139007E-4	4.541735107E-4	4.499041243E-4
3.216286132E-4	3.035269328E-4	3.109360696E-4
6.096909055E-4	6.187727558E-4	6.171729183E-4
1.439420739E-4	1.459128980E-4	1.441689092E-4
5.968483747E-4	5.983252777E-4	5.990907084E-4
1.278785057E-4	1.238806872E-4	1.337617432E-4
5.093896179E-4	5.225632340E-4	5.273611750E-4
1.617307571E-4	1.586331200E-4	1.562998805E-4
3.829023626E-4	3.861714213E-4	3.840337449E-4
3.344684374E-4	3.298005322E-4	3.299263481E-4
1.972602040E-4	1.940315997E-4	1.924351527E-4
5.034896312E-4	5.061613047E-4	5.045051803E-4
1.509748399E-4	1.569611486E-4	1.504429674E-4
5.453727790E-4	5.541669088E-4	5.521271960E-4
1.637337555E-4	1.660746348E-4	1.738321444E-4
5.124412710E-4	5.108863115E-4	5.232865806E-4
2.372917661E-4	2.487893798E-4	2.589144278E-4
4.220456176E-4	4.099071957E-4	4.060837964E-4
4.602201225E-4	4.585152783E-4	4.555466585E-4
3.395596577E-4	3.301659017E-4	3.247703135E-4
6.370264455E-4	6.254451000E-4	6.425185129E-4
3.725270217E-4	3.696755739E-4	3.714397026E-4
6.889377255E-4	6.811189232E-4	6.912613753E-4
4.011532292E-4	3.788295435E-4	3.954811255E-4
6.511032698E-4	6.505174679E-4	6.480570300E-4
4.545157135E-4	4.556499480E-4	4.619412357E-4
5.247791996E-4	5.251179682E-4	5.356012261E-4
5.963050062E-4	5.929684266E-4	6.094646524E-4
4.159546806E-4	4.158063093E-4	4.172473273E-4
6.266234559E-4	6.389245973E-4	6.532660918E-4
3.546084918E-4	3.555133590E-4	3.584131482E-4
6.007638876E-4	5.953692016E-4	5.918505485E-4
3.399686830E-4	3.381615970E-4	3.247454879E-4
4.990827874E-4	5.102563300E-4	5.114033120E-4
4.090236907E-4	4.184201825E-4	4.228184989E-4
4.051177530E-4	4.126353015E-4	4.142626713E-4
5.128413904E-4	5.123818992E-4	5.179172149E-4
3.587977844E-4	3.656872432E-4	3.541816259E-4
5.474715144E-4	5.620169686E-4	5.506405141E-4
3.447931667E-4	3.526649671E-4	3.572081041E-4
5.648176302E-4	5.768213887E-4	5.684073549E-4
4.003147478E-4	3.931204556E-4	4.031184362E-4
5.019848468E-4	4.966345732E-4	4.959065700E-4
4.832313280E-4	4.899204359E-4	4.777122231E-4
4.194705398E-4	4.329178482E-4	4.166240105E-4
5.552836228E-4	5.598455318E-4	5.523391301E-4
4.056548059E-4	4.044004600E-4	4.082946980E-4
5.582336453E-4	5.606649211E-4	5.673774867E-4
4.067517293E-4	4.027677933E-4	3.900714219E-4
5.275654839E-4	5.292567075E-4	5.259560421E-4
4.185613943E-4	4.230008344E-4	4.169593158E-4
4.234250810E-4	4.260755086E-4	4.277162661E-4
4.519507056E-4	4.513252643E-4	4.506169644E-4
3.648337733E-4	3.540510952E-4	3.558507888E-4
4.759797303E-4	4.756916023E-4	4.782978503E-4
3.492130490E-4	3.518146696E-4	3.415942774E-4
4.836604930E-4	4.771512758E-4	4.749175860E-4
3.586485400E-4	3.510138777E-4	3.482110333E-4
4.135853378E-4	4.270941427E-4	4.244593438E-4
3.954510030E-4	3.852394002E-4	3.768827009E-4
3.378572583E-4	3.468610812E-4	3.491189273E-4
3.976371663E-4	3.995408188E-4	4.116157070E-4
3.208553535E-4	3.189694835E-4	3.088195226E-4
4.313481040E-4	4.376858997E-4	4.336101119E-4
3.351329942E-4	3.316772345E-4	3.325516591E-4
4.543127143E-4	4.572488542E-4	4.441711062E-4
3.682020179E-4	3.732320620E-4	3.877521667E-4
4.027945106E-4	4.003079957E-4	4.168213636E-4
4.170190659E-4	4.178632225E-4	4.148741718E-4
3.519333841E-4	3.574518196E-4	3.480913292E-4
4.417959717E-4	4.435527080E-4	4.443534999E-4
3.719705273E-4	3.695609048E-4	3.614466696E-4
4.744650796E-4	4.711892689E-4	4.817826557E-4
3.917424474E-4	3.988777753E-4	3.891878296E-4
4.915698082E-4	4.871642450E-4	4.943983513E-4
4.564560659E-4	4.587270960E-4	4.542096576E-4
4.741946468E-4	4.674200900E-4	4.777076829E-4
5.306962412E-4	5.259761238E-4	5.312834401E-4
4.911167198E-4	4.886637907E-4	4.775348061E-4
5.728819524E-4	5.749300472E-4	5.693818675E-4
4.812012776E-4	4.766383790E-4	4.792143300E-4
5.754904705E-4	5.961998249E-4	5.838371580E-4
5.187575589E-4	5.168896751E-4	5.129027995E-4
5.706143565E-4	5.759471678E-4	5.670561222E-4
5.962016294E-4	5.990560167E-4	5.982948933E-4
5.766614922E-4	5.709606339E-4	5.678148591E-4
6.447140477E-4	6.454412360E-4	6.529307575E-4
5.877392832E-4	5.857053911E-4	5.738523905E-4
6.798979593E-4	6.735163042E-4	6.777664530E-4
6.196776521E-4	6.135727745E-4	6.210930296E-4
6.977054873E-4	7.104260148E-4	7.136461209E-4
6.834202795E-4	6.840976421E-4	6.887288764E-4
7.236922975E-4	7.247817121E-4	7.363377372E-4
7.771872333E-4	7.916341419E-4	7.893327856E-4
7.565993001E-4	7.805000059E-4	7.722989540E-4
8.737741737E-4	8.722094353E-4	8.773765294E-4
8.418381913E-4	8.358316845E-4	8.409293368E-4
9.219479980E-4	9.357212693E-4	9.300833335E-4
9.170551202E-4	9.051941452E-4	9.163847426E-4
9.743055562E-4	9.645008831E-4	9.682247764E-4
9.874120587E-4	9.889603825E-4	9.846932953E-4
9.910308290E-4	1.001054421E-3	9.885869222E-4
1.044168603E-3	1.045404351E-3	1.057199901E-3
1.046877471E-3	1.025537495E-3	1.035064692E-3
1.097649219E-3	1.092172810E-3	1.092673629E-3
1.065307064E-3	1.063073403E-3	1.072272542E-3
1.110923244E-3	1.120186760E-3	1.119412365E-3
1.100362511E-3	1.096751657E-3	1.100521884E-3
1.116344589E-3	1.113350852E-3	1.118771266E-3
1.123306924E-3	1.134559046E-3	1.131644938E-3
1.115037361E-3	1.133491984E-3	1.120513654E-3
1.130653196E-3	1.140052453E-3	1.135383500E-3
1.097875531E-3	1.110720565E-3	1.112696482E-3
1.126622548E-3	1.128543401E-3	1.126257470E-3
1.108255703E-3	1.099563786E-3	1.102625625E-3
1.124584465E-3	1.113887294E-3	1.125312410E-3
1.100410591E-3	1.114514656E-3	1.112506492E-3
1.096805092E-3	1.101737958E-3	1.108653494E-3
1.105964649E-3	1.106874901E-3	1.107829739E-3
1.080893329E-3	1.079638489E-3	1.084442483E-3
1.093609608E-3	1.105274190E-3	1.109836856E-3
1.076641027E-3	1.071567647E-3	1.067367964E-3
1.067348872E-3	1.072141225E-3	1.073380699E-3
1.053375425E-3	1.054453198E-3	1.058037742E-3
1.053933636E-3	1.068908372E-3	1.047893078E-3
1.055854256E-3	1.053464948E-3	1.057232032E-3
1.020972384E-3	1.023063203E-3	1.028546947E-3
1.018986455E-3	1.021903474E-3	1.031711465E-3
9.821758140E-4	9.881291771E-4	9.798714891E-4
9.822861757E-4	9.854845703E-4	9.712117608E-4
9.515938000E-4	9.501450113E-4	9.624446975E-4
9.483720642E-4	9.483069298E-4	9.428053163E-4
9.177149041E-4	9.357283125E-4	9.302796097E-4
8.963679429E-4	9.004929452E-4	9.040707955E-4
8.795857430E-4	8.801585063E-4	8.791199652E-4
8.651746321E-4	8.469911991E-4	8.471492911E-4
8.437823271E-4	8.301747730E-4	8.409509901E-4
7.909765118E-4	8.028124576E-4	7.980812807E-4
7.810709649E-4	7.849531830E-4	7.756430423E-4
7.482188521E-4	7.603515987E-4	7.531630108E-4
7.444651565E-4	7.331438246E-4	7.269826601E-4
7.299990975E-4	7.241888088E-4	7.286850596E-4
7.010843256E-4	6.916449056E-4	6.918038707E-4
6.995454896E-4	6.926329806E-4	6.852044608E-4
6.627956172E-4	6.593379658E-4	6.623796071E-4
6.407432375E-4	6.566917873E-4	6.372880307E-4
6.262889365E-4	6.193894660E-4	6.372297648E-4
6.220044452E-4	6.226080586E-4	6.120871403E-4
6.060342421E-4	6.242319359E-4	6.164333317E-4
5.943799042E-4	5.962305004E-4	6.039754371E-4
6.158403703E-4	6.229597493E-4	6.282654358E-4
6.086879293E-4	5.997423432E-4	6.113628624E-4
6.179995253E-4	6.196760223E-4	6.211018190E-4
6.057346473E-4	6.165902014E-4	6.054838886E-4
6.189079140E-4	6.274224725E-4	6.305184215E-4
6.344566355E-4	6.368610775E-4	6.305710413E-4
6.350018084E-4	6.394600496E-4	6.393765798E-4
6.661381340E-4	6.688864087E-4	6.656988990E-4
6.584894727E-4	6.598960026E-4	6.667872076E-4
6.752212648E-4	6.774776848E-4	6.744765560E-4
6.852868246E-4	6.879913853E-4	6.865193136E-4
6.862424198E-4	7.010009140E-4	6.985037471E-4
