3.856485250889401162e-10
4.842448400850671786e-10
6.014652669435968092e-10
7.361130940242029371e-10
8.861487486812854031e-10
1.048698048968304054e-09
1.220104932466474531e-09
1.396029773224707572e-09
1.571591559478009607e-09
1.741549271679826501e-09
1.900514978195479377e-09
2.043188663777991607e-09
2.164602802101414104e-09
2.260363414118409361e-09
2.326873772464217255e-09
2.361527335376308067e-09
2.362857757717197606e-09
2.330635890191197651e-09
2.265906492229956057e-09
2.170960823226848992e-09
2.049245040876569046e-09
1.905208158364284204e-09
1.744097044657752547e-09
1.571709351265601995e-09
1.394117972346657005e-09
1.217382506135562107e-09
1.047264146606041799e-09
8.889603903525101311e-10
7.468747906875594149e-10
6.244348252471536789e-10
5.239679669902493214e-10
4.466424111097979358e-10
3.924747997115138545e-10
3.604030099316323171e-10
3.484179466463171199e-10
3.537445623219093761e-10
3.730592515550994698e-10
4.027285603230465581e-10
4.390529788585038214e-10
4.784995169114577094e-10
5.179078877299438771e-10
5.546570850618663547e-10
5.867822961547024678e-10
6.130357130974403613e-10
6.328889222484578717e-10
6.464789828797619189e-10
6.545041878204031940e-10
6.580793590496972847e-10
6.585635082236066500e-10
6.573744649222424500e-10
6.558062827177456458e-10
6.548648324081479217e-10
6.551355897426531248e-10
6.566953483528123780e-10
6.590759160573659141e-10
6.612840771623227805e-10
6.618777080452011180e-10
6.590931831231807167e-10
6.510153251229578653e-10
6.357773197583058946e-10
6.117752173453120311e-10
5.778801271311584829e-10
5.336303493199418912e-10
4.793867621939792982e-10
4.164367879838665586e-10
3.470351781434645184e-10
2.743742945001162051e-10
2.024811603785363620e-10
1.360437469708856473e-10
8.017419192536279139e-11
4.012130477323007970e-11
2.094896998197882279e-11
2.720009324217467524e-11
6.256761204289987560e-11
1.295946060854925266e-10
2.294245404678656634e-10
3.616202394827646581e-10
5.240665468554050386e-10
7.129667085877296168e-10
9.229369220899108502e-10
1.147197665308661172e-09
1.377853878838862451e-09
1.606250733733484508e-09
1.823386461668677649e-09
2.020359537862281014e-09
2.188825648205865970e-09
2.321437466922595195e-09
2.412241687316452195e-09
2.457010159430687429e-09
2.453484031565788434e-09
2.401516395939305321e-09
2.303103795342864387e-09
2.162303442205156692e-09
1.985040405209492638e-09
1.778815072970920319e-09
1.552325832536896546e-09
1.315030514778092956e-09
1.076668694335424322e-09
8.467739942641425824e-10
6.342027683423716968e-10
4.467052593906315314e-10
2.905638113243790184e-10
1.703164163488953073e-10
8.858056899482681719e-11
4.598501131023837644e-11
4.121100878524322694e-11
7.113828339757368259e-11
1.310844643518276959e-10
2.151216923484689070e-10
3.164498217571699035e-10
4.278028473878880024e-10
5.418635244048041704e-10
6.516620684860776231e-10
7.509354933568682534e-10
8.344284454004839219e-10
8.981199940154540403e-10
9.393654945728533665e-10
9.569500626830278846e-10
9.510533118767363242e-10
9.231332350655517198e-10
8.757402602752715811e-10
8.122765029913313179e-10
7.367195913707899066e-10
6.533304216001596639e-10
5.663645711410569692e-10
4.798070902554480385e-10
3.971466150046150320e-10
3.212016148645758980e-10
2.540082560674213318e-10
1.967731778696337977e-10
1.498910910216656974e-10
1.130215805744819716e-10
8.521573090558616247e-11
6.508017078527184706e-11
5.096342518731207442e-11
4.114880896761759039e-11
3.403793270541676486e-11
2.831026150743437242e-11
2.304655048493152186e-11
1.780709168662028491e-11
1.265954408082653818e-11
8.155283194146430739e-12
5.257300128333702150e-12
5.226554551024086737e-12
9.476975023826153395e-12
1.941173580278828472e-11
3.625493521679788291e-11
6.089318012471891582e-11
9.374080196313453932e-11
1.346407328722282700e-10
1.828101744788714231e-10
2.368369419765194301e-10
2.947283809244401939e-10
3.540104451782387255e-10
4.118710008809229544e-10
4.653375865603429082e-10
5.114767056350423553e-10
5.476005701579050637e-10
5.714656792714893999e-10
5.814475566266656252e-10
5.766787473495716965e-10
5.571374813710121031e-10
5.236798620778741748e-10
4.780110101830698946e-10
4.225950134475163469e-10
3.605092488477663040e-10
2.952508940209861931e-10
2.305090283487557301e-10
1.699173012886364602e-10
1.168043350535603597e-10
7.396008687007046395e-11
4.343520227827567829e-11
2.638884338103590866e-11
2.299758322212814330e-11
3.243381978375884455e-11
5.291764519941117751e-11
8.184108629685279312e-11
1.159584069215942356e-10
1.516314565530497114e-10
1.851147929743582948e-10
2.128618183551643988e-10
2.318314608136528283e-10
2.397734562086529178e-10
2.354715914311335240e-10
2.189258380305610167e-10
1.914575855250403559e-10
1.557271884231692325e-10
1.156578733080572962e-10
7.626608662462936239e-11
4.340479955232435807e-11
2.343177520692126959e-11
2.282035033709717676e-11
4.773475168959061630e-11
1.035949799344372576e-10
1.946581515210810588e-10
3.236433240190165327e-10
4.914250446060656559e-10
6.968183611835463709e-10
9.364724122779993204e-10
1.204885130255410400e-09
1.494544346141318074e-09
1.796192960933082407e-09
2.099209019824413141e-09
2.392085468394205900e-09
2.662986198364740600e-09
2.900351435372067598e-09
3.093520752500997659e-09
3.233343421838517125e-09
3.312735599487840083e-09
3.327161996209545896e-09
3.275006741628274637e-09
3.157812418319476606e-09
2.980372962025173958e-09
2.750663442782057084e-09
2.479615594501065010e-09
2.180738427103405706e-09
1.869602082661481329e-09
1.563206664102636787e-09
1.279266399740247047e-09
1.035438952294277215e-09
8.485422998155212049e-10
7.337933680277409873e-10
7.041078307791075765e-10
7.694967413726017278e-10
9.365893234567739653e-10
1.208309184123988978e-09
1.583720105105050220e-09
2.058051421764069424e-09
2.622905703819043120e-09
3.266636348113939154e-09
3.974884452488192784e-09
4.731246723522111931e-09
5.518044367802805562e-09
6.317162002129430848e-09
7.110904509192303577e-09
7.882847334194178583e-09
8.618627533451261390e-09
9.306641897029101644e-09
9.938615507196289728e-09
1.051002176458174891e-08
1.102030880727062931e-08
1.147295026772905579e-08
1.187529280259603305e-08
1.223821223319013895e-08
1.257560231358946593e-08
1.290368865955382701e-08
1.324023661315579719e-08
1.360365961971906724e-08
1.401208027065489836e-08
1.448238317332311089e-08
1.502931819760033313e-08
1.566466264473462894e-08
1.639652933449606696e-08
1.722882188441030841e-08
1.816087742107783943e-08
1.918733366998698614e-08
2.029818937020257040e-08
2.147911866389878387e-08
2.271198941515883423e-08
2.397558144393765832e-08
2.524649860958084261e-08
2.650018174377987304e-08
2.771205640696456136e-08
2.885871062085352526e-08
2.991906842043458389e-08
3.087553147490542393e-08
3.171496340734986504e-08
3.242956372594938516e-08
3.301751521371737688e-08
3.348339650485198847e-08
3.383832198343165677e-08
3.409982551284036096e-08
3.429140001951357539e-08
3.444181122757700155e-08
3.458412306026316821e-08
3.475449460226197855e-08
3.499082111597036914e-08
3.533118711890799118e-08
3.581230653448931228e-08
3.646793098535002972e-08
3.732732922824070684e-08
3.841389413413126215e-08
3.974397970007994887e-08
4.132593270132926501e-08
4.315949200879133598e-08
4.523549966916552898e-08
4.753597568757616756e-08
5.003460409189926035e-08
5.269750602757550284e-08
5.548442643937895148e-08
5.835017956845161009e-08
6.124633208457879867e-08
6.412310782752759386e-08
6.693128754931665660e-08
6.962421555762905404e-08
7.215967999907315689e-08
7.450162662212230800e-08
7.662168878785740174e-08
7.850028063731137940e-08
8.012743544305769888e-08
8.150316641071857867e-08
8.263739647106944054e-08
8.354942637884044812e-08
8.426703846329748351e-08
8.482506688348630194e-08
8.526376153304240797e-08
8.562681313321946225e-08
8.595919236167551530e-08
8.630496947341953646e-08
8.670500533338728381e-08
8.719489746714611290e-08
8.780306998877253655e-08
8.854918254576738179e-08
8.944290796288543763e-08
9.048322770384874412e-08
9.165806884198232248e-08
9.294459285035987274e-08
9.430991526167272189e-08
9.571230060173362851e-08
9.710286212233738718e-08
9.842746383653665778e-08
9.962904740299246501e-08
1.006500517921609396e-07
1.014348924976962178e-07
1.019324709076845827e-07
1.020983557552579426e-07
1.018968610961643399e-07
1.013026821152241568e-07
1.003020946917835513e-07
9.889374393862241417e-08
9.708874314801780069e-08
9.491040117354571485e-08
9.239334785315871632e-08
8.958219542671076095e-08
8.652976711930003428e-08
8.329505802121197250e-08
7.994081191069827648e-08
7.653110544637389188e-08
7.312883700686632392e-08
6.979330765446651522e-08
6.657805482509746705e-08
6.352886433888854726e-08
6.068227300930022127e-08
5.806445139359995600e-08
5.569057902321730576e-08
5.356471076659102607e-08
5.168018146498753595e-08
5.002039041544960892e-08
4.856009133623508717e-08
4.726698731662196934e-08
4.610359315223912394e-08
4.502930614220757140e-08
4.400247338085060462e-08
4.298250314696288868e-08
4.193181022658699796e-08
4.081754463486209506e-08
3.961305895219759739e-08
3.829895559294857986e-08
3.686380461823478533e-08
3.530441183230475657e-08
3.362567192909365518e-08
3.184005299223696910e-08
2.996667055791669382e-08
2.803011697628407780e-08
2.605903274695909709e-08
2.408453216821197188e-08
2.213855837446815265e-08
2.025227404538995417e-08
1.845451532469010530e-08
1.677045586726957029e-08
1.522048830031326168e-08
1.381939221875289965e-08
1.257583076313799823e-08
1.149215740785071840e-08
1.056457606009723524e-08
9.783600254174998185e-09
9.134790522631654738e-09
8.599717870804103078e-09
8.157102781905537786e-09
7.784043485236694888e-09
7.457292065664620181e-09
7.154488756198448335e-09
6.855297131713228288e-09
6.542387858298526876e-09
6.202207539949356726e-09
5.825519702516180303e-09
5.407680559726929581e-09
4.948649244358569530e-09
4.452744490491736556e-09
3.928158075372351233e-09
3.386275538528295143e-09
2.840836395151202053e-09
2.306990307852884025e-09
1.800306825554726945e-09
1.335790397446814518e-09
9.269640759695547622e-10
5.850662858242566549e-10
3.184061172202962301e-10
1.319097712853486349e-10
2.687993027743715631e-11
9.768640854189548180e-13
4.841838476693550102e-11
1.603823073810424941e-10
3.255845940779405545e-10
5.309968199749670602e-10
7.626584010091056889e-10
1.006535467761314465e-09
1.249375032158191838e-09
1.479504499048380297e-09
1.687529690347859358e-09
1.866892460487818755e-09
2.014252105000186443e-09
2.129673362125531806e-09
2.216606690970456359e-09
2.281662908434083092e-09
2.334196808152310661e-09
2.385718466185614097e-09
2.449172236307267410e-09
2.538122412477451949e-09
2.665886592251984010e-09
2.844682349183528138e-09
3.084816106031617911e-09
3.393986422283134666e-09
3.776725214521398602e-09
4.234019048787260922e-09
4.763149766672347156e-09
5.357741048722340209e-09
6.008050548090004727e-09
6.701467881722081350e-09
7.423206551154076794e-09
8.157181288629527067e-09
8.886978404524080892e-09
9.596935571643700175e-09
1.027320246369671095e-08
1.090480250105197748e-08
1.148457402160086362e-08
1.200995976616569916e-08
1.248363466269190825e-08
1.291384737988728872e-08
1.331455078453676457e-08
1.370521757928196869e-08
1.411037144238401947e-08
1.455888742814979869e-08
1.508298540817454171e-08
1.571707640797332851e-08
1.649640817602667998e-08
1.745560580840859633e-08
1.862722324716163676e-08
2.004025228074508042e-08
2.171880661369793097e-08
2.368092155446496484e-08
2.593757094956310812e-08
2.849202962023966116e-08
3.133944638121862954e-08
3.446687001682499770e-08
3.785355497819827500e-08
4.147159956448409428e-08
4.528702120855853400e-08
4.926095518002011319e-08
5.335126907129857694e-08
5.751423750906561759e-08
6.170630141999816689e-08
6.588602050920929301e-08
7.001572060537481781e-08
7.406326628737700222e-08
7.800344737619558237e-08
8.181906429737269433e-08
8.550189934936164861e-08
8.905297056474174136e-08
9.248274718851917697e-08
9.581055803205082163e-08
9.906396343658222582e-08
1.022774916931476585e-07
1.054910180549409266e-07
1.087481521427397532e-07
1.120939816980084007e-07
1.155731336458847425e-07
1.192275050844386416e-07
1.230940358179078764e-07
1.272029668993689293e-07
1.315758327241508195e-07
1.362242829683652090e-07
1.411489454350474255e-07
1.463387003968603415e-07
1.517708162472328341e-07
1.574109718461814738e-07
1.632143590121908425e-07
1.691268293435583813e-07
1.750864159769002573e-07
1.810256654753973723e-07
1.868735261078050967e-07
1.925581296816820186e-07
1.980091692998638386e-07
2.031602254133800002e-07
2.079515139082804853e-07
2.123315943850550183e-07
2.162596606189688925e-07
2.197065380261595156e-07
2.226561054544732936e-07
2.251056528299002359e-07
2.270657178580462374e-07
2.285600288922177334e-07
2.296240391034912014e-07
2.303039331486461202e-07
2.306546226740347016e-07
2.307374170866212559e-07
2.306180813338318412e-07
2.303638159643360797e-07
2.300411270415184573e-07
2.297131288834571124e-07
2.294370026558619247e-07
2.292623145893911534e-07
2.292287322154190616e-07
2.293650526443124125e-07
2.296880543390803871e-07
2.302018206874765779e-07
2.308981593903940990e-07
2.317565800967305674e-07
2.327456444042519971e-07
2.338241138430439013e-07
2.349424481885298381e-07
2.360452063217299007e-07
2.370727207341958087e-07
2.379638206056731404e-07
2.386579617982873752e-07
2.390972939050243078e-07
2.392292116422408173e-07
2.390077446891813592e-07
2.383956027543327598e-07
2.373652519685023346e-07
2.358996157987278704e-07
2.339929932663788626e-07
2.316506386938921412e-07
2.288889224067211476e-07
2.257341381131482485e-07
2.222218730545832850e-07
2.183954791531904166e-07
2.143043249077811396e-07
2.100024393972440339e-07
2.055462103446759444e-07
2.009928841966945314e-07
1.963985478700454644e-07
1.918162360183170984e-07
1.872947032068973184e-07
1.828766568011691306e-07
1.785979872331254119e-07
1.744867899551810766e-07
1.705627136362859433e-07
1.668370633807828315e-07
1.633125472096780025e-07
1.599839708067099525e-07
1.568387640903734755e-07
1.538577591161992351e-07
1.510165574966836190e-07
1.482864528047250614e-07
1.456360393965719888e-07
1.430324803394703713e-07
1.404427884189336359e-07
1.378354174992499479e-07
1.351812243843636097e-07
1.324548639476191783e-07
1.296354670719339380e-07
1.267076381022825198e-07
1.236619029081870595e-07
1.204949503550545578e-07
1.172099564467483122e-07
1.138162293586111994e-07
1.103290973190215420e-07
1.067693033521302263e-07
1.031622471906064777e-07
9.953734791112903016e-08
9.592690281697878676e-08
9.236525395307956459e-08
8.888765591631977992e-08
8.552915318407275010e-08
8.232370146109185159e-08
7.930302482734979399e-08
7.649588139381809956e-08
7.392723655901500405e-08
7.161759138357884216e-08
6.958265002346496600e-08
6.783289255473249284e-08
6.637359400182145725e-08
6.520485396771944898e-08
6.432181641419893197e-08
6.371522054588547304e-08
6.337187614043240487e-08
6.327551518359080916e-08
6.340760706262545858e-08
6.374826689886376174e-08
6.427737718585101102e-08
6.497550909438525646e-08
6.582506738904129332e-08
6.681124221408254110e-08
6.792288293785321043e-08
6.915342368820342671e-08
7.050143119872858595e-08
7.197124745355382271e-08
7.357318312375537343e-08
7.532375936461458926e-08
7.724557153043054176e-08
7.936693185060938481e-08
8.172148523906258881e-08
8.434735222925387493e-08
8.728637287109150630e-08
9.058301307998298399e-08
9.428314036830076771e-08
9.843293157502939269e-08
1.030774204889198236e-07
1.082593808462907136e-07
1.140180447340840780e-07
1.203879006910796633e-07
1.273979028060518543e-07
1.350704616618535811e-07
1.434210705994696617e-07
1.524579041354673261e-07
1.621816507930094144e-07
1.725859776721179738e-07
1.836577361368893497e-07
1.953779873007971723e-07
2.077229022385070626e-07
2.206648266616865759e-07
2.341739944892787826e-07
2.482196367907475930e-07
2.627719612746568748e-07
2.778032754593217022e-07
2.932898871752533550e-07
3.092133201492719548e-07
3.255612824946358513e-07
3.423291009576828594e-07
3.595198040226819108e-07
3.771449736818905744e-07
3.952245168171847088e-07
4.137860043055189192e-07
4.328645446755655718e-07
4.525009666399946615e-07
4.727410701387244094e-07
4.936336880768107921e-07
5.152284584833723282e-07
5.375745622738372754e-07
5.607177240663316895e-07
5.846989334040318921e-07
6.095521213170272995e-07
6.353019196770943722e-07
6.619630298392225713e-07
6.895378651851719406e-07
7.180166595227751002e-07
7.473765987175421042e-07
7.775812879886740765e-07
8.085823255655434856e-07
8.403188346029009545e-07
8.727199528021181585e-07
9.057059995779324000e-07
9.391898314394018389e-07
9.730804206141581431e-07
1.007283596188531189e-06
1.041705887292088920e-06
1.076256290221708775e-06
1.110847764940451430e-06
1.145400839116989278e-06
1.179843373247501348e-06
1.214113770949242641e-06
1.248159779120991741e-06
1.281940584753003400e-06
1.315425866332456785e-06
1.348594206199759636e-06
1.381433841554356660e-06
1.413938721296109682e-06
1.446108483331190279e-06
1.477945256973613888e-06
1.509450141977643299e-06
1.540622740774439498e-06
1.571455973379522397e-06
1.601935805342109235e-06
1.632038024570096452e-06
1.661725256288118086e-06
1.690947871054796564e-06
1.719640230552505667e-06
1.747722739401000874e-06
1.775101020582843637e-06
1.801665619074946907e-06
1.827296044979376452e-06
1.851859809349258586e-06
1.875217609173648836e-06
1.897225194843835331e-06
1.917735498900909424e-06
1.936604940474528123e-06
1.953693915734379769e-06
1.968873619522925980e-06
1.982026303137935137e-06
1.993051296972522532e-06
2.001866601945376566e-06
2.008409949425768836e-06
2.012643394643447816e-06
2.014551098165451802e-06
2.014142593606830647e-06
2.011451233959206951e-06
2.006531956494385242e-06
1.999462492025928074e-06
1.990337838828565577e-06
1.979270347362140839e-06
1.966385300911828815e-06
1.951816242133331393e-06
1.935704091660735746e-06
1.918190266044143716e-06
1.899415792328842204e-06
1.879516677007602757e-06
1.858619670084942234e-06
1.836842211744176309e-06
1.814287245552961677e-06
1.791044198569652220e-06
1.767186842566525615e-06
1.742771880712548174e-06
1.717841669062484722e-06
1.692422280371606505e-06
1.666527327272591904e-06
1.640158791987615110e-06
1.613308350779648176e-06
1.585962219068981514e-06
1.558101342431322683e-06
1.529706444955295003e-06
1.500759841867724273e-06
1.471247206272176381e-06
1.441162006749068815e-06
1.410505208620680892e-06
1.379289154824283879e-06
1.347536467092482078e-06
1.315282572883283438e-06
1.282574936489627754e-06
1.249471881319637860e-06
1.216043380481170096e-06
1.182367684883907662e-06
1.148531200588712449e-06
1.114625619296139618e-06
1.080744944231423658e-06
1.046984512411498589e-06
1.013436794778369457e-06
9.801903970311224805e-07
9.473271419268501375e-07
9.149195288527891959e-07
8.830303200497932910e-07
8.517098363024695713e-07
8.209963302243592095e-07
7.909150824934713282e-07
7.614780943655125917e-07
7.326857390841560386e-07
7.045266352990558270e-07
6.769800969954797547e-07
6.500174767829228194e-07
6.236038740196119060e-07
5.977012327161974134e-07
5.722697169744084423e-07
5.472709530107963008e-07
5.226693866558232042e-07
4.984350738501622339e-07
4.745451293948146398e-07
4.509849264685684696e-07
4.277497771728524126e-07
4.048448780506250721e-07
3.822860715747908990e-07
3.600993107949205027e-07
3.383197626956250783e-07
3.169911581897884787e-07
2.961638021710523222e-07
2.758932320976622524e-07
2.562380257989062352e-07
2.372575382919851057e-07
2.190100447075865231e-07
2.015502269969599237e-07
1.849274413160946010e-07
1.691837490833177382e-07
1.543522776550415514e-07
1.404562127399661549e-07
1.275077167135774617e-07
1.155076817913408472e-07
1.044456204928459804e-07
9.430001271052554881e-08
8.503922908371658891e-08
7.662253454458775095e-08
6.900165720261607580e-08
6.212242812199161351e-08
5.592661753877033643e-08
5.035397055132597564e-08
4.534409149976564316e-08
4.083841381657955923e-08
3.678192613515954621e-08
3.312470302395682652e-08
2.982323005663270454e-08
2.684131919315155113e-08
2.415077333469362037e-08
2.173160544529496998e-08
1.957196945348622798e-08
1.766769791500294644e-08
1.602153161287672296e-08
1.464210670337016273e-08
1.354267794864911809e-08
1.273972916347077271e-08
1.225146784761938683e-08
1.209630568555803143e-08
1.229141252671741910e-08
1.285135732632421581e-08
1.378695958242737672e-08
1.510434965419363753e-08
1.680429558509155281e-08
1.888185133636341941e-08
2.132627328962963463e-08
2.412128667117150013e-08
2.724561646068098513e-08
3.067377459760544930e-08
3.437711891696429371e-08
3.832501605557332134e-08
4.248620007061997401e-08
4.683013818256982633e-08
5.132837899187993170e-08
5.595591324315011525e-08
6.069228732815602934e-08
6.552267636559090769e-08
7.043858338122492165e-08
7.543843184106898034e-08
8.052777826387078106e-08
8.571922042835883406e-08
9.103215407777639851e-08
9.649205309816883730e-08
1.021297150803504987e-07
1.079801564534162882e-07
1.140813269186730010e-07
1.204728909536481051e-07
1.271946807804908320e-07
1.342854286692541305e-07
1.417813693840678523e-07
1.497149320363946027e-07
1.581138233997992620e-07
1.669999559071243716e-07
1.763889687399849450e-07
1.862897574473617493e-07
1.967042385321713211e-07
2.076276799023647508e-07
2.190488209282984004e-07
2.309506943598634196e-07
2.433113300170740998e-07
2.561045845276714324e-07
2.693014813954115846e-07
2.828710236001805436e-07
2.967816357204286164e-07
3.110021662222719153e-07
3.255027721579844493e-07
3.402561825614192324e-07
3.552380505647402822e-07
3.704278889801120711e-07
3.858092204883425136e-07
4.013698946606747795e-07
4.171014988074919442e-07
4.329998014398268794e-07
4.490637530316599550e-07
4.652949244158073893e-07
4.816968266941999399e-07
4.982733701705452365e-07
5.150287432020057309e-07
5.319657827526133545e-07
5.490850960155717483e-07
5.663842697510898373e-07
5.838563018484007107e-07
6.014899048523777158e-07
6.192682416094565482e-07
6.371689017429336214e-07
6.551629290523389952e-07
6.732160017942624653e-07
6.912878846064810350e-07
7.093330412819177967e-07
7.273014613333174308e-07
7.451385395657161611e-07
7.627872927868271029e-07
7.801884822485736762e-07
7.972818927921291556e-07
8.140076689307862208e-07
8.303064112687032881e-07
8.461216769499156871e-07
8.613999591686566287e-07
8.760917723827160358e-07
8.901526275353730643e-07
9.035425179321624861e-07
9.162278977033695823e-07
9.281808309455454040e-07
9.393792877958326570e-07
9.498072897017371166e-07
9.594534843046844388e-07
9.683124000264684997e-07
9.763827676131990637e-07
9.836671539066591587e-07
9.901715434923712167e-07
9.959034251077848373e-07
1.000872792509013231e-06
1.005090253551562047e-06
1.008566647203458370e-06
1.011312740828298492e-06
1.013337542986700128e-06
1.014649686521328684e-06
1.015255974379238469e-06
1.015161531357978293e-06
1.014370081364722407e-06
1.012882874537839661e-06
1.010700672441035252e-06
1.007822883985389013e-06
1.004248256342263339e-06
9.999756186985040500e-07
9.950032251185879495e-07
9.893309949418777523e-07
9.829598601599073569e-07
9.758925280793013925e-07
9.681341815148699302e-07
9.596917307945685355e-07
9.505757549060955842e-07
9.407995773800056695e-07
9.303796356549806638e-07
9.193357330119779509e-07
9.076898929202260989e-07
8.954677335931707071e-07
8.826971450157294575e-07
8.694082108759161548e-07
8.556330547265155710e-07
8.414044499695048546e-07
8.267568239108786274e-07
8.117248431897802834e-07
7.963432318634132047e-07
7.806465969057298216e-07
7.646682157111435186e-07
7.484410669976249227e-07
7.319967378444518912e-07
7.153655057237304464e-07
6.985764669104448423e-07
6.816567744560516192e-07
6.646328836306658111e-07
6.475299094949287787e-07
6.303721856134057335e-07
6.131827988297426498e-07
5.959848855685920475e-07
5.788011872647468570e-07
5.616544775669657296e-07
5.445679374176432459e-07
5.275647537668758672e-07
5.106691608226981966e-07
4.939059234153600105e-07
4.773005107527110801e-07
4.608791727357619305e-07
4.446683251956909047e-07
4.286951190966611730e-07
4.129866860819453985e-07
3.975699643800199100e-07
3.824714536480809879e-07
3.677164265345589647e-07
3.533291524154899852e-07
3.393320786096263170e-07
3.257455468136266609e-07
3.125875123593522418e-07
2.998728897829180545e-07
2.876137863490041913e-07
2.758189568307975646e-07
2.644937551309346414e-07
2.536401440243019904e-07
2.432564530463791501e-07
2.333378888547163951e-07
2.238764468932077463e-07
2.148612379470432591e-07
2.062788644363777161e-07
1.981135843833792048e-07
1.903480600637881297e-07
1.829635928651047645e-07
1.759406509652268407e-07
1.692593888659426385e-07
1.628999398625318502e-07
1.568431254681757039e-07
1.510706887866409239e-07
1.455657075563326597e-07
1.403129461595386654e-07
1.352989713875191881e-07
1.305125669895081103e-07
1.259447222335599429e-07
1.215887407930466680e-07
1.174402819886163821e-07
1.134971978893893596e-07
1.097596182119342894e-07
1.062296908305223489e-07
1.029114371233794125e-07
9.981057271131921293e-08
9.693418248544069470e-08
9.429063239338523088e-08
9.188922176339120065e-08
8.973996122363981846e-08
8.785335001962835900e-08
8.624005207157638840e-08
8.491079922221242059e-08
8.387608698338617738e-08
8.314601206223755837e-08
8.272999789640174909e-08
8.263673436383978838e-08
8.287392390329845089e-08
8.344813909586992379e-08
8.436468909516546008e-08
8.562739372257732355e-08
8.723857036479537831e-08
8.919883081894400688e-08
9.150699429075319601e-08
9.416002189931446857e-08
9.715286347537669034e-08
1.004785564927251270e-07
1.041281397001157367e-07
1.080907189362977338e-07
1.123535857513890092e-07
1.169022575968557074e-07
1.217208373776941877e-07
1.267921733654078763e-07
1.320982089175587463e-07
1.376203979083791711e-07
1.433400150708221319e-07
1.492388313299478140e-07
1.552995122082274040e-07
1.615061976921709627e-07
1.678451002025142988e-07
1.743049023525990503e-07
1.808775122911362255e-07
1.875583924362453508e-07
1.943470110136104166e-07
2.012472162103465685e-07
2.082672761951119119e-07
2.154202537559960668e-07
2.227237930788601901e-07
2.301999864400372810e-07
2.378750993728723400e-07
2.457788753784008683e-07
2.539442266218378429e-07
2.624062557822733601e-07
2.712014180056504528e-07
2.803665898867065178e-07
2.899377462430457715e-07
2.999492091796039912e-07
3.104322603167868285e-07
3.214140766837960728e-07
3.329167315130978240e-07
3.449559147516732777e-07
3.575405069650203420e-07
3.706715816839141357e-07
3.843419518922947309e-07
3.985359400701059095e-07
4.132289381706483537e-07
4.283880711508135582e-07
4.439722431058460921e-07
4.599328502077295148e-07
4.762147419214000509e-07
4.927568778007126597e-07
5.094941949196621695e-07
5.263586114525487929e-07
5.432806523233727884e-07
5.601911692273463902e-07
5.770224878937221279e-07
5.937107303431231886e-07
6.101968804328175400e-07
6.264283236381287713e-07
6.423602447037090180e-07
6.579561394376693555e-07
6.731894458181082610e-07
6.880435530367055738e-07
7.025123407460970339e-07
7.165995380075261685e-07
7.303192478203313577e-07
7.436946948325588400e-07
7.567574128909999827e-07
7.695461777234177078e-07
7.821048972142357797e-07
7.944819036067200375e-07
8.067274932754396923e-07
8.188921587211217534e-07
8.310247843836328444e-07
8.431699913372688453e-07
8.553672599998735033e-07
8.676484660124181494e-07
8.800364439635003996e-07
8.925437892783255541e-07
9.051710168142453917e-07
9.179068451273601737e-07
9.307269984771113579e-07
9.435942670172278175e-07
9.564589414298356566e-07
9.692586403193499252e-07
9.819204156190846457e-07
9.943612587255491813e-07
1.006489861984902151e-06
1.018208647268434031e-06
1.029414982643597627e-06
1.040004585760319224e-06
1.049872991298725506e-06
1.058918063769097786e-06
1.067042488887484571e-06
1.074155114926927678e-06
1.080174252288611266e-06
1.085028654723844879e-06
1.088659294711761351e-06
1.091020840403919534e-06
1.092081726721037309e-06
1.091826005601987868e-06
1.090252681492284481e-06
1.087375738173286250e-06
1.083223790476020200e-06
1.077838331166307193e-06
1.071273758114165334e-06
1.063595004658362662e-06
1.054875981887483071e-06
1.045197818259002017e-06
1.034645960107893442e-06
1.023309210443964659e-06
1.011276736825327151e-06
9.986361385684553192e-07
9.854716055170527816e-07
9.718613029583023517e-07
9.578768486816618870e-07
9.435811606009714728e-07
9.290275406308836634e-07
9.142590568136579424e-07
8.993073988512863845e-07
8.841937981730252115e-07
8.689285516660923869e-07
8.535118946905421403e-07
8.379342035437519926e-07
8.221780631359950396e-07
8.062189610524882680e-07
7.900269723435389496e-07
7.735685616357733802e-07
7.568077577951921766e-07
7.397087936807871804e-07
7.222372865158940878e-07
7.043620703635435037e-07
6.860568894223235150e-07
6.673013047436380890e-07
6.480826614581801141e-07
6.283965623775389013e-07
6.082477275035301411e-07
5.876505657937225292e-07
5.666289452373240967e-07
5.452167622752576644e-07
5.234571750410609011e-07
5.014021365503609239e-07
4.791116851288282365e-07
4.566526180215809935e-07
4.340978756340301778e-07
4.115249366106508607e-07
3.890145779581990804e-07
3.666495761660631533e-07
3.445130908738771599e-07
3.226877529956578855e-07
3.012541718348637477e-07
2.802898974238840602e-07
2.598685073166169394e-07
2.400586373441649705e-07
2.209236659849551658e-07
2.025211310188320731e-07
1.849025939485723228e-07
1.681136931236693949e-07
1.521942528304017535e-07
1.371788806313209742e-07
1.230974333643658496e-07
1.099757889963519024e-07
9.783672837953010281e-08
8.670082896568024166e-08
7.658759677248314324e-08
6.751645501665870615e-08
5.950782482481006780e-08
5.258416609922878104e-08
4.677091371065805974e-08
4.209741783774708415e-08
3.859767816341591835e-08
3.631099318314095187e-08
3.528245514800784457e-08
3.556325303794573614e-08
3.721086229214247464e-08
4.028900091529020162e-08
4.486744048549240066e-08
5.102164954244249593e-08
5.883223544242967954e-08
6.838431486879621436e-08
7.976667362429268393e-08
9.307084630835761689e-08
1.083901077539202672e-07
1.258183023367264660e-07
1.454487791156665179e-07
1.673731325989290048e-07
1.916800047283669346e-07
2.184539105576440578e-07
2.477739183679211214e-07
2.797126970186085172e-07
3.143352987821057917e-07
3.516982211314560837e-07
3.918482488023011396e-07
4.348219112138542419e-07
4.806445219880437462e-07
5.293295730844351843e-07
5.808782763710760192e-07
6.352787748518715778e-07
6.925063301039588152e-07
7.525227725935757166e-07
8.152764806808151936e-07
8.807025222540950956e-07
9.487222439961870036e-07
1.019244268584834518e-06
1.092164311786165294e-06
1.167365730304197932e-06
1.244720226486236739e-06
1.324087718197000462e-06
1.405318117063935409e-06
1.488251379929662204e-06
1.572718519132940701e-06
1.658542742305481077e-06
1.745539424815619381e-06
1.833518531197579211e-06
1.922284678157312131e-06
2.011638393351641254e-06
2.101377449468133244e-06
2.191296662851838644e-06
2.281190690148897562e-06
2.370853787922223854e-06
2.460081007873648195e-06
2.548669401314218851e-06
2.636417324078841853e-06
2.723127286284121434e-06
2.808605107689239696e-06
2.892660768314718317e-06
2.975109228851072999e-06
3.055769049645056978e-06
3.134465103024794725e-06
3.211027030527266840e-06
3.285289692386997072e-06
3.357093605604994554e-06
3.426282981893741004e-06
3.492708394337857928e-06
3.556224766071971742e-06
3.616691668558163674e-06
3.673973675558092015e-06
3.727938213801133441e-06
3.778458507997586970e-06
3.825411549826290071e-06
3.868678653282118168e-06
3.908146127557796652e-06
3.943703389592391492e-06
3.975246483629260589e-06
4.002676407950424636e-06
4.025900190149660470e-06
4.044832076226673325e-06
4.059392099718732734e-06
4.069510152587059204e-06
4.075124701544386260e-06
4.076184800736450212e-06
4.072648888069976859e-06
4.064488994867954977e-06
4.051689525734402669e-06
4.034248701965157419e-06
4.012179918917514233e-06
3.985510388088050970e-06
3.954284918696898172e-06
3.918564297798334940e-06
3.878426150332459788e-06
3.833965591260781394e-06
3.785293221372449989e-06
3.732537886217453526e-06
3.675844264612843665e-06
3.615372751137739079e-06
3.551299093468953632e-06
3.483811587710061577e-06
3.413112633585074420e-06
3.339415583386055640e-06
3.262943742239086685e-06
3.183929196869449408e-06
3.102609568565326870e-06
3.019228723781230283e-06
2.934033430179356391e-06
2.847272049125686533e-06
2.759193198729159716e-06
2.670042783887478912e-06
2.580064553384546746e-06
2.489497326365908372e-06
2.398574101777319771e-06
2.307521258050049658e-06
2.216556524858009999e-06
2.125889968199899646e-06
2.035722307887251314e-06
1.946244857860838399e-06
1.857639573006314726e-06
1.770078146841799266e-06
1.683723503661278509e-06
1.598729145097244456e-06
1.515239743511602793e-06
1.433391743580894688e-06
1.353313161193649326e-06
1.275125107283817866e-06
1.198941562412466574e-06
1.124869981713977277e-06
1.053011770396103356e-06
9.834620502913547350e-07
9.163105513066076803e-07
8.516411119233769547e-07
7.895316758018462187e-07
7.300540944656075828e-07
6.732733663105704805e-07
6.192475874962475645e-07
5.680269135403329151e-07
5.196528535801709265e-07
4.741574448434085442e-07
4.315621045098290682e-07
3.918770032807465492e-07
3.550998938284776109e-07
3.212152689145997604e-07
2.901935760183843024e-07
2.619903893224064290e-07
2.365460631764616026e-07
2.137852337302195895e-07
1.936167040345787875e-07
1.759335480623877027e-07
1.606133723398973908e-07
1.475190385096520129e-07
1.364994589990821680e-07
1.273907800286742639e-07
1.200177421456224604e-07
1.141954326541404270e-07
1.097311350337351965e-07
1.064264635024001374e-07
1.040796814496039209e-07
1.024881234240244093e-07
1.014508509355219877e-07
1.007712908994461575e-07
1.002599868200548433e-07
9.973737390982705134e-08
9.903649712452741280e-08
9.800579596445705368e-08
9.651172760846761311e-08
9.444136033373193483e-08
9.170486898619880337e-08
8.823787635931554447e-08
8.400377318753628358e-08
7.899582960042963103e-08
7.323924213920363384e-08
6.679307464645398202e-08
5.975207465756349081e-08
5.224848184159118098e-08
4.445370870968606694e-08
3.658001739663221974e-08
2.888217264046474473e-08
2.165908053569611222e-08
1.525547683141732195e-08
1.006361919226649261e-08
6.525046965891193998e-09
5.132400453989415495e-09
6.431309068659014896e-09
1.102236052864046710e-08
1.956314325024519425e-08
3.277036800294373046e-08
5.142206542562549271e-08
7.635982632522381339e-08
1.084911349685060596e-07
1.487917090782360424e-07
1.983078850055949548e-07
2.581590376057411905e-07
3.295398898171821223e-07
4.137230148661263961e-07
5.120611099028886227e-07
6.259893174995346298e-07
7.570275342363392897e-07
9.067823209756761514e-07
1.076949335504395138e-06
1.269315056857000671e-06
1.485758661364598871e-06
1.728253832178894270e-06
1.998869656763118744e-06
2.299772700897982038e-06
2.633227453946059570e-06
3.001597117835339454e-06
3.407344178127320412e-06
3.853029130389606992e-06
4.341311415018343192e-06
4.874947076905734655e-06
5.456787470883595623e-06
6.089774692430515304e-06
6.776940404670517101e-06
7.521399395322779825e-06
8.326344041317524064e-06
9.195037829703027983e-06
1.013080383300405336e-05
1.113701883192741009e-05
1.221709881168341278e-05
1.337448621729648599e-05
1.461263593914739781e-05
1.593499384242996346e-05
1.734498466478869632e-05
1.884598718564046030e-05
2.044131310150888495e-05
2.213418496822370932e-05
2.392770431620800634e-05
2.582483510483077915e-05
2.782836989805596357e-05
2.994090341003118543e-05
3.216480656692448842e-05
3.450218870450635575e-05
3.695488382097837068e-05
3.952441455665852197e-05
4.221196910103539463e-05
4.501838110811469298e-05
4.794409578657547624e-05
5.098917123458164492e-05
5.415325141799734384e-05
5.743555886758794447e-05
6.083489301627237377e-05
6.434961179998758684e-05
6.797766091323194186e-05
7.171656622621259394e-05
7.556345246616831405e-05
7.951506873437578940e-05
8.356779192687215031e-05
8.771768958796507295e-05
9.196053364865706373e-05
9.629184508278139897e-05
1.007069437119182705e-04
1.052009670403970283e-04
1.097689582354199504e-04
1.144058885177443513e-04
1.191067125682913403e-04
1.238664243736240878e-04
1.286800702175056868e-04
1.335428386350302928e-04
1.384500656880718482e-04
1.433972740801419061e-04
1.483802069283843522e-04
1.533948064019545184e-04
1.584372774824583849e-04
1.635040489253481463e-04
1.685917707100243639e-04
1.736973028649660173e-04
1.788176403834803262e-04
1.839499350627372379e-04
1.890914014859566860e-04
1.942392672496413570e-04
1.993907170244902109e-04
2.045427704383177381e-04
2.096922743893083775e-04
2.148357736200469013e-04
2.199694393830116444e-04
2.250890005601688404e-04
2.301896125886625504e-04
2.352658625981431063e-04
2.403116523069291719e-04
2.453201699229617038e-04
2.502837918368930542e-04
2.551941375077617247e-04
2.600420020083891027e-04
2.648173752386597337e-04
2.695094810422450160e-04
2.741067619486320449e-04
2.785970317820885738e-04
2.829675009309779755e-04
2.872048948431743282e-04
2.912955921113691130e-04
2.952257025887533777e-04
2.989813156899517486e-04
3.025486077534012387e-04
3.059140372526299211e-04
3.090645483340094990e-04
3.119876996348426340e-04
3.146719527717260268e-04
3.171067998558158539e-04
3.192829639288534004e-04
3.211925894844258286e-04
3.228293397933118232e-04
3.241886361666140100e-04
3.252677175644863063e-04
3.260657563358070835e-04
3.265839475120749583e-04
3.268254919241205133e-04
3.267957054224338498e-04
3.265019407884480504e-04
3.259535562144512616e-04
3.251618514185929359e-04
3.241398981704229454e-04
3.229024907011172375e-04
3.214659183408829384e-04
3.198477877907191088e-04
3.180668217714944265e-04
3.161425683904921669e-04
3.140952357309843954e-04
3.119453741488814689e-04
3.097136223415577171e-04
3.074204497782513537e-04
3.050858363698813079e-04
3.027290892050436420e-04
3.003685397684249109e-04
2.980213222128914982e-04
2.957031698344872645e-04
2.934281748691061576e-04
2.912086944188505412e-04
2.890551650083506008e-04
2.869760085547648997e-04
2.849775697926070915e-04
2.830640323182309626e-04
2.812374787484079870e-04
2.794978738554085231e-04
2.778431358556362595e-04
2.762692378510971558e-04
2.747702877133573977e-04
2.733387363039466644e-04
2.719655073099372117e-04
2.706402080874698870e-04
2.693512992582998661e-04
2.680863727829917663e-04
2.668323429667687503e-04
2.655756903853318473e-04
2.643027057391606925e-04
2.629996864337864199e-04
2.616532147807708428e-04
2.602503369466994477e-04
2.587787727686198546e-04
2.572271081463696355e-04
2.555849277522202062e-04
2.538430080264634072e-04
2.519934055561461723e-04
2.500295624068758727e-04
2.479463857254951922e-04
2.457402653104771894e-04
2.434091401724963180e-04
2.409524661934034676e-04
2.383711974584561328e-04
2.356677442179236478e-04
2.328458770705137885e-04
2.299106782033157449e-04
2.268684091473987651e-04
2.237263971036731786e-04
2.204929078198086139e-04
2.171769796860814139e-04
2.137883082114687102e-04
2.103370673192336046e-04
2.068337574542939924e-04
2.032890527066158438e-04
1.997136256411833006e-04
1.961180264467198497e-04
1.925125188834745336e-04
1.889069501613709122e-04
1.853106304661526998e-04
1.817322038885968026e-04
1.781795748513889731e-04
1.746598071483030517e-04
1.711790599848973479e-04
1.677425396452128417e-04
1.643544508126689526e-04
1.610179998819174499e-04
1.577353802778996849e-04
1.545077922676391514e-04
1.513354782745538049e-04
1.482177594235075258e-04
1.451531151171114517e-04
1.421392468461464716e-04
1.391731681724934046e-04
1.362513040031702329e-04
1.333695864126187302e-04
1.305235798546349672e-04
1.277085869160994656e-04
1.249197677841525002e-04
1.221522588457139521e-04
1.194012795848805469e-04
1.166622535286337850e-04
1.139309037951619086e-04
1.112033496689714433e-04
1.084761925310750362e-04
1.057465829550013696e-04
1.030122895053815909e-04
1.002717390163025696e-04
9.752404984060483869e-05
9.476904986296019653e-05
9.200727425236468937e-05
8.923995966082418595e-05
8.646901335809146301e-05
8.369697576859364419e-05
8.092696579487067678e-05
7.816262412617411086e-05
7.540803905317380147e-05
7.266766950414513065e-05
6.994626249548450687e-05
6.724876440494247814e-05
6.458023668762792016e-05
6.194576625885053723e-05
5.935038129991231142e-05
5.679897096293657938e-05
5.429620900900152241e-05
5.184648822616332590e-05
4.945385937371330002e-05
4.712198122097661343e-05
4.485408023381265728e-05
4.265291948737511235e-05
4.052078000950492127e-05
3.845945023924649209e-05
3.647022644425982230e-05
3.455392228589733813e-05
3.271088642819751027e-05
3.094102865507572915e-05
2.924385148194195923e-05
2.761848759108600552e-05
2.606374126097273959e-05
2.457813251893227390e-05
2.315994311284079674e-05
2.180726261911017063e-05
2.051803395592498828e-05
1.929009708674123767e-05
1.812123016099104333e-05
1.700918703448867523e-05
1.595173091580162489e-05
1.494666341483020582e-05
1.399184874144930112e-05
1.308523312809065665e-05
1.222485886743854752e-05
1.140887388858704665e-05
1.063553653543112382e-05
9.903216091643365075e-06
9.210389743521699984e-06
8.555635793460228164e-06
7.937624628743411180e-06
7.355107340184413520e-06
6.806902834082190051e-06
6.291884261434191030e-06
5.808964666077964442e-06
5.357083296830460214e-06
4.935192392980740616e-06
4.542245108290133396e-06
4.177185120625953772e-06
3.838937636825341642e-06
3.526402784309735556e-06
3.238450938957800828e-06
2.973920256835195046e-06
2.731616543740478960e-06
2.510314921870800421e-06
2.308763778869564370e-06
2.125690312560230812e-06
1.959807776299473266e-06
1.809823743550612564e-06
1.674449604185435796e-06
1.552410594160373036e-06
1.442456174461617291e-06
1.343370533191861081e-06
1.253982607329026021e-06
1.173175734732613100e-06
1.099896373276459610e-06
1.033161762977482911e-06
9.720664138822741830e-07
9.157870277171118958e-07
8.635860686317460206e-07
8.148136769769992167e-07
7.689079941138208433e-07
7.253939888396197942e-07
6.838806545074625706e-07
6.440569538818050489e-07
6.056864515947210588e-07
5.686008770463732020e-07
5.326928648480520872e-07
4.979079210164210757e-07
4.642360588843953330e-07
4.317031646732859199e-07
4.003623753561941948e-07
3.702857223066791926e-07
3.415561120245450832e-07
3.142599936107023747e-07
2.884807356587067312e-07
2.642928827581993264e-07
2.417574112360825820e-07
2.209179512068111153e-07
2.017981244657396281e-07
1.843998966973241653e-07
1.687029394700667730e-07
1.546649536737031961e-07
1.422227990333403562e-07
1.312944026077220390e-07
1.217812525605624717e-07
1.135713609261551557e-07
1.065425636914701910e-07
1.005659668325238265e-07
9.550945837320937921e-08
9.124110788967375769e-08
8.763235079044403845e-08
8.456086666554012634e-08
8.191303119840210910e-08
7.958592932299944695e-08
7.748885165417819822e-08
7.554426866790603013e-08
7.368829654534056991e-08
7.187064310312541182e-08
7.005411947878645345e-08
6.821373823119374570e-08
6.633547612729465004e-08
6.441478700835455697e-08
6.245491272116861336e-08
6.046511588182719400e-08
5.845888170102944074e-08
5.645217407852263832e-08
5.446182191922818661e-08
5.250406381218782010e-08
5.059333499314620583e-08
4.874130060827613992e-08
4.695616525325945322e-08
4.524227399574232641e-08
4.359997446510913146e-08
4.202575733452167378e-08
4.051262199143691262e-08
3.905065232484570320e-08
3.762773783861074320e-08
3.623042599214691698e-08
3.484483653620494218e-08
3.345759945992850969e-08
3.205677855299151705e-08
3.063272025560014980e-08
2.917881857181487065e-08
2.769214667892025453e-08
2.617394062662535663e-08
2.462991747281746007e-08
2.307042700848069032e-08
2.151041421546981773e-08
1.996923834655912127e-08
1.847031730752739273e-08
1.704063565913959537e-08
1.571015068799394965e-08
1.451108179009219570e-08
1.347715447166684234e-08
1.264278851960183285e-08
1.204227289767926923e-08
1.170896192759943561e-08
1.167448808465772954e-08
1.196804519020496845e-08
1.261573248996872880e-08
1.363998403782213197e-08
1.505910605598430525e-08
1.688689983593398189e-08
1.913241096058481818e-08
2.179977440371140477e-08
2.488816177807437965e-08
2.839184821759664458e-08
3.230035767519937947e-08
3.659868811958664812e-08
4.126764523965576854e-08
4.628419249518816751e-08
5.162190873989644259e-08
5.725145359687904087e-08
6.314105402360913104e-08
6.925706996264153098e-08
7.556447891271662111e-08
8.202745399600225897e-08
8.860986655982899712e-08
9.527575421459036422e-08
1.019898535109713001e-07
1.087179514326588596e-07
1.154273412847977800e-07
1.220871271764662756e-07
1.286684571592085919e-07
1.351448305076535290e-07
1.414921383864886451e-07
1.476888490811708775e-07
1.537159873633880703e-07
1.595570348069295320e-07
1.651979436852135492e-07
1.706268302250824111e-07
1.758338859558194181e-07
1.808110641333356756e-07
1.855517166465130592e-07
1.900504171456593475e-07
1.943024496350219531e-07
1.983036176116276289e-07
2.020498437095588636e-07
2.055367772172878345e-07
2.087596773828967349e-07
2.117129718120719125e-07
2.143902387385933996e-07
2.167840014502358048e-07
2.188855810527923417e-07
2.206852919941318295e-07
2.221723075666836643e-07
2.233350097565126676e-07
2.241611394288949932e-07
2.246380093909479070e-07
2.247530670845934773e-07
2.244940794447566391e-07
2.238497923479544868e-07
2.228103300230627755e-07
2.213676075181093325e-07
2.195160370556142976e-07
2.172527792828959670e-07
2.145784034141471876e-07
2.114972081224604944e-07
2.080174860701971063e-07
2.041520028799140991e-07
1.999179651424587219e-07
1.953373228766692280e-07
1.904366903206991547e-07
1.852471740859134536e-07
1.798043639046655783e-07
1.741478278969840814e-07
1.683209028023741980e-07
1.623701352161571742e-07
1.563446561627176870e-07
1.502957190612850549e-07
1.442758375983969129e-07
1.383382229816122044e-07
1.325359707934641883e-07
1.269212532507224075e-07
1.215447122450386990e-07
1.164545864246414127e-07
1.116961600014315067e-07
1.073110759096064950e-07
1.033367257344303750e-07
9.980587569504807556e-08
9.674613654027484539e-08
9.417976144028867246e-08
9.212338344484919373e-08
9.058785802274957582e-08
8.957834557957115430e-08
8.909427770268831824e-08
8.912962774209663104e-08
8.967312817499102419e-08
9.070856668933245483e-08
9.221529407703305732e-08
9.416857860119201594e-08
9.654022525273439381e-08
9.929908950596128725e-08
1.024116090437133871e-07
1.058425101793892164e-07
1.095552728400541085e-07
1.135128340886873130e-07
1.176781063017620030e-07
1.220144522871462289e-07
1.264863174671555287e-07
1.310595205788991781e-07
1.357017936070703099e-07
1.403830627114910067e-07
1.450756520678028200e-07
1.497546636125910110e-07
1.543979332039573801e-07
1.589862906975205262e-07
1.635035133664146870e-07
1.679362043891657419e-07
1.722739018487884854e-07
1.765087111457653636e-07
1.806353293210739050e-07
1.846507421013125461e-07
1.885538753683073214e-07
1.923455524192449759e-07
1.960279433431767934e-07
1.996045063679461899e-07
2.030795947120454612e-07
2.064580547764069353e-07
2.097452050100826623e-07
2.129462794551487199e-07
2.160664534556575618e-07
2.191105225015773051e-07
2.220825973583680046e-07
2.249862370399493162e-07
2.278240063206755675e-07
2.305976821903250963e-07
2.333080834199311391e-07
2.359549196797395411e-07
2.385370664918313368e-07
2.410524782764824003e-07
2.434981136760620606e-07
2.458703427828845354e-07
2.481646799260900255e-07
2.503762266497797963e-07
2.524996584614408862e-07
2.545292050144719994e-07
2.564591235263617879e-07
2.582834308465414651e-07
2.599963730973073277e-07
2.615923901735564580e-07
2.630660589178337644e-07
2.644125429863822347e-07
2.656272482349794331e-07
2.667062467386347778e-07
2.676461618739641894e-07
2.684440299321893955e-07
2.690976889256800872e-07
2.696053406680174311e-07
2.699659164425161471e-07
2.701788874009591795e-07
2.702440606470538951e-07
2.701619258115968210e-07
2.699331610495412242e-07
2.695589738211641044e-07
2.690408819503170200e-07
2.683804929657429304e-07
2.675798512105083404e-07
2.666409416282668193e-07
2.655660465666276319e-07
2.643575429411047938e-07
2.630177061190413474e-07
2.615490860290162544e-07
2.599540427673679565e-07
2.582351356224966320e-07
2.563949535429785087e-07
2.544359540290716345e-07
2.523608647615463344e-07
2.501722526712214514e-07
2.478729301585442353e-07
2.454658064750806831e-07
2.429537451312486231e-07
2.403399643089679418e-07
2.376276212514751257e-07
2.348202056943960056e-07
2.319213890571472591e-07
2.289348777560019280e-07
2.258647845561734817e-07
2.227152126892528057e-07
2.194906137636689594e-07
2.161956219677240124e-07
2.128348938606184776e-07
2.094134390460120223e-07
2.059362052809552445e-07
2.024083970870824308e-07
1.988353006891446259e-07
1.952221188981320137e-07
1.915742675833780948e-07
1.878969780609529454e-07
1.841955872561045420e-07
1.804753702834356192e-07
1.767413874699902417e-07
1.729987600503326854e-07
1.692523082351339553e-07
1.655068250938053534e-07
1.617669310005326875e-07
1.580369447157992041e-07
1.543211459730764716e-07
1.506234580048036085e-07
1.469477085879650877e-07
1.432975095693419928e-07
1.396761525621490673e-07
1.360868561817907935e-07
1.325324902758218690e-07
1.290158189098191555e-07
1.255393992552753898e-07
1.221054949375721790e-07
1.187163008390700621e-07
1.153737012253382780e-07
1.120794877113695170e-07
1.088352704167207894e-07
1.056424021210477213e-07
1.025021758574079757e-07
9.941561108338876581e-08
9.638364382685041533e-08
9.340704689431329935e-08
9.048636237723482831e-08
8.762207254192741653e-08
8.481441249705789239e-08
8.206353489275531245e-08
7.936944027051684172e-08
7.673191954598626669e-08
7.415070285590607169e-08
7.162530026925888065e-08
6.915514669923947522e-08
6.673954592410813253e-08
6.437762675150773697e-08
6.206847629349202247e-08
5.981101128604919926e-08
5.760410960431481169e-08
5.544657144578014472e-08
5.333709225343639303e-08
5.127438547225452447e-08
4.925708483670979534e-08
4.728386567220466045e-08
4.535342261801279908e-08
4.346445734387031770e-08
4.161578959214688556e-08
3.980628395864853685e-08
3.803495617890136092e-08
3.630095841874891075e-08
3.460357113184419435e-08
3.294229214282566180e-08
3.131677313879896015e-08
2.972689807985038093e-08
2.817276043102145998e-08
2.665464332780214910e-08
2.517307297973698660e-08
2.372874915738448174e-08
2.232258421632365558e-08
2.095566089426767337e-08
1.962919190595779804e-08
1.834453375784526474e-08
1.710310781018386618e-08
1.590640321263386676e-08
1.475592047825189411e-08
1.365311947287231562e-08
1.259940876548167906e-08
1.159607231472903934e-08
1.064425812076891578e-08
9.744929436440721813e-09
8.898824604928791563e-09
8.106447069099210899e-09
7.368032857947259248e-09
6.683528263853815946e-09
6.052595230600581944e-09
5.474591262634037176e-09
4.948586497252647696e-09
4.473367314100302079e-09
4.047449138345851373e-09
3.669108111893167044e-09
3.336398127727496547e-09
3.047190994700490811e-09
2.799207862955388400e-09
2.590054948827502595e-09
2.417269252822291071e-09
2.278352402734706291e-09
2.170816435943799944e-09
2.092220638645218773e-09
2.040207245198341326e-09
2.012541003602803427e-09
2.007136013628326808e-09
2.022088570782500072e-09
2.055699835826402684e-09
2.106494292021155147e-09
2.173240285589235246e-09
2.254956466444211138e-09
2.350923703588193201e-09
2.460686154024085327e-09
2.584047580792245838e-09
2.721071435052285131e-09
2.872065234773346267e-09
3.037573459452529677e-09
3.218358920910142885e-09
3.415379974052911120e-09
3.629775186224091863e-09
3.862829654323399141e-09
4.115955279230133477e-09
4.390658278443052531e-09
4.688503649106316152e-09
5.011092894312574120e-09
5.360019392412316164e-09
5.736846311224204970e-09
6.143070054418323183e-09
6.580082632181857837e-09
7.049156247121436417e-09
7.551399556894108755e-09
8.087749230047703502e-09
8.658944004920815073e-09
9.265499924619101404e-09
9.907719627359569580e-09
1.058566303194412185e-08
1.129916950256821240e-08
1.204785544199055323e-08
1.283111337528916104e-08
1.364815780658137969e-08
1.449801467327242782e-08
1.537958004467381254e-08
1.629164043897565106e-08
1.723289119104923204e-08
1.820201366593921621e-08
1.919766966168385567e-08
2.021858390845156766e-08
2.126356783350512498e-08
2.233153512675549119e-08
2.342158868085688248e-08
2.453299223848747268e-08
2.566525209732795630e-08
2.681811656091575884e-08
2.799156147022332532e-08
2.918586320088592383e-08
3.040152202026598094e-08
3.163932355475428611e-08
3.290029510738605110e-08
3.418564586072521022e-08
3.549681683751716511e-08
3.683534746218229027e-08
3.820291613905321777e-08
3.960125475785844348e-08
4.103204900321293377e-08
4.249697760089923742e-08
4.399753416064667231e-08
4.553506685076085007e-08
4.711067151539249808e-08
4.872507511891493095e-08
5.037869331199450320e-08
5.207143329428261795e-08
5.380276531119288036e-08
5.557162449642570360e-08
5.737630787685052431e-08
5.921458485757344933e-08
6.108350895856445705e-08
6.297955414691890587e-08
6.489855254399505898e-08
6.683563001185753308e-08
6.878539573907139209e-08
7.074177984502720447e-08
7.269825331316196214e-08
7.464781208380203919e-08
7.658295750300595742e-08
7.849596840460946076e-08
8.037875901906178222e-08
8.222317419185619552e-08
8.402100368903972250e-08
8.576398671110249125e-08
8.744413945655889804e-08
8.905360223771355979e-08
9.058497247173401392e-08
9.203130882076063644e-08
9.338611758589393451e-08
9.464368671185815823e-08
9.579887861838917868e-08
9.684744971580403306e-08
9.778599908919999010e-08
9.861189478554471711e-08
9.932356715828704614e-08
9.992021663529593929e-08
1.004020812276006421e-07
1.007703056077433236e-07
1.010267903324568860e-07
1.011744239670395056e-07
1.012167079419387488e-07
1.011579656590475408e-07
1.010031433150142899e-07
1.007576002846432377e-07
1.004272538895447445e-07
1.000183574381467714e-07
9.953727516145406662e-08
9.899065565490219298e-08
9.838500583928907639e-08
9.772686574212469952e-08
9.702258765816286948e-08
9.627812385344671359e-08
9.549921356225195252e-08
9.469099063204923624e-08
9.385818698105683191e-08
9.300495620460819732e-08
9.213471355925559651e-08
9.125036843121389681e-08
9.035400033318257002e-08
8.944711551739031658e-08
8.853053895378204004e-08
8.760432494417216021e-08
8.666804619773751254e-08
8.572054732141916041e-08
8.476025521073832760e-08
8.378513640314203163e-08
8.279266949505832820e-08
8.178017490351807152e-08
8.074462673393789492e-08
7.968299012225535200e-08
7.859221361088140397e-08
7.746922871045703417e-08
7.631127925126378115e-08
7.511575061823930505e-08
7.388048652297457925e-08
7.260376957730204373e-08
7.128430089791766534e-08
6.992147823107990015e-08
6.851519888619605026e-08
6.706610855245780556e-08
6.557553031659176593e-08
6.404538950177057564e-08
6.247840619048312737e-08
6.087785132329932022e-08
5.924770642441512377e-08
5.759253253615508832e-08
5.591733935324532585e-08
5.422769417707650190e-08
5.252944785492755269e-08
5.082882242138400952e-08
4.913224813143493536e-08
4.744621002449596214e-08
4.577730844255157288e-08
4.413199763522403083e-08
4.251664312178146534e-08
4.093737230215917545e-08
3.939994281966151114e-08
3.790979850196370389e-08
3.647186155714547265e-08
3.509059904601257099e-08
3.376992168377912765e-08
3.251310300121981788e-08
3.132285894550434865e-08
3.020121092833531306e-08
2.914958014755523193e-08
2.816874396868042417e-08
2.725880969618358055e-08
2.641932389331802728e-08
2.564919869641871399e-08
2.494683305547494191e-08
2.431011606733364458e-08
2.373644199777397115e-08
2.322284152120354382e-08
2.276595072012350040e-08
2.236214856839109256e-08
2.200758796286729515e-08
2.169823214189649918e-08
2.142999404854773181e-08
2.119872329060349252e-08
2.100034431456407145e-08
2.083089217530988470e-08
2.068654732259053563e-08
2.056376433834660495e-08
2.045925001682970926e-08
2.037008197990798749e-08
2.029372397562704481e-08
2.022803466785183430e-08
2.017136468223352154e-08
2.012250140004565456e-08
2.008074900293004811e-08
2.004590373975946553e-08
2.001822030186666216e-08
1.999846518117648693e-08
1.998781786347572084e-08
1.998790789025127494e-08
2.000074894592250923e-08
2.002866635626792691e-08
2.007431586954612292e-08
2.014055338889362267e-08
2.023044702092134658e-08
2.034719077937017319e-08
2.049401685876433691e-08
2.067420797581286881e-08
2.089096255828692904e-08
2.114741286713057047e-08
2.144654728154599066e-08
2.179113478157616949e-08
2.218376042788457448e-08
2.262670743954140124e-08
2.312200588929490686e-08
2.367138046258751875e-08
2.427619947255349631e-08
2.493754754491803250e-08
2.565612596047044014e-08
2.643233834795964573e-08
2.726626073264922194e-08
2.815760823614109981e-08
2.910584259963251557e-08
3.011007565686088556e-08
3.116918622643745587e-08
3.228179851189905377e-08
3.344625212153584889e-08
3.466073786373385685e-08
3.592318714159780976e-08
3.723141509742099905e-08
3.858309606677983234e-08
3.997572713798924649e-08
4.140679080064815320e-08
4.287361949662754505e-08
4.437356560072485969e-08
4.590396829249459338e-08
4.746210586939865583e-08
4.904538637866390597e-08
5.065117945884583624e-08
5.227701321767409991e-08
5.392052612956866258e-08
5.557940131018843799e-08
5.725155162755361590e-08
5.893505761042699195e-08
6.062808580797035129e-08
6.232911465620740101e-08
6.403669029062341657e-08
6.574965330883705516e-08
6.746704481550117173e-08
6.918799076596940671e-08
7.091194092766802284e-08
7.263836495472019172e-08
7.436699172347517979e-08
7.609767992529189402e-08
7.783026730155508991e-08
7.956482533381484929e-08
8.130129854881863018e-08
8.303976374670670719e-08
8.478027335873803400e-08
8.652267984059070600e-08
8.826691919795054381e-08
9.001260623723455286e-08
9.175932910645684479e-08
9.350648025582213263e-08
9.525307101356240583e-08
9.699805989878788625e-08
9.873991755270532936e-08
1.004769711342314099e-07
1.022072352155702445e-07
1.039282277553893480e-07
1.056373537784817949e-07
1.073314480481495157e-07
1.090071768494207806e-07
1.106608742744762424e-07
1.122883641914492219e-07
1.138854021523215704e-07
1.154471983914679547e-07
1.169688773958304843e-07
1.184453198124661203e-07
1.198709907377716712e-07
1.212404364803781518e-07
1.225477882848439636e-07
1.237872742937708883e-07
1.249530642357698088e-07
1.260391016696550402e-07
1.270396458047199597e-07
1.279487549791365340e-07
1.287608383725024506e-07
1.294704966649590395e-07
1.300723517287047517e-07
1.305616149055960152e-07
1.309335465862630752e-07
1.311840257814106611e-07
1.313093751036899470e-07
1.313061768295573088e-07
1.311718407426543016e-07
1.309040350080712049e-07
1.305012453768498820e-07
1.299625720111517377e-07
1.292875211554884838e-07
1.284765443184761096e-07
1.275304410206317269e-07
1.264508819776706967e-07
1.252401728569430908e-07
1.239010194871125361e-07
1.224370189420480332e-07
1.208520472583513629e-07
1.191507327670848690e-07
1.173381958740079233e-07
1.154197994928027059e-07
1.134015872743218730e-07
1.112896828353511028e-07
1.090907138076695644e-07
1.068115492400949389e-07
1.044590574491482903e-07
1.020404985177691375e-07
9.956296739122795054e-08
9.703377769937216081e-08
9.446022163318463789e-08
9.184935793735675765e-08
8.920836859836188678e-08
8.654407219822329258e-08
8.386327538711730356e-08
8.117257245922622220e-08
7.847817671919132286e-08
7.578624552224122402e-08
7.310247579843296707e-08
7.043242343616683540e-08
6.778134656416409856e-08
6.515408025278377600e-08
6.255532591396477046e-08
5.998932588028801306e-08
5.746014394586729490e-08
5.497154548987441914e-08
5.252690608868657396e-08
5.012945743626862266e-08
4.778202924913671216e-08
4.548728320740525822e-08
4.324761954548925660e-08
4.106510851118874337e-08
3.894168794585047941e-08
3.687896029947691858e-08
3.487837748115486946e-08
3.294116671919722304e-08
3.106827809611726878e-08
2.926053597914250264e-08
2.751848298545353304e-08
2.584252056668058382e-08
2.423285205191225231e-08
2.268944461265374413e-08
2.121214271986597899e-08
1.980055426758923880e-08
1.845415621291389525e-08
1.717225517453775795e-08
1.595396407604263122e-08
1.479828738027329602e-08
1.370404450427974062e-08
1.266994965447839550e-08
1.169458901654289047e-08
1.077641063833473444e-08
9.913788830258009531e-09
9.104977539624033101e-09
8.348170430524044336e-09
7.641490764956691555e-09
6.982990384115930924e-09
6.370693135322564515e-09
5.802589693109172554e-09
5.276639450089280829e-09
4.790809057805258920e-09
4.343054478660547997e-09
3.931355433913798522e-09
3.553714159946672542e-09
3.208158422701050970e-09
2.892766529241806437e-09
2.605656927108126999e-09
2.345009496466243681e-09
2.109064477717468569e-09
1.896123738584272913e-09
1.704564784820088910e-09
1.532833238966785580e-09
1.379453953030908719e-09
1.243028553421787029e-09
1.122234196281355227e-09
1.015829739933739189e-09
9.226489940819319702e-10
8.416050215263166616e-10
7.716863245543469497e-10
7.119536442947811831e-10
6.615414692976511842e-10
6.196514933034359853e-10
5.855532127363775098e-10
5.585794752376938507e-10
5.381223430632244263e-10
5.236326103284868886e-10
5.146135856444285905e-10
5.106204590403059037e-10
5.112560460242421362e-10
5.161666902083280498e-10
5.250417838088411707e-10
5.376081390738769582e-10
5.536298708762193120e-10
5.729049454353508031e-10
5.952617435092975840e-10
6.205598141602423941e-10
6.486848112665420415e-10
6.795497807610366117e-10
7.130925272665379963e-10
7.492727295073131329e-10
7.880741677125512485e-10
8.294994266364078928e-10
8.735723856485802092e-10
9.203354536753369064e-10
9.698461021660813257e-10
1.022179728317900635e-09
1.077422388214171532e-09
1.135673360761280109e-09
1.197040554937627196e-09
1.261634724948482956e-09
1.329571791378810719e-09
1.400961754201090508e-09
1.475910464822592327e-09
1.554512078781099326e-09
1.636840137098821071e-09
1.722949565484398163e-09
1.812861551072663997e-09
1.906565791961398701e-09
2.004011214679802650e-09
2.105095706582075871e-09
2.209670885660935915e-09
2.317525539884111525e-09
2.428392538386258585e-09
2.541941710030061377e-09
2.657772459782300759e-09
2.775426440651697619e-09
2.894373704343927970e-09
3.014029319718092353e-09
3.133752484215397336e-09
3.252845725813025767e-09
3.370578992618826942e-09
3.486180567360462847e-09
3.598865080990727873e-09
3.707839068924073441e-09
3.812306004374088487e-09
3.911499754214082290e-09
4.004677103365052390e-09
4.091152548474859966e-09
4.170304707068934773e-09
4.241580821082332828e-09
4.304531551678728209e-09
4.358797582089127207e-09
4.404141877279272429e-09
4.440448286120849186e-09
4.467717101226788941e-09
4.486091650608191032e-09
4.495832086773440344e-09
4.497336838256733080e-09
4.491127634805118616e-09
4.477831651748806787e-09
4.458195177564038094e-09
4.433043816876046832e-09
4.403291556622579292e-09
4.369913912683604798e-09
4.333919848578429956e-09
4.296355980864662358e-09
4.258260036209787615e-09
4.220663903416614703e-09
4.184563631152607643e-09
4.150890482322985782e-09
4.120515260838387393e-09
4.094205760243588356e-09
4.072634198621254034e-09
4.056354747925855183e-09
4.045783742802576605e-09
4.041214036787468059e-09
4.042784877560668979e-09
4.050501976048369361e-09
4.064229067257702635e-09
4.083682231970425606e-09
4.108458876712229695e-09
4.138021526121882954e-09
4.171732081084786356e-09
4.208856270798430308e-09
4.248569413150637068e-09
4.289996949735445029e-09
4.332206111818013652e-09
4.374248584791063348e-09
4.415169919742793380e-09
4.454018096392005781e-09
4.489886735148350423e-09
4.521904528285866274e-09
4.549276465926693853e-09
4.571287913250205042e-09
4.587306171739636569e-09
4.596816543718081052e-09
4.599400922648848653e-09
4.594769011891482247e-09
4.582750018487272575e-09
4.563281585155507383e-09
4.536429501367373046e-09
4.502371454267357449e-09
4.461378657412660088e-09
4.413831915664387123e-09
4.360181064655991528e-09
4.300957351038214639e-09
4.236748189398344678e-09
4.168171786393988840e-09
4.095885914342541658e-09
4.020544726073089116e-09
3.942807274580652842e-09
3.863312394314569182e-09
3.782655642454662873e-09
3.701399363164516850e-09
3.620036748089899386e-09
3.539004855632843727e-09
3.458668309286030768e-09
3.379306333129787542e-09
3.301130724090181953e-09
3.224263163811276656e-09
3.148757222124543315e-09
3.074594262975553313e-09
3.001682432013497599e-09
2.929883092991773032e-09
2.859000299375544651e-09
2.788809468480701576e-09
2.719061619983647980e-09
2.649489124296048463e-09
2.579834431066317141e-09
2.509844236500560675e-09
2.439296791237588356e-09
2.368005656133579638e-09
2.295823121772787723e-09
2.222662036859875409e-09
2.148485694826581424e-09
2.073325199287919538e-09
1.997274961826103193e-09
1.920487099050924149e-09
1.843180690848632519e-09
1.765623486805251856e-09
1.688136702966678621e-09
1.611081590540548503e-09
1.534845881697155185e-09
1.459843114250753777e-09
1.386490714663559813e-09
1.315208088819734884e-09
1.246401587957876364e-09
1.180451246874400839e-09
1.117709293937552805e-09
1.058483875338640343e-09
1.003040021374261500e-09
9.515920168670421820e-10
9.042985501365817082e-10
8.612680401330054936e-10
8.225534070958482881e-10
7.881606620967594809e-10
7.580510440347425589e-10
7.321450120203840981e-10
7.103338664340646421e-10
6.924820208370952759e-10
6.784394200170580021e-10
6.680474465482489205e-10
6.611447461693309449e-10
6.575783760803514574e-10
6.572051937496890487e-10
6.599011409921025157e-10
6.655635361528164476e-10
6.741121881588866183e-10
6.854953593325562046e-10
6.996856658358937337e-10
7.166841291224239708e-10
7.365174132500434960e-10
7.592341704708871830e-10
7.849076226023822523e-10
8.136277641348328576e-10
8.455036719487079016e-10
8.806589234569744992e-10
9.192264713323033450e-10
9.613515725874889486e-10
1.007182471121920649e-09
1.056873428497702560e-09
1.110579190051640074e-09
1.168448235790248579e-09
1.230625782241557653e-09
1.297240643776235954e-09
1.368407362632510219e-09
1.444216992498574556e-09
1.524726017959898419e-09
1.609958207743085654e-09
1.699885823539499018e-09
1.794431806842239846e-09
1.893458385603723081e-09
1.996754917450656394e-09
2.104044880668592645e-09
2.214967903866824111e-09
2.329091863610716457e-09
2.445909391566777952e-09
2.564835654827341956e-09
2.685232826170024138e-09
2.806403358763420222e-09
2.927622729599124111e-09
3.048151658986953162e-09
3.167249157532399649e-09
3.284216998793360138e-09
3.398402107898548337e-09
3.509244209856182356e-09
3.616293163870954366e-09
3.719222622072717738e-09
3.817875544919743587e-09
3.912253676405412888e-09
4.002554860449579007e-09
4.089168978848381635e-09
4.172665429867606368e-09
4.253812840540856647e-09
4.333532172936716555e-09
4.412902455071514529e-09
4.493119673078934021e-09
4.575448080878242143e-09
4.661210152886126961e-09
4.751707390202896319e-09
4.848205318044940826e-09
4.951874016670692646e-09
5.063728370598601477e-09
5.184615008908752040e-09
5.315161925677828056e-09
5.455732608840539263e-09
5.606440490594447390e-09
5.767094012127130165e-09
5.937231462871224629e-09
6.116112980995570520e-09
6.302719717536806600e-09
6.495823404059947885e-09
6.693973759915261130e-09
6.895586441228026578e-09
7.098975348478258152e-09
7.302385587201523548e-09
7.504099740794841416e-09
7.702438065674354539e-09
7.895865215375525766e-09
8.083020899988610083e-09
8.262741107180974396e-09
8.434153189226970581e-09
8.596640298001801605e-09
8.749919442617856964e-09
8.894026428008426774e-09
9.029286704965637734e-09
9.156365212025869394e-09
9.276170811900858897e-09
9.389887034155060495e-09
9.498903166784896821e-09
9.604735501589969223e-09
9.709039310400223309e-09
9.813471648418990396e-09
9.919697735778736286e-09
1.002929940203025309e-08
1.014368258920292341e-08
1.026409062243288763e-08
1.039146804522557275e-08
1.052648608152279238e-08
1.066947228450555001e-08
1.082034634103315272e-08
1.097867576854357312e-08
1.114357690454014079e-08
1.131379373586949283e-08
1.148767688428935989e-08
1.166317042389000974e-08
1.183792902813359754e-08
1.200926629598642443e-08
1.217429354573475943e-08
1.232994632974528048e-08
1.247301452992261337e-08
1.260030694540250343e-08
1.270862608744506733e-08
1.279493952172395855e-08
1.285642052812529340e-08
1.289048387470202300e-08
1.289495199610854890e-08
1.286801135174172734e-08
1.280836257299356652e-08
1.271522356917429078e-08
1.258832021421895625e-08
1.242799736538307834e-08
1.223511349532013617e-08
1.201111987303790830e-08
1.175799029221484443e-08
1.147813945708746470e-08
1.117445242824341195e-08
1.085011496164851186e-08
1.050861804605401910e-08
1.015363169349652026e-08
9.788880133439934979e-09
9.418123678359390235e-09
9.044980045435958531e-09
8.672909232702061230e-09
8.305100350433545522e-09
7.944376027113313492e-09
7.593198666743818274e-09
7.253558083934119850e-09
6.927005188844520424e-09
6.614615754792051619e-09
6.316977019944699872e-09
6.034261193501001754e-09
5.766206300238360928e-09
5.512213513001307451e-09
5.271385074557571296e-09
5.042574207913598854e-09
4.824496048475117376e-09
4.615753537652917158e-09
4.414944741857295180e-09
4.220709442531874521e-09
4.031772120168734050e-09
3.847021417124197760e-09
3.665509473448362126e-09
3.486506773746899121e-09
3.309500135746310968e-09
3.134182595881573225e-09
2.960468971908603847e-09
2.788447820244160587e-09
2.618378870436178480e-09
2.450650143738737476e-09
2.285735508652783410e-09
2.124178518814653102e-09
1.966537170716197502e-09
1.813370755074904376e-09
1.665205545713679013e-09
1.522509299226204520e-09
1.385690386242080509e-09
1.255075680761761545e-09
1.130920618229674598e-09
1.013407073815536110e-09
9.026478818285677852e-10
7.987052609248127446e-10
7.015937091246490804e-10
6.112985205565574862e-10
5.277824823887904849e-10
4.509919661151753576e-10
3.808655151507029256e-10
3.173299721489341160e-10
2.603009326634995253e-10
2.096746598309629922e-10
1.653186910750565121e-10
1.270631959307379008e-10
9.468861678168393462e-11
6.791748032532611767e-11
4.640675654363605494e-11
2.974454146187795335e-11
1.745188160319853200e-11
8.989161890876309647e-12
3.768667913881314016e-12
1.172146822787138778e-12
5.731710879282798223e-13
1.363015680668020392e-12
2.978523050666528505e-12
4.930208528385466281e-12
6.828605429250958822e-12
8.406806904079607958e-12
9.537409495742641099e-12
1.024208512099873598e-11
1.069254852554887560e-11
1.120231526225455269e-11
1.220877069253061914e-11
1.424637277871492144e-11
1.791178055723966380e-11
2.382268176571497461e-11
3.257277501814675574e-11
4.468494352481761722e-11
6.056624239852112344e-11
8.046696756137274810e-11
1.044465376117353309e-10
1.323499523159549848e-10
1.637943243188706547e-10
1.981702032884978179e-10
2.346553752022814544e-10
2.722413928853489975e-10
3.097753712310645664e-10
3.460080331082081209e-10
3.796545146359223254e-10
4.094568931022703720e-10
4.342473153955642384e-10
4.530137326366158066e-10
4.649521514852625485e-10
4.695170282362236168e-10
4.664539703791159837e-10
4.558174909568538603e-10
4.379782249500478284e-10
4.136051360939005775e-10
3.836397626871847248e-10
3.492502112144171134e-10
3.117734508457376997e-10
2.726526967872183690e-10
2.333632855462568534e-10
1.953431316053704758e-10
1.599223643616797047e-10
1.282609098212292351e-10
1.012986861436531928e-10
7.971672465008946948e-11
6.391667354991200679e-11
5.401575282237199989e-11
4.985920563647080340e-11
5.104939305771571879e-11
5.698784915100792208e-11
6.692930267839129905e-11
8.004241951000072332e-11
9.547349457369835977e-11
1.124098738612425406e-10
1.301362867397659918e-10
1.480834412188897582e-10
1.658627696755113849e-10
1.832856709094498145e-10
2.003683942586530627e-10
2.173171555323482371e-10
2.345009394579950907e-10
2.524085632417136924e-10
2.715949574186843701e-10
2.926241470997393344e-10
3.160054450315153780e-10
3.421373374900315932e-10
3.712553934088812082e-10
4.033911473711206424e-10
4.383507003820975312e-10
4.757038096775633800e-10
5.147993497507668835e-10
5.547948180511889157e-10
5.947026480125195360e-10
6.334586257052613024e-10
6.699910546411748660e-10
7.033075405354551302e-10
7.325756346810865756e-10
7.571982272814733006e-10
7.768881609465702426e-10
7.917136761070929296e-10
8.021382925680693922e-10
8.090281360570187553e-10
8.136339428269964356e-10
8.175578641679155706e-10
8.226806247639522136e-10
8.310824699389429348e-10
8.449364392918263198e-10
8.663894176173343125e-10
8.974481670636591175e-10
9.398502503323203210e-10
9.949595068514049657e-10
1.063665491690817430e-09
1.146302523878224430e-09
1.242607977514048473e-09
1.351688955821204140e-09
1.472041606780013714e-09
1.601587216343203951e-09
1.737734986168466371e-09
1.877491442999325572e-09
2.017559634251549960e-09
2.154486087902509669e-09
2.284793889358603414e-09
2.405113183835421310e-09
2.512334630673740156e-09
2.603705007833750666e-09
2.676949027895986253e-09
2.730336214275436205e-09
2.762718406032366876e-09
2.773573696352488678e-09
2.762968992448599651e-09
2.731548781556998434e-09
2.680464828930448721e-09
2.611287647152055678e-09
2.525939548770079548e-09
2.426569349054949486e-09
2.315477150022592652e-09
2.195010428695882664e-09
2.067473057449263759e-09
1.935077179435744692e-09
1.799870500085067941e-09
1.663722990878444512e-09
1.528305103407049987e-09
1.395086084791371836e-09
1.265365802276591969e-09
1.140287367661491823e-09
1.020882873262307960e-09
9.081012123242933662e-10
8.028344410789785647e-10
7.059461557236477526e-10
6.182761330756898373e-10
5.406333128519878341e-10
4.737818015096823177e-10
4.184010493109342475e-10
3.750452599699847083e-10
3.440875378940169782e-10
3.256617089973593947e-10
3.196103678694059667e-10
3.254337720143894406e-10
3.422584521933282140e-10
3.688197557033420265e-10
4.034661416872633405e-10
4.441927824355199078e-10
4.886930257235141273e-10
5.344419083396708694e-10
5.787957502863105744e-10
6.191071825003649487e-10
6.528580574827166181e-10
6.777836072634050476e-10
6.920031502830023311e-10
6.941289620727080062e-10
6.833530837856784024e-10
6.595148484095656973e-10
6.231210718178948579e-10
5.753424324960272898e-10
5.179624535553377611e-10
4.532905766051617324e-10
3.840489469095413643e-10
3.132224380162074704e-10
2.438991067619884341e-10
1.790954847274567370e-10
1.215850389557799610e-10
7.374112884676910299e-11
3.739921965645277947e-11
1.375351937958806489e-11
3.290985331636251973e-12
5.769891227669561510e-12
2.024424190485612743e-11
4.513302771775827839e-11
7.833075848618182921e-11
1.173523350193185167e-10
1.595023471199860984e-10
2.020599732115689953e-10
2.424631694190896317e-10
2.784850365734836368e-10
3.083852490022452250e-10
3.310269116336720223e-10
3.459552552570541505e-10
3.534219968589133754e-10
3.543651715696081221e-10
3.503345041142762254e-10
3.433708946813364033e-10
3.358523720231343626e-10
3.303054526887348823e-10
3.292081653280910961e-10
3.347874512659824561e-10
3.488298927074665248e-10
3.725238792243038719e-10
4.063343773334158971e-10
4.499336979952775415e-10
5.021835522248459918e-10
5.611747856173182241e-10
6.243311643696325107e-10
6.885552176733291771e-10
7.504281000423481080e-10
8.064331614010557637e-10
8.531942050415845862e-10
8.877243202207216932e-10
9.076419659995055433e-10
9.113706904131428015e-10
8.982807083402757317e-10
8.687720231302245175e-10
8.243036573083877931e-10
7.673366855999798208e-10
7.012268860319956470e-10
6.300446905155226707e-10
5.583459060236618551e-10
4.909140833043913236e-10
4.324714489250442630e-10
3.874003000212426895e-10
3.594754448854918463e-10
3.516343601439060472e-10
3.658042625919266313e-10
4.027870062460558879e-10
4.622241199900314215e-10
5.426337612725125438e-10
6.415206170930151278e-10
7.555594054473488511e-10
8.808215706681060552e-10
1.013051929780582739e-09
1.147955773705813202e-09
1.281480382935562293e-09
1.410087792171627988e-09
1.530961394580625390e-09
1.642176294825914202e-09
1.742780403687008664e-09
1.832792452721976763e-09
1.913140727763866538e-09
1.985490963868905779e-09
2.052042596470750247e-09
2.115251624278829833e-09
2.177522400054839679e-09
2.240920596820016566e-09
2.306864581798482315e-09
2.375901458050410906e-09
2.447521101482082438e-09
2.520052174999222935e-09
2.590685035277432018e-09
2.655549393755301100e-09
2.709938944950651238e-09
2.748594238530613094e-09
2.766057389613719491e-09
2.757111245700847250e-09
2.717188457251567890e-09
2.642822383627394643e-09
2.532020645125960157e-09
2.384566501022635417e-09
2.202250615941691226e-09
1.988933449685622502e-09
1.750515343963792206e-09
1.494734074114408156e-09
1.230829886632953153e-09
9.691055360143569439e-10
7.203605914480131880e-10
4.952825438854730083e-10
3.037937395056608966e-10
1.544172529439882976e-10
5.370289152597472942e-11
5.746370478054816525e-12
1.184738366326688170e-11
7.033017062353483227e-11
1.765478764658702557e-10
3.230778698940414809e-10
5.001029304136121057e-10
6.959571482704764554e-10
8.978151666545838162e-10
1.092468076245445171e-09
1.267158822771645568e-09
1.410403213363836501e-09
1.512745181923863500e-09
1.567414161461798325e-09
1.570794807213967224e-09
1.522722708600497429e-09
1.426536276398951808e-09
1.288892906871359132e-09
1.119371097166358779e-09
9.298387414004008932e-10
7.336717219870301281e-10
5.448345087414494541e-10
3.769028114617989216e-10
2.420970841937632519e-10
1.503808203155110974e-10
1.087062474437828157e-10
1.204545052420659707e-10
1.851227637643884808e-10
2.982890380554544325e-10
4.518635959951944028e-10
6.346253089887695335e-10
8.330099683702416820e-10
1.032101542476620959e-09
1.216775211829442039e-09
1.372890852848679401e-09
1.488483115622650004e-09
1.554832454409124595e-09
1.567342112107786459e-09
1.526167177365855710e-09
1.436494028753239086e-09
1.308482792708213763e-09
1.156815308789642379e-09
9.998801555593647927e-10
8.586432715557309308e-10
7.552366831254810232e-10
7.113857162504687844e-10
7.467494399232936997e-10
8.772994201701138922e-10
1.113859319141756882e-09
1.460896515080766201e-09
1.915692180430072936e-09
2.467946800464032355e-09
3.099874689829513086e-09
3.786842600323816112e-09
4.498472461803208112e-09
5.200247783496715936e-09
5.855464399891071189e-09
6.427432458360599785e-09
6.881868288383620810e-09
7.189174181581084096e-09
7.326635481385610212e-09
7.280221852320161467e-09
7.045917253233984155e-09
6.630542429047904369e-09
6.051810651303675742e-09
5.337788690443363211e-09
4.525593347898605262e-09
3.659459191279863895e-09
2.788306232504572840e-09
1.962839648621315024e-09
1.232471256325077675e-09
6.421655655037267911e-10
2.294657344273417088e-10
2.189380556288655573e-11
3.489940424526255623e-11
2.705298054773191497e-10
7.169318849262990819e-10
1.348751757479736083e-09
2.128449372230358428e-09
3.008458200498721269e-09
3.934108909524151612e-09
4.847122869427678152e-09
5.689460118976981517e-09
6.407334288687541393e-09
6.955019798603556767e-09
7.298323077722958045e-09
7.417345258974964621e-09
7.308363498207727148e-09
6.984734731213966451e-09
6.476560028760008851e-09
5.829264607026125484e-09
5.100985705622741246e-09
4.358967409115637772e-09
3.675194935920976446e-09
3.121429892382785334e-09
2.764076224879856430e-09
2.659128862004497252e-09
2.847599161637980516e-09
3.351766870122647116e-09
4.172503880613508002e-09
5.287975995824170315e-09
6.653827115676628403e-09
8.204918838787420674e-09
9.858652129397665530e-09
1.151959825400236475e-08
1.308536451580967782e-08
1.445321239790721021e-08
1.552706309154823173e-08
1.622456308268308577e-08
1.648347163665013712e-08
1.626722533988272833e-08
1.556898079840563169e-08
1.441389751974994593e-08
1.285951327378142295e-08
1.099381523699453094e-08
8.931313209332989134e-09
6.807011598073577978e-09
4.768691500069372808e-09
2.967935446664371212e-09
1.550313825198399244e-09
6.454512119723926206e-10
3.575402999896482279e-10
7.570015412168448298e-10
1.873891472512582785e-09
3.693589649877701919e-09
6.155196121696529742e-09
9.152892865654845454e-09
1.254033257691386252e-08
1.613801083519273875e-08
1.974323710998889872e-08
2.314220338347051105e-08
2.612362822827236180e-08
2.849289597531023933e-08
3.008614528526881049e-08
3.078306767171019326e-08
3.051761250997841829e-08
2.928593663002198230e-08
2.715050806861763421e-08
2.424031211294779119e-08
2.074649841716298790e-08
1.691364008766623534e-08
1.302694629369716749e-08
9.395748573163165116e-09
6.334345729832421018e-09
4.141061626892028277e-09
3.076862430471946587e-09
3.344877012762320698e-09
5.072178916911038243e-09
8.295243050738791120e-09
1.295027977244640205e-08
1.886946688812341689e-08
2.578389099246330213e-08
3.333346410059360017e-08
4.108400602493980095e-08
4.855091001412997223e-08
5.522857745143809938e-08
6.062459546808924173e-08
6.429663817203852633e-08
6.589072047474876608e-08
6.517825976512167451e-08
6.208993429533978952e-08
5.674436358450874531e-08
4.946909138376228293e-08
4.081263756701269216e-08
3.154574596415424906e-08
2.265110326562911061e-08
1.530114443905718769e-08
1.082393165739428038e-08
1.065810780064141884e-08
1.629817989036719146e-08
2.923216368222978896e-08
5.087407092230332437e-08
8.249399921293068301e-08
1.251491062425200567e-07
1.796185896829265406e-07
2.463458316227550309e-07
3.253911500174430752e-07
4.163970751847079488e-07
5.185693760016491503e-07
6.306745143661273825e-07
7.510546089779695023e-07
8.776609521202457480e-07
1.008103490704682590e-06
1.139717125851126701e-06
1.269640582491406931e-06
1.394905742851100030e-06
1.512535012757448494e-06
1.619640611691490761e-06
1.713524448939110877e-06
1.791772267462845935e-06
1.852339230620953119e-06
1.893623651718666051e-06
1.914524603781015241e-06
