4.405333906242834786e-09
4.212335979839199226e-09
4.006293135687338113e-09
3.791011352082853333e-09
3.570967850872560012e-09
3.351204473340691353e-09
3.137195754739703315e-09
2.934695716329984672e-09
2.749568238826360646e-09
2.587606561573452932e-09
2.454347942208460393e-09
2.354889794338246762e-09
2.293713665963310576e-09
2.274523305488938869e-09
2.300102589309270798e-09
2.372198561807000381e-09
2.491434047242329554e-09
2.657253315520205287e-09
2.867903189872670781e-09
3.120450843240436553e-09
3.410838321706436942e-09
3.733972548536752307e-09
4.083848321304046594e-09
4.453700738354460267e-09
4.836182513185553971e-09
5.223560683915699552e-09
5.607926480968370132e-09
5.981411742035528350e-09
6.336405068525270352e-09
6.665760749125321619e-09
6.962993615937176854e-09
7.222453620102239120e-09
7.439474641580024722e-09
7.610492675882257063e-09
7.733129483989602018e-09
7.806239193816675072e-09
7.829916637893078863e-09
7.805467203719352556e-09
7.735339253482725741e-09
7.623021407372017293e-09
7.472909339395069947e-09
7.290145133846397827e-09
7.080435960739609689e-09
6.849857893092076890e-09
6.604651162976538850e-09
6.351015056978934335e-09
6.094907848010592302e-09
5.841859283810518774e-09
5.596802600805680068e-09
5.363930182545196364e-09
5.146578795462753304e-09
4.947147711727987906e-09
4.767051938032581469e-09
4.606712920096748169e-09
4.465585407426260723e-09
4.342219881534593131e-09
4.234358622190748045e-09
4.139060491425289566e-09
4.052850761493652640e-09
3.971890106388746473e-09
3.892156228590344326e-09
3.809632423432006929e-09
3.720494974805194597e-09
3.621293106908592384e-09
3.509115449312395128e-09
3.381735699251652411e-09
3.237733018782287110e-09
3.076582320653368184e-09
2.898710697079576010e-09
2.705518541662827098e-09
2.499363225234444218e-09
2.283506146293729708e-09
2.062025068518126118e-09
1.839693595716735324e-09
1.621832439997466640e-09
1.414137138462396474e-09
1.222487867134494165e-09
1.052748217429025297e-09
9.105592028498401386e-10
8.011358946470487543e-10
7.290738017484442492e-10
6.981713545138045534e-10
7.112750201037969944e-10
7.701524371872761228e-10
8.753980803719792176e-10
1.026375216588159904e-09
1.221196197301038402e-09
1.456742225474775163e-09
1.728722647894820605e-09
2.031771746255522985e-09
2.359580595272571001e-09
2.705059956342467057e-09
3.060528944367748771e-09
3.417924022900755153e-09
3.769022243562650695e-09
4.105669428767155636e-09
4.420010344495714414e-09
4.704708462984612557e-09
4.953152865871967734e-09
5.159644318877100656e-09
5.319551918272106317e-09
5.429441684649376934e-09
5.487165607320094742e-09
5.491914898359164648e-09
5.444233486395016157e-09
5.345988832566221580e-09
5.200306344928779293e-09
5.011467102557800621e-09
4.784769880661503050e-09
4.526367091036951979e-09
4.243077301934156061e-09
3.942178146725841662e-09
3.631192328482018098e-09
3.317666410952458061e-09
3.008955207211928894e-09
2.712015858896053514e-09
2.433216571960501413e-09
2.178169921401787614e-09
1.951590823385427955e-09
1.757187114854273398e-09
1.597583905480285778e-09
1.474282841949787991e-09
1.387658804308641302e-09
1.336992311770804168e-09
1.320535301428860647e-09
1.335608912152215600e-09
1.378728643078997225e-09
1.445751431272471641e-09
1.532041296839049454e-09
1.632645213201006480e-09
1.742475118972496654e-09
1.856489125716287536e-09
1.969864618823756162e-09
2.078160206958550454e-09
2.177457927938739665e-09
2.264484015771210904e-09
2.336703514293364883e-09
2.392384571638865085e-09
2.430633259974371418e-09
2.451397153746161567e-09
2.455436655411970315e-09
2.444268430370021580e-09
2.420082154271387021e-09
2.385632414875877275e-09
2.344113992415592252e-09
2.299020631380812909e-09
2.253996577731729662e-09
2.212684826698629596e-09
2.178576258074871567e-09
2.154868900220909838e-09
2.144338026501171772e-09
2.149225454953259487e-09
2.171150569603649947e-09
2.211044972273423051e-09
2.269115653908680247e-09
2.344836743850716309e-09
2.436968672873884544e-09
2.543606725371699666e-09
2.662255972224667417e-09
2.789927977936500146e-09
2.923260160108243598e-09
3.058648068859689200e-09
3.192390297564856447e-09
3.320839085588978900e-09
3.440548646417855540e-09
3.548421340096049533e-09
3.641839395337068864e-09
3.718782949734706596e-09
3.777927669990129009e-09
3.818715534097195109e-09
3.841400475715168092e-09
3.847064481147645117e-09
3.837600414318136773e-09
3.815666476087419937e-09
3.784610793605354202e-09
3.748365349605899433e-09
3.711319185360390133e-09
3.678166446112581613e-09
3.653740834864275313e-09
3.642838955859697707e-09
3.650035631420132332e-09
3.679503965139604661e-09
3.734838169255442545e-09
3.818891906066767211e-09
3.933635254766979222e-09
4.080032928906941252e-09
4.257953371731793275e-09
4.466110226047746737e-09
4.702035993433824162e-09
4.962095315592372547e-09
5.241536195831545007e-09
5.534574670673397156e-09
5.834520899070658557e-09
6.133932426926334158e-09
6.424800802808058800e-09
6.698763439439563790e-09
6.947329923502993977e-09
7.162129080334202470e-09
7.335155168949739862e-09
7.459019057097584639e-09
7.527191961158056975e-09
7.534232815588024680e-09
7.475994819347399076e-09
7.349808023219277080e-09
7.154627118036054981e-09
6.891142554778974192e-09
6.561849553583039841e-09
6.171078402733726522e-09
5.724968696330646583e-09
5.231408040063023084e-09
4.699919975246906415e-09
4.141508709619099400e-09
3.568466539518551598e-09
2.994137757902561250e-09
2.432657937712004858e-09
1.898663729822102822e-09
1.406984004700361050e-09
9.723184490278112458e-10
6.089119532124410263e-10
3.302296987606454353e-10
1.486441655939981752e-10
7.513841456976681453e-11
1.190338369740896400e-10
2.877486587809209527e-10
5.865927782436385287e-10
1.018604076591483333e-09
1.584430100114362381e-09
2.282257849879675075e-09
3.107795717888586663e-09
4.054303623005047020e-09
5.112677218100843970e-09
6.271580602264101029e-09
7.517625613483649135e-09
8.835601191183623593e-09
1.020873148570527121e-08
1.161897982483456416e-08
1.304737672990847390e-08
1.447437194604818570e-08
1.588020018878989767e-08
1.724526879315657223e-08
1.855052264661987468e-08
1.977782836183796458e-08
2.091033431502432531e-08
2.193281042498317494e-08
2.283198008134106277e-08
2.359678553026847314e-08
2.421865098127986175e-08
2.469168682484552752e-08
2.501285148099042770e-08
2.518206013750036979e-08
2.520226260531557572e-08
2.507942723191881498e-08
2.482251219539043679e-08
2.444336305288695959e-08
2.395655828064740534e-08
2.337922432086527441e-08
2.273076380093336513e-08
2.203257973274290513e-08
2.130774048969361705e-08
2.058061113132133045e-08
1.987647306199148334e-08
1.922108707014269096e-08
1.864027492177342869e-08
1.815947474197999325e-08
1.780329527726191388e-08
1.759509044920693193e-08
1.755651760069603086e-08
1.770714557635924866e-08
1.806407548338102968e-08
1.864159874331433197e-08
1.945089267822514583e-08
2.049977850766737413e-08
2.179249993261870582e-08
2.332958912614970455e-08
2.510777740074748085e-08
2.711996731551242754e-08
2.935529129257485528e-08
3.179919242096164430e-08
3.443361261187634301e-08
3.723722319045505988e-08
4.018572026037019557e-08
4.325216975958174535e-08
4.640743936207232401e-08
4.962060716091554264e-08
5.285947709881401682e-08
5.609109171164215709e-08
5.928226382579206964e-08
6.240016915874238561e-08
6.541284644205895331e-08
6.828978449131195379e-08
7.100244501876751283e-08
7.352475468724294713e-08
7.583361926420519039e-08
7.790927119487475595e-08
7.973567929535972069e-08
8.130083551093631376e-08
8.259696870150458528e-08
8.362074927921357918e-08
8.437327802931266022e-08
8.486012555085039098e-08
8.509121982544946687e-08
8.508066274980397823e-08
8.484645063597810055e-08
8.441018611342349449e-08
8.379657819750513104e-08
8.303301638138238627e-08
8.214901836208252629e-08
8.117563178103098519e-08
8.014486703398808502e-08
7.908897317113191185e-08
7.803983694370962510e-08
7.702831730172073768e-08
7.608360918799665249e-08
7.523262410681185587e-08
7.449947405726036342e-08
7.390488605051528052e-08
7.346580525714125454e-08
7.319501106529468766e-08
7.310081692704319786e-08
7.318691973505839726e-08
7.345222501171880387e-08
7.389088902081063740e-08
7.449239995468642207e-08
7.524175625587944983e-08
7.611980004966921640e-08
7.710351756066396712e-08
7.816654247623258223e-08
7.927967097851203495e-08
8.041143746150790130e-08
8.152880475748452355e-08
8.259776099931239728e-08
8.358406798724550797e-08
8.445395270756896685e-08
8.517480451661664130e-08
8.571583658857489758e-08
8.604878041746892421e-08
8.614839242355561327e-08
8.599303659299149346e-08
8.556512500851390108e-08
8.485147582248397281e-08
8.384364937254570041e-08
8.253805089875774578e-08
8.093607108318301325e-08
7.904405652867582008e-08
7.687319358796663807e-08
7.443928273671771840e-08
7.176248062184085901e-08
6.886683551419299262e-08
6.577986810150125014e-08
6.253202478841138656e-08
5.915607957399257070e-08
5.568654240751615414e-08
5.215894309130578661e-08
4.860919968211179028e-08
4.507293836458652149e-08
4.158483189814297538e-08
3.817800066902236204e-08
3.488338718604466874e-08
3.172925393724184729e-08
2.874071023268498246e-08
2.593931546846150693e-08
2.334278400917908755e-08
2.096473322347917802e-08
1.881456469114460333e-08
1.689741385307545034e-08
1.521419434218383278e-08
1.376172759040149570e-08
1.253296637018460206e-08
1.151727230306703412e-08
1.070078493076500121e-08
1.006683821500011452e-08
9.596426579746312996e-09
9.268715752483627688e-09
9.061563404194025873e-09
8.952067950975997696e-09
8.917109743405677233e-09
8.933881795827518516e-09
8.980395321112640605e-09
9.035957517233924581e-09
9.081590604924805119e-09
9.100411390927947133e-09
9.077943015917754484e-09
9.002360083093269474e-09
8.864670059988386398e-09
8.658807398420192360e-09
8.381667919941758117e-09
8.033063325718124081e-09
7.615605865235700167e-09
7.134533219894716084e-09
6.597461292895995143e-09
6.014096299804446442e-09
5.395895926434525045e-09
4.755695319266300582e-09
4.107310916386654557e-09
3.465120800439564987e-09
2.843647640945703632e-09
2.257142552543883866e-09
1.719184823435759420e-09
1.242306028073606079e-09
8.376485415842781485e-10
5.146631698239696754e-10
2.808571872379985883e-10
1.415948170650328696e-10
9.995589111254289459e-11
1.566553479909619223e-10
3.100247528300197380e-10
5.560560324310822041e-10
8.885056638247717597e-10
1.299056503738995522e-09
1.777532740120629162e-09
2.312164080005376244e-09
2.889889048284466641e-09
3.496694629996894347e-09
4.117980874118062668e-09
4.738942353939144195e-09
5.344961513942819279e-09
5.921994534866021739e-09
6.456953085809285089e-09
6.938070197780625480e-09
7.355224285391077058e-09
7.700254722644616456e-09
7.967203756974056429e-09
8.152543740084544236e-09
8.255330173390221248e-09
8.277297694038273617e-09
8.222922543005568734e-09
8.099388567432638718e-09
7.916530574046394278e-09
7.686694641869563062e-09
7.424543677608031835e-09
7.146833918566452891e-09
6.872110468520887314e-09
6.620396871710560211e-09
6.412816322018234600e-09
6.271216607665393332e-09
6.217755594169211809e-09
6.274476926884423191e-09
6.462901756766318205e-09
6.803599189585180367e-09
7.315799555751154122e-09
8.017012748672482501e-09
8.922675163434016730e-09
1.004585813836943663e-08
1.139698422892294683e-08
1.298363187009639924e-08
1.481036905491372014e-08
1.687863676649914730e-08
1.918673579179389204e-08
2.172980723005300834e-08
2.449994567585245907e-08
2.748632400715896313e-08
3.067536085529522823e-08
3.405102169263200478e-08
3.759504545882865311e-08
4.128734410704033592e-08
4.510635134584875013e-08
4.902938133441879928e-08
5.303313976973875274e-08
5.709404921317607797e-08
6.118878654381820480e-08
6.529467713263895018e-08
6.939005518868183230e-08
7.345479169010887177e-08
7.747050949246340539e-08
8.142105567173102103e-08
8.529273455016478307e-08
8.907447178170943086e-08
9.275816929464785544e-08
9.633863592508768126e-08
9.981386191316525140e-08
1.031848110214106071e-07
1.064555564679091010e-07
1.096330843095013391e-07
1.127270211941317170e-07
1.157496167165242391e-07
1.187152081096887828e-07
1.216401114831509035e-07
1.245421568983032307e-07
1.274401758175835518e-07
1.303538130242352145e-07
1.333027954804734142e-07
1.363067242163640667e-07
1.393845109594661648e-07
1.425538088667369045e-07
1.458308493447508655e-07
1.492297196367711331e-07
1.527622650566150040e-07
1.564376371656478752e-07
1.602618721678371382e-07
1.642379555650486516e-07
1.683652917509697853e-07
1.726398947718073709e-07
1.770542017821975842e-07
1.815969308446116430e-07
1.862534911614635393e-07
1.910057233538294692e-07
1.958324977311959565e-07
2.007095535648910851e-07
2.056101715313023271e-07
2.105053739417260901e-07
2.153641438146759293e-07
2.201542537805840250e-07
2.248422593153766333e-07
2.293943850309241832e-07
2.337768388181642223e-07
2.379561073895729330e-07
2.418998801686443693e-07
2.455770085126317034e-07
2.489584028262912287e-07
2.520172594035165030e-07
2.547292355252478136e-07
2.570732607384365789e-07
2.590312842852171259e-07
2.605889924458158624e-07
2.617357879254463112e-07
2.624647046748057907e-07
2.627729626061370560e-07
2.626614163501590782e-07
2.621349928165264553e-07
2.612023722489794169e-07
2.598756183642646209e-07
2.581704497540287057e-07
2.561054294108949652e-07
2.537021450260490697e-07
2.509846650507138970e-07
2.479789779330899818e-07
2.447130679525865209e-07
2.412159880362949287e-07
2.375179030061657268e-07
2.336494771643052407e-07
2.296412849921187683e-07
2.255238413648496025e-07
2.213267367850248175e-07
2.170787534407120748e-07
2.128070689999571916e-07
2.085373594615504914e-07
2.042933594510759283e-07
2.000964823365181120e-07
1.959660072048122704e-07
1.919185184929750130e-07
1.879681673771481990e-07
1.841264567439199508e-07
1.804020877783323028e-07
1.768013176881315594e-07
1.733276490162835195e-07
1.699822521404412727e-07
1.667639557823424131e-07
1.636692834717932775e-07
1.606929388300621476e-07
1.578276764138871034e-07
1.550648179857341064e-07
1.523943634446194272e-07
1.498051245914932287e-07
1.472852482026114569e-07
1.448221630824593526e-07
1.424030951966260811e-07
1.400151966143034416e-07
1.376456775189992223e-07
1.352822773868643577e-07
1.329131959107115737e-07
1.305275613220145948e-07
1.281153385437325391e-07
1.256677201985840695e-07
1.231771642845476470e-07
1.206374241073751636e-07
1.180438641074477749e-07
1.153932983463016669e-07
1.126842620736195006e-07
1.099169636869938033e-07
1.070932320597092047e-07
1.042167178792666456e-07
1.012926742883972099e-07
9.832812198545695841e-08
9.533173518510544631e-08
9.231372909689895280e-08
8.928596871648731553e-08
8.626171863750299394e-08
8.325572505586883360e-08
8.028406117418482377e-08
7.736397816053937545e-08
7.451394243606092845e-08
7.175337423259174086e-08
6.910266377600447194e-08
6.658299114485913970e-08
6.421615181461842830e-08
6.202453551081161823e-08
6.003085892594043665e-08
5.825812743904411162e-08
5.672943566543263791e-08
5.546777183317353004e-08
5.449595332863394258e-08
5.383635538521319754e-08
5.351083872347022589e-08
5.354054354670622508e-08
5.394568692310877924e-08
5.474549002025172617e-08
5.595791779583511994e-08
5.759963216008116841e-08
5.968574499669228076e-08
6.222978191062776574e-08
6.524352883908159109e-08
6.873688609050157810e-08
7.271789660055604390e-08
7.719256228617309326e-08
8.216492607996530124e-08
8.763702123255603491e-08
9.360882977048124920e-08
1.000784782730531322e-07
1.070421524362733014e-07
1.144943687558340390e-07
1.224280632845952416e-07
1.308346828287555954e-07
1.397045947464330698e-07
1.490270929071378935e-07
1.587908812413834001e-07
1.689842823912490879e-07
1.795954281620350787e-07
1.906128603075115356e-07
2.020255503331763276e-07
2.138235395733228710e-07
2.259981713170381006e-07
2.385422704049796799e-07
2.514508330413411329e-07
2.647209123965036701e-07
2.783523521093488926e-07
2.923475677600514078e-07
3.067121862187283256e-07
3.214550426310018352e-07
3.365880700954054090e-07
3.521268675436399675e-07
3.680901036318077639e-07
3.844999890653713510e-07
4.013819272969573771e-07
4.187640326487936083e-07
4.366774882567206614e-07
4.551554686830626470e-07
4.742333949813135655e-07
4.939481932096061997e-07
5.143374196062192500e-07
5.354394410639523832e-07
5.572918992599676357e-07
5.799318411688483287e-07
6.033946810174861401e-07
6.277130539420611081e-07
6.529170029678493626e-07
6.790321428568876470e-07
7.060799019517353699e-07
7.340764088135304245e-07
7.630313104952635637e-07
7.929482599049764603e-07
8.238230187124198411e-07
8.556441218837217270e-07
8.883919574021540725e-07
9.220378129172213469e-07
9.565449665650183327e-07
9.918669485159605314e-07
1.027948900697800006e-06
1.064727052590687987e-06
1.102128175080366943e-06
1.140071466056249064e-06
1.178467065664962247e-06
1.217218492937126468e-06
1.256221248356588942e-06
1.295365300363139153e-06
1.334535138253551772e-06
1.373609762542214707e-06
1.412465620004038059e-06
1.450975286822599315e-06
1.489010580071090102e-06
1.526442779539327448e-06
1.563142730242034275e-06
1.598984209180810469e-06
1.633842395168613214e-06
1.667597266615079710e-06
1.700133656319932118e-06
1.731341133161316231e-06
1.761117418264379987e-06
1.789366330082740100e-06
1.816001090215645475e-06
1.840943895944021304e-06
1.864125294677825125e-06
1.885487310659972829e-06
1.904980666863591101e-06
1.922567714739947239e-06
1.938221354230666225e-06
1.951923775643018557e-06
1.963669115980442145e-06
1.973459961152631269e-06
1.981310209442608241e-06
1.987241335941946719e-06
1.991284675222950817e-06
1.993479542489587757e-06
1.993871275569499392e-06
1.992513312171433529e-06
1.989463081833624397e-06
1.984783994164733719e-06
1.978543312400660750e-06
1.970810043105688484e-06
1.961656858894569060e-06
1.951155998421630023e-06
1.939381213406736697e-06
1.926405739382783987e-06
1.912300368369495626e-06
1.897135470628075921e-06
1.880977254582432710e-06
1.863889900838825890e-06
1.845933909285569381e-06
1.827164602890134830e-06
1.807634415429238044e-06
1.787389730236713991e-06
1.766473310406699168e-06
1.744923150274998698e-06
1.722771498444292705e-06
1.700047427734982999e-06
1.676774291295907996e-06
1.652972399817441247e-06
1.628658331509251991e-06
1.603844393709259009e-06
1.578541339282719625e-06
1.552756317721592684e-06
1.526495614864872826e-06
1.499764241570577284e-06
1.472565634779826761e-06
1.444904286573166454e-06
1.416783977342941550e-06
1.388210597729877818e-06
1.359190432061663220e-06
1.329732566711182336e-06
1.299848482390636066e-06
1.269551707135654160e-06
1.238859919414892713e-06
1.207793234080645288e-06
1.176376124420294650e-06
1.144636809119024041e-06
1.112606684897071045e-06
1.080321875256064307e-06
1.047821430307688709e-06
1.015148678229576849e-06
9.823503631468208249e-07
9.494758379083574865e-07
9.165780572377535310e-07
8.837117287881202026e-07
8.509341462464955494e-07
8.183041621999057298e-07
7.858812443433184475e-07
7.537260398042152115e-07
7.218986201136446064e-07
6.904589613096352163e-07
6.594659279692580649e-07
6.289763759781887900e-07
5.990454953495823267e-07
5.697253391466156196e-07
5.410652696398899856e-07
5.131106501531815630e-07
4.859031946887635927e-07
4.594802952948784207e-07
4.338745004464276810e-07
4.091138941767050281e-07
3.852212739296904092e-07
3.622146136440352185e-07
3.401067812858247192e-07
3.189054021119939931e-07
2.986134025525276426e-07
2.792286891997583230e-07
2.607447782351240231e-07
2.431508877263994066e-07
2.264321436731103634e-07
2.105702659177878268e-07
1.955436345813581679e-07
1.813280156567748640e-07
1.678968920048127782e-07
1.552218579785290908e-07
1.432733185834085312e-07
1.320207377716160589e-07
1.214333056935629063e-07
1.114803047550698066e-07
1.021314872244734549e-07
9.335761706485054471e-08
8.513067860094828306e-08
7.742432240033823334e-08
7.021407802164145456e-08
6.347754165190896544e-08
5.719463169806129413e-08
5.134760473416911950e-08
4.592118894029282829e-08
4.090254771625300928e-08
3.628120795186598881e-08
3.204900731008844231e-08
2.819988801393707855e-08
2.472975104628839888e-08
2.163618192223022690e-08
1.891822184999084126e-08
1.657606375824376997e-08
1.461073982618462634e-08
1.302382623045826307e-08
1.181710212786593341e-08
1.099225264732436724e-08
1.055055793839441796e-08
1.049260407308160685e-08
1.081803676268338760e-08
1.152531838800476729e-08
1.261154893179595504e-08
1.407230999440347441e-08
1.590155034545387870e-08
1.809154255479241289e-08
2.063285052019070172e-08
2.351438623401340740e-08
2.672348882975764795e-08
3.024604230911956392e-08
3.406668382821248872e-08
3.816898259142710040e-08
4.253573084878300118e-08
4.714921643276311234e-08
5.199150816068265496e-08
5.704484123556958817e-08
6.229189309046032142e-08
6.771620498089564652e-08
7.330244774818928161e-08
7.903683270070065461e-08
8.490740339973398543e-08
9.090428744803074541e-08
9.702006179575901298e-08
1.032498669011894199e-07
1.095917039028828066e-07
1.160465368544792580e-07
1.226183272325687394e-07
1.293142098964418940e-07
1.361443237207071004e-07
1.431218874093586519e-07
1.502630199249310632e-07
1.575864868588479800e-07
1.651136428873488605e-07
1.728679516599378390e-07
1.808748434136628298e-07
1.891612760815427807e-07
1.977552381121677055e-07
2.066855309148646338e-07
2.159810620469858904e-07
2.256705988452204627e-07
2.357821943168949331e-07
2.463425836182447098e-07
2.573769676141434107e-07
2.689082327810143881e-07
2.809567794912250166e-07
2.935399830663529724e-07
3.066716535445298407e-07
3.203620049520519648e-07
3.346169569857162062e-07
3.494382116131898151e-07
3.648228381906682597e-07
3.807632792667849506e-07
3.972467664669034683e-07
4.142559780108036142e-07
4.317685798141510105e-07
4.497574069703692945e-07
4.681907333540291441e-07
4.870318681761429771e-07
5.062402504471754992e-07
5.257711588088406495e-07
5.455761786953942486e-07
5.656037454234645548e-07
5.857988509441522910e-07
6.061045158214993253e-07
6.264615649429685026e-07
6.468094778803535971e-07
6.670860912075782164e-07
6.872292811580670212e-07
7.071766875532367203e-07
7.268664078717984826e-07
7.462377159311822428e-07
7.652306289134052104e-07
7.837877145852073591e-07
8.018536225898850802e-07
8.193757047142470888e-07
8.363046314804435545e-07
8.525937070986631790e-07
8.682006611347871562e-07
8.830868880835279727e-07
8.972178908497001008e-07
9.105637022059400248e-07
9.230978935440315611e-07
9.347992596380616523e-07
9.456507398106559872e-07
9.556396477037377791e-07
9.647578739618546472e-07
9.730006115102908007e-07
9.803679075518007926e-07
9.868633172615593792e-07
9.924939530947283613e-07
9.972705142405788976e-07
1.001205819290099762e-06
1.004316260377614456e-06
1.006620300949440686e-06
1.008138431283647087e-06
1.008893119013801252e-06
1.008907280809201418e-06
1.008205711351217770e-06
1.006813564269502496e-06
1.004756322407265357e-06
1.002059778750781102e-06
9.987485819598789190e-07
9.948477170133540780e-07
9.903810967545997459e-07
9.853716405859673957e-07
9.798413734935703026e-07
9.738101468175257701e-07
9.672972180111379598e-07
9.603200349016430441e-07
9.528944711998056198e-07
9.450350815052305304e-07
9.367540406118496019e-07
9.280628181848785645e-07
9.189711747395393309e-07
9.094875427931962252e-07
8.996194155517260808e-07
8.893724850763603813e-07
8.787523528993758901e-07
8.677636972933843668e-07
8.564107360139392507e-07
8.446976769628427598e-07
8.326279886389204121e-07
8.202060499755417403e-07
8.074364122166912942e-07
7.943242511516449936e-07
7.808757862359935982e-07
7.670976004024364798e-07
7.529981253009476371e-07
7.385869183688808254e-07
7.238750177496892448e-07
7.088752482361699376e-07
6.936015244120210055e-07
6.780700928411942953e-07
6.622987732507852705e-07
6.463073400288671021e-07
6.301167913411828990e-07
6.137503721390005678e-07
5.972327804949183677e-07
5.805902486061522214e-07
5.638505715005916708e-07
5.470423474880474643e-07
5.301957411481511763e-07
5.133416768791915137e-07
4.965117983497647337e-07
4.797383870518829436e-07
4.630536249269293542e-07
4.464901533451591983e-07
4.300803165534437891e-07
4.138560656174035273e-07
3.978488373197582154e-07
3.820889067605742868e-07
3.666058205398559224e-07
3.514277594822668786e-07
3.365814597022013897e-07
3.220921237329043825e-07
3.079829221533980314e-07
2.942753757370401241e-07
2.809888885349435186e-07
2.681407412101854610e-07
2.557460846195677876e-07
2.438176202295041242e-07
2.323659818752527117e-07
2.213994551655466261e-07
2.109240652298087347e-07
2.009436679868729639e-07
1.914598005836578041e-07
1.824720794003000315e-07
1.739780824895876947e-07
1.659735177972542464e-07
1.584523918124396293e-07
1.514069865669284980e-07
1.448282591067761972e-07
1.387058330632415721e-07
1.330282063200143923e-07
1.277829522879362356e-07
1.229567598949544249e-07
1.185358012622782096e-07
1.145057655933072332e-07
1.108520553887507937e-07
1.075599694092646662e-07
1.046147420316679591e-07
1.020018455684587623e-07
9.970700736860709263e-08
9.771635307720505103e-08
9.601653314970063806e-08
9.459471658818244117e-08
9.343881080440103069e-08
9.253742702542793289e-08
9.187995295957441400e-08
9.145661041336503296e-08
9.125838786312262587e-08
9.127718619533450992e-08
9.150572820357399761e-08
9.193759352078607626e-08
9.256711045541531055e-08
9.338946421740993744e-08
9.440057576360100224e-08
9.559708792863805049e-08
9.697634960666694329e-08
9.853628165510615050e-08
1.002754752545866500e-07
1.021930591053045219e-07
1.042886845511037430e-07
1.065625161661419431e-07
1.090150995238509033e-07
1.116474860720806872e-07
1.144611115545531992e-07
1.174578050372684432e-07
1.206398068777701960e-07
1.240096499556492334e-07
1.275703282268583681e-07
1.313251885031413691e-07
1.352779656602940330e-07
1.394328253338783144e-07
1.437942459284943680e-07
1.483672239018274914e-07
1.531571573326311222e-07
1.581698870446882472e-07
1.634117405148321485e-07
1.688893828613140621e-07
1.746100360685237988e-07
1.805813191889696491e-07
1.868112651521846356e-07
1.933083360163976322e-07
2.000812078597048909e-07
2.071389829877428284e-07
2.144909560444912631e-07
2.221465851085048815e-07
2.301154609585491963e-07
2.384070058296233135e-07
2.470306776133947144e-07
2.559956520695611181e-07
2.653107509315695408e-07
2.749843738469897740e-07
2.850241172041442570e-07
2.954369984591385697e-07
3.062290718446212077e-07
3.174053440890237247e-07
3.289697046015370162e-07
3.409244950800881414e-07
3.532708064600632967e-07
3.660080655160242258e-07
3.791339868490486086e-07
3.926445515432322910e-07
4.065335690006692660e-07
4.207931067274250548e-07
4.354130881580930724e-07
4.503813289237117563e-07
4.656836093078144074e-07
4.813032615340420168e-07
4.972217794101731597e-07
5.134184519916481994e-07
5.298705126155561776e-07
5.465533276626115132e-07
5.634400189970699915e-07
5.805022710461753355e-07
5.977099973245930432e-07
6.150316000808982137e-07
6.324342660995715511e-07
6.498836050982063178e-07
6.673446367133053717e-07
6.847814586318336024e-07
7.021577329817044234e-07
7.194363077377881826e-07
7.365803148639781818e-07
7.535528042586619203e-07
7.703171067293934802e-07
7.868372136138010737e-07
8.030773305056955220e-07
8.190030589227283546e-07
8.345809393580947368e-07
8.497787941635652874e-07
8.645660744082003357e-07
8.789132986282847026e-07
8.927932552584762774e-07
9.061804117340404336e-07
9.190511890302702967e-07
9.313842302903692052e-07
9.431596961104901990e-07
9.543604386709551045e-07
9.649712578961455038e-07
9.749790817500472654e-07
9.843731358267248124e-07
9.931440957490026905e-07
1.001285209107030950e-06
1.008791411553455621e-06
1.015659416922370204e-06
1.021887797860673781e-06
1.027476028293555763e-06
1.032425558988116258e-06
1.036738838434209230e-06
1.040419346641514490e-06
1.043471625843186496e-06
1.045900273413000400e-06
1.047711002418608591e-06
1.048909635613632529e-06
1.049502137603613562e-06
1.049494652850895361e-06
1.048892523609450699e-06
1.047701379303172326e-06
1.045926179129036158e-06
1.043571301415650318e-06
1.040640646382761371e-06
1.037136748615039401e-06
1.033061932274117737e-06
1.028417464510550809e-06
1.023203744653774578e-06
1.017420509039737235e-06
1.011066082692790936e-06
1.004138611089257401e-06
9.966353551052389148e-07
9.885529894905226934e-07
9.798879114693570637e-07
9.706356383198404556e-07
9.607920882327115753e-07
9.503530074411630672e-07
9.393143477754492442e-07
9.276726414085024898e-07
9.154245125843888188e-07
9.025679435608882944e-07
8.891017898990877989e-07
8.750263375150098174e-07
8.603428653763077308e-07
8.450548386799287392e-07
8.291674511218731361e-07
8.126879798931550370e-07
7.956261072910909171e-07
7.779934926952736623e-07
7.598047996963427737e-07
7.410772221585058550e-07
7.218307319275977486e-07
7.020882809238926804e-07
6.818753383560105862e-07
6.612206912439087549e-07
6.401559229425578423e-07
6.187155179770715244e-07
5.969369172020034186e-07
5.748600092208002938e-07
5.525276840385137953e-07
5.299852695059739006e-07
5.072804979661304150e-07
4.844634281276269863e-07
4.615859165084265514e-07
4.387019482583033356e-07
4.158670721444644311e-07
3.931382711436075143e-07
3.705738003321886758e-07
3.482326919680784119e-07
3.261749230483615374e-07
3.044609112402803612e-07
2.831513550583356714e-07
2.623070570277204660e-07
2.419885259374102060e-07
2.222560586929632397e-07
2.031693612610568219e-07
1.847874274964558433e-07
1.671684159808323644e-07
1.503694015778894592e-07
1.344464459059983629e-07
1.194543874134584667e-07
1.054468100614122612e-07
9.247602024994154914e-08
8.059296816389031599e-08
6.984735744522510884e-08
6.028760963673176728e-08
5.196093766374272776e-08
4.491342985905243180e-08
3.919011462881737344e-08
3.483512066959943597e-08
3.189176992750610761e-08
3.040272343533184743e-08
3.041013101425992315e-08
3.195576004599571678e-08
3.508117334449019273e-08
3.982785332990688602e-08
4.623734219254271426e-08
5.435137254557714492e-08
6.421193765338669945e-08
7.586142136773675870e-08
8.934262151563871453e-08
1.046987806363418787e-07
1.219735933582826913e-07
1.412110799600275941e-07
1.624556009998202082e-07
1.857516483698060366e-07
2.111436750752206949e-07
2.386758964283598138e-07
2.683918565911248047e-07
3.003343035996218581e-07
3.345446631895826536e-07
3.710626929023167891e-07
4.099257714339459677e-07
4.511687013108841556e-07
4.948229254349264863e-07
5.409159759404657765e-07
5.894709317797278542e-07
6.405054053623509180e-07
6.940313926439386881e-07
7.500542488830056694e-07
8.085720892570252138e-07
8.695752460488807843e-07
9.330450895368895903e-07
9.989541625962663467e-07
1.067265080434152978e-06
1.137930100656667234e-06
1.210890804895900624e-06
1.286076942979359462e-06
1.363407123810096855e-06
1.442787827545551868e-06
1.524113369373308436e-06
1.607266019947198329e-06
1.692115041213246366e-06
1.778518156157808169e-06
1.866320808210124646e-06
1.955356667960761084e-06
2.045448315753114322e-06
2.136406543957661072e-06
2.228032700402209916e-06
2.320118212807164825e-06
2.412445651364233570e-06
2.504789952589404603e-06
2.596917929980030879e-06
2.688591419245351433e-06
2.779566950175174673e-06
2.869597229625952716e-06
2.958432741275295865e-06
3.045821288786750730e-06
3.131511723354879135e-06
3.215253547720169114e-06
3.296798580081148156e-06
3.375902674388397541e-06
3.452325066951221434e-06
3.525832387957472958e-06
3.596197962964603232e-06
3.663203395315609624e-06
3.726640146387345385e-06
3.786308488576456262e-06
3.842021510565874879e-06
3.893603945782613228e-06
3.940893468971158274e-06
3.983741947503436029e-06
4.022013902936059095e-06
4.055590294987556053e-06
4.084366822603207258e-06
4.108254834696934867e-06
4.127182172453689666e-06
4.141091162396874706e-06
4.149942061669881797e-06
4.153710894856757371e-06
4.152390530380608747e-06
4.145988379831047820e-06
4.134529540239797546e-06
4.118054357853308543e-06
4.096618690316455444e-06
4.070294091494417867e-06
4.039165282122436351e-06
4.003332904700013645e-06
3.962910888956029464e-06
3.918026451326533672e-06
3.868820015825994758e-06
3.815442604086579361e-06
3.758058195719179399e-06
3.696841036659630833e-06
3.631975435733746161e-06
3.563655479572353120e-06
3.492082457305615190e-06
3.417466811584424664e-06
3.340025497683298781e-06
3.259981617716986538e-06
3.177563971720552861e-06
3.093004602583610611e-06
3.006540331332755421e-06
2.918410254118693893e-06
2.828855255638804859e-06
2.738117445164618477e-06
2.646437899825105515e-06
2.554057813507368920e-06
2.461216220771067868e-06
2.368149455857464338e-06
2.275090550459229774e-06
2.182267264158778967e-06
2.089902927372457986e-06
1.998214493355892900e-06
1.907412040032593186e-06
1.817698234893641283e-06
1.729266748909156655e-06
1.642302913833908398e-06
1.556982201926945847e-06
1.473469878953379369e-06
1.391920645678141562e-06
1.312477513682457187e-06
1.235272402779997172e-06
1.160425115363021470e-06
1.088043224439809036e-06
1.018221968620516339e-06
9.510436180502322500e-07
8.865781036425827943e-07
8.248824909021581078e-07
7.660011318274551869e-07
7.099658306613812302e-07
6.567956600275683131e-07
6.064976571917151167e-07
5.590667327271986367e-07
5.144860538375744735e-07
4.727274384417879230e-07
4.337515245625514781e-07
3.975085200371701834e-07
3.639384355215956917e-07
3.329716301726164538e-07
3.045293622258547738e-07
2.785241972924919246e-07
2.548607844236204260e-07
2.334363048312344503e-07
2.141411204522412370e-07
1.968594281875260736e-07
1.814698283514054696e-07
1.678461326413656800e-07
1.558579742863161448e-07
1.453715720505474279e-07
1.362504224669815074e-07
1.283561819079298875e-07
1.215494258221023375e-07
1.156905308513680644e-07
1.106405992479226451e-07
1.062623789447106396e-07
1.024213598832471326e-07
9.898681928715572660e-08
9.583299979950058658e-08
9.284036552332992630e-08
8.989689808405138523e-08
8.689958252741260488e-08
8.375589775584140261e-08
8.038546223212926987e-08
7.672178981194491773e-08
7.271412391400425044e-08
6.832947054914720943e-08
6.355467610930721124e-08
5.839867025701669582e-08
5.289483166345723754e-08
4.710345211261348047e-08
4.111437694592455423e-08
3.504970882894750252e-08
2.906665247034706220e-08
2.336046148773706258e-08
1.816747031070679343e-08
1.376823665012473199e-08
1.049073216854616449e-08
8.713606349364140200e-09
8.869492624546642318e-09
1.144833764755620103e-08
1.700074665926801015e-08
2.614130964853900637e-08
3.955189867244813733e-08
5.798491456354660899e-08
8.226643075281263023e-08
1.132992796092287192e-07
1.520659696268897460e-07
1.996314694705703747e-07
2.571458333142392922e-07
3.258465126034667929e-07
4.070606464508004182e-07
5.022068987412748146e-07
6.127971093798255378e-07
7.404376877194881608e-07
8.868303633272820437e-07
1.053773188047583045e-06
1.243160581299764814e-06
1.456983259542805107e-06
1.697327840741435062e-06
1.966375303209376610e-06
2.266400365129445659e-06
2.599769056410346444e-06
2.968936451025673408e-06
3.376444054776083257e-06
3.824915289659224869e-06
4.317053153295761383e-06
4.855634700474089237e-06
5.443506712677042172e-06
6.083578355560335184e-06
6.778817578516755561e-06
7.532242729422216232e-06
8.346915656595922949e-06
9.225934576079594950e-06
1.017242270270974392e-05
1.118952348180661097e-05
1.228038820755383702e-05
1.344816653016433856e-05
1.469599688841389177e-05
1.602699069103419497e-05
1.744422718670192343e-05
1.895073679024724165e-05
2.054948934510842290e-05
2.224338257125546759e-05
2.403522163507311387e-05
2.592771496677017258e-05
2.792345332778766544e-05
3.002489665020166394e-05
3.223436145459311386e-05
3.455399610870384851e-05
3.698577956467753318e-05
3.953149673428885884e-05
4.219272537738763713e-05
4.497082411538254223e-05
4.786690433042010393e-05
5.088183455587179990e-05
5.401621340306386211e-05
5.727035869948091053e-05
6.064429843344268259e-05
6.413774094443656958e-05
6.775008836303983320e-05
7.148040895887781639e-05
7.532743130354288075e-05
7.928954097692251200e-05
8.336475118412986973e-05
8.755072890656818779e-05
9.184476882874659459e-05
9.624379541597046850e-05
1.007443681879975969e-04
1.053426548751808120e-04
1.100344735139223239e-04
1.148152697930965728e-04
1.196801293408413880e-04
1.246237936045882706e-04
1.296406369394889028e-04
1.347247266087828730e-04
1.398698043626270542e-04
1.450693098625162639e-04
1.503164076921376200e-04
1.556039683937197405e-04
1.609246463282846813e-04
1.662708647123519259e-04
1.716348491885517425e-04
1.770086645025742867e-04
1.823841977766676634e-04
1.877532518401764828e-04
1.931075312086544900e-04
1.984386827986458839e-04
2.037383388427978887e-04
2.089980991183212780e-04
2.142096352499020875e-04
2.193646737607025531e-04
2.244550393974323701e-04
2.294726994860085180e-04
2.344097409428909568e-04
2.392584797460683163e-04
2.440114366970627126e-04
2.486613923935261563e-04
2.532013571205387519e-04
2.576246801341867346e-04
2.619250168246154147e-04
2.660963641953393677e-04
2.701330953526120200e-04
2.740299177490657231e-04
2.777819775996779152e-04
2.813848141130591133e-04
2.848343853733734349e-04
2.881270925315982702e-04
2.912597251167383934e-04
2.942295570905395703e-04
2.970342877104160408e-04
2.996720565115579249e-04
3.021414563331277178e-04
3.044414666271592429e-04
3.065715398123436994e-04
3.085315305640585798e-04
3.103217007510195610e-04
3.119427225555656213e-04
3.133956027144996779e-04
3.146817598386996958e-04
3.158029457356939236e-04
3.167612428801399758e-04
3.175590604900269142e-04
3.181990539630118143e-04
3.186841952338487411e-04
3.190176907370414561e-04
3.192029749302417187e-04
3.192437029605719469e-04
3.191436699779864774e-04
3.189068771810457214e-04
3.185374510874036799e-04
3.180396366815853239e-04
3.174177901951741733e-04
3.166763025045472922e-04
3.158196632875026198e-04
3.148523854977404056e-04
3.137790010018262589e-04
3.126040561702040851e-04
3.113320424231134638e-04
3.099674600956740930e-04
3.085147506897914916e-04
3.069782966812610613e-04
3.053624213776950469e-04
3.036713281993110849e-04
3.019091647403366056e-04
3.000799638552028160e-04
2.981876480001222529e-04
2.962360335072694020e-04
2.942287787364857802e-04
2.921694477581140070e-04
2.900614599713882756e-04
2.879080982256591284e-04
2.857125166085010726e-04
2.834776964947318669e-04
2.812065085460556803e-04
2.789016696409304529e-04
2.765657630685893734e-04
2.742011998011817430e-04
2.718102780464871893e-04
2.693951449145057069e-04
2.669578076891637188e-04
2.645001442578789495e-04
2.620238695522916707e-04
2.595305909145067288e-04
2.570217744901400619e-04
2.544987564749126335e-04
2.519627534003804369e-04
2.494148327164493915e-04
2.468559633870833587e-04
2.442869863000281662e-04
2.417086250863343484e-04
2.391214960390522439e-04
2.365260825976018590e-04
2.339227814666521184e-04
2.313118771279603465e-04
2.286935526479351194e-04
2.260678997843317754e-04
2.234348978391108677e-04
2.207944562791140609e-04
2.181463939955701999e-04
2.154904510049763513e-04
2.128262996809791949e-04
2.101535287000267434e-04
2.074716832951230445e-04
2.047802499109128743e-04
2.020786695809481540e-04
1.993663509608967395e-04
1.966426596923454473e-04
1.939069568917095154e-04
1.911585891878716972e-04
1.883969037800816337e-04
1.856212630595522131e-04
1.828310387327652844e-04
1.800256480787220336e-04
1.772045482259079004e-04
1.743672517175325933e-04
1.715133413056273517e-04
1.686424669684308177e-04
1.657543782788236829e-04
1.628489206286359034e-04
1.599260490407850910e-04
1.569858407182945711e-04
1.540284921899100950e-04
1.510543453653230312e-04
1.480638827836554022e-04
1.450577369440169903e-04
1.420366978989369173e-04
1.390017076433046101e-04
1.359538775271430908e-04
1.328944798779517120e-04
1.298249506043371178e-04
1.267468898069050605e-04
1.236620513861042166e-04
1.205723505638968103e-04
1.174798504513517344e-04
1.143867570785470962e-04
1.112954125383567580e-04
1.082082794332214803e-04
1.051279390438415582e-04
1.020570732351071085e-04
9.899845295846887243e-05
9.595492536062216326e-05
9.292939458209078759e-05
8.992481301240377997e-05
8.694416072934534664e-05
8.399043108427044007e-05
8.106661069151016434e-05
7.817566784577022513e-05
7.532053236910546824e-05
7.250408005844156121e-05
6.972911717404891554e-05
6.699836259610179629e-05
6.431443642233110238e-05
6.167984346265343058e-05
5.909696062938897402e-05
5.656802508138716027e-05
5.409512168599029378e-05
5.168017532552886159e-05
4.932494073693273375e-05
4.703099556872130277e-05
4.479973460074488756e-05
4.263236433695794989e-05
4.052990105143201242e-05
3.849316809947782460e-05
3.652279567962545215e-05
3.461922179144260822e-05
3.278269401890699237e-05
3.101327349309196608e-05
2.931083902381609720e-05
2.767509282458682502e-05
2.610556714337130993e-05
2.460163168815418777e-05
2.316250208590800195e-05
2.178724878576609366e-05
2.047480669442060434e-05
1.922398524664802185e-05
1.803347895568652466e-05
1.690187804958551005e-05
1.582767945595270264e-05
1.480929777780052376e-05
1.384507622230232485e-05
1.293329761910258528e-05
1.207219484979113689e-05
1.125996139877308837e-05
1.049476137418544404e-05
9.774739121886922818e-06
9.098028619986995528e-06
8.462761914037491597e-06
7.867077481492675418e-06
7.309127803377486362e-06
6.787086353693505408e-06
6.299154214908048021e-06
5.843565638852290819e-06
5.418593452671004736e-06
5.022553637599129535e-06
4.653809323409023170e-06
4.310774404033131047e-06
3.991916200953195141e-06
3.695757991594462141e-06
3.420880829443577556e-06
3.165924892418187922e-06
2.929590544536843002e-06
2.710638649797636793e-06
2.507890830978285929e-06
2.320229179471031956e-06
2.146595813192917124e-06
1.985991867720520908e-06
1.837476506466994772e-06
1.700165560714884635e-06
1.573229976195646114e-06
1.455894194037255489e-06
1.347434168143131066e-06
1.247175479497360581e-06
1.154491240952021525e-06
1.068799930676215200e-06
9.895632512141466735e-07
9.162837825455550263e-07
8.485027828530678861e-07
7.857978981203811236e-07
7.277808853326477884e-07
6.740954208828689428e-07
6.244148154916510235e-07
5.784399034004537276e-07
5.358969215063398604e-07
4.965354565190914416e-07
4.601265121850296669e-07
4.264605597286088851e-07
3.953457718961673317e-07
3.666062993280229784e-07
3.400806462738500658e-07
3.156201825238510087e-07
2.930876865030030607e-07
2.723560675411295513e-07
2.533071585413113310e-07
2.358306189596101440e-07
2.198229728003652436e-07
2.051866990981664496e-07
1.918294828440295453e-07
1.796635406710389153e-07
1.686050473205985875e-07
1.585736780389805598e-07
1.494921991470723755e-07
1.412861857353939996e-07
1.338837964267697261e-07
1.272156209391075367e-07
1.212146091663033005e-07
1.158160234692833184e-07
1.109574745346160723e-07
1.065789814297489568e-07
1.026230656653387712e-07
9.903488522933347511e-08
9.576235713100651502e-08
9.275631935813343729e-08
8.997068104599313431e-08
8.736256919429800034e-08
8.489247854040550190e-08
8.252437951066921893e-08
8.022583217732328288e-08
7.796806233175040676e-08
7.572600981382081731e-08
7.347835833971591044e-08
7.120750868086362519e-08
6.889954283044018837e-08
6.654414238256199629e-08
6.413447418473452014e-08
6.166705507601319319e-08
5.914156494333637914e-08
5.656065433733551165e-08
5.392971668826379060e-08
5.125663996040792449e-08
4.855155028146348880e-08
4.582652387920096977e-08
4.309530863758120962e-08
4.037302995450876206e-08
3.767590543067008923e-08
3.502094776991101368e-08
3.242569048505920330e-08
2.990791680317856275e-08
2.748540338449135331e-08
2.517568667597952962e-08
2.299583798963664211e-08
2.096227148002847012e-08
1.909056974894397128e-08
1.739533493867611710e-08
1.589006406650550908e-08
1.458705322915828429e-08
1.349731603066923479e-08
1.263054108504415105e-08
1.199505965600147579e-08
1.159783548049773429e-08
1.144448359491142483e-08
1.153929068671828680e-08
1.188526507185934403e-08
1.248418890936852700e-08
1.333667942452332200e-08
1.444226814952441399e-08
1.579946761519868760e-08
1.740585785553508801e-08
1.925816114232245073e-08
2.135231179940364746e-08
2.368353989835329459e-08
2.624642180267246607e-08
2.903495306411129165e-08
3.204259409276343600e-08
3.526230227638230982e-08
3.868658256231516360e-08
4.230750430106187810e-08
4.611670301782827329e-08
5.010541608036935595e-08
5.426444712354310604e-08
5.858419135155138482e-08
6.305461085117444131e-08
6.766519752557425981e-08
7.240499864807324413e-08
7.726254329785624239e-08
8.222587216270034849e-08
8.728250116736182995e-08
9.241937850761899367e-08
9.762294006313425664e-08
1.028790309383473016e-07
1.081729803309813986e-07
1.134895879456718032e-07
1.188131081584587163e-07
1.241273695116487684e-07
1.294157162898982184e-07
1.346611548394173469e-07
1.398463808036403451e-07
1.449538041097992324e-07
1.499657429651954974e-07
1.548643873680513307e-07
1.596320158766492536e-07
1.642510554291508777e-07
1.687041345483663072e-07
1.729743338623248445e-07
1.770451496535646856e-07
1.809007539608241909e-07
1.845260570841159459e-07
1.879067572327891997e-07
1.910296102800215207e-07
1.938823594085617303e-07
1.964539983126605729e-07
1.987347996338114325e-07
2.007163258595278974e-07
2.023916781754165000e-07
2.037553630544484230e-07
2.048035221201439724e-07
2.055338994125968924e-07
2.059457905759959724e-07
2.060402429808311336e-07
2.058198480607437011e-07
2.052889176978768736e-07
2.044533831456178254e-07
2.033206800451507225e-07
2.018998916020943153e-07
2.002014772955360855e-07
1.982373953135456637e-07
1.960209462490616685e-07
1.935666103240726783e-07
1.908901428400125228e-07
1.880082659380789109e-07
1.849387509821728244e-07
1.817002325223514149e-07
1.783120239257562088e-07
1.747941832750257470e-07
1.711671997644855307e-07
1.674520548326250692e-07
1.636700332940721804e-07
1.598425425864924587e-07
1.559911669912040201e-07
1.521373745803992453e-07
1.483025727198767951e-07
1.445079362397572737e-07
1.407742471810598402e-07
1.371219495492426879e-07
1.335708914968602364e-07
1.301403845165679292e-07
1.268490587061886514e-07
1.237147301092124508e-07
1.207544626493191840e-07
1.179843494549650880e-07
1.154195807469129736e-07
1.130743288436735179e-07
1.109616436610467598e-07
1.090935267018073867e-07
1.074807488520680623e-07
1.061329319879411291e-07
1.050584634499738642e-07
1.042644183255252907e-07
1.037566525207231282e-07
1.035396520613624359e-07
1.036166365415430078e-07
1.039895029250753603e-07
1.046587738607055097e-07
1.056237200698478292e-07
1.068822354932572449e-07
1.084309733718931321e-07
1.102653191081559636e-07
1.123793636634415304e-07
1.147660661094287006e-07
1.174171468211832342e-07
1.203232659821642624e-07
1.234740222392597933e-07
1.268579469499986953e-07
1.304627138070682250e-07
1.342750375145671204e-07
1.382808989899655151e-07
1.424655605573474332e-07
1.468135708564623386e-07
1.513090209140596056e-07
1.559354298841985237e-07
1.606760132102519175e-07
1.655136986021009284e-07
1.704311255912099681e-07
1.754109395505493121e-07
1.804356423902852405e-07
1.854878931013745264e-07
1.905505052855054791e-07
1.956064230683929711e-07
2.006390399784041939e-07
2.056319938861175346e-07
2.105694868033226066e-07
2.154362466967471637e-07
2.202174647005885027e-07
2.248991263516094262e-07
2.294677372724646375e-07
2.339106516888814012e-07
2.382159884966288139e-07
2.423725227122974899e-07
2.463699747330788654e-07
2.501988982342026808e-07
2.538505448664932923e-07
2.573172022970076482e-07
2.605918086083514242e-07
2.636682877558035924e-07
2.665413957543789061e-07
2.692065478803170881e-07
2.716601621610951224e-07
2.738992196609434186e-07
2.759216079573152121e-07
2.777259374048291447e-07
2.793113439115761487e-07
2.806778422992197914e-07
2.818258506109858921e-07
2.827565459982432963e-07
2.834716645386428468e-07
2.839732931560143122e-07
2.842642358142545083e-07
2.843475194514970705e-07
2.842267639055027401e-07
2.839059764210811681e-07
2.833893431516708288e-07
2.826816072844206341e-07
2.817875705438497960e-07
2.807124745516589579e-07
2.794617970748891436e-07
2.780410492343262787e-07
2.764561607595274777e-07
2.747129868070188810e-07
2.728176947680513898e-07
2.707765658371505347e-07
2.685958007511368741e-07
2.662819052670549841e-07
2.638412091141969856e-07
2.612802510290625259e-07
2.586055875181156448e-07
2.558236085004766522e-07
2.529409161652050691e-07
2.499638615146698443e-07
2.468989211010056324e-07
2.437525145764523581e-07
2.405308314283479966e-07
2.372401976897278104e-07
2.338866348539183500e-07
2.304762232234896103e-07
2.270149298579321226e-07
2.235084475125998011e-07
2.199625450000627197e-07
2.163826522465548476e-07
2.127742062663220109e-07
2.091424905994205850e-07
2.054924869267225621e-07
2.018292056280192142e-07
1.981572991728046125e-07
1.944813873259027628e-07
1.908059082409561029e-07
1.871349823311321009e-07
1.834727201487151441e-07
1.798228648329863530e-07
1.761890939187045178e-07
1.725748817613342964e-07
1.689833749908430533e-07
1.654176760829800280e-07
1.618805151317018241e-07
1.583745273070607114e-07
1.549021269286447836e-07
1.514653947626763668e-07
1.480663378798163007e-07
1.447065917782985516e-07
1.413876750189215588e-07
1.381108767593436879e-07
1.348771577661476910e-07
1.316873895738758214e-07
1.285420890417776692e-07
1.254416537971264586e-07
1.223862661033939571e-07
1.193758103309401883e-07
1.164100954991295252e-07
1.134886241890130238e-07
1.106108125818365035e-07
1.077759126974684852e-07
1.049829478437155038e-07
1.022309211209462351e-07
9.951861826282588956e-08
9.684481351552307296e-08
9.420820910716997946e-08
9.160738673386638580e-08
8.904100074812114770e-08
8.650761048712830143e-08
8.400586891888952048e-08
8.153447391796591085e-08
7.909212966912562368e-08
7.667771894941128136e-08
7.429015684847807375e-08
7.192855538156951826e-08
6.959217817445236726e-08
6.728040326297382955e-08
6.499286678365751400e-08
6.272932909035096076e-08
6.048980792759223490e-08
5.827452865522224945e-08
5.608388122925990909e-08
5.391852955708109554e-08
5.177928406010926413e-08
4.966719958015140556e-08
4.758351774716076087e-08
4.552961594217126876e-08
4.350708223212325814e-08
4.151759439950221397e-08
3.956298525286154967e-08
3.764518030849667369e-08
3.576614304136834141e-08
3.392792217744653296e-08
3.213254320619365768e-08
3.038205011446196734e-08
2.867844693618888607e-08
2.702364827462909315e-08
2.541951040617419330e-08
2.386774409650087566e-08
2.236994479281088073e-08
2.092754793067045124e-08
1.954179403950347036e-08
1.821375527071209208e-08
1.694427631072524015e-08
1.573400329935950399e-08
1.458335931026429828e-08
1.349252911049711477e-08
1.246148845241054583e-08
1.148997395769531231e-08
1.057751559534503276e-08
9.723432286192417600e-09
8.926834804464713721e-09
8.186656471202885352e-09
7.501658143960335126e-09
6.870438832112056042e-09
6.291469376444227774e-09
5.763094351758750944e-09
5.283565858431572861e-09
4.851057066839105037e-09
4.463678435421186093e-09
4.119507885979669252e-09
3.816598896779535130e-09
3.553008345758428138e-09
3.326809791933289120e-09
3.136107036752301028e-09
2.979056230083553313e-09
2.853871433642826646e-09
2.758843173902718589e-09
2.692345783288623132e-09
2.652843671282369960e-09
2.638904175239300605e-09
2.649196379575731533e-09
2.682500793411725663e-09
2.737709458888539872e-09
2.813824590986647886e-09
2.909964569964205453e-09
3.025355943724073919e-09
3.159337675963456193e-09
3.311355904151485041e-09
3.480957293139850289e-09
3.667792398247117167e-09
3.871602709245331307e-09
4.092223813404250617e-09
4.329577475930723231e-09
4.583662322022433711e-09
4.854558459305305598e-09
5.142411003879802296e-09
5.447435510282933421e-09
5.769908967159754749e-09
6.110159080511426290e-09
6.468572560553158792e-09
6.845575033752449675e-09
7.241640559297011291e-09
7.657281634939004730e-09
8.093036896927252582e-09
8.549484295498348955e-09
9.027216073214908842e-09
9.526853385652462408e-09
1.004903465504609437e-08
1.059440091053307392e-08
1.116361493488248725e-08
1.175732965485976785e-08
1.237620910094018003e-08
1.302091453179972000e-08
1.369208679715352162e-08
1.439037308122313737e-08
1.511638713597635510e-08
1.587073837625140602e-08
1.665401538268215965e-08
1.746676476467078977e-08
1.830952746882800941e-08
1.918278897818702162e-08
2.008701842250570748e-08
2.102264865709014922e-08
2.199005056282823700e-08
2.298958056652128551e-08
2.402151799639733083e-08
2.508611558479869432e-08
2.618357444058567108e-08
2.731401186146200045e-08
2.847752118525167561e-08
2.967409261441530429e-08
3.090367616260646926e-08
3.216614939990444041e-08
3.346127665548336109e-08
3.478878256611929907e-08
3.614825289257357581e-08
3.753921173568051430e-08
3.896108080517586750e-08
4.041312909579037770e-08
4.189456304253750022e-08
4.340440553826152839e-08
4.494159120686669269e-08
4.650491801797924594e-08
4.809298876826155866e-08
4.970432291222901662e-08
5.133721432276673572e-08
5.298985039580773482e-08
5.466025880501445246e-08
5.634624394971490851e-08
5.804552662803960337e-08
5.975558242876073415e-08
6.147379066273659491e-08
6.319737924638170620e-08
6.492335909068337086e-08
6.664869627593658566e-08
6.837013209371870164e-08
7.008436514547218591e-08
7.178799501564100838e-08
7.347745493042812788e-08
7.514921684151812368e-08
7.679959133641351948e-08
7.842494132100313348e-08
8.002162129989245349e-08
8.158590485433033061e-08
8.311421773874128578e-08
8.460291305806521564e-08
8.604850999622012979e-08
8.744762252754937310e-08
8.879687580133912709e-08
9.009315865289129064e-08
9.133336902633307956e-08
9.251466879296147903e-08
9.363439582426649502e-08
9.468996422377113400e-08
9.567912748706043876e-08
9.659969238453192701e-08
9.744978223642726979e-08
9.822773002950754198e-08
9.893196169365692572e-08
9.956126436718440724e-08
1.001144728871203802e-07
1.005907378763210465e-07
1.009894032489657981e-07
1.013098772910353615e-07
1.015518642909112072e-07
1.017152362926532618e-07
1.017999008672673397e-07
1.018060762080600277e-07
1.017339558722385419e-07
1.015839856284300788e-07
1.013567328284003065e-07
1.010527558376869012e-07
1.006728846656380824e-07
1.002178881112311839e-07
9.968875654249368781e-08
9.908657604240875886e-08
9.841240587543794049e-08
9.766756230091402390e-08
9.685329653929386240e-08
9.597107916992031652e-08
9.502248151881408582e-08
9.400906249963850884e-08
9.293264834979499684e-08
9.179502458272444572e-08
9.059821300515232284e-08
8.934435813891886686e-08
8.803562040344509450e-08
8.667444117811572668e-08
8.526324839810543248e-08
8.380471521280990778e-08
8.230164745143890946e-08
8.075687900641693393e-08
7.917351217739172262e-08
7.755463665814993209e-08
7.590356107657853976e-08
7.422369958789987658e-08
7.251846793502136784e-08
7.079149348253021535e-08
6.904635045141865946e-08
6.728676101394441772e-08
6.551648352991150882e-08
6.373921221120472786e-08
6.195875736030700830e-08
6.017880329316182120e-08
5.840308152011785448e-08
5.663526699851208702e-08
5.487888764931932898e-08
5.313748001157508450e-08
5.141437753262056815e-08
4.971286181316719547e-08
4.803607404914977951e-08
4.638694068464150895e-08
4.476831096881277376e-08
4.318278087333392871e-08
4.163282820827915262e-08
4.012074362317065582e-08
3.864857535379898279e-08
3.721825314956087954e-08
3.583144792489678702e-08
3.448969373523658692e-08
3.319433788830169364e-08
3.194650294716264577e-08
3.074719814335564206e-08
2.959720945151826192e-08
2.849720828027767715e-08
2.744771600853816901e-08
2.644907771204715183e-08
2.550155990790414683e-08
2.460526249922258283e-08
2.376021272544227799e-08
2.296633777621233414e-08
2.222344379026713060e-08
2.153129897458218442e-08
2.088955882024991618e-08
2.029784508113204606e-08
1.975572134782657437e-08
1.926267265714174263e-08
1.881817537631567483e-08
1.842162945584613831e-08
1.807242503104885075e-08
1.776991866128649996e-08
1.751341186116312247e-08
1.730221205300476396e-08
1.713556851666845546e-08
1.701273184686244729e-08
1.693293105052720407e-08
1.689535157263742417e-08
1.689919336322256736e-08
1.694360885426237362e-08
1.702776147870985706e-08
1.715080459502240073e-08
1.731185998046105241e-08
1.751007876173494045e-08
1.774457949545843536e-08
1.801451088402111465e-08
1.831903239011467935e-08
1.865729278971109106e-08
1.902849772405421523e-08
1.943184429810419458e-08
1.986659077294667135e-08
2.033203664398407318e-08
2.082749872120352130e-08
2.135238656817436394e-08
2.190612817098451805e-08
2.248824707863241298e-08
2.309833795163168701e-08
2.373603605389115753e-08
2.440110017667231238e-08
2.509332302035701959e-08
2.581261518034121632e-08
2.655897173315078410e-08
2.733243086295803777e-08
2.813316387053686104e-08
2.896136451586498578e-08
2.981733996576518228e-08
3.070146518390747993e-08
3.161412784297808656e-08
3.255582678540363199e-08
3.352703653113301339e-08
3.452830761241002728e-08
3.556020796253876577e-08
3.662325377025523496e-08
3.771802067067754476e-08
3.884498218791303080e-08
4.000462493874526009e-08
4.119737894305918946e-08
4.242353669126765888e-08
4.368338427847133073e-08
4.497701468854838858e-08
4.630446592364856121e-08
4.766564403937271567e-08
4.906023430005533258e-08
5.048786112631153887e-08
5.194787784399835265e-08
5.343953664461383606e-08
5.496190819782448184e-08
5.651378847972302991e-08
5.809386535321449652e-08
5.970063716218111365e-08
6.133231776129670381e-08
6.298705842049670069e-08
6.466269951479010505e-08
6.635700490745219566e-08
6.806757809181809579e-08
6.979176305003794966e-08
7.152690892268226674e-08
7.327009279523890401e-08
7.501839598822630587e-08
7.676881332921220671e-08
7.851814516124850936e-08
8.026330194982643262e-08
8.200099084866493919e-08
8.372802953345369350e-08
8.544124140954383596e-08
8.713733192901012365e-08
8.881322673069473401e-08
9.046571452918255569e-08
9.209179167557211555e-08
9.368853628084184400e-08
9.525296293966643622e-08
9.678238746561131148e-08
9.827402203491286916e-08
9.972534447206524409e-08
1.011339478959244339e-07
1.024973721417223572e-07
1.038134907389809861e-07
1.050800604458098162e-07
1.062951126666018096e-07
1.074567809916303817e-07
1.085631134211059671e-07
1.096124811834895447e-07
1.106030914714444569e-07
1.115334020898055955e-07
1.124019344614738349e-07
1.132070754029262904e-07
1.139475098925599769e-07
1.146217100597038708e-07
1.152283753485477067e-07
1.157662405026688070e-07
1.162338766566075071e-07
1.166301489653248971e-07
1.169536948427560972e-07
1.172033890132339392e-07
1.173781535611757187e-07
1.174767648509554290e-07
1.174983317561478281e-07
1.174417721754049663e-07
1.173062960605625051e-07
1.170912191504339247e-07
1.167957764689959925e-07
1.164196099088636168e-07
1.159622467524464278e-07
1.154235870172894239e-07
1.148037171599261791e-07
1.141027259440711008e-07
1.133211848891122389e-07
1.124596292891615038e-07
1.115190325601842780e-07
1.105006142762260673e-07
1.094056530511179014e-07
1.082359428321932132e-07
1.069932779546836578e-07
1.056798987996844453e-07
1.042982914381579100e-07
1.028509957282032185e-07
1.013410252469964406e-07
9.977136288129553925e-08
9.814536848779210759e-08
9.646657380782324854e-08
9.473849040072075409e-08
9.296498898596654221e-08
9.114981809951249501e-08
8.929697255542439817e-08
8.741049368059317162e-08
8.549428737037040377e-08
8.355246592768103071e-08
8.158890564787898724e-08
7.960758082616564772e-08
7.761238210414511268e-08
7.560695650963804150e-08
7.359501816884778992e-08
7.157995881406792338e-08
6.956515328390757717e-08
6.755380613765212660e-08
6.554882187751606098e-08
6.355308912969886805e-08
6.156915122261112979e-08
5.959948570677582765e-08
5.764638254283770862e-08
5.571184549744574392e-08
5.379784932038223618e-08
5.190606858439705795e-08
5.003812837295825051e-08
4.819550968436865658e-08
4.637947582310430997e-08
4.459129725398051059e-08
4.283202976963941647e-08
4.110272978335337804e-08
3.940437785163937487e-08
3.773782022039286325e-08
3.610395463039401606e-08
3.450354646199388162e-08
3.293740255484673659e-08
3.140630397433213006e-08
2.991095419893090306e-08
2.845212232597941358e-08
2.703048846142996073e-08
2.564677473011795773e-08
2.430168291339254844e-08
2.299584586205634362e-08
2.172993081354892509e-08
2.050451068196501602e-08
1.932015756578673873e-08
1.817738675880667561e-08
1.707661370664475072e-08
1.601822627958975769e-08
1.500248327681313926e-08
1.402958088455300687e-08
1.309960836318016178e-08
1.221251597182303159e-08
1.136816050773869930e-08
1.056627057468980058e-08
9.806423388145081949e-09
9.088091234878035130e-09
8.410587579998442813e-09
7.773113037183794276e-09
7.174738377907841235e-09
6.614397114231587571e-09
6.090926338748308238e-09
5.603039366533226087e-09
5.149366719030249269e-09
4.728454321821499639e-09
4.338768401255075981e-09
3.978732071290112128e-09
3.646716094831835498e-09
3.341074231035454710e-09
3.060149412495848426e-09
2.802283475988878537e-09
2.565846438590251848e-09
2.349234664811690019e-09
2.150896835994226584e-09
1.969339626619491043e-09
1.803134424478256161e-09
1.650935470286823401e-09
1.511476610465739733e-09
1.383584987387706128e-09
1.266180571749562808e-09
1.158275525561457605e-09
1.058980276890480636e-09
9.674952115177862428e-10
8.831129975960761263e-10
8.052115817828359823e-10
7.332471328071154339e-10
6.667514860945003602e-10
6.053207416971092187e-10
5.486111775398179454e-10
4.963298593925815047e-10
4.482260283256363153e-10
4.040861191209936592e-10
3.637241882075135330e-10
3.269777950275338360e-10
2.937015490639125367e-10
2.637620759991074836e-10
2.370360015847703725e-10
2.134059730658637246e-10
1.927605968698202707e-10
1.749935389837342580e-10
1.600038594354314689e-10
1.476983904392487048e-10
1.379929884471611723e-10
1.308160569024140512e-10
1.261112753886544141e-10
1.238405697251514717e-10
1.239878834416796561e-10
1.265613069437984140e-10
1.315960444886488890e-10
1.391558191801294199e-10
1.493333641223308034e-10
1.622509070440305870e-10
1.780580129017550222e-10
1.969298420077865981e-10
2.190631610914717259e-10
2.446709362861212222e-10
2.739774036135358356e-10
3.072096794071592810e-10
3.445911263954946833e-10
3.863323458649154565e-10
4.326212660497011424e-10
4.836159119211384600e-10
5.394329360335822472e-10
6.001412035222164507e-10
6.657530206894865899e-10
7.362155822054099494e-10
8.114086630661080190e-10
8.911363354869024925e-10
9.751284379797023451e-10
1.063038710781467638e-09
1.154443910064184916e-09
1.248853070302170226e-09
1.345706923454779209e-09
1.444392111933673755e-09
1.544249027932743857e-09
1.644580178818814516e-09
1.744671851104232666e-09
1.843799588960286719e-09
1.941252882067547970e-09
2.036348312563214780e-09
2.128441522960729937e-09
2.216954404253661361e-09
2.301378383671442791e-09
2.381300381037822646e-09
2.456411235553160925e-09
2.526510946503133756e-09
2.591530298104184482e-09
2.651521675455538783e-09
2.706675519227148924e-09
2.757314514440142465e-09
2.803883672792490663e-09
2.846958330087375982e-09
2.887217202797585443e-09
2.925444473561617661e-09
2.962507653637346020e-09
2.999332352658954860e-09
3.036897879354459351e-09
3.076196872069249482e-09
3.118228484383333615e-09
3.163967965168160563e-09
3.214335667626527895e-09
3.270191383345011071e-09
3.332292908289473020e-09
3.401293877608102893e-09
3.477719090641287218e-09
3.561941701041630423e-09
3.654191020990557228e-09
3.754522816482714842e-09
3.862835195741531922e-09
3.978860723745675182e-09
4.102160984050876806e-09
4.232156642187822325e-09
4.368113779325459863e-09
4.509182066247296475e-09
4.654403790207846193e-09
4.802723379639257331e-09
4.953036205936807314e-09
5.104182826333349509e-09
5.255001034760853305e-09
5.404339923831303344e-09
5.551071012046931728e-09
5.694141651924013888e-09
5.832561066677723760e-09
5.965450340649985059e-09
6.092044935229540705e-09
6.211691582591349328e-09
6.323885700799772853e-09
6.428261337461322794e-09
6.524575104338613508e-09
6.612738404900882551e-09
6.692767091823187446e-09
6.764806728549826285e-09
6.829101525073343616e-09
6.885959135118913049e-09
6.935769248803370019e-09
6.978936535681493288e-09
7.015897174638743413e-09
7.047078792535298460e-09
7.072860215916742500e-09
7.093590796313031795e-09
7.109524448879910849e-09
7.120843947507125382e-09
7.127630035288957323e-09
7.129833897221940361e-09
7.127313074403935323e-09
7.119782782782317915e-09
7.106860733395497985e-09
7.088056974194954630e-09
7.062767988366263638e-09
7.030334193941480785e-09
6.990011922071878375e-09
6.941037340461875724e-09
6.882633341698781064e-09
6.814018563250457300e-09
6.734475346592145184e-09
6.643330675995922418e-09
6.540022858329283600e-09
6.424108699924051644e-09
6.295269563921534265e-09
6.153368837250469038e-09
5.998423921221332320e-09
5.830654652429036709e-09
5.650473017245376106e-09
5.458470218430269090e-09
5.255446900324623648e-09
5.042366127972236374e-09
4.820372280488672038e-09
4.590758142810294394e-09
4.354931228893038650e-09
4.114416062151467584e-09
3.870794860725236566e-09
3.625703488508441606e-09
3.380788284270943664e-09
3.137666532675963643e-09
2.897916825185458524e-09
2.663027579412778723e-09
2.434389841662947791e-09
2.213265674407021532e-09
2.000764139975217526e-09
1.797840860585581600e-09
1.605273886699968673e-09
1.423671745176324223e-09
1.253468863668302105e-09
1.094929095712148186e-09
9.481648903805932744e-10
8.131446645193312857e-10
6.897191117025110344e-10
5.776408126081220531e-10
4.765882789573381090e-10
3.861963755950841268e-10
3.060797621148249179e-10
2.358625965797406213e-10
1.752024600866654688e-10
1.238131426031169021e-10
8.148564258427132182e-11
4.810294189019689767e-11
2.365205991778538850e-11
8.229914666270771367e-12
2.044298704461663731e-12
5.409381845054850126e-12
1.873566663329439198e-11
4.251490015919604819e-11
7.730034013410525749e-11
1.236826467766283955e-10
1.822631971632463717e-10
2.536237719282296533e-10
3.382965158823984813e-10
4.367326837125496437e-10
5.492709526717215167e-10
6.761118473375462405e-10
8.172888373958655286e-10
9.726508892811690679e-10
1.141845293093560416e-09
1.324303784569128106e-09
1.519245842852167120e-09
1.725672313584443307e-09
1.942383961946305035e-09
2.167995081040517485e-09
2.400950152643764894e-09
2.639567224130926577e-09
2.882055668419891695e-09
3.126571461368187938e-09
3.371253910405133792e-09
3.614260387934523980e-09
3.853834032298670899e-09
4.088322678972001181e-09
4.316246105852030130e-09
4.536326300850372945e-09
4.747508976151042462e-09
4.949022538581104091e-09
5.140365070012939859e-09
5.321350269501204090e-09
5.492100207725468375e-09
5.653025856160117615e-09
5.804851358304502388e-09
5.948550445634192671e-09
6.085354880221359845e-09
6.216701486494641485e-09
6.344169899891610380e-09
6.469474849772507847e-09
6.594364410356051999e-09
6.720606897252897474e-09
6.849916202426173560e-09
6.983875735150935858e-09
7.123931635924432000e-09
7.271290560426462927e-09
7.426924668571415812e-09
7.591516812688451885e-09
7.765411681768030323e-09
7.948643267804252221e-09
8.140907883975682139e-09
8.341544778048747437e-09
8.549607783596610922e-09
8.763827466008736105e-09
8.982705460787488695e-09
9.204536625890425499e-09
9.427435002580582163e-09
9.649457281323753443e-09
9.868593933780850333e-09
1.008290184222498466e-08
1.029054470961711919e-08
1.048982762894360345e-08
1.067933042676681219e-08
1.085788110514065007e-08
1.102467713415424689e-08
1.117929301277825746e-08
1.132167321451452377e-08
1.145222494606907592e-08
1.157172948219532687e-08
1.168140937472502851e-08
1.178286873668664621e-08
1.187801780609458364e-08
1.196910399590801319e-08
1.205855325884703052e-08
1.214898115356538989e-08
1.224307653936121119e-08
1.234347779037841066e-08
1.245277039586222950e-08
1.257329735352299447e-08
1.270715963369301732e-08
1.285609649490192915e-08
1.302137068181185870e-08
1.320379525464744518e-08
1.340357489741742361e-08
1.362036076194412298e-08
1.385318822517072270e-08
1.410042719963622356e-08
1.435989279407844870e-08
1.462875873860798409e-08
1.490370518636514949e-08
1.518093809214376333e-08
1.545621806336954861e-08
1.572506017076806203e-08
1.598270770296264601e-08
1.622435380150481740e-08
1.644520855254541556e-08
1.664056326908237893e-08
1.680602604970869770e-08
1.693749525785558664e-08
1.703138567637952108e-08
1.708467064054644281e-08
1.709490859749172620e-08
1.706043416388914052e-08
1.698026268611040324e-08
1.685424532159614428e-08
1.668302404633930206e-08
1.646796787008636673e-08
1.621126537873396791e-08
1.591573398414014479e-08
1.558487307044468568e-08
1.522272563224985826e-08
1.483373145840108646e-08
1.442273067514297910e-08
1.399471715020902250e-08
1.355482530051179667e-08
1.310815627149913880e-08
1.265961411246304752e-08
1.221388718231398663e-08
1.177522887725312350e-08
1.134745551913907861e-08
1.093382200944013092e-08
1.053692242034249752e-08
1.015872636667333713e-08
9.800459336101827242e-09
9.462675798847700335e-09
9.145238348490609664e-09
8.847323417048050415e-09
8.567544473960681628e-09
8.303944096454897282e-09
8.054146443159214733e-09
7.815425181654832099e-09
7.584785450170940206e-09
7.359136626806518662e-09
7.135339927610294432e-09
6.910380271491520421e-09
6.681449925197229944e-09
6.446028425802069720e-09
6.202024537724407536e-09
5.947794826938002367e-09
5.682253438707809795e-09
5.404892276519117440e-09
5.115787055615360320e-09
4.815642972357223958e-09
4.505731733290361485e-09
4.187895428709241827e-09
3.864474936484820794e-09
3.538228283002026091e-09
3.212277541401052256e-09
2.889980930787654809e-09
2.574857106168812167e-09
2.270464401290616194e-09
1.980285018132997252e-09
1.707636095270481221e-09
1.455548922382618637e-09
1.226691373446383846e-09
1.023279324839451686e-09
8.470071691804953771e-10
6.990056467951017524e-10
5.798006748423578955e-10
4.893062510504754161e-10
4.268269327180598515e-10
3.910814853394639691e-10
3.802492214457500430e-10
3.920257195594304745e-10
4.237002343023724743e-10
4.722410050261456744e-10
5.343894831866405303e-10
6.067661239226090083e-10
6.859705902529754079e-10
7.686903601059719805e-10
8.517993180118000178e-10
9.324472867193379412e-10
1.008149100240139631e-09
1.076845582864933451e-09
1.136964952133110923e-09
1.187456457561776474e-09
1.227804355190163138e-09
1.258036956389315302e-09
1.278696197905348079e-09
1.290810289181804700e-09
1.295835403627818462e-09
1.295582156015301100e-09
1.292143317532511082e-09
1.287798373996965895e-09
1.284911665841477328e-09
1.285842590864266362e-09
1.292833718429128180e-09
1.307925519146667607e-09
1.332863553092494730e-09
1.369015984929361356e-09
1.417320199363267264e-09
1.478221486436744675e-09
1.551653506350611316e-09
1.637021754955907199e-09
1.733205094624987146e-09
1.838596238850320527e-09
1.951131526625315329e-09
2.068368588022423832e-09
2.187559166398102062e-09
2.305732299359261728e-09
2.419813609828037727e-09
2.526711601992724364e-09
2.623447497980835274e-09
2.707256825950175171e-09
2.775683965629040515e-09
2.826700848391996904e-09
2.858764974754653365e-09
2.870911841499349535e-09
2.862796399130544843e-09
2.834714173530527407e-09
2.787635716917785309e-09
2.723167658568602140e-09
2.643542893912101908e-09
2.551555135057540924e-09
2.450475102606828774e-09
2.343979743831700036e-09
2.236020599544034558e-09
2.130725269738963269e-09
2.032261008573685358e-09
1.944696642986084415e-09
1.871889238481651422e-09
1.817338496582205918e-09
1.784085811276923196e-09
1.774602365413806348e-09
1.790694450484703766e-09
1.833449716311379866e-09
1.903172569276108011e-09
1.999376312749792870e-09
2.120778527538525624e-09
2.265319693335776069e-09
2.430232527758287696e-09
2.612094776234329762e-09
2.806944497186609860e-09
3.010386276442423112e-09
3.217708033853707666e-09
3.424046217105939979e-09
3.624500933302371204e-09
3.814311770107742818e-09
3.988991401578612912e-09
4.144447201524506308e-09
4.277140771733595920e-09
4.384156640373355631e-09
4.463327545829365461e-09
4.513285556085243162e-09
4.533485872165594240e-09
4.524260560305786195e-09
4.486760793531707934e-09
4.422956552239162546e-09
4.335553695451438787e-09
4.227888185849381362e-09
4.103853481878324348e-09
3.967729494740500447e-09
3.824077773517327976e-09
3.677574501393260358e-09
3.532842593580875348e-09
3.394330839255784591e-09
3.266130393297042713e-09
3.151869584688447702e-09
3.054579696732502081e-09
2.976583144505357081e-09
2.919443035547252744e-09
2.883880886843266411e-09
2.869778898620046483e-09
2.876173296823356604e-09
2.901276820312129608e-09
2.942565174860771664e-09
2.996834317103956398e-09
3.060335940663775125e-09
3.128895737309479942e-09
3.198045425284258884e-09
3.263205063678787197e-09
3.319810592918906842e-09
3.363502012358343911e-09
3.390265338034785171e-09
3.396562559581135108e-09
3.379489344863047592e-09
3.336847794026562183e-09
3.267260215923982222e-09
3.170212377931685139e-09
3.046069058717936182e-09
2.896100159628632143e-09
2.722416410562334055e-09
2.527934754147138079e-09
2.316276874345257619e-09
2.091647573456183566e-09
1.858721959259245299e-09
1.622472764781007133e-09
1.388027751970431404e-09
1.160494027366959778e-09
9.447878893843630858e-10
7.454849165170472474e-10
5.666597624922913098e-10
4.117618508887529938e-10
2.834998970781191846e-10
1.837556122426964145e-10
1.135290014707002835e-10
7.290891270118974999e-11
6.107945808687493584e-11
7.635578788869528136e-11
1.162510489537842597e-10
1.775725109316311143e-10
2.565410145719849544e-10
3.489337145219761073e-10
4.502416590509978000e-10
5.558359255423239694e-10
6.611434823893031828e-10
7.618173872607465446e-10
8.538967118639361641e-10
9.339628467236494982e-10
9.992612716577969118e-10
1.047815270220414091e-09
1.078500158634592027e-09
1.091084587442103907e-09
1.086252486998013672e-09
1.065569457053158258e-09
1.031436162820012733e-09
9.869947820445627042e-10
9.360062871803447505e-10
8.827147568435307423e-10
8.316715965710335888e-10
7.875630819539608600e-10
7.550167724497890919e-10
7.384070554802857229e-10
7.416755162578613432e-10
7.681484516429368286e-10
8.203878474248496834e-10
9.000577879629625559e-10
1.007820186595485649e-09
1.143276984477466198e-09
1.304931894985302888e-09
1.490211630650336417e-09
1.695514868495923070e-09
1.916296668416536780e-09
2.147212738201352292e-09
2.382262883192143347e-09
2.615000017733658973e-09
2.838737073668774358e-09
3.046763830537929856e-09
3.232609318187317581e-09
3.390247058000599910e-09
3.514350455693279953e-09
3.600491161817158683e-09
3.645309034542409104e-09
3.646697667119330688e-09
3.603880618190685139e-09
3.517515526889887968e-09
3.389702879583763954e-09
3.223947170588349401e-09
3.025113136131580303e-09
2.799267933622420848e-09
2.553542168869589247e-09
2.295907488737332340e-09
2.034925577885486762e-09
1.779500241022235323e-09
1.538567350644902447e-09
1.320817550961220929e-09
1.134393384659518741e-09
9.866036639725421848e-10
8.836739650536493754e-10
8.305064443041917401e-10
8.305000765089815435e-10
8.854056499260055973e-10
9.952349405494278056e-10
1.158239067319033723e-09
1.370928799410828998e-09
1.628175028322363406e-09
1.923355817506291427e-09
2.248552976885062490e-09
2.594823456883883295e-09
2.952473031215143514e-09
3.311405334753332514e-09
3.661463993014409603e-09
3.992776373465010058e-09
4.296143819195977210e-09
4.563344202028480723e-09
4.787484196112655395e-09
4.963261084164558600e-09
5.087169531617289571e-09
5.157715383058350953e-09
5.175466418681610891e-09
5.143130517393232160e-09
5.065493145296445297e-09
4.949280447081165237e-09
4.803015865511268663e-09
4.636710762152899549e-09
4.461590890962782947e-09
4.289706628519474242e-09
4.133507124069689447e-09
4.005442629987021645e-09
3.917471138303422195e-09
3.880648499219716157e-09
3.904682897006755857e-09
3.997523861327460166e-09
4.165048904863445909e-09
4.410734442804478584e-09
4.735476619982957708e-09
5.137443322226591019e-09
5.612008223722195991e-09
6.151843835214849771e-09
6.747006697485303556e-09
7.385220770743418007e-09
8.052176504022979594e-09
8.731893596663561245e-09
9.407254604310316964e-09
1.006043427872523217e-08
1.067353066149947672e-08
1.122910547106033656e-08
1.171071122356131202e-08
1.210354472944875230e-08
1.239484820639258981e-08
1.257447596569484981e-08
1.263524058309739062e-08
1.257316755620993847e-08
1.238781195183313672e-08
1.208222898293694030e-08
1.166306847728075022e-08
1.114039374480761998e-08
1.052739523732345215e-08
9.840135406148449292e-09
9.096988048850313903e-09
8.318191419661888181e-09
7.525197587582079771e-09
6.739988049973405115e-09
5.984451096435637265e-09
5.279613484223276004e-09
4.645016084273726308e-09
4.098042552504970107e-09
3.653323474293747223e-09
3.322270284537076925e-09
3.112633567077196818e-09
3.028246232300790176e-09
3.068848453750476321e-09
3.230050472456850757e-09
3.503470010602528226e-09
3.876948689680487523e-09
4.334958839790905174e-09
4.859092675284758625e-09
5.428648493941636345e-09
6.021356401740345893e-09
6.614122460493141615e-09
7.183801328004485376e-09
7.708064025534439321e-09
8.166131347944775286e-09
8.539593522072074036e-09
8.813076445996061647e-09
8.974806639314336624e-09
9.017167009803977131e-09
8.936961442586330240e-09
8.735688786278269412e-09
8.419550450270425282e-09
7.999297623795095986e-09
7.490014409311199123e-09
6.910598043298184227e-09
6.283235712990862196e-09
5.632658286254610041e-09
4.985301065611640742e-09
4.368448674544245131e-09
3.809233527004783030e-09
3.333704256844084826e-09
2.965849875542901395e-09
2.726682324513643292e-09
2.633431502950686562e-09
2.698799914526723195e-09
2.930403661613095150e-09
3.330344585973448430e-09
3.894959162999385378e-09
4.614796782760753712e-09
5.474737433294528429e-09
6.454372198099999006e-09
7.528533395022810521e-09
8.667983822242871841e-09
9.840347556216144725e-09
1.101104260390101733e-08
1.214445280516097489e-08
1.320507045060880815e-08
1.415864276044568710e-08
1.497344961538762952e-08
1.562130897520773006e-08
1.607871324415782185e-08
1.632768052761868195e-08
1.635643038111566769e-08
1.616004008028641822e-08
1.574062398572670841e-08
1.510753798595299121e-08
1.427716670318211378e-08
1.327247975249750268e-08
1.212250232954190086e-08
1.086134931513919287e-08
9.527274991820856160e-09
8.161420345684010036e-09
6.806461111827810524e-09
5.505255412269490465e-09
4.299336311842924972e-09
3.227527157501982052e-09
2.324550620228275041e-09
1.619771798533920216e-09
1.136120907061472020e-09
8.891828680062256720e-10
8.865507490129617041e-10
1.127428394026694302e-09
1.602519901976209481e-09
2.294224022951037645e-09
3.177105024738944765e-09
4.218672359750979799e-09
5.380412782680760441e-09
6.619042415263362344e-09
7.888008035006048730e-09
9.139059455770600453e-09
1.032400932496014023e-08
1.139647248256876010e-08
1.231356500351343700e-08
1.303762682712186510e-08
1.353764356892382932e-08
1.379063220357651002e-08
1.378266243758924596e-08
1.350957681873046170e-08
1.297750208832556053e-08
1.220282347815168192e-08
1.121196726696927945e-08
1.004069281607065856e-08
8.733042609679644230e-09
7.340045627874617188e-09
5.918002584298129673e-09
4.526641278900156575e-09
3.227011239531849427e-09
2.079283438012781607e-09
1.140531681081640216e-09
4.625116237383445691e-10
8.958400173967022078e-11
5.681374131750314838e-11
3.883432984185346272e-10
1.096098477405307114e-09
2.178882273418354701e-09
3.621911385670486780e-09
5.396821792886049591e-09
7.462143663637139012e-09
9.764305325974179625e-09
1.223904139689851234e-08
1.481331915087738057e-08
1.740760062990889666e-08
1.993839629441545076e-08
2.232119232151113813e-08
2.447333967914555676e-08
2.631720717788909153e-08
2.778314485308689450e-08
2.881226980591905316e-08
2.935918438556092806e-08
2.939404643069185497e-08
2.890447439683247824e-08
2.789671918711073083e-08
2.639624093428607651e-08
2.444781785022477867e-08
2.211471127463085910e-08
1.947740362053987656e-08
1.663149711055750449e-08
1.368501784373530100e-08
1.075525669946168753e-08
7.964986311656754381e-09
5.438435975575869957e-09
3.296931829161590609e-09
1.654452736399338023e-09
6.132339296195856257e-10
2.595300857585387339e-10
6.597301497502345738e-10
1.856958100907127599e-09
3.868295820407201124e-09
6.682767168705434300e-09
1.026018426903942516e-08
1.453091949100393640e-08
1.939673796487092725e-08
2.473258120862733764e-08
3.038949114071091581e-08
3.619846778547839884e-08
4.197521726705892353e-08
4.752590831460947911e-08
5.265337245618248570e-08
5.716413127882257362e-08
6.087559521008970953e-08
6.362339153356596098e-08
6.526889844726956800e-08
6.570610653173188782e-08
6.486836163421650971e-08
6.273410193389736075e-08
5.933165624164069995e-08
5.474313816638566652e-08
4.910667012309209674e-08
4.261748667353842439e-08
3.552724580912934099e-08
2.814175660368576458e-08
2.081717047964415399e-08
1.395436706712081636e-08
7.991925672393795834e-09
3.397550886815377547e-09
6.582449518036883358e-10
2.693930181966387295e-10
2.722976340544464622e-09
8.495207922998965551e-09
1.803387833315286340e-08
3.174570163955589867e-08
4.998404902399893670e-08
7.303726639892418844e-08
1.011180890451229914e-07
1.343542787441851108e-07
1.727807359631219447e-07
2.163337140341256653e-07
2.648466132984288068e-07
3.180484598890628157e-07
3.755643487252813899e-07
4.369181171201486286e-07
5.015379988139592424e-07
5.687636346059278437e-07
6.378562509956487668e-07
7.080101710064041877e-07
7.783660277104329383e-07
8.480263300657642523e-07
9.160709633562762678e-07
9.815747931122507021e-07
1.043624873043108437e-06
1.101337766013785180e-06
1.153877301352387527e-06
1.200470496361732727e-06
1.240423440822936895e-06
1.273134998328955665e-06
1.298108882709150531e-06
1.314963997827842421e-06
1.323441982934313910e-06
