3.003599167E+1
2.970902061E+1
2.941628647E+1
2.915050888E+1
2.882377815E+1
2.854492950E+1
2.823331642E+1
2.793904495E+1
2.764682579E+1
2.733253479E+1
2.703922844E+1
2.673166656E+1
2.646181488E+1
2.612181282E+1
2.579194832E+1
2.553497505E+1
2.521721649E+1
2.492141533E+1
2.460866165E+1
2.427631569E+1
2.401034737E+1
2.368021774E+1
2.339350319E+1
2.310836220E+1
2.278444862E+1
2.258957672E+1
2.218623734E+1
2.188457489E+1
2.173431587E+1
2.129586029E+1
2.099202347E+1
2.080080795E+1
2.050279236E+1
2.008022118E+1
1.985511971E+1
1.948424339E+1
1.927142143E+1
1.896669960E+1
1.868013763E+1
1.836115646E+1
1.806908417E+1
1.777304840E+1
1.746148300E+1
1.715444946E+1
1.688027000E+1
1.656299019E+1
1.622914314E+1
1.594819832E+1
1.561085892E+1
1.529946613E+1
1.502870178E+1
1.473249054E+1
1.438859081E+1
1.411655521E+1
1.380821705E+1
1.360095978E+1
1.329402256E+1
1.296090317E+1
1.265612221E+1
1.239972973E+1
1.207395935E+1
1.175254726E+1
1.146846199E+1
1.115166378E+1
1.080906200E+1
1.053291798E+1
1.022055531E+1
9.898984909E+0
9.615590096E+0
9.326132774E+0
9.012221336E+0
8.712504387E+0
8.519175529E+0
8.105692863E+0
7.880696297E+0
7.597407341E+0
7.302305698E+0
6.971541882E+0
6.707187653E+0
6.345592976E+0
6.050055981E+0
5.742500305E+0
5.444239616E+0
5.150306702E+0
4.829836845E+0
4.558163643E+0
4.224033833E+0
3.933634520E+0
3.622107029E+0
3.312470436E+0
2.989643574E+0
2.701243877E+0
2.381203651E+0
2.067154169E+0
1.787225366E+0
1.554465890E+0
1.283503890E+0
9.347307682E-1
6.551170349E-1
3.372384012E-1
1.983208768E-2
-2.753321826E-1
-5.891006589E-1
-9.057735205E-1
-1.212400556E+0
-1.514995694E+0
-1.835083365E+0
-2.003970385E+0
-2.323831081E+0
-2.639183044E+0
-2.926052570E+0
-3.251434565E+0
-3.569365740E+0
-3.853452206E+0
-4.208743095E+0
-4.404198170E+0
-4.746708870E+0
-5.057198048E+0
-5.329853535E+0
-5.668354034E+0
-5.995172501E+0
-6.266802311E+0
-6.499037266E+0
-6.835753918E+0
-7.135059834E+0
-7.444911957E+0
-7.749777317E+0
-8.043852806E+0
-8.358521461E+0
-8.701807976E+0
-9.002997398E+0
-9.208315849E+0
-9.528660774E+0
-9.826533318E+0
-1.014383316E+1
-1.048875237E+1
-1.078230858E+1
-1.110915947E+1
-1.130682087E+1
-1.160891342E+1
-1.194241142E+1
-1.226285076E+1
-1.257220268E+1
-1.289570713E+1
-1.322467232E+1
-1.343397331E+1
-1.374117374E+1
-1.403804779E+1
-1.436438751E+1
-1.466797352E+1
-1.486561680E+1
-1.518607235E+1
-1.551379681E+1
-1.581634808E+1
-1.610612106E+1
-1.645495796E+1
-1.676931763E+1
-1.705572510E+1
-1.737618637E+1
-1.764472771E+1
-1.797549629E+1
-1.824712944E+1
-1.856642151E+1
-1.888054276E+1
-1.921088409E+1
-1.952355766E+1
-1.970011520E+1
-2.000772476E+1
-2.030774117E+1
-2.062615204E+1
-2.103089142E+1
-2.123497391E+1
-2.154912376E+1
-2.185591888E+1
-2.214946556E+1
-2.246065140E+1
-2.277013588E+1
-2.308809662E+1
-2.339290237E+1
-2.367921066E+1
-2.398501396E+1
-2.423276711E+1
-2.460217857E+1
-2.484744644E+1
-2.513588524E+1
-2.543506050E+1
-2.572713852E+1
-2.604745483E+1
-2.638583946E+1
-2.663444519E+1
-2.697338867E+1
-2.726629448E+1
-2.757078743E+1
-2.778305054E+1
-2.808369064E+1
-2.840245056E+1
-2.871232414E+1
-2.904832649E+1
-2.937107658E+1
-2.967481613E+1
-2.996822166E+1
