1.235999400215073667e-08
2.124249458946220676e-08
1.837039715688495024e-08
7.740110851747811050e-09
1.142211426373653522e-09
2.239255724253488379e-09
3.468971346628586236e-09
1.817196037503103240e-09
2.680433608097242817e-09
3.832908727926664847e-09
7.102094874285558036e-10
5.061642151721763386e-09
2.262401442068474235e-08
2.894118838519542717e-08
1.133751982526079174e-08
8.073747061996491289e-10
1.704188020861351728e-08
3.298500203264836998e-08
3.066145060565427623e-08
2.761100938167223649e-08
2.831775729974609484e-08
1.982113319960479168e-08
1.264850940024098626e-08
2.008371294330010838e-08
2.355238433894084402e-08
1.090990738341910012e-08
2.734347300966315018e-09
7.967455893408904984e-09
9.225444785046299425e-09
2.956218423255638078e-09
2.982268432241295208e-09
1.410608209169279923e-08
3.481041957552660437e-08
5.762433688306394371e-08
5.934951253769629854e-08
3.169524624752999254e-08
5.638063705016231900e-09
4.683787166115044119e-09
1.005207203125772870e-08
4.350668863030888736e-09
2.115129035186017470e-09
1.615181619020443019e-08
3.604742748355617293e-08
4.496186886941836722e-08
3.368143154260398299e-08
1.134994955433982494e-08
3.383413558146049338e-09
1.401224317900877137e-08
1.549361995573312605e-08
2.393365024892649786e-09
7.081875032736713346e-09
3.482795230321361217e-08
4.843220888622644548e-08
3.685536594310938846e-08
3.015495468021328205e-08
3.793268209583398012e-08
3.737755164248252215e-08
2.148919663860665780e-08
7.670905062292312538e-09
5.128191739962707127e-09
7.531081357029332898e-09
9.227739620139523228e-09
1.114192112216524364e-08
1.567324196697901133e-08
2.029191020130341346e-08
1.873899328909676303e-08
1.328253187095146191e-08
1.611564898813759553e-08
2.996666775925094187e-08
4.085349707121141468e-08
3.726176055970771426e-08
2.315243731886240123e-08
9.845561590734121466e-09
5.280062895088693031e-09
8.621691211652766468e-09
1.109779620142680788e-08
7.440642326022310016e-09
3.313428222959714409e-09
5.030114388204469264e-09
1.021373138867390895e-08
1.345705352201714231e-08
1.222395831368135797e-08
6.913592814928733980e-09
1.592362895816265801e-09
8.358973794068597664e-11
2.348396033660031198e-10
2.111851358367793320e-10
5.536783575071874845e-09
2.069973041989554677e-08
4.131370503614889506e-08
5.849473402328224566e-08
6.368900995409850898e-08
5.710307298851316648e-08
5.830073691834779003e-08
8.700547575354318762e-08
1.268055888562767155e-07
1.394682481033867387e-07
1.199059115624275575e-07
1.004136525170345192e-07
9.945199760002936358e-08
1.036971616990506736e-07
9.999690881288653697e-08
9.207412177933410033e-08
8.529343025425736677e-08
7.784057132840440881e-08
6.884270730958219002e-08
6.309244617003753303e-08
6.363264895560035474e-08
6.423546554141477628e-08
5.689984481036340522e-08
4.473091912605269959e-08
3.525573513447908636e-08
2.593905324316062863e-08
1.341754440411977152e-08
6.495258416174292726e-09
9.965062550173677636e-09
1.210535526556206629e-08
6.409897781872110729e-09
3.175975874598884772e-09
6.720882591594564562e-09
7.486988168130829408e-09
2.732065438823620553e-09
1.571274335427718158e-10
3.286301545000005243e-09
1.187605659010582612e-08
2.697537909531309051e-08
4.704898815913127523e-08
7.363211204404823100e-08
1.155705823814286659e-07
1.692946763502151928e-07
2.122261939856419441e-07
2.352765939830902902e-07
2.568112766029436790e-07
2.875826582677932169e-07
3.114731792534603291e-07
3.153065460560363645e-07
3.096415136694179678e-07
3.085703872859068035e-07
3.110966784466609537e-07
3.112524998383853202e-07
3.105198499704066697e-07
3.101773211591404030e-07
3.008588923388459613e-07
2.738231118254054517e-07
2.385426889617063592e-07
2.104370192020605663e-07
1.842731254241852345e-07
1.445637038568171088e-07
9.753097033802114883e-08
6.279989356341063740e-08
4.110455274058114121e-08
2.100340435084585692e-08
5.041355405001831538e-09
8.491502709954355311e-10
2.498925904770140188e-09
2.209879886440118994e-09
2.193895936887640457e-09
3.761885129959054706e-09
4.796823616388821008e-09
9.942221558969257624e-09
2.450015695095613865e-08
4.394377722733162379e-08
6.462150032189048697e-08
9.348220363505601524e-08
1.353564704082556089e-07
1.843678138911604623e-07
2.392994801365927962e-07
3.163501764382696703e-07
4.322802460989671138e-07
5.760522491627887000e-07
7.118900886943182593e-07
8.181929137840097537e-07
9.077555994098927894e-07
9.963431496208999538e-07
1.070983175943320954e-06
1.106955770412706866e-06
1.094135308224774594e-06
1.030069810228264855e-06
9.141810354354652431e-07
7.670403306847706547e-07
6.299266408564450360e-07
5.274197623361443145e-07
4.468561621432293207e-07
3.641415220213667162e-07
2.764520095015610297e-07
2.012489644181384028e-07
1.497685205750771659e-07
1.124195387896672059e-07
7.527073351106750346e-08
4.067511279383480600e-08
1.917253194507584134e-08
1.058243941042779069e-08
7.228108374170079426e-09
5.741822465448349728e-09
5.168618045289845494e-09
5.614407686765141573e-09
1.357693315617163834e-08
3.643366948761510717e-08
7.610575129612240409e-08
1.403074060585535652e-07
2.455377924602230679e-07
3.943564168647691964e-07
5.678478750014755448e-07
7.544186050841127775e-07
9.672600858217676330e-07
1.220539968533311358e-06
1.505113503274707989e-06
1.802387355137744996e-06
2.110722006665738635e-06
2.435512377866299687e-06
2.749385805323266267e-06
2.988668480257727859e-06
3.109060495995309841e-06
3.119835334000399619e-06
3.037331590819288540e-06
2.838686860814218687e-06
2.505267283169162198e-06
2.087783909344716697e-06
1.681551424221446279e-06
1.345060267634672064e-06
1.072123670229661303e-06
8.336802273359673741e-07
6.196603708093575539e-07
4.389359224316093064e-07
2.970304876041922805e-07
1.883295546353758942e-07
1.078659059810311184e-07
5.615380662703198680e-08
2.942391073770021122e-08
1.809458590316676130e-08
1.568101301711246512e-08
1.903399732980072446e-08
2.823138406236647322e-08
5.820683960391155995e-08
1.369124210381479227e-07
2.815071059146593872e-07
4.937038461169018845e-07
7.870006379549891236e-07
1.200354255190592738e-06
1.777695730057366271e-06
2.548820298881393896e-06
3.536546343730586685e-06
4.765660132948211637e-06
6.237629290424243601e-06
7.884586463683644094e-06
9.565718473334108065e-06
1.111977863504886738e-05
1.239532090526101708e-05
1.323332926632154309e-05
1.350563853627297664e-05
1.323702123024235539e-05
1.264174823418415499e-05
1.196143349779257488e-05
1.126046377599179300e-05
1.041109779918053862e-05
9.282372321916905673e-06
7.916536453330006920e-06
6.488166885512139869e-06
5.112220284830088310e-06
3.781916734002795722e-06
2.517356082180484893e-06
1.456893357240809263e-06
7.274820136019799593e-07
3.120745508293688187e-07
1.051290577724659729e-07
2.017086741356773389e-08
1.892360126989513206e-09
9.146922305214828647e-09
3.654750979228324862e-08
1.348800593152940945e-07
4.099298527044318912e-07
1.049070276423230181e-06
2.449876502422645440e-06
5.384988914485306176e-06
1.087060600601457122e-05
1.963604153467489279e-05
3.186184310531406415e-05
4.771797261554968777e-05
6.785966242433256568e-05
9.281778654701670233e-05
1.221309972058412562e-04
1.550372139392707448e-04
1.925227900014717217e-04
2.382423323268153723e-04
2.963960000484940722e-04
3.676041985141499419e-04
4.466503343645494904e-04
5.254863876591535062e-04
5.994371625590179777e-04
6.693154026517898108e-04
7.359849079324452294e-04
7.943078112827112137e-04
8.357023862435485539e-04
8.575437135109818506e-04
8.678606027483075662e-04
8.786573173050530282e-04
8.942652938399064987e-04
9.069649183178424626e-04
9.051296209072168773e-04
8.865392818198107507e-04
8.633829000693697252e-04
8.531767898359469493e-04
8.644178389977180080e-04
8.908883646527705974e-04
9.186377750183914032e-04
9.375521379464753398e-04
9.473073215304523165e-04
9.536258356591789448e-04
9.585340771924161229e-04
9.540174978385433224e-04
9.268252860437773593e-04
8.708417407934510154e-04
7.938675487594907230e-04
7.114341102431639280e-04
6.350896066163217672e-04
5.671490090492063447e-04
5.043201514142194291e-04
4.435594978850480766e-04
3.845484986325601738e-04
3.286626907807939130e-04
2.769203493492430001e-04
2.290170568499394759e-04
1.841615090184573898e-04
1.426043369022539299e-04
1.059793581276565275e-04
7.605390077624360565e-05
5.334321548234770483e-05
3.689762146296869471e-05
2.508977887382155824e-05
1.648331887925422740e-05
1.020832486344255125e-05
5.832387070608804245e-06
3.037398720765677910e-06
1.436973372873643690e-06
6.175890561079388148e-07
2.432424008265731546e-07
9.172266721303207170e-08
3.624815692032752692e-08
1.683603712249617228e-08
1.148708879252087352e-08
1.558846693217441610e-08
3.487614760605269378e-08
8.124925697860118929e-08
1.659984030564668241e-07
2.937904614490934445e-07
4.558920264311023206e-07
6.264614186529337275e-07
7.734732544949096533e-07
8.798815466662762334e-07
9.539984651328337547e-07
1.018946108744313969e-06
1.091283801170106913e-06
1.165834176556763874e-06
1.217720326363014650e-06
1.218758284196046793e-06
1.154595542245115087e-06
1.032511303109716906e-06
8.786043455407815458e-07
7.260092857965932216e-07
5.992328090553449460e-07
5.042817817936931270e-07
4.301706122088922907e-07
3.592902004118369157e-07
2.806623799013199511e-07
1.976455744397531274e-07
1.231568370751765960e-07
6.762759847222405709e-08
3.272309009753557603e-08
1.403000171438613607e-08
5.566799091937018071e-09
2.268694098948922290e-09
1.198270388692028224e-09
1.213531590813311995e-09
1.810950070335188823e-09
2.959531236183898773e-09
4.933056801573645909e-09
7.381060298732283920e-09
9.715246197799772731e-09
1.237949946875164593e-08
1.622426716532596452e-08
2.130787259552088022e-08
2.779796945830253045e-08
3.717331509015571453e-08
5.158344694960523179e-08
7.234954659529954988e-08
9.813188197083761214e-08
1.236265020581619070e-07
1.420023562567349957e-07
1.504026542654465358e-07
1.522053572120444579e-07
1.535809941892911200e-07
1.586189265182447692e-07
1.667616733498941694e-07
1.735501231657051730e-07
1.743346351879961355e-07
1.674700791384610866e-07
1.537676455258927801e-07
1.348986372125452653e-07
1.137569560974435471e-07
9.403047618865697005e-08
7.773169358911583087e-08
6.464379148181568930e-08
5.401844841359913882e-08
4.468809623317871441e-08
3.470277369546117275e-08
2.351702673126168155e-08
1.340621050383421408e-08
6.860600978108966571e-09
3.990806589778231744e-09
3.385517326612706565e-09
3.667365570544167215e-09
3.747046890045612189e-09
3.229656505629607111e-09
2.776228021773041694e-09
3.170545711576876005e-09
4.398240966293419683e-09
6.017947532680512529e-09
7.775757173002226025e-09
9.797391127899310402e-09
1.275991219581187032e-08
1.768843048841133781e-08
2.516840815538013591e-08
3.479617055649053220e-08
4.518660507824411533e-08
5.437808029019077256e-08
6.093267431832494982e-08
6.513819916305037936e-08
6.868573948248275491e-08
7.282302938121516085e-08
7.687110721049303921e-08
7.838811769897099361e-08
7.490425284792008970e-08
6.615122324261525947e-08
5.476701123914222654e-08
4.445769595299507374e-08
3.741212763632694560e-08
3.331362879465899787e-08
3.013432903665962503e-08
2.575348713180433402e-08
1.955679728163598914e-08
1.282519023201155233e-08
7.387518515382666827e-09
4.031235913871925335e-09
2.317582125911107628e-09
1.429537224563610892e-09
8.364226677751253743e-10
4.325834400441775863e-10
3.544002997534748749e-10
6.673185096534104010e-10
1.194520551922710709e-09
1.631779134584633631e-09
1.785582703426514399e-09
1.711315620643511537e-09
1.652338600426054959e-09
1.884447516614327167e-09
2.635586341342929199e-09
3.961460896010127780e-09
5.519080903024865299e-09
6.738266071117736700e-09
7.510095631363657823e-09
8.455689302795450233e-09
1.030465564672124353e-08
1.319384679248312161e-08
1.642694299993420984e-08
1.860452545391095157e-08
1.849844276162440815e-08
1.642012904572780378e-08
1.424582819292123529e-08
1.354359361373786015e-08
1.414395500950208973e-08
1.477866542945453385e-08
1.442912566374361337e-08
1.289009871969606041e-08
1.069797998608407204e-08
8.682178150379580907e-09
7.269288143463108077e-09
6.276761562680526406e-09
5.362090300976348710e-09
4.314592113560097446e-09
3.049108028935769010e-09
1.747011079130458022e-09
8.072775684487371796e-10
3.952542770405607616e-10
3.528797872003472676e-10
5.630507029337448836e-10
9.204672984375246799e-10
1.094200850933285621e-09
8.733855651001074789e-10
5.455091873468928604e-10
5.096533657953863647e-10
8.159767956794703509e-10
1.376079918958494951e-09
2.288802294657855541e-09
3.726569867172386396e-09
5.614421669760300357e-09
7.390144006170639068e-09
8.147108588647826184e-09
7.394299290373520370e-09
5.715649854320256558e-09
4.329223892887213365e-09
3.996126898870503668e-09
4.548267097573334520e-09
5.257953017717571533e-09
5.452078227018618798e-09
4.990217332720509826e-09
4.289513301396514371e-09
3.773351667275879380e-09
3.397111240000389405e-09
2.858188350328103592e-09
2.060172349556437068e-09
1.220592198018432696e-09
7.127872227592167527e-10
8.165073249218971737e-10
1.389645586637561738e-09
1.854426322582364113e-09
1.755080767103578716e-09
1.221821152643761241e-09
6.919977017743663961e-10
3.734836196722501888e-10
2.051244968892841398e-10
1.361476992950222496e-10
1.781336909116712254e-10
2.949697608064093649e-10
4.292826671965636636e-10
5.462602995478376684e-10
5.704945490855148831e-10
4.516076361115634621e-10
3.336403431387305917e-10
4.181758874250962411e-10
6.826878990911968231e-10
1.053545895471306379e-09
1.693095334967918500e-09
2.606257113314851655e-09
3.207501799144232948e-09
2.990048539745033300e-09
2.410545743154312812e-09
2.345615119240618613e-09
2.880084941598759724e-09
3.353188402379078546e-09
3.372637613976188912e-09
3.149653650872134261e-09
3.013829548612727934e-09
3.000684924427460260e-09
2.785754886363645670e-09
1.999371671553506493e-09
8.355492809295592810e-10
7.420874274161647388e-11
1.306464756262324341e-10
4.946574998502999084e-10
5.129732415448256548e-10
2.293007860042948774e-10
4.711416532440406069e-11
5.952614520474098368e-11
1.016417398954321893e-10
1.014607762472833305e-10
1.007701950287955991e-10
1.274790176294948926e-10
1.570602412798926145e-10
1.335083377554837532e-10
6.890037710878935344e-11
8.594716422348755669e-11
2.150969558564415506e-10
2.742248666856423215e-10
1.797876305887930236e-10
2.020180304414073087e-10
6.120124898783484774e-10
1.219850875085473969e-09
1.553117459600858849e-09
1.397284319200677558e-09
9.398172378831702383e-10
4.744517243645976786e-10
1.573218903480259270e-10
1.544585566578041141e-11
5.874827601045241323e-11
3.355875339841727902e-10
8.404978711040712227e-10
1.352762574521425541e-09
1.504291765109792600e-09
1.146378866046418977e-09
5.566123050416275900e-10
1.477226618520191527e-10
6.948997879891455611e-11
2.110635483455266274e-10
4.413557880254294319e-10
6.754571591607869355e-10
8.128863769081746214e-10
7.822576341867534065e-10
6.250300054146007933e-10
4.586389313275564550e-10
3.663151955076560253e-10
3.385355034915845427e-10
3.160769653953823370e-10
2.827639862145535660e-10
2.710245624157381793e-10
2.710845145552363176e-10
2.423267006904496863e-10
2.380410721202507462e-10
3.578928063620156166e-10
5.283525580333227446e-10
5.227833445062618267e-10
2.930489984437530227e-10
1.086959865493543161e-10
2.201000252257247706e-10
4.891933066548634087e-10
5.737203709217306177e-10
4.883918732493237089e-10
6.560119474958429340e-10
1.183192203276605926e-09
1.483669606245143503e-09
1.092548329438759527e-09
4.796291972461254691e-10
4.078193645573942226e-10
8.041400121847405618e-10
9.791226810776246103e-10
6.853026873590001678e-10
2.718869190253430201e-10
4.024728780131681478e-11
7.636677505397693074e-12
7.361422767734146732e-11
8.527796154913311103e-11
8.727239507937655444e-12
8.081155962559734842e-11
4.001181299020735544e-10
5.762238940813503575e-10
3.337133681372404914e-10
1.022374625061043662e-10
3.420310176485719678e-10
7.156998895694837646e-10
6.514305255239041005e-10
3.062659529587803001e-10
2.610054756797780265e-10
5.988114391562538829e-10
9.046429123470537760e-10
9.651083496595610814e-10
1.000149943647898189e-09
1.245729904988129844e-09
1.548690623137052928e-09
1.487559975182453474e-09
9.495837688402317610e-10
4.244405564906201255e-10
4.207890682727021192e-10
7.290114725746626065e-10
7.229970739860779705e-10
3.101956760054053512e-10
4.226052592298181858e-11
2.721832426276404357e-10
7.159899938094838233e-10
9.418222633272164482e-10
8.728156625686847909e-10
6.774059395401966111e-10
5.010597110980429464e-10
4.825567350097589422e-10
7.723998649202477522e-10
1.289062328508648292e-09
1.624342314792982202e-09
1.477469174690874760e-09
1.086044764793504632e-09
9.192773044261079257e-10
1.019819652819175242e-09
1.007668261055965948e-09
7.167659362522590968e-10
4.611699197399408014e-10
5.906668649734649577e-10
1.018265940332474234e-09
1.282069445582983462e-09
1.029816968479666449e-09
4.417890035069432799e-10
7.478923546253274665e-11
1.775033348371611216e-10
3.820332857002296635e-10
3.060073644964234122e-10
1.393858445660427963e-10
2.402888650152345106e-10
4.715958408117661871e-10
4.611693729545871014e-10
2.820846511761331703e-10
3.122388991399111029e-10
5.579527992971878380e-10
6.514117691438657428e-10
4.591891497613270445e-10
2.259996850527939114e-10
1.345166662084250535e-10
1.171237703332127237e-10
9.811415634181424767e-11
9.816466365363791041e-11
1.025539810870771881e-10
6.628412759377040672e-11
2.104167946118807434e-11
1.702421777367893668e-11
3.050024271354879115e-11
3.052241359665785333e-11
3.708564230471741710e-11
5.910336402761759427e-11
7.759836323471978902e-11
9.725550669744614728e-11
1.228370682154064650e-10
1.146523133562269305e-10
4.970969269018140081e-11
3.234053527154919044e-13
8.844312801326916918e-11
3.346340584658153515e-10
5.661447494489509243e-10
5.667600740132446029e-10
3.547098449595872542e-10
1.649344295241065833e-10
1.127679328667875685e-10
9.613688252550845077e-11
6.133056795448131204e-11
7.582557546772674054e-11
1.183726533755831930e-10
9.453918836450623634e-11
3.525764294837834562e-11
2.564626141440030672e-11
4.167549115852120272e-11
5.027625606583731171e-11
9.292769566898907021e-11
1.498388080021976184e-10
1.386115066174250352e-10
9.082065159638360924e-11
1.291609135338854768e-10
3.086275551047680747e-10
6.110382583267602332e-10
9.587664893750140379e-10
1.168251566309208964e-09
1.088107602172302991e-09
7.956794221010623179e-10
4.810023396213772807e-10
2.235426607676965508e-10
4.382723418802363162e-11
1.292946239219177115e-11
1.447728286767965265e-10
3.212376853581808844e-10
4.333861234353475928e-10
4.812430993633447670e-10
4.825290315799315223e-10
4.007892387580682822e-10
2.396149934905340204e-10
1.280055055797078081e-10
1.827787168221039691e-10
3.112524413501895407e-10
3.223422939621311429e-10
2.244267302041509476e-10
1.982877295947005921e-10
3.001369659545648076e-10
4.228992630219031247e-10
4.814736049200413351e-10
4.428381853728814122e-10
3.170091654347684841e-10
2.174135006187928327e-10
2.100816102814516142e-10
1.712941890887898693e-10
9.484209902577796800e-11
2.494879510455539179e-10
6.288835207770390630e-10
7.290849624204145327e-10
3.508502908104927427e-10
1.723091649881351993e-11
1.158889337969841367e-10
3.063634256934983725e-10
2.191862950526463317e-10
6.092400653649513494e-11
1.325444268763846219e-10
3.238884987773875494e-10
3.901007116810977560e-10
3.175607612705076604e-10
2.300131069883702342e-10
1.896138832871202366e-10
1.829297928767060788e-10
1.720270159219814191e-10
1.270526895596305279e-10
7.844135465775955619e-11
1.616048289902797542e-10
5.180919095870024157e-10
1.036276279251985366e-09
1.298482886540500617e-09
1.019334554079982590e-09
4.514435826824396252e-10
8.402569666760067334e-11
4.549592646802744862e-11
1.032196839838825459e-10
1.424334137108264330e-10
3.183306125749415964e-10
7.311089770080493399e-10
1.165026529736441964e-09
1.257514280922114242e-09
9.111736782746047664e-10
4.267878211826087889e-10
1.374488015646269724e-10
5.311813162115423992e-11
2.101011803110629879e-11
3.946220921153871806e-11
1.792936878261794117e-10
3.577649435034820698e-10
4.173759377538630303e-10
3.358926081862719452e-10
2.278770256759573924e-10
2.049177049458844372e-10
2.828648033391019229e-10
3.708711810580854089e-10
3.410254780546792213e-10
1.707153626899501381e-10
6.099640063626138068e-11
3.285436282078542910e-10
9.922030585257409437e-10
1.536191679028247536e-09
1.483816932356893085e-09
1.229096527386290495e-09
1.696714217042683527e-09
2.975700854982611997e-09
3.969363905133162797e-09
3.774843218032370627e-09
2.790515293051491928e-09
1.989890752110415130e-09
1.625110907607303467e-09
1.240626490525350848e-09
6.842480304210337969e-10
4.450788226473531318e-10
8.680140443831960373e-10
1.511400126372100328e-09
1.736003250367238418e-09
1.792361913032859816e-09
2.691079150794596639e-09
4.686479871133516377e-09
6.442546291266212166e-09
6.352269396403565357e-09
4.384185318095303080e-09
2.010645345048621805e-09
7.736914462223983777e-10
1.676647560888717353e-09
5.092951068901568962e-09
9.752314341410115160e-09
1.248394229103448311e-08
1.095297769950433357e-08
6.666840162005949790e-09
3.874941055546859966e-09
5.640100081127751927e-09
1.176998252181756187e-08
1.945824003914609916e-08
2.456318803018899873e-08
2.352011739320152088e-08
1.631960374452846674e-08
7.722439225854427344e-09
3.674530565928755146e-09
5.380416879596881878e-09
7.975661150853238555e-09
6.551596547518192778e-09
2.300034765433332622e-09
1.261850945480380500e-10
1.423682017955864334e-09
3.138651454908034143e-09
3.257363413030829573e-09
2.861710544064704279e-09
3.257624765697519013e-09
4.758501624175244845e-09
6.964247657882424802e-09
7.707448980840834365e-09
4.931600284163670085e-09
1.135184674654220558e-09
6.729611742690237835e-10
2.284137494661684413e-09
1.749954846479950518e-09
1.161842246326001917e-09
5.820802054435516392e-09
1.298031906670927772e-08
1.439698932525666269e-08
9.115559352993321485e-09
3.824144722923020048e-09
2.232001057451654966e-09
2.663154538677566306e-09
3.567288256256364695e-09
4.393988472357749762e-09
3.890339323324398246e-09
2.114410948246149869e-09
9.277564497915108999e-10
6.864840283125750772e-10
3.422338301956526341e-10
5.932490186555540595e-10
2.686885664902452697e-09
5.447862391080641512e-09
7.124593009235979663e-09
7.890463178516261905e-09
7.911962473182787599e-09
6.126443265764192626e-09
2.888185107867932938e-09
5.506186855493316184e-10
2.005831786879578497e-10
6.258735353787548982e-10
7.957963459490384154e-10
9.050863529240779842e-10
1.159184410948906777e-09
1.412521118816421201e-09
1.669681792359830978e-09
1.879336266000811256e-09
1.755904829321834439e-09
1.311825734633448077e-09
1.074740116353118950e-09
1.582996533714462464e-09
2.806057874842865743e-09
3.913206267100914867e-09
3.812054501403033636e-09
2.365110981251654689e-09
7.334924498680447083e-10
3.346103736308428421e-11
1.508274694878592769e-10
3.269424930359349185e-10
2.711688790770557884e-10
1.824008643974868505e-10
1.995521675483637892e-10
2.905462432801899359e-10
3.937400334668205049e-10
4.359176948735345270e-10
3.797177734155462092e-10
2.927238790649868454e-10
2.444534305745394352e-10
1.956129686362237882e-10
9.507097732739413428e-11
8.691742801180174164e-12
6.267273194316678736e-11
2.824713579744722016e-10
5.212302626852444607e-10
5.775766205380977626e-10
4.110714015246459562e-10
1.843149470859211378e-10
5.265703258582400013e-11
1.650493162066470174e-11
2.042193833353306834e-11
4.486429347793661240e-11
6.168423122170938130e-11
5.750958621379758966e-11
8.922317702170935051e-11
1.665564832878178658e-10
1.808870365803583479e-10
9.507640329861996320e-11
2.438879565826036813e-11
2.800035464741858882e-11
7.427776653688253682e-11
2.298196491444953331e-10
5.483892329868070080e-10
8.248975477266537940e-10
8.080089263387598230e-10
5.365451266268766708e-10
2.190429522225545191e-10
3.232861952732894333e-11
1.361662840176890316e-10
4.756176294580172491e-10
6.239080385605183002e-10
3.377286248120190256e-10
2.319649292052391438e-11
7.637534888665381469e-11
2.209355559881207900e-10
1.194412842644677570e-10
2.417362178601692450e-11
1.966136482206897381e-10
3.518922734245607111e-10
2.246049971774043542e-10
4.598795400936766780e-11
7.000378523406649466e-11
1.862717531979729011e-10
2.164084559682103305e-10
1.588944998079201766e-10
8.839055022727165906e-11
8.790993025380356402e-11
2.002328886197550730e-10
3.276843008488306437e-10
3.384553428496495776e-10
2.666835312997895438e-10
2.428709861119523796e-10
3.101510365726068481e-10
4.105240867414973039e-10
4.404278650788780819e-10
3.342978383622863716e-10
1.946178318833472011e-10
1.931973672620219453e-10
2.825987590887344556e-10
2.605884948758513495e-10
1.201848816047429430e-10
2.327084380131087124e-11
5.428657019135410942e-12
2.057127213974835230e-11
1.184033433942602040e-10
3.007237628585646303e-10
4.088916920894020849e-10
3.520553900270235883e-10
2.355514777977733302e-10
1.808575863795101277e-10
2.157657358422076620e-10
3.210687446781793358e-10
4.244921561509403799e-10
4.267396180904525526e-10
3.210296568513724244e-10
1.913317425449028608e-10
9.781499948235253142e-11
5.241916245942225721e-11
3.963817689849817208e-11
2.305174749947487720e-11
1.587154149996344623e-11
7.835294486506934853e-11
1.629553536219077541e-10
1.438918297186963884e-10
6.137117529055259608e-11
7.390186962037584127e-11
1.638375394137129431e-10
1.877697617573324468e-10
1.396937445245597398e-10
8.759671575763569691e-11
3.019842243118086748e-11
2.398389415228542721e-11
1.669009959928755127e-10
3.394254925358249501e-10
3.147015775309183624e-10
1.355967890204979266e-10
1.900246462362038798e-11
1.912691956735561755e-13
9.373863666439187052e-12
7.871702321625899869e-11
1.898268554988728140e-10
1.954216613089999398e-10
8.505674604867032209e-11
3.659355739722639711e-11
1.190529927363728933e-10
2.144519970198639436e-10
2.317264110551885471e-10
1.890907429604006788e-10
1.374270899143165457e-10
1.148151748666032942e-10
1.114606507267544586e-10
8.269544082582454090e-11
4.702469636604557971e-11
6.219612222207241618e-11
8.903120586344055877e-11
5.477572995137804015e-11
7.617679486567700016e-12
1.312618796374032367e-11
2.514213972349974961e-11
3.988033902160677581e-11
1.487404165995816886e-10
2.824709123288470657e-10
2.410294049011129158e-10
1.328874255105995404e-10
3.525140474345925475e-10
9.089713531284969913e-10
1.239716757385892519e-09
9.919685385848405359e-10
5.635760247724381739e-10
4.895598525634318567e-10
6.601947273364666923e-10
6.085857813148326212e-10
2.877591859248698009e-10
4.468117347306707351e-11
1.080003637898396519e-11
2.075584634566991242e-11
9.548011904080386351e-12
5.376772945575015091e-11
1.189545242433076689e-10
1.000554685864282825e-10
2.345699445305641696e-11
8.269648638294607578e-12
1.043603071200619749e-10
2.257479183114653173e-10
2.125237261889288005e-10
5.758726353929918160e-11
2.245321696407698044e-11
2.630780146744233998e-10
4.790175995930334730e-10
3.426472611680483488e-10
6.238556381909680413e-11
2.467448056856303842e-11
1.523505789387307586e-10
1.410672188096250422e-10
2.787159982037838521e-11
2.944490632292699965e-11
1.016395870847871612e-10
7.638159054154087724e-11
4.511948011161072912e-12
4.344369471538867195e-11
1.558818828543813061e-10
1.632661145036714523e-10
5.164594579860890483e-11
1.746211562236539685e-11
1.384353282387950035e-10
2.146415621085470909e-10
1.247937999624810124e-10
8.666189560267164798e-11
2.747327658963973842e-10
4.623009431333133169e-10
3.789706461645523405e-10
1.388587282724554981e-10
1.421324519942607832e-11
5.884223578393182788e-11
1.631116826896583924e-10
2.298192061369726388e-10
1.961022947049071552e-10
8.221562031363172645e-11
9.830839991158864344e-12
3.461938077746810772e-11
6.465088429471996492e-11
5.103192772440737450e-11
1.077782150931942249e-10
3.053336037497890899e-10
4.635961528712739232e-10
3.603345290124510409e-10
1.126002158610579550e-10
4.587748452432963666e-11
1.549209924823383183e-10
1.414390030553237308e-10
2.492992520566725695e-11
8.923130409815775084e-11
2.368444363220867935e-10
1.828077918396846215e-10
1.313840667429207619e-10
3.661207790895986937e-10
5.562654744934976531e-10
3.986396104085980649e-10
2.931467602940442586e-10
5.157612247129903130e-10
6.151083016105749721e-10
3.277891953183409696e-10
6.484359689256417410e-11
7.329058920890234127e-11
1.370820796583210978e-10
1.661562314738566437e-10
2.071537419477690552e-10
1.690587943987895611e-10
1.166190932525727436e-10
2.436461221447610054e-10
3.721601572645071221e-10
2.394626566364220628e-10
6.421267163867883113e-11
1.056406231322946797e-10
2.354748371788326577e-10
4.027820188092237549e-10
6.652910528992765347e-10
7.123858480027017681e-10
3.482945569155982195e-10
3.926874789755765378e-11
9.022138860212434838e-11
1.501918752667811574e-10
1.193331783844892933e-10
2.859701239841172949e-10
4.157500406966608268e-10
1.732410923953157908e-10
7.982882976521681000e-11
5.802894480914060538e-10
1.009560390476457539e-09
7.542641862232013639e-10
2.583759846151317758e-10
4.377613867495770166e-11
7.964791861911393197e-11
3.728646568907656679e-10
8.316875647909600427e-10
8.826171582571756989e-10
4.016221837475242359e-10
1.815036011515028059e-10
5.924870482756774711e-10
9.538909415460553149e-10
7.796966543314957845e-10
4.077626510443033360e-10
2.013363184465316176e-10
1.805740749902777681e-10
3.124335295792451555e-10
4.623062706962612988e-10
4.204999902951039757e-10
2.547380936279113506e-10
1.808672707039802859e-10
2.012657914485179044e-10
2.606969250983917807e-10
3.633023553082242184e-10
3.838816002567009398e-10
3.150774868613728166e-10
4.953290818391144149e-10
9.739907495718491388e-10
1.195211253163986560e-09
8.902910442061677279e-10
5.193199720177818819e-10
4.207168516720463464e-10
3.909471843382161687e-10
2.847168913434835653e-10
2.026970430532337133e-10
1.392240748125731437e-10
7.947029222188300362e-11
1.529722956312841354e-10
3.064599737062323811e-10
2.928377945703869925e-10
1.239632601358882219e-10
1.807862800791833842e-11
2.785757439884560435e-13
2.543376186610500450e-11
1.933553793162425670e-10
4.617874372843473707e-10
5.541942890777659009e-10
4.012128721196620221e-10
2.499547094558205111e-10
2.357258743827804710e-10
2.408228392331771926e-10
1.793855046657645907e-10
1.056972375270643858e-10
7.519629639618004492e-11
8.682343324081873464e-11
1.131194426925279459e-10
1.178182363983796983e-10
9.173459687814651217e-11
6.582181123498766923e-11
6.190719540017732600e-11
6.752470020030681510e-11
6.528033443938122128e-11
6.423545379860461928e-11
1.080102935707201443e-10
2.189891242424574907e-10
3.145047706537381057e-10
2.745077842142927999e-10
1.260227496547579144e-10
2.518897349217241355e-11
3.096745231118208945e-11
5.722612390739007112e-11
5.917360713223052941e-11
9.187723019989171122e-11
1.679865912111952980e-10
2.101165057719358941e-10
1.686444940072425042e-10
8.469645713364280786e-11
2.238244109585771045e-11
5.752970248818609193e-12
3.110469964317029111e-11
8.746062624315585485e-11
1.423496216982422699e-10
1.486571127198428843e-10
9.869586411066454824e-11
3.932681606481009733e-11
9.135358275796193828e-12
3.953921610886713362e-12
1.658361116138462057e-11
4.730758281135988769e-11
6.974388007106713214e-11
5.512809407937229612e-11
2.312656028047771696e-11
1.048501679395387988e-11
1.920020189276768768e-11
3.614995676782297806e-11
5.287746742189920704e-11
5.044855763084550556e-11
3.133362923460282415e-11
5.147858192646477617e-11
1.423957269343875583e-10
2.377043158356084006e-10
2.516314844543302875e-10
1.821877594051030440e-10
8.936549966721964079e-11
3.714636905546322909e-11
7.065960351744011967e-11
1.652127267211899547e-10
2.129550748877296327e-10
1.554438354032904137e-10
8.343393212077941807e-11
9.950536757127612935e-11
1.540118421544512255e-10
1.396940730442351150e-10
6.958795599227829321e-11
2.995539811169083631e-11
3.420836636547284582e-11
5.438871024603752308e-11
1.172071395410650275e-10
2.332125647495816832e-10
3.147152276934255503e-10
3.085170464823808162e-10
3.165510989063801146e-10
4.220109647013935696e-10
5.017440710813131419e-10
4.025688422382000758e-10
1.965671895785138083e-10
6.111857267133865514e-11
2.959047546323346763e-11
5.678911219518076477e-11
1.642843312760920534e-10
3.196638860242456382e-10
3.745754557677975043e-10
3.090438946159653540e-10
3.005392089674940047e-10
4.086415618095180963e-10
4.710819073034590521e-10
3.987669965025504348e-10
2.700536005858674947e-10
1.372828312962164041e-10
6.225047294913247645e-11
2.159973840403625552e-10
5.811494737353714782e-10
7.772063774545280107e-10
5.582855232403786593e-10
2.014277267991301830e-10
7.182566190650923187e-11
1.570086404030438562e-10
2.925149144024234580e-10
4.293943558580266590e-10
4.815831589156833869e-10
3.495120432889551131e-10
2.084881928905497936e-10
3.359082657730947426e-10
6.263652234166508935e-10
7.020496429042993931e-10
4.729058318540591769e-10
2.065781954495437091e-10
1.073599565483772725e-10
1.436091718046981297e-10
2.222003796606626523e-10
2.931879980372264803e-10
3.282966688547859646e-10
3.322194088400735520e-10
3.386840776171187762e-10
3.501555411490641377e-10
3.273798470027433770e-10
2.502101796297564216e-10
1.634570418846792696e-10
1.591278566950691935e-10
2.838944955024523598e-10
4.421841974030271883e-10
4.658334753018337641e-10
3.367104294224985004e-10
2.480370023792842491e-10
3.609203983892026078e-10
5.863961981761283640e-10
7.042000220165042001e-10
6.253332192629283315e-10
4.407204587720625670e-10
2.741933914401133984e-10
1.993517395722639340e-10
2.624775245312737574e-10
4.557576524927002057e-10
6.499697699303344242e-10
6.658281539198547519e-10
4.737947252395651863e-10
2.613909944780916858e-10
2.488539950785665302e-10
4.758284133758216351e-10
7.925702996659849613e-10
1.000118442755508952e-09
9.777416622303741608e-10
7.604996288023034942e-10
5.372002829574455953e-10
4.924497556855990707e-10
6.091752797403571299e-10
6.994788156675552711e-10
6.429871630240350427e-10
5.011966368177935943e-10
3.957162300769967240e-10
3.847327335818671414e-10
4.635514632241813935e-10
5.802353371324969060e-10
6.442128184034698055e-10
6.006192434551791884e-10
4.924754238203131938e-10
4.012036863371945834e-10
3.558750314053469319e-10
3.389026614837891363e-10
3.431058879218707453e-10
3.856032037792263796e-10
4.748122764357640023e-10
5.707544082323922880e-10
5.899308834230765924e-10
4.847461457293929724e-10
3.137535369518666658e-10
1.879485468767522883e-10
1.555661050585769818e-10
1.876333293316237434e-10
2.560910645291307761e-10
3.609505303931596823e-10
4.879681404207008623e-10
6.021472299104270930e-10
6.907454273337685106e-10
7.667214209166622537e-10
8.187567848878974046e-10
7.941059605006275483e-10
6.522478619844319082e-10
4.249773988410430993e-10
2.128691152251858310e-10
1.160772325162099515e-10
1.561824718768381085e-10
2.623828632875599125e-10
3.392546451706496910e-10
3.425340150116287665e-10
2.939468173065867082e-10
2.508705686438851439e-10
2.591069807497009171e-10
2.990550029871121028e-10
2.915286863295870692e-10
1.978359922450545815e-10
8.160336393203870965e-11
2.482557885202197704e-11
2.902708638528136184e-11
4.345850023813008382e-11
3.982897225280777347e-11
2.606723029289772786e-11
2.378239287745181185e-11
3.955733797586562754e-11
5.114944752300377660e-11
5.644675161374525548e-11
1.099130173160160570e-10
2.300616474567888371e-10
3.197795433232472498e-10
2.864906399312623432e-10
1.811039346181332110e-10
1.163595714218429617e-10
1.204684144720635494e-10
1.466861155832988677e-10
1.476952100560319274e-10
1.013405206439456300e-10
3.809925237516738311e-11
4.137804774722892161e-11
1.480904804880469998e-10
2.711596757699426322e-10
2.944226610725298401e-10
2.423809128410307217e-10
2.817246009718732200e-10
4.896607255705813967e-10
6.794605847732641787e-10
6.053104721274875213e-10
3.101205519220799673e-10
6.947500451079297235e-11
2.957355825229305296e-11
1.273514358365677550e-10
2.779849744119022841e-10
4.006807731550445690e-10
4.085666414705825696e-10
3.853458047539901731e-10
5.522091040129086689e-10
8.994245766925944360e-10
1.127558181140263037e-09
1.063076424724186666e-09
8.581955574191419621e-10
7.372713870524609673e-10
7.721604991255643202e-10
8.960469870365579932e-10
1.006722825489939992e-09
1.092364327540624529e-09
1.235372955577193889e-09
1.413520755040270924e-09
1.444420676105176857e-09
1.251345781798988838e-09
1.013743946221030411e-09
9.596265138505467288e-10
1.141011780576179936e-09
1.414899534649159451e-09
1.566664989273846000e-09
1.540505874762773716e-09
1.543805788685786743e-09
1.758540015647533086e-09
2.033638609737737250e-09
2.076510170320627231e-09
1.840181461122715948e-09
1.543936313439671395e-09
1.419936085758848042e-09
1.522461383424853313e-09
1.692712533480789811e-09
1.729075250455315907e-09
1.643394040394616080e-09
1.640722217972374414e-09
1.832390009775288281e-09
2.109408063166126956e-09
2.291111705622860805e-09
2.323254365308606323e-09
2.371017729160617199e-09
2.658001305500433978e-09
3.104363866811362144e-09
3.297048936833711989e-09
2.988538970464422895e-09
2.423795985125617765e-09
2.038869883198749506e-09
2.057318196555984230e-09
2.454429340151610758e-09
3.066724384611636971e-09
3.625353460447542145e-09
3.826005934459037416e-09
3.512891108914542619e-09
2.856960109615337337e-09
2.293292425237123726e-09
2.161554816338982373e-09
2.433170547421445959e-09
2.830096429250028423e-09
3.073399865224238608e-09
3.047194465766188074e-09
2.962470091285180793e-09
3.225489831859796971e-09
3.834678896358989480e-09
4.174966295509007498e-09
3.773078529415839912e-09
2.949950004070423169e-09
2.426828788555978160e-09
2.569479531250709367e-09
3.146666081855678544e-09
3.588348456186113476e-09
3.513568132917938796e-09
3.122827948786224769e-09
2.888758908028747706e-09
2.910821889424104478e-09
2.895660477180073437e-09
2.659401140741118105e-09
2.347930196959797995e-09
2.253020699333842044e-09
2.495970503603128199e-09
2.814728601698440674e-09
2.834416540588691324e-09
2.584212522659028916e-09
2.389919479947168092e-09
2.323596921433372945e-09
2.193360115725134399e-09
1.910578653375035263e-09
1.565294118709757921e-09
1.419676256255814820e-09
1.811319055187585471e-09
2.610668095130280879e-09
3.074322023583948282e-09
2.754443028848235687e-09
2.081265591136825118e-09
1.667972964638470430e-09
1.619962208690557973e-09
1.711494718139420980e-09
1.747559241942274918e-09
1.762258055775740931e-09
1.998700958452304408e-09
2.419305564715702145e-09
2.501512119326686885e-09
1.992060807059845175e-09
1.363544973800616610e-09
1.149589653653205383e-09
1.423421831221485737e-09
1.954220427808397325e-09
2.329609883114939743e-09
2.299792201264232506e-09
2.230846165692386343e-09
2.465253798401755859e-09
2.512369571763191753e-09
1.889999765325987304e-09
1.076787616501922163e-09
7.541134765690097990e-10
1.053527517805869817e-09
1.811481752804573417e-09
2.475206873825159939e-09
2.297276063925373165e-09
1.569700674983808638e-09
1.380048751670359540e-09
1.713432316242603765e-09
1.615478209059286550e-09
1.008079299161531765e-09
5.280361303048646478e-10
4.666882809439605839e-10
1.003645645450454521e-09
1.966348219947509051e-09
2.295022036631327004e-09
1.549858411706070572e-09
8.739218088287976749e-10
9.677769453147997948e-10
1.119821573263076277e-09
9.310896488516735761e-10
6.642338747762053395e-10
3.453928860426485610e-10
3.437709462151712445e-10
1.109855697220223368e-09
1.675859304856865853e-09
1.032272068388879757e-09
1.779895594703589699e-10
1.835578655417912934e-10
4.795311597724785908e-10
6.979602640296797929e-10
1.032455307117860138e-09
9.120940165530549665e-10
4.267110731933836196e-10
8.116736223750506534e-10
1.583155848287711793e-09
1.158367632075287788e-09
2.110855221900621987e-10
1.051815825969167890e-11
3.088742063860102953e-11
3.119342508569340795e-10
1.387026796663229437e-09
1.661749519321302968e-09
5.537078075600656662e-10
5.262961815210261981e-10
1.534494005833663534e-09
9.738669630040575320e-10
6.857869583986793477e-11
7.011056573573678125e-10
5.811802853901218283e-10
8.790637474950900963e-11
2.599577140230769236e-09
4.487689276604812295e-09
1.676751909420908280e-09
7.674256593889171254e-10
4.694783215992904745e-09
4.493896528256510076e-09
4.205791480164890790e-10
1.984737085299030398e-09
3.875878272811717603e-09
2.468052065121777084e-10
4.568709199541580008e-09
1.468962026405873529e-08
7.751967880978603187e-09
9.748092215340553602e-10
2.579885242413561243e-08
3.692042159360614975e-08
2.648203982708793129e-09
6.086553941931764445e-08
3.410835467251660089e-07
6.514607196921589541e-07
