3.007051849E+1
2.979747772E+1
2.948841286E+1
2.905793762E+1
2.877626228E+1
2.849516106E+1
2.822805977E+1
2.792902374E+1
2.763843346E+1
2.733032608E+1
2.702002525E+1
2.675211525E+1
2.645803642E+1
2.617125320E+1
2.587714767E+1
2.558141327E+1
2.531361580E+1
2.491199493E+1
2.460428238E+1
2.441232681E+1
2.398601723E+1
2.372189140E+1
2.343414116E+1
2.314819717E+1
2.286644745E+1
2.253369331E+1
2.228096199E+1
2.196870804E+1
2.158899879E+1
2.138543510E+1
2.096482658E+1
2.078207207E+1
2.039216614E+1
2.012344170E+1
1.978785896E+1
1.951243401E+1
1.924751091E+1
1.895430756E+1
1.864914513E+1
1.832391167E+1
1.803634453E+1
1.776339149E+1
1.745656395E+1
1.716406822E+1
1.685120392E+1
1.656035233E+1
1.626896667E+1
1.597811317E+1
1.570905781E+1
1.535463524E+1
1.497563267E+1
1.468408775E+1
1.438634109E+1
1.417393875E+1
1.390447140E+1
1.360513973E+1
1.320052624E+1
1.292292404E+1
1.261224556E+1
1.232663536E+1
1.202424622E+1
1.174041367E+1
1.145361614E+1
1.113049126E+1
1.083344173E+1
1.055752468E+1
1.026852608E+1
9.940732002E+0
9.644009590E+0
9.367001534E+0
9.096783638E+0
8.768180847E+0
8.441020966E+0
8.200012207E+0
7.879434109E+0
7.611905098E+0
7.285878181E+0
7.017404079E+0
6.724365234E+0
6.289736271E+0
6.032846451E+0
5.738346100E+0
5.436288834E+0
5.222011089E+0
4.855682373E+0
4.539366722E+0
4.246992588E+0
3.944996595E+0
3.670461893E+0
3.342946053E+0
3.064137459E+0
2.767641783E+0
2.487153769E+0
2.151153088E+0
1.840699315E+0
1.586366177E+0
1.263129473E+0
9.444042444E-1
6.590640545E-1
3.753052950E-1
6.074542925E-2
-2.036637813E-1
-5.522428751E-1
-8.282201290E-1
-1.119356513E+0
-1.417566538E+0
-1.716707349E+0
-2.043229342E+0
-2.316761255E+0
-2.627764940E+0
-2.889745474E+0
-3.229570150E+0
-3.513588667E+0
-3.822061539E+0
-4.124921322E+0
-4.436100483E+0
-4.767957211E+0
-5.051286697E+0
-5.353688240E+0
-5.658168316E+0
-5.987779140E+0
-6.269815922E+0
-6.600698948E+0
-6.757877827E+0
-7.196720600E+0
-7.512342930E+0
-7.780907631E+0
-8.100649834E+0
-8.385584831E+0
-8.676533699E+0
-8.921252251E+0
-9.288091660E+0
-9.521709442E+0
-9.930899620E+0
-1.011320496E+1
-1.041642570E+1
-1.070689487E+1
-1.102339935E+1
-1.132300663E+1
-1.175931454E+1
-1.193638039E+1
-1.227495766E+1
-1.257260609E+1
-1.285564709E+1
-1.317157841E+1
-1.348110771E+1
-1.379488468E+1
-1.410630417E+1
-1.439026356E+1
-1.469599056E+1
-1.489955330E+1
-1.528430653E+1
-1.551586723E+1
-1.580158138E+1
-1.620059967E+1
-1.641358948E+1
-1.667774391E+1
-1.701176643E+1
-1.740831757E+1
-1.769533730E+1
-1.796586800E+1
-1.831709290E+1
-1.858241081E+1
-1.891610146E+1
-1.917077065E+1
-1.948963165E+1
-1.977478981E+1
-2.007945251E+1
-2.037727356E+1
-2.066843605E+1
-2.095446777E+1
-2.130098343E+1
-2.154242134E+1
-2.184235001E+1
-2.210962105E+1
-2.241060448E+1
-2.276707458E+1
-2.303942108E+1
-2.335632133E+1
-2.364904594E+1
-2.394799995E+1
-2.422296906E+1
-2.452813148E+1
-2.480253220E+1
-2.511219406E+1
-2.542802620E+1
-2.573999977E+1
-2.611896133E+1
-2.631973457E+1
-2.669795799E+1
-2.696140289E+1
-2.722366714E+1
-2.751345062E+1
-2.781590271E+1
-2.811299706E+1
-2.852229881E+1
-2.871578407E+1
-2.899472427E+1
-2.933649445E+1
-2.962598038E+1
-2.993469048E+1
