2.998867035E+1
2.977690315E+1
2.960695839E+1
2.939081573E+1
2.918392563E+1
2.900706291E+1
2.880385971E+1
2.859130287E+1
2.843059921E+1
2.824989319E+1
2.806967163E+1
2.788956451E+1
2.772126198E+1
2.739481735E+1
2.717796707E+1
2.698765373E+1
2.682523537E+1
2.660945511E+1
2.642541122E+1
2.627165222E+1
2.603017616E+1
2.585400963E+1
2.562474251E+1
2.544526291E+1
2.526374245E+1
2.504647255E+1
2.485995293E+1
2.467271042E+1
2.448195076E+1
2.428762245E+1
2.397375298E+1
2.378965569E+1
2.359292603E+1
2.337874413E+1
2.318495369E+1
2.298641586E+1
2.281235123E+1
2.260857582E+1
2.244637871E+1
2.221994972E+1
2.202005196E+1
2.180956650E+1
2.161139488E+1
2.139353561E+1
2.123700523E+1
2.104891014E+1
2.083968544E+1
2.064230156E+1
2.043178368E+1
2.025767326E+1
2.004862404E+1
1.987533188E+1
1.969728470E+1
1.939569855E+1
1.918293190E+1
1.896356201E+1
1.881249046E+1
1.856459808E+1
1.839830208E+1
1.820314980E+1
1.801268578E+1
1.779969215E+1
1.763112259E+1
1.742117882E+1
1.722597313E+1
1.701836395E+1
1.681329918E+1
1.662759781E+1
1.645005989E+1
1.625981522E+1
1.602403641E+1
1.586755848E+1
1.565477467E+1
1.546470261E+1
1.526531506E+1
1.508516788E+1
1.487737942E+1
1.455469799E+1
1.435689259E+1
1.417319489E+1
1.399507904E+1
1.379153347E+1
1.359032726E+1
1.338483429E+1
1.317288017E+1
1.302389050E+1
1.278191280E+1
1.260330009E+1
1.239915085E+1
1.218898201E+1
1.203547287E+1
1.183220482E+1
1.164749908E+1
1.142769718E+1
1.123716164E+1
1.105139542E+1
1.086803150E+1
1.062448025E+1
1.046036816E+1
1.025747490E+1
1.003647137E+1
9.853264809E+0
9.664153099E+0
9.457657814E+0
9.251439095E+0
9.044294357E+0
8.889078140E+0
8.670385361E+0
8.454421043E+0
8.312401772E+0
7.988337994E+0
7.780010700E+0
7.613543510E+0
7.366789818E+0
7.193190575E+0
6.989129066E+0
6.795107365E+0
6.619446754E+0
6.410998821E+0
6.229325294E+0
6.003784180E+0
5.815835476E+0
5.607784271E+0
5.407648087E+0
5.246418953E+0
5.035834789E+0
4.869331360E+0
4.637999058E+0
4.429206371E+0
4.241956234E+0
4.028832912E+0
3.857772350E+0
3.657185555E+0
3.453267336E+0
3.266560316E+0
2.959337234E+0
2.763936043E+0
2.578742027E+0
2.371862411E+0
2.170747995E+0
1.956531405E+0
1.765209556E+0
1.565056324E+0
1.376595974E+0
1.183932185E+0
9.534678459E-1
7.586134076E-1
5.609434843E-1
3.546216786E-1
1.438305378E-1
-4.189315066E-2
-2.343399078E-1
-4.635313153E-1
-6.571035981E-1
-8.510160446E-1
-1.069190741E+0
-1.270686626E+0
-1.459608078E+0
-1.652473211E+0
-1.833687425E+0
-2.053690910E+0
-2.273088455E+0
-2.507097006E+0
-2.698970795E+0
-2.680589676E+0
-2.871170282E+0
-3.194013357E+0
-3.383802652E+0
-3.595790863E+0
-3.791005135E+0
-4.010369778E+0
-4.215869904E+0
-4.420746326E+0
-4.649905682E+0
-4.832560539E+0
-5.040033817E+0
-5.241780281E+0
-5.456406593E+0
-5.660540104E+0
-5.910738945E+0
-6.081773281E+0
-6.305172920E+0
-6.300306797E+0
-6.587419987E+0
-6.789011955E+0
-7.046763420E+0
-7.222797871E+0
-7.423819542E+0
-7.642295361E+0
-7.859723091E+0
-8.006617546E+0
-8.269376755E+0
-8.458048820E+0
-8.666048050E+0
-8.888916016E+0
-9.099446297E+0
-9.305643082E+0
-9.483620644E+0
-9.485042572E+0
-9.793031693E+0
-9.994921684E+0
-1.024144745E+1
-1.038719749E+1
-1.063862610E+1
-1.082750416E+1
-1.105053139E+1
-1.126173973E+1
-1.146730614E+1
-1.165964985E+1
-1.169138050E+1
-1.200058842E+1
-1.221292591E+1
-1.241657639E+1
-1.260251427E+1
-1.283941746E+1
-1.302459908E+1
-1.321279049E+1
-1.344632149E+1
-1.363967323E+1
-1.384349728E+1
-1.409023666E+1
-1.429251003E+1
-1.449001789E+1
-1.470718575E+1
-1.470102310E+1
-1.490073299E+1
-1.508885002E+1
-1.529412842E+1
-1.552408028E+1
-1.570478058E+1
-1.591403580E+1
-1.622233200E+1
-1.638610840E+1
-1.661605644E+1
-1.683046341E+1
-1.701234436E+1
-1.719060326E+1
-1.737832260E+1
-1.758612442E+1
-1.777008247E+1
-1.796571541E+1
-1.817275047E+1
-1.837590790E+1
-1.857414055E+1
-1.875784111E+1
-1.898378944E+1
-1.917507172E+1
-1.936652184E+1
-1.953653908E+1
-1.972976685E+1
-1.992124176E+1
-2.013932800E+1
-2.032821083E+1
-2.052989006E+1
-2.071354866E+1
-2.091629219E+1
-2.111621475E+1
-2.131890488E+1
-2.149479294E+1
-2.171226501E+1
-2.190038681E+1
-2.221917534E+1
-2.237878990E+1
-2.259090996E+1
-2.283179665E+1
-2.301328087E+1
-2.322699547E+1
-2.340242767E+1
-2.365023613E+1
-2.383858299E+1
-2.403563690E+1
-2.421095085E+1
-2.442719269E+1
-2.460182953E+1
-2.480670547E+1
-2.500498581E+1
-2.518514633E+1
-2.542552185E+1
-2.561226654E+1
-2.581460571E+1
-2.597863007E+1
-2.620566177E+1
-2.636048698E+1
-2.658770752E+1
-2.679108810E+1
-2.697739792E+1
-2.721205330E+1
-2.739071655E+1
-2.758746529E+1
-2.780101776E+1
-2.796995544E+1
-2.816639519E+1
-2.837047577E+1
-2.858886528E+1
-2.878286934E+1
-2.902316666E+1
-2.920730209E+1
-2.942996597E+1
-2.959456253E+1
-2.982944489E+1
-3.002355766E+1
