1.464103333363897094e-05
1.462803273481288641e-05
1.461541932535864601e-05
1.460339980469281826e-05
1.459216813000475951e-05
1.458190292093578304e-05
1.457276504539756231e-05
1.456489541703284612e-05
1.455841303231523863e-05
1.455341327231747657e-05
1.454996649097564963e-05
1.454811691948339637e-05
1.454788182162549243e-05
1.454925113643546511e-05
1.455218731019156000e-05
1.455662545174445365e-05
1.456247393255974542e-05
1.456961534262188416e-05
1.457790764322437447e-05
1.458718560189647472e-05
1.459726265736376544e-05
1.460793307729241860e-05
1.461897420186654947e-05
1.463014887788315474e-05
1.464120825209160616e-05
1.465189474208192253e-05
1.466194493446241722e-05
1.467109254009930579e-05
1.467907160186000144e-05
1.468561973481058285e-05
1.469048111219867442e-05
1.469340935925991584e-05
1.469417058381874837e-05
1.469254629240192575e-05
1.468833587678334513e-05
1.468135887240465521e-05
1.467145725728395118e-05
1.465849751594176502e-05
1.464237221049651417e-05
1.462300075923308516e-05
1.460033137328035179e-05
1.457434112683825668e-05
1.454503645564424931e-05
1.451245333681064578e-05
1.447665626084185585e-05
1.443773859575179361e-05
1.439582108691582042e-05
1.435104998061364397e-05
1.430359650760595115e-05
1.425365426424207154e-05
1.420143724550817699e-05
1.414717766652363400e-05
1.409112258706373960e-05
1.403353235076517083e-05
1.397467711584369426e-05
1.391483323197703653e-05
1.385428142343772854e-05
1.379330287709973801e-05
1.373217636596874663e-05
1.367117543089493572e-05
1.361056453807036607e-05
1.355059754966088964e-05
1.349151437383273234e-05
1.343353774862065527e-05
1.337687228691809164e-05
1.332170148645756165e-05
1.326818612817805982e-05
1.321646296570256705e-05
1.316664251171632900e-05
1.311880952125284081e-05
1.307302165363692358e-05
1.302930841569110144e-05
1.298767265021561718e-05
1.294808989287463683e-05
1.291050927002209173e-05
1.287485471694290672e-05
1.284102520008222096e-05
1.280889778934679372e-05
1.277832868288956732e-05
1.274915442331495501e-05
1.272119570889234027e-05
1.269425874546378814e-05
1.266813806483435022e-05
1.264261947479649219e-05
1.261748171210351468e-05
1.259250090575212241e-05
1.256745258617148533e-05
1.254211363659081530e-05
1.251626674586669585e-05
1.248970195505829919e-05
1.246221949750283580e-05
1.243363250602106891e-05
1.240376837412162926e-05
1.237247107435345967e-05
1.233960506440386715e-05
1.230505269482910620e-05
1.226872030126418259e-05
1.223053504405170004e-05
1.219044744919403647e-05
1.214843371465267417e-05
1.210449159114820831e-05
1.205864515718587064e-05
1.201094008496514469e-05
1.196144476656835013e-05
1.191025120819078756e-05
1.185747003891684320e-05
1.180323087889643902e-05
1.174768251696393353e-05
1.169098721167914577e-05
1.163332047218066176e-05
1.157487071378949388e-05
1.151583244169635021e-05
1.145640886050491599e-05
1.139680488961218050e-05
1.133722650078847041e-05
1.127788007076482498e-05
1.121896536835519079e-05
1.116067819321425584e-05
1.110320350647816923e-05
1.104671507873411785e-05
1.099137529430218480e-05
1.093732934216253229e-05
1.088470537714463307e-05
1.083361490471955087e-05
1.078414759698595406e-05
1.073637214738815041e-05
1.069033739413522782e-05
1.064606724394118859e-05
1.060356556502048202e-05
1.056281164786898752e-05
1.052376240741632902e-05
1.048635486833419713e-05
1.045050240236052789e-05
1.041610097777629272e-05
1.038302587314741051e-05
1.035113512481956687e-05
1.032027319518079025e-05
1.029026891756328811e-05
1.026093949189084709e-05
1.023209463364191900e-05
1.020353489446539755e-05
1.017505598689331356e-05
1.014645318069127223e-05
1.011751909250136253e-05
1.008805141405714017e-05
1.005785065371193153e-05
1.002672445301486092e-05
9.994491830019701977e-06
9.960980636744741503e-06
9.926034885277129424e-06
9.889511902440344593e-06
9.851285979947321737e-06
9.811251829588777732e-06
9.769321807427499874e-06
9.725428927797918265e-06
9.679529634215330131e-06
9.631600318383180682e-06
9.581639600851926634e-06
9.529670344565182308e-06
9.475734774989773995e-06
9.419899314211621928e-06
9.362249226404063904e-06
9.302889667651035671e-06
9.241946485430187219e-06
9.179560257984400830e-06
9.115889978199638152e-06
9.051106757629097608e-06
8.985393925627504312e-06
8.918946956593122894e-06
8.851967502637422122e-06
8.784663165170131691e-06
8.717247161259350928e-06
8.649932250111288127e-06
8.582930396871945200e-06
8.516452403917763520e-06
8.450701343759175026e-06
8.385875433667450710e-06
8.322161664733804525e-06
8.259735775194333661e-06
8.198762305145243406e-06
8.139388717048618837e-06
8.081748825169162256e-06
8.025957302764476263e-06
7.972110460626586392e-06
7.920287185022157321e-06
7.870544733050229718e-06
7.822920132517146506e-06
7.777431761848681039e-06
7.734075859115868159e-06
7.692828567328824366e-06
7.653648158418454892e-06
7.616471646165341364e-06
7.581220329235486054e-06
7.547796805124450448e-06
7.516087965827603906e-06
7.485968124067338248e-06
7.457296534452522349e-06
7.429923654123761091e-06
7.403688896355214599e-06
7.378424201821485126e-06
7.353957081390056847e-06
7.330111414317177024e-06
7.306708271739163196e-06
7.283569572602742055e-06
7.260519434101410350e-06
7.237386041062942194e-06
7.214002317872803632e-06
7.190212145259590724e-06
7.165865194894076336e-06
7.140822916789350007e-06
7.114958746099269426e-06
7.088158170043731302e-06
7.060324208914957068e-06
7.031371560238315569e-06
7.001231729698440701e-06
6.969852388986478756e-06
6.937197661933529550e-06
6.903247125559857423e-06
6.868000100146009927e-06
6.831468789528551009e-06
6.793682213685598233e-06
6.754684478890461719e-06
6.714532912436694402e-06
6.673301406469343006e-06
6.631072890030893456e-06
6.587942419131390787e-06
6.544014780670148096e-06
6.499402037328005524e-06
6.454226214415419245e-06
6.408611481447796219e-06
6.362686754393892447e-06
6.316583041511188202e-06
6.270430825582376274e-06
6.224362520885121962e-06
6.178504836210061183e-06
6.132981332378026594e-06
6.087909971490474896e-06
6.043401767967755235e-06
5.999558567872427273e-06
5.956475804123837445e-06
5.914235637947512707e-06
5.872909986747196284e-06
5.832558813721544440e-06
5.793228604687227337e-06
5.754955712328290727e-06
5.717760425035126067e-06
5.681650642406356067e-06
5.646620982024103543e-06
5.612652991120802892e-06
5.579714602476395415e-06
5.547764291562512690e-06
5.516746258713885226e-06
5.486594868711879239e-06
5.457234644224393343e-06
5.428580396609029854e-06
5.400541893792764005e-06
5.373019723376206005e-06
5.345910121449827546e-06
5.319105402356177710e-06
5.292494451334711030e-06
5.265967576057735644e-06
5.239412682337575053e-06
5.212720129673465459e-06
5.185783212031676548e-06
5.158498622259664845e-06
5.130771094397783225e-06
5.102509500189831102e-06
5.073631347263343714e-06
5.044062935989343406e-06
5.013740260774180376e-06
4.982608978026021393e-06
4.950628346043815952e-06
4.917766833849847660e-06
4.884005805371957518e-06
4.849338954245838557e-06
4.813771629633728741e-06
4.777323980333958136e-06
4.740026026655788688e-06
4.701920537547705157e-06
4.663061796655875601e-06
4.623515036804349036e-06
4.583355000173231210e-06
4.542668157970816798e-06
4.501547268656732551e-06
4.460093414544932625e-06
4.418414164867852217e-06
4.376621710468602271e-06
4.334834544452689491e-06
4.293171882239008239e-06
4.251755284693107257e-06
4.210706643744861969e-06
4.170146208652839644e-06
4.130194056141571714e-06
4.090964713582084949e-06
4.052568710575226173e-06
4.015110733362311326e-06
3.978687883657871754e-06
3.943391284276654885e-06
3.909301220776703561e-06
3.876488943800581961e-06
3.845015288657782926e-06
3.814930066214380760e-06
3.786270951787115786e-06
3.759065603140787452e-06
3.733327682688271598e-06
3.709059239299321790e-06
3.686250097759428881e-06
3.664877401416580465e-06
3.644908281282864433e-06
3.626296637466825999e-06
3.608986054340218517e-06
3.592909814431333069e-06
3.577991619321099254e-06
3.564145824350736539e-06
3.551280671149938033e-06
3.539295769204045942e-06
3.528085475701337013e-06
3.517539411149618753e-06
3.507543030672388207e-06
3.497981084642538654e-06
3.488735376571079088e-06
3.479688251626997247e-06
3.470723214298180378e-06
3.461725537908945152e-06
3.452585658160969348e-06
3.443196891374367565e-06
3.433458735897143157e-06
3.423277289901068142e-06
3.412565607005650574e-06
3.401246737882892261e-06
3.389251141498985416e-06
3.376519543803709799e-06
3.363002919433889165e-06
3.348662921023541035e-06
3.333471658693651622e-06
3.317414061444911115e-06
3.300484726391314679e-06
3.282690055268995174e-06
3.264047572649948910e-06
3.244585150670726375e-06
3.224342741360466857e-06
3.203368764006095977e-06
3.181721640233159482e-06
3.159468608849989980e-06
3.136684980567336010e-06
3.113452814867441426e-06
3.089862028795649553e-06
3.066006433502970170e-06
3.041984739574465862e-06
3.017899007537044553e-06
2.993853092752655614e-06
2.969953467798420263e-06
2.946305232255292751e-06
2.923012935514682020e-06
2.900179001428961780e-06
2.877902199563612379e-06
2.856278444655377156e-06
2.835397038233359318e-06
2.815341568660229128e-06
2.796188563016741740e-06
2.778006227919835168e-06
2.760855472220704969e-06
2.744786590072805256e-06
2.729840457975618698e-06
2.716047606452198726e-06
2.703427831259571210e-06
2.691989477961130471e-06
2.681730954658413042e-06
2.672638087181790030e-06
2.664685839892981587e-06
2.657838003800756669e-06
2.652046994726267843e-06
2.647255835338392238e-06
2.643396056256855177e-06
2.640389865161952840e-06
2.638150311301267026e-06
2.636581948563269327e-06
2.635581160518396094e-06
2.635038615200765200e-06
2.634837655740739277e-06
2.634856870320618910e-06
2.634970644233144968e-06
2.635049752060422488e-06
2.634964031503260645e-06
2.634580973241312970e-06
2.633768429436841385e-06
2.632395273460748752e-06
2.630332058868507426e-06
2.627453706001495261e-06
2.623638088514797673e-06
2.618768674427807434e-06
2.612735091129770439e-06
2.605433655495237164e-06
2.596769867518184607e-06
2.586656824121783243e-06
2.575017602603389448e-06
2.561785563818121612e-06
2.546904989997739075e-06
2.530331261827086534e-06
2.512032902876395735e-06
2.491989652335037289e-06
2.470194355531420889e-06
2.446652819685893257e-06
2.421383607536890301e-06
2.394419598598678275e-06
2.365805754043547006e-06
2.335600518783575888e-06
2.303875276557911139e-06
2.270714097712452880e-06
2.236213068857150170e-06
2.200481247031522111e-06
2.163638126189277925e-06
2.125814457821427852e-06
2.087151286198961056e-06
2.047798955743520678e-06
2.007917609378454432e-06
1.967674517371545090e-06
1.927244191916442057e-06
1.886808624149554073e-06
1.846553171298101271e-06
1.806669863872463891e-06
1.767351914917149343e-06
1.728796551254445896e-06
1.691202258938848290e-06
1.654766231913800134e-06
1.619686835608373712e-06
1.586158517991418743e-06
1.554374161941853913e-06
1.524522484854608816e-06
1.496785631090222222e-06
1.471341284466778937e-06
1.448358028526149948e-06
1.427997844281001000e-06
1.410411650038253058e-06
1.395741332052377173e-06
1.384117517153499868e-06
1.375657481558299578e-06
1.370467171845710594e-06
1.368637161629661559e-06
1.370244751511258547e-06
1.375352080942904390e-06
1.384004311970691790e-06
1.396231905160563014e-06
1.412046909194415666e-06
1.431445399364453722e-06
1.454405955328569694e-06
1.480888135073177432e-06
1.510835273802015423e-06
1.544170986315502163e-06
1.580802203317186752e-06
1.620618010902824992e-06
1.663488407944026710e-06
1.709267863983277015e-06
1.757791891464390310e-06
1.808880896480631591e-06
1.862339341997547980e-06
1.917954756662557098e-06
1.975502220302617324e-06
2.034740851681819420e-06
2.095418611439854200e-06
2.157271712468606536e-06
2.220023817304251931e-06
2.283391517244187381e-06
2.347080579262140081e-06
2.410791726497676026e-06
2.474220176993736816e-06
2.537054931044984560e-06
2.598985180066307056e-06
2.659696163450071676e-06
2.718876585863317160e-06
2.776214280014279192e-06
2.831403139764782409e-06
2.884142563685773091e-06
2.934136636388853676e-06
2.981101464521411403e-06
3.024760275434834349e-06
3.064850834130970596e-06
3.101124587854495924e-06
3.133345575260043322e-06
3.161297988910692581e-06
3.184780633110539422e-06
3.203614419549965807e-06
3.217641022602362246e-06
3.226721355364858618e-06
3.230742907474609230e-06
3.229613548085094179e-06
3.223268643589092341e-06
3.211669073077970267e-06
3.194799147698770706e-06
3.172673264954214936e-06
3.145329125334853582e-06
3.112834033391297220e-06
3.075282199854314813e-06
3.032792052202194778e-06
2.985511813503838930e-06
2.933612296787458883e-06
2.877292828550833777e-06
2.816773941978854242e-06
2.752301985191777361e-06
2.684145509891991840e-06
2.612591833084510703e-06
2.537950722937288818e-06
2.460547056882016687e-06
2.380724052972939240e-06
2.298839233889248468e-06
2.215260677627799823e-06
2.130369337638533261e-06
2.044552025716376224e-06
1.958203355071839557e-06
1.871721592873619603e-06
1.785504893596734243e-06
1.699952475592919573e-06
1.615458311093761573e-06
1.532412065685542061e-06
1.451195218605863598e-06
1.372177624730286508e-06
1.295717943746796247e-06
1.222158385640161930e-06
1.151825082536748962e-06
1.085024862181041611e-06
1.022042480048691327e-06
9.631408051437881201e-07
9.085568752409177933e-07
8.585022132809241931e-07
8.131605769869256615e-07
7.726861347695904431e-07
7.372039310519765649e-07
7.068073591862961777e-07
6.815589187461774909e-07
6.614891375991745059e-07
6.465958402318691585e-07
6.368453389911664207e-07
6.321712535561618013e-07
6.324762622330143723e-07
6.376313984881736898e-07
6.474780398973384509e-07
6.618284685494569246e-07
6.804666042747884671e-07
7.031506461627005310e-07
7.296133134287045311e-07
7.595648938083563853e-07
7.926947168397532755e-07
8.286726551489287383e-07
8.671528133396252380e-07
9.077742562644397837e-07
9.501650124123500936e-07
9.939440649957944753e-07
1.038723232518022796e-06
1.084111660142520358e-06
1.129716510566807899e-06
1.175147610027535238e-06
1.220019468330360284e-06
1.263953077120155465e-06
1.306580780097590757e-06
1.347546417028442035e-06
1.386510150310952737e-06
1.423150013473082330e-06
1.457163170925754725e-06
1.488270644283673272e-06
1.516216499446183088e-06
1.540772714819628305e-06
1.561737906826772430e-06
1.578941533741109391e-06
1.592244102367079806e-06
1.601537083364553438e-06
1.606746578086757547e-06
1.607830806551259660e-06
1.604783319724965358e-06
1.597631982406277801e-06
1.586437726059669467e-06
1.571297007639619292e-06
1.552338114867122163e-06
1.529723108790710882e-06
1.503645598485279695e-06
1.474328386426083052e-06
1.442024572788622302e-06
1.407012937071560160e-06
1.369598555804978960e-06
1.330109595762481222e-06
1.288894098331108394e-06
1.246319826644484457e-06
1.202769138844264645e-06
1.158638467063165260e-06
1.114334528106549718e-06
1.070270642277017639e-06
1.026865655658318769e-06
9.845388005806768608e-07
9.437084385698327031e-07
9.047881901656038776e-07
8.681832637325199828e-07
8.342889695666380496e-07
8.034860532296625342e-07
7.761392586896955933e-07
7.525938940003361480e-07
7.331726428194341738e-07
7.181742881625075806e-07
7.078699063396184176e-07
7.025020363525311135e-07
7.022812907317321030e-07
7.073857026048405088e-07
7.179586118104180906e-07
7.341067716645406386e-07
7.559003840499432354e-07
7.833708213732125830e-07
8.165111939916709006e-07
8.552754654037562867e-07
8.995777080316477547e-07
9.492936378901711279e-07
1.004259373525667982e-06
1.064273593373111605e-06
1.129097881252890748e-06
1.198457094831763742e-06
1.272042632781600200e-06
1.349511954997967137e-06
1.430492467969104367e-06
1.514582888254376535e-06
1.601354494110964200e-06
1.690356100376327571e-06
1.781113909507214907e-06
1.873137004555894688e-06
1.965919338987388581e-06
2.058941486367723502e-06
2.151677038740727781e-06
2.243592276182164533e-06
2.334153432969518658e-06
2.422826149129715688e-06
2.509082553541056233e-06
2.592403266825215220e-06
2.672279038371588485e-06
2.748218252334071846e-06
2.819745507343829613e-06
2.886409120127489954e-06
2.947782497089183571e-06
3.003465111450994951e-06
3.053089991452657211e-06
3.096321066601498720e-06
3.132860400146139049e-06
3.162448481691106034e-06
3.184864156481003528e-06
3.199931397806553586e-06
3.207515239284598947e-06
3.207528071981375410e-06
3.199928566195176852e-06
3.184720317654241562e-06
3.161957300250231398e-06
3.131738417102021239e-06
3.094212326007435664e-06
3.049574901929618131e-06
2.998066555984468333e-06
2.939975951879118895e-06
2.875633420620081209e-06
2.805413989727898283e-06
2.729733518654154786e-06
2.649044847460108418e-06
2.563839615570804644e-06
2.474640963241559432e-06
2.382004706830308010e-06
2.286514484688756865e-06
2.188777073816603989e-06
2.089422437298787303e-06
1.989096252682516385e-06
1.888459866567360986e-06
1.788182916276134175e-06
1.688942351088353623e-06
1.591417050559420301e-06
1.496282789056490858e-06
1.404210538749781645e-06
1.315859717741647078e-06
1.231876328243309696e-06
1.152887909531122144e-06
1.079498902506082531e-06
1.012288522285190176e-06
9.518051176574747752e-07
8.985641679265410668e-07
8.530441379861369786e-07
8.156827458666581321e-07
7.868752117661106037e-07
7.669700539994841856e-07
7.562677467309054295e-07
7.550179270591534902e-07
7.634169479757374123e-07
7.816072965389399136e-07
8.096749361323992785e-07
8.476493703654853872e-07
8.955024619078509439e-07
9.531474699614566815e-07
1.020440296802514020e-06
1.097178244334947656e-06
1.183102302375436593e-06
1.277896380435788153e-06
1.381190247848196232e-06
1.492560588623895757e-06
1.611532026649341038e-06
1.737581571076327257e-06
1.870138692521035227e-06
2.008590588022461068e-06
2.152284478888371905e-06
2.300529684007353873e-06
2.452604372767992289e-06
2.607755869973760243e-06
2.765208098018164363e-06
2.924164578600218065e-06
3.083811031764090116e-06
3.243324072849137409e-06
3.401871047952989246e-06
3.558619183182485128e-06
3.712738611794784172e-06
3.863404864146523995e-06
4.009808850782612540e-06
4.151155548838090251e-06
4.286674126401530385e-06
4.415620275018730950e-06
4.537277936224987368e-06
4.650969709621170069e-06
4.756053834282332293e-06
4.851934398781530754e-06
4.938062327757433404e-06
5.013935773452135635e-06
5.079110011073601443e-06
5.133192376810963444e-06
5.175851649764758216e-06
5.206817216628005096e-06
5.225877735487645798e-06
5.232889647533870194e-06
5.227770018317851263e-06
5.210505308991264562e-06
5.181143434285462009e-06
5.139800698019490331e-06
5.086658114561079954e-06
5.021957483520613111e-06
4.946006910603276801e-06
4.859171219143820996e-06
4.761876577332779067e-06
4.654605004381464911e-06
4.537888870328699462e-06
4.412313970006521039e-06
4.278508948474340618e-06
4.137147548169860451e-06
3.988941820729923569e-06
3.834635588285910487e-06
3.675005235623085910e-06
3.510849005220635684e-06
3.342987160305106370e-06
3.172254654510630148e-06
2.999494288501224829e-06
2.825555735122442998e-06
2.651285639052749006e-06
2.477526309910305920e-06
2.305108724452858598e-06
2.134846202589575135e-06
1.967532443069323146e-06
1.803933307319001514e-06
1.644785176545113053e-06
1.490787617426855539e-06
1.342601428489983742e-06
1.200843528723472583e-06
1.066082649185637119e-06
9.388375057457956853e-07
8.195720385221058748e-07
7.086940563417269964e-07
6.065522499662304352e-07
5.134339886047218877e-07
4.295645953986608563e-07
3.551054140864262081e-07
2.901537837074517104e-07
2.347424882233838917e-07
1.888398786989796048e-07
1.523508337651859157e-07
1.251175310772200648e-07
1.069212031837175852e-07
9.748397019110184117e-08
9.647116010116282783e-08
1.034941902617335657e-07
1.181135571149899660e-07
1.398424582773586981e-07
1.681505895255888401e-07
2.024681982951271242e-07
2.421907287957314643e-07
2.866832488608838417e-07
3.352856363497914987e-07
3.873176163678613643e-07
4.420838121094652007e-07
4.988796250030255957e-07
5.569961396573879827e-07
6.157262332942028806e-07
6.743699353196353458e-07
7.322395815272156069e-07
7.886661179571317492e-07
8.430034929428209183e-07
8.946349748378894402e-07
9.429770832796342664e-07
9.874855035255226425e-07
1.027659292567531402e-06
1.063044670291941414e-06
1.093240315965475039e-06
1.117899629166117722e-06
1.136735383492522958e-06
1.149522146337938871e-06
1.156098227996278309e-06
1.156369200885801785e-06
1.150307994295463526e-06
1.137957515466457542e-06
1.119430795803740072e-06
1.094910692182162612e-06
1.064651023822308955e-06
1.028974361516565451e-06
9.882721521436560656e-07
9.430024710484316271e-07
8.936874234395602568e-07
8.409116764836075011e-07
7.853181654268164688e-07
7.276056662622158207e-07
6.685244172432696511e-07
6.088715258611787665e-07
5.494871194199843037e-07
4.912484958533469442e-07
4.350656072160435254e-07
3.818747848833520331e-07
3.326334892174917881e-07
2.883140110892707713e-07
2.498971570115932255e-07
2.183662618180114066e-07
1.947003979438995827e-07
1.798681788808393988e-07
1.748211295840683318e-07
1.804871397480279460e-07
1.977642607867170149e-07
2.275141608992423968e-07
2.705561801852663503e-07
3.276612903168949091e-07
3.995461687625365110e-07
4.868680737770894821e-07
5.902191572820659019e-07
7.101220645603954940e-07
8.470252824529485590e-07
1.001298550159093203e-06
1.173230089503103090e-06
1.363022118737403477e-06
1.570789206738685235e-06
1.796555555543651485e-06
2.040252208661564533e-06
2.301717720302709493e-06
2.580694871520133972e-06
2.876832738667476036e-06
3.189686112034910623e-06
3.518714632725939008e-06
3.863287640772501653e-06
4.222681738945434315e-06
4.596087153004751232e-06
4.982608319761546733e-06
5.381269528405196044e-06
5.791012096191489538e-06
6.210708514710843458e-06
6.639160764669733995e-06
7.075107051656135106e-06
7.517229702330703856e-06
7.964151766222078978e-06
8.414456960998509768e-06
8.866687152031938371e-06
9.319351325983703000e-06
9.770935594248336575e-06
1.021989832501730905e-05
1.066469524085666226e-05
1.110377505844428090e-05
1.153559338857362626e-05
1.195860607660531830e-05
1.237129761934564744e-05
1.277217467326353843e-05
1.315977675204747380e-05
1.353268748752846732e-05
1.388952511016788319e-05
1.422897369555182463e-05
1.454977338186102161e-05
1.485073057159465864e-05
1.513072836315805498e-05
1.538871375393978386e-05
1.562373005212070153e-05
1.583490343304243790e-05
1.602145169642797351e-05
1.618269291450256879e-05
1.631802930912496679e-05
1.642697913518506890e-05
1.650915962414057646e-05
1.656429357055419431e-05
1.659221550289197635e-05
1.659285258840435950e-05
1.656625445369478550e-05
1.651257300129389152e-05
1.643206641207931818e-05
1.632510248993614824e-05
1.619213732936729269e-05
1.603374185978571350e-05
1.585057941896320690e-05
1.564340711640669354e-05
1.541307638442532802e-05
1.516051045269734884e-05
1.488672683854346848e-05
1.459281386656454531e-05
1.427992969279602969e-05
1.394930046023824239e-05
1.360219782052261690e-05
1.323995708258587430e-05
1.286395404038337487e-05
1.247560226055857818e-05
1.207634954102054725e-05
1.166765677598213779e-05
1.125101195444121215e-05
1.082790867441964218e-05
1.039984250743074852e-05
9.968306654403084896e-06
9.534773357960260481e-06
9.100704347726178026e-06
8.667532276775737551e-06
8.236657066504066087e-06
7.809441719559930670e-06
7.387197252188812073e-06
6.971190464947879405e-06
6.562629251670390134e-06
6.162659786848855669e-06
5.772363382435180475e-06
5.392745570356647434e-06
5.024742202700811265e-06
4.669209189902982328e-06
4.326921225946045427e-06
3.998570375958554928e-06
3.684759525570825131e-06
3.386007774951663429e-06
3.102744709192858640e-06
2.835311088486231824e-06
2.583959555357725398e-06
2.348852233313829432e-06
2.130066189735914726e-06
1.927591883419318438e-06
1.741336390987750354e-06
1.571123895871407217e-06
1.416701564316177794e-06
1.277740803452997197e-06
1.153841499282246147e-06
1.044536389263656460e-06
9.492943499000463031e-07
8.675269372889079495e-07
7.985922296178500171e-07
7.418004562509686608e-07
6.964197263897788309e-07
6.616810064009615507e-07
6.367851558783795461e-07
6.209081506387771703e-07
6.132073634132060044e-07
6.128278488504055062e-07
6.189078198779176785e-07
6.305857093312509573e-07
6.470055363803757897e-07
6.673229741135553125e-07
6.907112882620853174e-07
7.163661923955257460e-07
7.435122750051003154e-07
7.714073996591862239e-07
7.993477072857711962e-07
8.266723478217928681e-07
8.527668055443397773e-07
8.770679870158229543e-07
8.990668129826897135e-07
9.183114541669112328e-07
9.344101772788445905e-07
9.470325528828171479e-07
9.559126106548791089e-07
9.608491486152971846e-07
9.617067691391733691e-07
9.584164563394583902e-07
9.509744618394387484e-07
9.394431828283752486e-07
9.239491260417853704e-07
9.046816541095929771e-07
8.818912738397805219e-07
8.558863825408569813e-07
8.270318689709676992e-07
7.957450627009083779e-07
7.624924647407756139e-07
7.277860970530140028e-07
6.921786246570977530e-07
6.562600594662296225e-07
6.206523397324200226e-07
5.860046431555688115e-07
5.529884655825890702e-07
5.222918609087027403e-07
4.946149752678022786e-07
4.706640876447777945e-07
4.511463337019767011e-07
4.367643923623587346e-07
4.282106717638127474e-07
4.261626532691708590e-07
4.312772548017237514e-07
4.441859980204251909e-07
4.654897077650775503e-07
4.957544883223473383e-07
5.355068839940559280e-07
5.852298397646157465e-07
6.453590123074449739e-07
7.162786442888874259e-07
7.983192794586240797e-07
8.917543818676507729e-07
9.967980606454974279e-07
1.113603320806726241e-06
1.242259427661535743e-06
1.382792237163093889e-06
1.535162468045445802e-06
1.699265624993401091e-06
1.874932560362671546e-06
2.061928292670226929e-06
2.259955515441359704e-06
2.468654340276932062e-06
2.687604498063778103e-06
2.916328212527720361e-06
3.154290088445527537e-06
3.400903971133490723e-06
3.655533630557726942e-06
3.917496960305002334e-06
4.186070801744336869e-06
4.460491234545623125e-06
4.739963556228936783e-06
5.023663120026373974e-06
5.310740948555803245e-06
5.600329855884254928e-06
5.891544306157263356e-06
6.183492935441744262e-06
6.475278635308751314e-06
6.766004804203429527e-06
7.054781943193846057e-06
7.340726228447870931e-06
7.622973761539085342e-06
7.900679028509326163e-06
8.173020958203005355e-06
8.439209142994216721e-06
8.698480401770342769e-06
8.950113853831292784e-06
9.193427073118394234e-06
9.427781214777310710e-06
9.652586134628944427e-06
9.867294478575119318e-06
1.007141673569084608e-05
1.026451471595485755e-05
1.044620522290248367e-05
1.061616358833902975e-05
1.077411516629908147e-05
1.091984971155128171e-05
1.105321218240396001e-05
1.117410473518384533e-05
1.128248850575618791e-05
1.137837275171867709e-05
1.146182817911509562e-05
1.153297544496133985e-05
1.159198557144615555e-05
1.163908013354101933e-05
1.167451861913689374e-05
1.169861063153184037e-05
1.171170277574978386e-05
1.171417787722791763e-05
1.170645401516562312e-05
1.168897090227206775e-05
1.166220116368558085e-05
1.162663648634289608e-05
1.158278867890402651e-05
1.153117591735180032e-05
1.147233356155609357e-05
1.140680038809870975e-05
1.133511719101094484e-05
1.125782535246983444e-05
1.117545371016439130e-05
1.108852921660875740e-05
1.099756405002130816e-05
1.090305477595289831e-05
1.080548156802869682e-05
1.070529643040956308e-05
1.060293414168850461e-05
1.049880091556669321e-05
1.039327461961520217e-05
1.028670511539783543e-05
1.017940431879313550e-05
1.007165773785951055e-05
9.963715070336259192e-06
9.855791746011130925e-06
9.748070609959411670e-06
9.640693997864019358e-06
9.533775965856658679e-06
9.427394891242658781e-06
9.321596333380683682e-06
9.216396005672736631e-06
9.111773737307908832e-06
9.007686248790046526e-06
8.904061522544047549e-06
8.800802715489566708e-06
8.697792107296177172e-06
8.594886566014608189e-06
8.491930496185991117e-06
8.388751516901831677e-06
8.285164954779639221e-06
8.180978264224599290e-06
8.075987451895981877e-06
7.969989660161815590e-06
7.862779566093468513e-06
7.754153871262367900e-06
7.643915596577885712e-06
7.531870870826402022e-06
7.417840542842185639e-06
7.301656709735005524e-06
7.183166616807284364e-06
7.062236248282400046e-06
6.938746948841269522e-06
6.812605497043594813e-06
6.683740277387443404e-06
6.552104106871052035e-06
6.417676666798716746e-06
6.280460584608198884e-06
6.140489542902138670e-06
5.997823801783051288e-06
5.852551657278689042e-06
5.704790463956294080e-06
5.554682023985632160e-06
5.402398526967114362e-06
5.248137367762130084e-06
5.092122126859362281e-06
4.934597456444747598e-06
4.775833313859730935e-06
4.616119339830961876e-06
4.455763884060563317e-06
4.295092654656846523e-06
4.134443226011849632e-06
3.974167397997390823e-06
3.814625355220270115e-06
3.656183778748303270e-06
3.499213682255525032e-06
3.344084978714374693e-06
3.191167464726362271e-06
3.040825261452331066e-06
2.893414550442002710e-06
2.749281165473086380e-06
2.608755747920926830e-06
2.472154010187004605e-06
2.339772014780077051e-06
2.211884148243224283e-06
2.088741093020600155e-06
1.970566098994252650e-06
1.857555231765219865e-06
1.749874001705714387e-06
1.647656162251015804e-06
1.551002635086440329e-06
1.459979326683667997e-06
1.374618002912907985e-06
1.294914639697522460e-06
1.220829500732875028e-06
1.152287435470150524e-06
1.089177486849019612e-06
1.031354856877165211e-06
9.786411330486242052e-07
9.308258808457308604e-07
8.876684958689579191e-07
8.488996060445749879e-07
8.142243241641349837e-07
7.833242384908840976e-07
7.558604755568967625e-07
7.314769968754315182e-07
7.098035280887359684e-07
6.904599706672209290e-07
6.730597677254846936e-07
6.572140917798890795e-07
6.425361744677236787e-07
6.286452341962490409e-07
6.151715896193298603e-07
6.017607630623814072e-07
5.880781722322885639e-07
5.738138159410189252e-07
5.586864603665126966e-07
5.424487184195365819e-07
5.248910734426340718e-07
5.058462515879095274e-07
4.851934060028698926e-07
4.628616968438869757e-07
4.388344304780698378e-07
4.131521103050684398e-07
3.859155816888533708e-07
3.572888038026886457e-07
3.275009496984063416e-07
2.968486863938041056e-07
2.656974125211991577e-07
2.344823330688201152e-07
2.037090112805403576e-07
1.739532394266158890e-07
1.458607163221314610e-07
1.201458222562407400e-07
9.759002577152447350e-08
7.903960011891351607e-08
6.540292500853949433e-08
5.764703372772134932e-08
5.679366995718773834e-08
6.391476092460956138e-08
8.012727891945429340e-08
1.065876425410862742e-07
1.444854973702342790e-07
1.950370309528907883e-07
2.594778360322693379e-07
3.390551368909231816e-07
4.350199496536436396e-07
5.486185358450724147e-07
6.810836797510071642e-07
8.336257757141000803e-07
1.007423080029411055e-06
1.203612935555207884e-06
1.423281765135185843e-06
1.667455534964538416e-06
1.937090402181805212e-06
2.233062034196254125e-06
2.556157762649316897e-06
2.907066311610826332e-06
3.286369069025721344e-06
3.694531988184976267e-06
4.131895258064058287e-06
4.598668606538555780e-06
5.094922108729386279e-06
5.620580070529039776e-06
6.175415997287069309e-06
6.759043931578922679e-06
7.370919170780413697e-06
8.010331414054326169e-06
8.676402953329509867e-06
9.368088338080817086e-06
1.008416847740442842e-05
1.082325870486182670e-05
1.158380517179436801e-05
1.236408860807373940e-05
1.316222980077809257e-05
1.397618708192366079e-05
1.480377295322061150e-05
1.564265403762440324e-05
1.649036093550038638e-05
1.734429983214603476e-05
1.820175330635238325e-05
1.905990567856548755e-05
1.991584606192875308e-05
2.076658388127206086e-05
2.160906592621621340e-05
2.244017961416185005e-05
2.325678597782554043e-05
2.405572452923808091e-05
2.483383296813748646e-05
2.558796795464464720e-05
2.631500917956556982e-05
2.701189765092578185e-05
2.767564035107696833e-05
2.830333546683023484e-05
2.889217550538141437e-05
2.943948742155547653e-05
2.994273532233195017e-05
3.039954116973623915e-05
3.080770523107365783e-05
3.116520574076968048e-05
3.147023777199181517e-05
3.172121116270481113e-05
3.191676729381965152e-05
3.205579480107604564e-05
3.213742337181089699e-05
3.216105731375416501e-05
3.212636642217395850e-05
3.203329582171351639e-05
3.188207403953282313e-05
3.167319911306294461e-05
3.140746336334247296e-05
3.108593575309866278e-05
3.070996264354624986e-05
3.028116632964176469e-05
2.980142271142159936e-05
2.927287502212342366e-05
2.869790751877998318e-05
2.807913641342723587e-05
2.741939849306015029e-05
2.672172106920215414e-05
2.598932421823326261e-05
2.522558725198376943e-05
2.443403087064562941e-05
2.361829734260738063e-05
2.278211510368651703e-05
2.192929119566764214e-05
2.106367365738481053e-05
2.018912785568454185e-05
1.930951160717885674e-05
1.842863839442307282e-05
1.755026380542528869e-05
1.667804848836980521e-05
1.581553333025996713e-05
1.496611453828707700e-05
1.413301069125461553e-05
1.331924871268385288e-05
1.252763305920011226e-05
1.176072560722166443e-05
1.102082675340723519e-05
1.030995215924274965e-05
9.629824778377772031e-06
8.981856254399817608e-06
8.367137763680227369e-06
7.786433378893777580e-06
7.240172190837817934e-06
6.728452887194424474e-06
6.251042760334064768e-06
5.807385158558897143e-06
5.396610532052656450e-06
5.017548530951388566e-06
4.668750470877758424e-06
4.348509856169026404e-06
4.054890472732191459e-06
3.785758698803918257e-06
3.538818213477289728e-06
3.311653438155360946e-06
3.101773162214168412e-06
2.906660790569012080e-06
2.723828813062399952e-06
2.550876077788102264e-06
2.385552213588307002e-06
2.225823030664523435e-06
2.069941511403269627e-06
1.916521014929964657e-06
1.764614135130777375e-06
1.613792426095221709e-06
1.464230158073728309e-06
1.316790542318916410e-06
1.173113501087074982e-06
1.035706754247786815e-06
9.080369733387561114e-07
7.946228137032357019e-07
7.011285931971208826e-07
6.344579125111496827e-07
6.028478857996762144e-07
6.159620249517462320e-07
6.849824734516766737e-07
8.227007289729873508e-07
1.043605990481607235e-06
1.363971780872716788e-06
1.801938904476486892e-06
2.377595324437302239e-06
3.113052368305518332e-06
4.032515121519536172e-06
5.162350681368278956e-06
6.531148541930149573e-06
8.169776454210972652e-06
1.011143084566756218e-05
1.239167602493137598e-05
1.504848526346491649e-05
1.812226602407375847e-05
2.165588156416583558e-05
2.569466613241075867e-05
3.028642020091745172e-05
3.548141957779853167e-05
4.133239393390145984e-05
4.789450680485913956e-05
5.522532940234393028e-05
6.338478040538599967e-05
7.243510420398575206e-05
8.244079297645835844e-05
9.346852187763028327e-05
1.055870797340129346e-04
1.188672438418924502e-04
1.333817358372541007e-04
1.492050798075274134e-04
1.664134944255460174e-04
1.850847839534987618e-04
2.052981406696358232e-04
2.271340951705491055e-04
2.506743052835674066e-04
2.760014122165764679e-04
3.031989006469945581e-04
3.323508234651161648e-04
3.635417718321811158e-04
3.968565916126007157e-04
4.323802157127928469e-04
4.701975070233778702e-04
5.103929017905578383e-04
5.530504327190718635e-04
5.982533709443497603e-04
6.460841045884193083e-04
6.966237150275517631e-04
7.499520709517096956e-04
8.061474096638102582e-04
8.652861704527050604e-04
9.274428536831827398e-04
9.926895108218021166e-04
1.061095967043744091e-03
1.132729324943357232e-03
1.207653827493487949e-03
1.285930756103314089e-03
1.367617831175146296e-03
1.452769610134046390e-03
1.541436910376297546e-03
1.633666723446398688e-03
1.729502173748072519e-03
1.828981825025088534e-03
1.932140300968222943e-03
2.039007622167989670e-03
2.149609191847523786e-03
2.263965835070734511e-03
2.382093004574115883e-03
2.504001668646213107e-03
2.629697554254332385e-03
2.759181221801275136e-03
2.892448201273913055e-03
3.029488088568081140e-03
3.170285740226011680e-03
3.314820412092227102e-03
3.463065936346557128e-03
3.614990966346681711e-03
3.770557952293397685e-03
3.929724674930067455e-03
4.092443266398311692e-03
4.258660497571787641e-03
4.428318137732385924e-03
4.601351796435354351e-03
4.777692818863072885e-03
4.957267173340538548e-03
5.139995851156184230e-03
5.325795341101918767e-03
5.514576323012780786e-03
5.706245936697496891e-03
5.900706519147351330e-03
6.097856113024931017e-03
6.297589049953993337e-03
6.499794480682170861e-03
6.704359018044826930e-03
6.911165306517893028e-03
7.120092629837631443e-03
7.331017591212556778e-03
7.543812465590943837e-03
7.758348205664285062e-03
7.974492827268401043e-03
8.192112101608082717e-03
8.411070315719991475e-03
8.631228434060538718e-03
8.852447445832242051e-03
9.074586551949431409e-03
9.297503923479777388e-03
9.521057522103431106e-03
9.745103061243456238e-03
9.969497663665857420e-03
1.019409783933956232e-02
1.041876028929942903e-02
1.064334276383161262e-02
1.086770181764526097e-02
1.109169673931820373e-02
1.131518731434960276e-02
1.153803530958693452e-02
1.176010206330425217e-02
1.198125260099909377e-02
1.220135322661522123e-02
1.242027235458330846e-02
1.263788138015410623e-02
1.285405206806336693e-02
1.306866086008866279e-02
1.328158625745268565e-02
1.349270964184626741e-02
1.370191612554215108e-02
1.390909175078305741e-02
1.411412794310380400e-02
1.431691869874749182e-02
1.451736138028308573e-02
1.471535753251176394e-02
1.491080991220639432e-02
1.510362704318372190e-02
1.529372023051583235e-02
1.548100432152493822e-02
1.566539847904972402e-02
1.584682306861439488e-02
1.602520427513668203e-02
1.620047097340872322e-02
1.637255545108495455e-02
1.654139413696519012e-02
1.670692437954627782e-02
1.686908909043337984e-02
1.702783350742335597e-02
1.718310588196782576e-02
1.733485816609882726e-02
1.748304272204995180e-02
1.762761696313410245e-02
1.776854005120655916e-02
1.790577355630986606e-02
1.803928211103164245e-02
1.816903009493625251e-02
1.829498624907267140e-02
1.841712035310266379e-02
1.853540386877091523e-02
1.864981057421389796e-02
1.876031326886554856e-02
1.886688834212130184e-02
1.896951247658713868e-02
1.906816328914365602e-02
1.916281995952310788e-02
1.925346000084861980e-02
1.934006376572400612e-02
1.942261122067915832e-02
1.950108259857564683e-02
1.957545903535660992e-02
1.964571944836028886e-02
1.971184496389800922e-02
1.977381580405715086e-02
1.983161196195024414e-02
1.988521385789883064e-02
1.993459936228225357e-02
1.997974812748119430e-02
2.002063862201594602e-02
2.005724954031309556e-02
2.008955696276459868e-02
2.011753859694785998e-02
2.014117094951628842e-02
2.016043005691214168e-02
2.017529218925957768e-02
2.018573120167880749e-02
2.019172264103237871e-02
2.019324110733073524e-02
2.019026101224777672e-02
2.018275730532248860e-02
2.017070302980234278e-02
2.015407326745590616e-02
2.013284270004881901e-02
2.010698638494633553e-02
2.007648049211228219e-02
2.004130006855906615e-02
2.000142278981861810e-02
1.995682672313982275e-02
1.990749110330377117e-02
1.985339706300181736e-02
1.979452560162869162e-02
1.973086110931179110e-02
1.966238932574706361e-02
1.958909809462826626e-02
1.951097806566724768e-02
1.942802085666811562e-02
1.934022231534059458e-02
1.924758066174422910e-02
1.915009719707345265e-02
1.904777695343454896e-02
1.894062703337836065e-02
1.882865957659632383e-02
1.871189007017558595e-02
1.859033798726673903e-02
1.846402736107456352e-02
1.833298528354890961e-02
1.819724454870723721e-02
1.805684211343858148e-02
1.791181964389912742e-02
1.776222399302547494e-02
1.760810583986056541e-02
1.744952198855310999e-02
1.728653396313989399e-02
1.711920844414963755e-02
1.694761763402914331e-02
1.677183802033664628e-02
1.659195231899609699e-02
1.640804818895318790e-02
1.622021854794035434e-02
1.602856181698283228e-02
1.583318079394435696e-02
1.563418424065994572e-02
1.543168570704406793e-02
1.522580372260193271e-02
1.501666191894221458e-02
1.480438800430268313e-02
1.458911500586524725e-02
1.437098019715050447e-02
1.415012516987068127e-02
1.392669584132157773e-02
1.370084152490089364e-02
1.347271585027284488e-02
1.324247579206553477e-02
1.301028163425953926e-02
1.277629687668382225e-02
1.254068740056246169e-02
1.230362209933155183e-02
1.206527201019897202e-02
1.182581030631769253e-02
1.158541153982851034e-02
1.134425207036625707e-02
1.110250928173968192e-02
1.086036140325325090e-02
1.061798728872139289e-02
1.037556575999995859e-02
1.013327582397459056e-02
9.891296000271889224e-03
9.649804098208435849e-03
9.408976961220722260e-03
9.168989915692591849e-03
8.930016825313918591e-03
8.692229534948652317e-03
8.455797630214170052e-03
8.220888174393564674e-03
7.987665266931263247e-03
7.756289984374311643e-03
7.526919944248896058e-03
7.299709073263382919e-03
7.074807362196115779e-03
6.852360536778501036e-03
6.632509931940895088e-03
6.415392177150898781e-03
6.201138996333389192e-03
5.989877002831872979e-03
5.781727482766415779e-03
5.576806244343563736e-03
5.375223422878805911e-03
5.177083331084219794e-03
4.982484311364353269e-03
4.791518628431181911e-03
4.604272328503297013e-03
4.420825158510464058e-03
4.241250479851545012e-03
4.065615189464613123e-03
3.893979714835403647e-03
3.726397909609185932e-03
3.562917077606210601e-03
3.403577956980583397e-03
3.248414715190153877e-03
3.097455035877623181e-03
2.950720068404261414e-03
2.808224543619811716e-03
2.669976829045351153e-03
2.535978996550438888e-03
2.406226987219447708e-03
2.280710623249473760e-03
2.159413799209122711e-03
2.042314602889724624e-03
1.929385448633275319e-03
1.820593303486547432e-03
1.715899761409867127e-03
1.615261291272386849e-03
1.518629412786089237e-03
1.425950883423609270e-03
1.337167967132767751e-03
1.252218563432257485e-03
1.171036491823003196e-03
1.093551695317765068e-03
1.019690528963416000e-03
9.493759235472096518e-04
8.825276841324491799e-04
8.190627261760881871e-04
7.588953172772901516e-04
7.019373725702830269e-04
6.480986466354104200e-04
5.972870313705077022e-04
5.494088001338279367e-04
5.043688537674351604e-04
4.620710038972761528e-04
4.224181743423243026e-04
3.853126794911008231e-04
3.506564580588128022e-04
3.183513049529586390e-04
2.882991255782662633e-04
2.604021279251856539e-04
2.345630653150044057e-04
2.106854430675273349e-04
1.886737198805725122e-04
1.684335193553685307e-04
1.498717958143574351e-04
1.328970289548414118e-04
1.174193898506323757e-04
1.033508989812476975e-04
9.060558518965808772e-05
7.909961182915519287e-05
6.875141529377519175e-05
5.948182102425851646e-05
5.121414981601459616e-05
4.387431902172789233e-05
3.739092040572198798e-05
3.169529938089420790e-05
2.672161664151893792e-05
2.240689946421275890e-05
1.869108481564927632e-05
1.551704573437624095e-05
1.283061301116030893e-05
1.058058323356006033e-05
8.718716964039239834e-06
7.199728096435629182e-06
5.981261064368555914e-06
5.023861233084099957e-06
4.290934986226068366e-06
3.748701394585264163e-06
3.366136260057617805e-06
3.114907350125070986e-06
2.969303514400958644e-06
2.906156473035178326e-06
2.904756394759241920e-06
2.946762188593605719e-06
3.016105749196768518e-06
3.098892423522435766e-06
3.183296962218529280e-06
3.259455925381353271e-06
3.319357635750198118e-06
3.356728699972786431e-06
3.366919695370353597e-06
3.346789053487769719e-06
3.294586178490547083e-06
3.209834901729348341e-06
3.093216124564728224e-06
2.946452386846686878e-06
2.772193179690769597e-06
2.573902053068326517e-06
2.355746414284117055e-06
2.122489043848939372e-06
1.879383627994953235e-06
1.632073194615420438e-06
1.386492756951069307e-06
1.148775446762788312e-06
9.251637273169391627e-07
7.219249640369337626e-07
5.452719740452574722e-07
4.012888251013523507e-07
2.958617135380176699e-07
2.346155481149645157e-07
2.228559727709172678e-07
2.655170682197088219e-07
3.671147393697405703e-07
5.317059130062708881e-07
7.628531866774343409e-07
1.063595548615195177e-06
1.436424470195315802e-06
1.883265089857403305e-06
2.405464025741976229e-06
3.003780430123606981e-06
3.678384450789546022e-06
4.428859085918440138e-06
5.254205654264754542e-06
6.152857706994616252e-06
7.122692944802892613e-06
8.161055904109106116e-06
9.264779792379468400e-06
1.043020992637589576e-05
1.165323893585153744e-05
1.292933147790376443e-05
1.425356563272656882e-05
1.562066697804087830e-05
1.702504206449732921e-05
1.846082680338310226e-05
1.992192382743837421e-05
2.140203798824185456e-05
2.289473223860686755e-05
2.439345387207110996e-05
2.589159201488065723e-05
2.738251392152569997e-05
2.885959761439277916e-05
3.031629188840269214e-05
3.174613279079867219e-05
3.314280268604152444e-05
3.450015844286364523e-05
3.581225477664791456e-05
3.707340243383513940e-05
3.827816910031749744e-05
3.942143468942852327e-05
4.049840642654376410e-05
4.150462864613878783e-05
4.243603461695785804e-05
4.328892888553962894e-05
4.406003500168091728e-05
4.474649502004389857e-05
4.534586403781667752e-05
4.585615284768163746e-05
4.627579170767753201e-05
4.660366847948768047e-05
4.683911263282085905e-05
4.698187528203739716e-05
4.703216162265059922e-05
4.699057881873706303e-05
4.685816421863593385e-05
4.663635619292256785e-05
4.632696248945786135e-05
4.593218297411959331e-05
4.545454638012096565e-05
4.489692966411297682e-05
4.426251964858817487e-05
4.355477391667266017e-05
4.277743555872684256e-05
4.193446470747448217e-05
4.103005106179558482e-05
4.006857117918495993e-05
3.905454675479320335e-05
3.799265377623529526e-05
3.688765500312956257e-05
3.574440815940677400e-05
3.456782380426954112e-05
3.336282569622457233e-05
3.213435696885200073e-05
3.088731908035484121e-05
2.962657818322361625e-05
2.835692788688034174e-05
2.708305562100732662e-05
2.580954822878610502e-05
2.454084160698977927e-05
2.328122739382055610e-05
2.203482380689376427e-05
2.080555069345295434e-05
1.959713640921451638e-05
1.841308066133570879e-05
1.725666303927765206e-05
1.613092370087882294e-05
1.503864836796337219e-05
1.398237765652798740e-05
1.296438381476426074e-05
1.198668189704144852e-05
1.105102061733803167e-05
1.015887714880998283e-05
9.311469329696724979e-06
8.509745322674533736e-06
7.754397524187205026e-06
7.045862615942120203e-06
6.384324846658069782e-06
5.769730869230360840e-06
5.201790040784572083e-06
4.679990563877291344e-06
4.203606793059884646e-06
3.771708843536326679e-06
3.383179294582258201e-06
3.036721024169194096e-06
2.730874651980794728e-06
2.464030579260513564e-06
2.234442338544927847e-06
2.040244063273900205e-06
1.879462442380197184e-06
1.750034297296642351e-06
1.649820660836205376e-06
1.576621244325049587e-06
1.528191427422624511e-06
1.502255085213802357e-06
1.496521072611935122e-06
1.508696836427915553e-06
1.536501669363969045e-06
1.577681997232472184e-06
1.630022375263225673e-06
1.691359745414536443e-06
1.759594541087334447e-06
1.832700927937234247e-06
1.908739325592056830e-06
1.985863659789878030e-06
2.062332465870505991e-06
2.136516085224767401e-06
2.206902755411333106e-06
2.272107565179130994e-06
2.330874944732222026e-06
2.382085978192618878e-06
2.424761001438648234e-06
2.458061098368707448e-06
2.481293019983280366e-06
2.493906767765565366e-06
2.495498820735142892e-06
2.485810134504269742e-06
2.464723242975636813e-06
2.432263047902044652e-06
2.388590095955495573e-06
2.333999798969393127e-06
2.268916431794628701e-06
2.193886567459867264e-06
2.109576039490867557e-06
2.016760059083646585e-06
1.916318889131481526e-06
1.809228893284855344e-06
1.696553408289967286e-06
1.579436273158329351e-06
1.459091738978694931e-06
1.336794425257573249e-06
1.213871754101342370e-06
1.091692066788006272e-06
9.716564847707147072e-07
8.551880633497340654e-07
7.437213006201274809e-07
6.386932701495734855e-07
5.415323750395695067e-07
4.536494621964233898e-07
3.764276194461629402e-07
3.112125082831906272e-07
2.593036697800071449e-07
2.219450485036346817e-07
2.003168596685779790e-07
1.955272406958698046e-07
2.086044530177230611e-07
2.404899466830164197e-07
2.920313256691518897e-07
3.639765214427566023e-07
4.569681727251888274e-07
5.715383919592800407e-07
7.081051307248859476e-07
8.669676978621288188e-07
1.048304690611575843e-06
1.252171529287290715e-06
1.478498050684203388e-06
1.727089504330235266e-06
1.997624148955921655e-06
2.289656126048648655e-06
2.602616070686856826e-06
2.935811327040342510e-06
3.288432531397408472e-06
3.659552278568829186e-06
4.048133707165632872e-06
4.453033605226988954e-06
4.873004598924804683e-06
5.306707773635410744e-06
5.752710994378560901e-06
6.209503446404878800e-06
6.675500220051220325e-06
7.149045461419565198e-06
7.628430902188645421e-06
8.111892199765724954e-06
8.597629100869882255e-06
9.083810186247366294e-06
9.568575744433796340e-06
1.005006149589191077e-05
1.052639133081315949e-05
1.099570221027148994e-05
1.145614762705736146e-05
1.190589890938476553e-05
1.234317291282897149e-05
1.276621978922615563e-05
1.317335128423768660e-05
1.356294155244314577e-05
1.393342573372618119e-05
1.428333001819930553e-05
1.461125355713689679e-05
1.491589852086025971e-05
1.519606719235255425e-05
1.545065697439656572e-05
1.567869105996810464e-05
1.587929424028918215e-05
1.605172299383160494e-05
1.619535823971161081e-05
1.630969638942161851e-05
1.639437890131947512e-05
1.644916246785626423e-05
1.647394752620580843e-05
1.646876661875376743e-05
1.643377163623712192e-05
1.636926079011749319e-05
1.627564436952989448e-05
1.615347037522681193e-05
1.600340902784910626e-05
1.582623688089297362e-05
1.562286016753586945e-05
1.539427790408810375e-05
1.514160380153599115e-05
1.486604799386778565e-05
1.456889914822120715e-05
1.425154366716475379e-05
1.391542828986597792e-05
1.356207795941313896e-05
1.319307623160152872e-05
1.281004680554610376e-05
1.241466860930308688e-05
1.200864015260448640e-05
1.159369354515121597e-05
1.117157523076125989e-05
1.074402845767721318e-05
1.031280476569462969e-05
9.879632155490632923e-06
9.446225890106884523e-06
9.014271152079517542e-06
8.585407853450853193e-06
8.161239410138796849e-06
7.743306337599816698e-06
7.333094768243546337e-06
6.932022358949201930e-06
6.541426525966230109e-06
6.162571593766213994e-06
5.796628771287296616e-06
5.444683450095951511e-06
5.107725240856492084e-06
4.786640258628147109e-06
4.482217753765824053e-06
4.195136664150851365e-06
3.925972718458118308e-06
3.675192924432746316e-06
3.443151998586253168e-06
3.230099439060241382e-06
3.036172098575984994e-06
2.861401926202944262e-06
2.705714654283662646e-06
2.568929945563424480e-06
2.450769589276771416e-06
2.350854904853126620e-06
2.268715656300894075e-06
2.203792174779456831e-06
2.155438363277092086e-06
2.122931340244148150e-06
2.105472051975429532e-06
2.102195539902068048e-06
2.112175364160466020e-06
2.134428320916976775e-06
2.167925481424026417e-06
2.211594213499635727e-06
2.264329629613835756e-06
2.324999989788052389e-06
2.392451882680912115e-06
2.465521540474604146e-06
2.543040192161743636e-06
2.623838949489765800e-06
2.706761149533923048e-06
2.790663195428372327e-06
2.874426816128612459e-06
2.956963387743775483e-06
3.037217517700301245e-06
3.114179266217934525e-06
3.186882687332555213e-06
3.254417641604364003e-06
3.315932158530788816e-06
3.370633984228209311e-06
3.417801847624901676e-06
3.456781141375735528e-06
3.486994493673948605e-06
3.507941633536553072e-06
3.519198548757590014e-06
3.520427007346707977e-06
3.511367394417771101e-06
3.491847330326240377e-06
3.461778927422986170e-06
3.421155596009117280e-06
3.370059186905674840e-06
3.308650512266796560e-06
3.237175477313881596e-06
3.155960016936028744e-06
3.065404929470381006e-06
2.965990250695011767e-06
2.858264359717191911e-06
2.742847348010757783e-06
2.620424242476072318e-06
2.491738495110218670e-06
2.357593504061574883e-06
2.218841392318481479e-06
2.076383643074855473e-06
1.931163415518686755e-06
1.784158446498196441e-06
1.636379969291552326e-06
1.488862235673159067e-06
1.342660771169221484e-06
1.198844654437539158e-06
1.058489588702831767e-06
9.226748015565068283e-07
7.924741735017101597e-07
6.689527804117480004e-07
5.531599404480168012e-07
4.461231003379203493e-07
3.488435987825606319e-07
2.622899058149917829e-07
1.873933936894465028e-07
1.250427769968473716e-07
7.607925758080390928e-08
4.129227124415857761e-08
2.141488900552921721e-08
1.711996481762508718e-08
2.901633644307714225e-08
5.764541688133087759e-08
1.034781939752840394e-07
1.669123623020224837e-07
2.482701132686151367e-07
3.477961637753159732e-07
4.656557079129018226e-07
6.019339822666198556e-07
7.566342506738949968e-07
9.296785118184177879e-07
1.120907117821293119e-06
1.330077741985592735e-06
1.556868747382730459e-06
1.800876792976848449e-06
2.061621626494433225e-06
2.338546780752693388e-06
2.631019000319185926e-06
2.938336455903409863e-06
3.259724522748778940e-06
3.594345603680650245e-06
3.941300176314719821e-06
4.299625975457430169e-06
4.668311791694251864e-06
5.046289917944843258e-06
5.432451623103892437e-06
5.825647690081861243e-06
6.224686585557253475e-06
6.628354191752774579e-06
7.035401532861005244e-06
7.444566120392507204e-06
7.854571083971705577e-06
8.264121581768938665e-06
8.671930375591706407e-06
9.076699725767339445e-06
9.477148393274142178e-06
9.872008527388089960e-06
1.026001967718729353e-05
1.063995967645191541e-05
1.101062000729421809e-05
1.137083781700323980e-05
1.171948988495871713e-05
1.205548377890433075e-05
1.237779311624870360e-05
1.268542620306210869e-05
1.297746205290018240e-05
1.325304099649354328e-05
1.351135276962344252e-05
1.375167490710683088e-05
1.397333501406298608e-05
1.417574950275430472e-05
1.435841070994183226e-05
1.452087198300478052e-05
1.466278777872144502e-05
1.478387046116696155e-05
1.488393033271591928e-05
1.496285945512253720e-05
1.502061408838318001e-05
1.505725502978464394e-05
1.507290029994573140e-05
1.506776505116050801e-05
1.504214261309300913e-05
1.499638490297285861e-05
1.493094165379412374e-05
1.484631069469231782e-05
1.474307647027245568e-05
1.462188911218696561e-05
1.448344364796297115e-05
1.432851129407480466e-05
1.415791781533577354e-05
1.397252246649806683e-05
1.377325328541047446e-05
1.356105745684150129e-05
1.333693568531540279e-05
1.310192023590348568e-05
1.285705421836788912e-05
1.260342363630900194e-05
1.234211016418607364e-05
1.207422229779429439e-05
1.180087416960886397e-05
1.152316611585528820e-05
1.124221335627878594e-05
1.095910267457464916e-05
1.067492032337655886e-05
1.039073260494078467e-05
1.010756851583527765e-05
9.826445300610425364e-06
9.548330082743958550e-06
9.274164840970869599e-06
9.004849531323867232e-06
8.741227369591216207e-06
8.484107793689968060e-06
8.234233557499825190e-06
7.992303350018982209e-06
7.758957934566210012e-06
7.534768335129424371e-06
7.320256924717487778e-06
7.115869933905211419e-06
6.921998427557248023e-06
6.738967590804545501e-06
6.567027770399886497e-06
6.406374464693133723e-06
6.257125682023412388e-06
6.119342012348060603e-06
5.993018843766875577e-06
5.878079915995802194e-06
5.774396924683593278e-06
5.681770755681085926e-06
5.599951298533138529e-06
5.528632077948206895e-06
5.467445742488469996e-06
5.415983830589050751e-06
5.373780653803358368e-06
5.340333317822525721e-06
5.315098039171671901e-06
5.297486848050490190e-06
5.286887826569854793e-06
5.282650343647105450e-06
5.284105509170179422e-06
5.290563342873419732e-06
5.301309931965503306e-06
5.315628181505426286e-06
5.332783216064682080e-06
5.352043230825520081e-06
5.372676695623737367e-06
5.393949275504174610e-06
5.415144867704619877e-06
5.435550255231681050e-06
5.454476071641522588e-06
5.471253349493021137e-06
5.485229669548811665e-06
5.495790033587174800e-06
5.502340235982957358e-06
5.504327458421217037e-06
5.501235683806739487e-06
5.492580759191009232e-06
5.477930496045027613e-06
5.456886657240836447e-06
5.429104567823956785e-06
5.394287177184680004e-06
5.352178966139250854e-06
5.302584594006899587e-06
5.245349814953232306e-06
5.180379445456576449e-06
5.107630128870636412e-06
5.027103251127433298e-06
4.938861474042868399e-06
4.843009236813487149e-06
4.739708464294721635e-06
4.629170330199819544e-06
4.511647535665367556e-06
4.387448177645164959e-06
4.256916711884014417e-06
4.120446913633405097e-06
3.978473117071796948e-06
3.831462332494764459e-06
3.679925085601877852e-06
3.524397790185819452e-06
3.365452671431766314e-06
3.203689059215634409e-06
3.039725860699445172e-06
2.874209251744529827e-06
2.707797325348644344e-06
2.541166937657996518e-06
2.375005643906024088e-06
2.210005003739767295e-06
2.046865285582304665e-06
1.886283036041029987e-06
1.728955085786933104e-06
1.575571643691270520e-06
1.426810803208168462e-06
1.283340706521828540e-06
1.145810353677219647e-06
1.014851282047539410e-06
8.910721915610215306e-07
7.750548608769407766e-07
6.673544814929689460e-07
5.684936379874138766e-07
4.789624223485137640e-07
3.992147728564776146e-07
3.296658220545805250e-07
2.706913234788620618e-07
2.226243362331271808e-07
1.857547267345901408e-07
1.603271910418968518e-07
1.465398670910301622e-07
1.445439136053614268e-07
1.544420722864394880e-07
1.762886212183030481e-07
2.100888405818926805e-07
2.557985516125481139e-07
3.133249499500992365e-07
3.825259395282742898e-07
4.632116173770336010e-07
5.551447587132423277e-07
6.580408128041183562e-07
7.715710316259850892e-07
8.953613029846772338e-07
1.028996158428395862e-06
1.172019714508778284e-06
1.323935574198991353e-06
1.484212350371048528e-06
1.652284574121818788e-06
1.827552262631644039e-06
2.009389439750717782e-06
2.197139484680624616e-06
2.390124738630312314e-06
2.587646827778899037e-06
2.788985230915986402e-06
2.993409813217799618e-06
3.200172538067458965e-06
3.408521095624738924e-06
3.617698006771051414e-06
3.826937702031719177e-06
4.035483155002899114e-06
4.242573167386085676e-06
4.447460009433571041e-06
4.649406765150043190e-06
4.847682557673607524e-06
5.041583010288430102e-06
5.230412695196176990e-06
5.413506426363580574e-06
5.590224459259486175e-06
5.759945662840495068e-06
5.922091205395437102e-06
6.076102186896538881e-06
6.221463913185154122e-06
6.357698761794318042e-06
6.484357291702792862e-06
6.601044285104725896e-06
6.707392018268047803e-06
6.803086606720033952e-06
6.887858573036276848e-06
6.961472083969979593e-06
7.023752306656100695e-06
7.074555169076932932e-06
7.113794724552911238e-06
7.141431684505182399e-06
7.157461157770341841e-06
7.161940218027405728e-06
7.154955320474816836e-06
7.136649603630105308e-06
7.107209854848795483e-06
7.066853277887043260e-06
7.015854220644342604e-06
6.954510615277322123e-06
6.883170215063790546e-06
6.802216618756441715e-06
6.712055691451665884e-06
6.613140556901661062e-06
6.505938491644434328e-06
6.390955269805487396e-06
6.268720964341993824e-06
6.139776679836663426e-06
6.004697148081288594e-06
5.864059425602716445e-06
5.718464763958700418e-06
5.568524919190465946e-06
5.414849817529483679e-06
5.258067374582130298e-06
5.098795129320384080e-06
4.937659338853181406e-06
4.775282459353685220e-06
4.612272260081252098e-06
4.449238779496255283e-06
4.286769703061574298e-06
4.125446664765871310e-06
3.965834421592967565e-06
3.808471770143410643e-06
3.653885823035528585e-06
3.502571541915056186e-06
3.355005481045958250e-06
3.211636981316197914e-06
3.072881047380201125e-06
2.939130346328484161e-06
2.810738888938363505e-06
2.688033648057857023e-06
2.571307873073840019e-06
2.460815879317003684e-06
2.356783318822454040e-06
2.259394612183652690e-06
2.168803000118807986e-06
2.085125854941441684e-06
2.008441144753152763e-06
1.938796594247407421e-06
1.876200152123648653e-06
1.820629082138357985e-06
1.772026953334786997e-06
1.730301393262317686e-06
1.695332746467877796e-06
1.666966653083422726e-06
1.645022759238037644e-06
1.629292926315372151e-06
1.619539797538553673e-06
1.615505482867491771e-06
1.616905242482768430e-06
1.623436306673564389e-06
1.634776771187857843e-06
1.650584478340883267e-06
1.670506125391644761e-06
1.694171094020888448e-06
1.721200732857822495e-06
1.751207405459090090e-06
1.783793228896374705e-06
1.818559837614352088e-06
1.855101561377548717e-06
1.893015358297397863e-06
1.931899547915596273e-06
1.971352046018594270e-06
2.010980837735627088e-06
2.050395952586923976e-06
2.089220061632477886e-06
2.127086545565478492e-06
2.163636996453716453e-06
2.198532281772101339e-06
2.231443057966747238e-06
2.262060880580561765e-06
2.290095405603655454e-06
2.315271075668238997e-06
2.337338508040461048e-06
2.356063586405842735e-06
2.371238793916729636e-06
2.382679502890066077e-06
2.390219903641512993e-06
2.393722777075506196e-06
2.393075277064774732e-06
2.388184482826111333e-06
2.378988490880683844e-06
2.365443954579682066e-06
2.347536940740452625e-06
2.325278018271498714e-06
2.298697374952305286e-06
2.267855143681041955e-06
2.232828701201699578e-06
2.193722654723576702e-06
2.150663504971358929e-06
2.103794612880238778e-06
2.053285336006773359e-06
1.999318742345029634e-06
1.942100324972341219e-06
1.881852560679757918e-06
1.818810027636089673e-06
1.753227011292484758e-06
1.685366265231872848e-06
1.615506147152253952e-06
1.543935405294724639e-06
1.470948725975233085e-06
1.396852600808807541e-06
1.321955662518954535e-06
1.246574077173286573e-06
1.171026863561697644e-06
1.095632096823618314e-06
1.020710997258074001e-06
9.465802020662752870e-07
8.735554220352001068e-07
8.019475403330091779e-07
7.320596241267810506e-07
6.641893809933926648e-07
5.986235196592528926e-07
5.356398642924384232e-07
4.755043966925437210e-07
4.184691408296454436e-07
3.647733133199719407e-07
3.146397015207100014e-07
2.682756018839704607e-07
2.258708714734955534e-07
1.875966591154637357e-07
1.536057276017865695e-07
1.240305601285880182e-07
9.898362703918141979e-08
7.855640742005184368e-08
6.281885253847258970e-08
5.181945748548081726e-08
4.558461934585968755e-08
4.411881853871690615e-08
4.740446769171210425e-08
5.540191515965011796e-08
6.804987650238335804e-08
8.526542931775740621e-08
1.069447074384557310e-07
1.329633416876423276e-07
1.631767501992124338e-07
1.974214980300875215e-07
2.355152393830422698e-07
2.772584608206179680e-07
3.224352066566808158e-07
3.708133650257679603e-07
4.221474103400262689e-07
4.761776032543998406e-07
5.326331893667693951e-07
5.912330604219113630e-07
6.516857364254594331e-07
7.136937746788988252e-07
7.769516140545538557e-07
8.411504552579210502e-07
9.059785055887360139e-07
9.711203819520290691e-07
1.036263264911286191e-06
1.101092921479165033e-06
1.165300286695598985e-06
1.228580978825404181e-06
1.290633906840773312e-06
1.351169036758201206e-06
1.409901332575717501e-06
1.466558855317033421e-06
1.520881316444376466e-06
1.572617762812303158e-06
1.621535634561213264e-06
1.667412605406317681e-06
1.710045842106568174e-06
1.749249479396779177e-06
1.784851366946058328e-06
1.816702958075814152e-06
1.844669280427784298e-06
1.868638878160940484e-06
1.888520228334887081e-06
1.904237654689965004e-06
1.915741510857820917e-06
1.922996739524634609e-06
1.925992964476032683e-06
1.924740007679255560e-06
1.919263187109024537e-06
1.909613252544177272e-06
1.895854165796465074e-06
1.878072822151730019e-06
1.856373948749347463e-06
1.830875090976360873e-06
1.801715817905851269e-06
1.769045453861450452e-06
1.733031980536812567e-06
1.693856681505210981e-06
1.651709169193419247e-06
1.606795485827868451e-06
1.559326523374847880e-06
1.509525772433082871e-06
1.457624110823563178e-06
1.403855221852549144e-06
1.348462354879418308e-06
1.291688085196757002e-06
1.233780713245602887e-06
1.174989571501735672e-06
1.115561133521825128e-06
1.055744344221889423e-06
9.957822057816163728e-07
9.359167704784746861e-07
8.763852634634404154e-07
8.174170885052174020e-07
7.592377728184345530e-07
7.020626437931005928e-07
6.461004841473676431e-07
5.915506519050702738e-07
5.386010679141951142e-07
4.874309304382570205e-07
4.382065026212425189e-07
3.910835991649703713e-07
3.462057488964006834e-07
3.037031209951373877e-07
2.636940305027666314e-07
2.262836922281234801e-07
1.915636407465597503e-07
1.596129872984748168e-07
1.304970576030767932e-07
1.042685293768522549e-07
8.096703482832703584e-08
6.061922472168414160e-08
4.323949831230762624e-08
2.882982477012298188e-08
1.738042082204644708e-08
8.869959484850196687e-09
3.266007491394960034e-09
5.255410424750664687e-10
5.953806280969622057e-10
3.412719383811486039e-09
8.905654352953835801e-09
1.699371296805519564e-08
2.758846174871293614e-08
4.059397978706063495e-08
5.590754274482959417e-08
7.342019699424548804e-08
9.301711926891436566e-08
1.145786059448580856e-07
1.379800730203125603e-07
1.630931803969978386e-07
1.897862107528811823e-07
2.179240663135023928e-07
2.473698928121495393e-07
2.779842051645369032e-07
3.096267002072900792e-07
3.421562669448182908e-07
3.754305002272042876e-07
4.093081633557121848e-07
4.436471760327041591e-07
4.783073081066100830e-07
5.131497194479109685e-07
5.480359458113267336e-07
5.828313346075452937e-07
6.174017727639168652e-07
6.516173772948695020e-07
6.853515269177563430e-07
7.184793370936131177e-07
7.508821145522863431e-07
7.824428297246082601e-07
8.130508238066310760e-07
8.426003409726442842e-07
8.709885498631710127e-07
8.981209587540977949e-07
9.239057395869137027e-07
9.482593628037551330e-07
9.711046662187978140e-07
9.923684982974683254e-07
1.011987928070262917e-06
1.029903602216768457e-06
1.046066111314223201e-06
1.060433643179836960e-06
1.072969324514838949e-06
1.083647963557887995e-06
1.092448670535692711e-06
1.099361669291997229e-06
1.104385587544797918e-06
1.107524566858740372e-06
1.108795209711770005e-06
1.108218721953469704e-06
1.105827830079231263e-06
1.101663767476655230e-06
1.095773217533056145e-06
1.088215116480437092e-06
1.079052588836083493e-06
1.068359627285915961e-06
1.056217848922416014e-06
1.042713338903033773e-06
1.027942995930047831e-06
1.012006529676235612e-06
9.950126138421054554e-07
9.770755105178888907e-07
9.583118932670174430e-07
9.388465130743259463e-07
9.188045085982670366e-07
8.983168490920861046e-07
8.775169530068546641e-07
8.565375851151347996e-07
8.355157551487868032e-07
8.145855530890356621e-07
7.938828413406184655e-07
7.735420153244856503e-07
7.536930804872620261e-07
7.344658509512243713e-07
7.159834589230541874e-07
6.983664094647596422e-07
6.817296341504889553e-07
6.661798505109013014e-07
6.518192744883618052e-07
6.387398648601295561e-07
6.270269892184797148e-07
6.167568972054961143e-07
6.079944395792121298e-07
6.007966161053124929e-07
5.952075083068142400e-07
5.912618936494130665e-07
5.889832090961282516e-07
5.883816576775138155e-07
5.894579588636352064e-07
5.921988088589236350e-07
5.965808016058619741e-07
6.025688716943291156e-07
6.101147486732442527e-07
6.191612482207070019e-07
6.296379975026168096e-07
6.414659699691046108e-07
6.545563029536800452e-07
6.688089866540179009e-07
6.841179353929896057e-07
7.003666476280123862e-07
7.174335457880873234e-07
7.351909782398244170e-07
7.535039680176179263e-07
7.722361535310953288e-07
7.912450373588229996e-07
8.103881660346274053e-07
8.295220698998176784e-07
8.485008635868033177e-07
8.671821280957184324e-07
8.854256888829233579e-07
9.030920290981654777e-07
9.200493888265096433e-07
9.361677789129617941e-07
9.513261773029910818e-07
9.654108537595304048e-07
9.783133382666939503e-07
9.899378815827128470e-07
1.000194529806243575e-06
1.009006563903118367e-06
1.016308212104692689e-06
1.022042078482760161e-06
1.026166598675605526e-06
1.028648245599941554e-06
1.029468853738098198e-06
1.028622677559831370e-06
1.026113291731943876e-06
1.021960690320569825e-06
1.016192862632440804e-06
1.008852682062003525e-06
9.999944034233746819e-07
9.896801592194560190e-07
9.779864370693311591e-07
9.649953964127510026e-07
9.508011042178635958e-07
9.355056862331856940e-07
9.192156374103656491e-07
9.020475491592787326e-07
8.841196026983096225e-07
8.655570752707860110e-07
8.464884411951438585e-07
8.270417656920167821e-07
8.073497078986107777e-07
7.875416078436421975e-07
7.677483330946935890e-07
7.480986443934260913e-07
7.287159361774693949e-07
7.097226769730137965e-07
6.912334046838865561e-07
6.733591008945144975e-07
6.562040858365389054e-07
6.398633041097598872e-07
6.244264507896845025e-07
6.099720227818795216e-07
5.965714708938312924e-07
5.842867791320068706e-07
5.731683828390466412e-07
5.632592497268822283e-07
5.545899371488917441e-07
5.471827699528050147e-07
5.410501135533261559e-07
5.361928779683370051e-07
5.326047787204475384e-07
5.302681622520522817e-07
5.291583972883964181e-07
5.292427029522815033e-07
5.304790663305491247e-07
5.328208166538351326e-07
5.362128429817677728e-07
5.405962904986999108e-07
5.459076886470509833e-07
5.520780211276423318e-07
5.590376380836638959e-07
5.667124295474824921e-07
5.750288171061044604e-07
5.839128698460268013e-07
5.932892349173212382e-07
6.030863205861699083e-07
6.132320156199470104e-07
6.236588928889685078e-07
6.343030157142690431e-07
6.451024712279244327e-07
6.560027104931391224e-07
6.669515073353032735e-07
6.779042669345299870e-07
6.888223069306417667e-07
6.996708257545118488e-07
7.104242991290978354e-07
7.210605233509539311e-07
7.315659566576592239e-07
7.419333862477272008e-07
7.521592864807713322e-07
7.622492403708541942e-07
7.722110728629864175e-07
7.820602356120156706e-07
7.918169095085099993e-07
8.015028317979132647e-07
8.111468153449447921e-07
8.207771073295383891e-07
8.304269333000310314e-07
8.401311985309482011e-07
8.499229570326550883e-07
8.598392070357457804e-07
8.699126796343265257e-07
8.801777511460914040e-07
8.906669660194579612e-07
9.014073606928767379e-07
9.124267848104935397e-07
9.237453198837573411e-07
9.353818168043934927e-07
9.473504530877839254e-07
9.596571012288020460e-07
9.723064333865711534e-07
9.852930997695272842e-07
9.986091284684476869e-07
1.012240654536452548e-06
1.026164443524623086e-06
1.040355971377762589e-06
1.054780381684681221e-06
1.069400894281227374e-06
1.084175725168266551e-06
1.099054764158400251e-06
1.113988691629708011e-06
1.128919619443144154e-06
1.143790510644834163e-06
1.158542182085868730e-06
1.173110022637811337e-06
1.187434044774063062e-06
1.201449032523728555e-06
1.215094812594086299e-06
1.228313133459177039e-06
1.241044230033409513e-06
1.253237554581016942e-06
1.264841232884921801e-06
1.275812891973563145e-06
1.286116170623641833e-06
1.295716911887332845e-06
1.304594220216621231e-06
1.312729072185814410e-06
1.320115339735061251e-06
1.326755721531202253e-06
1.332657384997098343e-06
1.337841427147544625e-06
1.342338397337083640e-06
1.346183561427724005e-06
1.349427767673076289e-06
1.352124643596632083e-06
1.354341292734864150e-06
1.356153129676481962e-06
1.357638520113416339e-06
1.358889275106071796e-06
1.359997112934025356e-06
1.361063990520742734e-06
1.362196369735566289e-06
1.363499348598266058e-06
1.365086842586995297e-06
1.367067527822118586e-06
1.369554947836025678e-06
1.372661451004990963e-06
1.376492024986588557e-06
1.381154458318755625e-06
1.386744990118414926e-06
1.393358553253652668e-06
1.401082680521868305e-06
1.409991292805833069e-06
1.420155321505705986e-06
1.431628218724308100e-06
1.444456851390289029e-06
1.458675646634643742e-06
1.474300549412446805e-06
1.491340671019463399e-06
1.509783676725484359e-06
1.529607884064544067e-06
1.550776807144694911e-06
1.573233397379002934e-06
1.596913231979136991e-06
1.621729629781504872e-06
1.647587408374093550e-06
1.674377818578862331e-06
1.701973038227838094e-06
1.730241226057429907e-06
1.759031071086177307e-06
1.788187438635996645e-06
1.817546504306590236e-06
1.846930325191503611e-06
1.876163793101609207e-06
1.905058248275594595e-06
1.933428937884469928e-06
1.961090015253901138e-06
1.987848908795640717e-06
2.013524876894777547e-06
2.037931348181460085e-06
2.060894795894498877e-06
2.082249208073104383e-06
2.101829946422671490e-06
2.119493310960058349e-06
2.135097415260676237e-06
2.148521822181390851e-06
2.159661139543220870e-06
2.168418124875270440e-06
2.174723483905899900e-06
2.178515327119680453e-06
2.179758781799360401e-06
2.178438522358037812e-06
2.174551023270153752e-06
2.168123791209808846e-06
2.159193727367229249e-06
2.147825964270597546e-06
2.134105367840227586e-06
2.118128036606116181e-06
2.100019314928155179e-06
2.079911635153882748e-06
2.057962023018826173e-06
2.034342854314505418e-06
2.009232893837114150e-06
1.982833726918808869e-06
1.955347807815657611e-06
1.926994392534526834e-06
1.898000032061284514e-06
1.868589585385443198e-06
1.839001072817533927e-06
1.809464661422060660e-06
1.780217146183374651e-06
1.751492757020458987e-06
1.723514623024221007e-06
1.696508407831845945e-06
1.670682801977422153e-06
1.646242997076205459e-06
1.623382341800429185e-06
1.602274658426826542e-06
1.583087283538838594e-06
1.565963333484360539e-06
1.551034825592420421e-06
1.538415539379482723e-06
1.528194400946556408e-06
1.520448660820320700e-06
1.515227811853693905e-06
1.512567059670076723e-06
1.512481466006591212e-06
1.514960360259159779e-06
1.519981319882683032e-06
1.527495233470967000e-06
1.537440705383957545e-06
1.549739242928659615e-06
1.564290387198501074e-06
1.580986946188872952e-06
1.599700396622847114e-06
1.620296565109646619e-06
1.642631347070090760e-06
1.666546036928660848e-06
1.691883966335208544e-06
1.718475295445721441e-06
1.746154019275168893e-06
1.774753543784547824e-06
1.804101593575965857e-06
1.834038116474038732e-06
1.864398560810910760e-06
1.895031999389534989e-06
1.925795880664451749e-06
1.956549929426354869e-06
1.987174981873208795e-06
2.017554066601804617e-06
2.047591297784814327e-06
2.077205271610302433e-06
2.106321546256918725e-06
2.134889249383706299e-06
2.162873518626512943e-06
2.190247038266474835e-06
2.217009622658432674e-06
2.243165227170050056e-06
2.268741455654286903e-06
2.293780395689415038e-06
2.318328635445474644e-06
2.342457117092905324e-06
2.366235814080063249e-06
2.389753566147346768e-06
2.413107567448160317e-06
2.436392160437782647e-06
2.459719157295299261e-06
2.483190651485139678e-06
2.506919492370765023e-06
2.531017918790375741e-06
2.555585609650863858e-06
2.580730968151651316e-06
2.606542610430180225e-06
2.633111051021784628e-06
2.660517062415493841e-06
2.688819509000019407e-06
2.718078275688167617e-06
2.748324880051110024e-06
2.779586060607189081e-06
2.811872360022858696e-06
2.845166168349342197e-06
2.879446976608017251e-06
2.914661331702133812e-06
2.950748941087277374e-06
2.987631746533771106e-06
3.025202382793519757e-06
3.063352219691706766e-06
3.101940599482065400e-06
3.140823787453547242e-06
3.179844490027901536e-06
3.218820658614797025e-06
3.257576384675244332e-06
3.295910121297333386e-06
3.333626374132057415e-06
3.370525313346179386e-06
3.406391599625884743e-06
3.441027707157286385e-06
3.474220717834581772e-06
3.505776165511598796e-06
3.535507188248393784e-06
3.563222900106115114e-06
3.588763264720796653e-06
3.611964108412106229e-06
3.632692132516851680e-06
3.650833017408903535e-06
3.666278859867369383e-06
3.678963435257305610e-06
3.688825299680655902e-06
3.695842789347224578e-06
3.700020642145233394e-06
3.701376174581867178e-06
3.699973749440593192e-06
3.695886168979405839e-06
3.689228561044367086e-06
3.680143394226779308e-06
3.668785343378536284e-06
3.655354053702032193e-06
3.640054369801591807e-06
3.623128370175599970e-06
3.604839036989745216e-06
3.585454079903507375e-06
3.565276610068059995e-06
3.544604994225582264e-06
3.523762870357491769e-06
3.503082083985451986e-06
3.482886013252496410e-06
3.463518419112143314e-06
3.445303769096054258e-06
3.428575713210329689e-06
3.413660108611921328e-06
3.400858528511504385e-06
3.390476176036996237e-06
3.382783345466907931e-06
3.378043395195590144e-06
3.376496677530134948e-06
3.378344866631093998e-06
3.383779249159784412e-06
3.392943601786330999e-06
3.405963017342316586e-06
3.422929318321399585e-06
3.443886601184359859e-06
3.468861326341902354e-06
3.497826372484641915e-06
3.530732058851797467e-06
3.567493196972190566e-06
3.607975871114231547e-06
3.652030501854746383e-06
3.699456317238559360e-06
3.750035559788726606e-06
3.803521824288214032e-06
3.859627671441200372e-06
3.918061287002123177e-06
3.978490225661068255e-06
4.040579179653343486e-06
4.103978795011799443e-06
4.168313362186683891e-06
4.233220975270861589e-06
4.298315269797419907e-06
4.363226418038960880e-06
4.427589341348768306e-06
4.491030541092642116e-06
4.553210969916746473e-06
4.613784653117468120e-06
4.672441955115044207e-06
4.728896099028344353e-06
4.782868256795348293e-06
4.834131866428607342e-06
4.882467475192138535e-06
4.927706964618791148e-06
4.969717569601156783e-06
5.008384640068708303e-06
5.043656011360203596e-06
5.075493037111422089e-06
5.103914470968343030e-06
5.128977687458063976e-06
5.150758995672996794e-06
5.169396936136242612e-06
5.185040130609065819e-06
5.197889900647910775e-06
5.208179006259152094e-06
5.216149919566719513e-06
5.222096512082592061e-06
5.226309871547389285e-06
5.229119387707236686e-06
5.230869881975912060e-06
5.231898697836090634e-06
5.232569681288908661e-06
5.233249921287370609e-06
5.234286654778260741e-06
5.236047120802160708e-06
5.238864013863831034e-06
5.243075345017762775e-06
5.249001566197904187e-06
5.256923059084646032e-06
5.267120272055519402e-06
5.279820455682639120e-06
5.295238322687746312e-06
5.313554672320124394e-06
5.334895375416463447e-06
5.359373190534874450e-06
5.387036319759494187e-06
5.417911186589346851e-06
5.451983207575053447e-06
5.489177735296286320e-06
5.529404704053146307e-06
5.572508867208593392e-06
5.618315625159727006e-06
5.666613939867326102e-06
5.717139115976363423e-06
5.769620793810168520e-06
5.823734115658836641e-06
5.879148818909155211e-06
5.935513629548918389e-06
5.992440204347960442e-06
6.049554137493318376e-06
6.106445921310151831e-06
6.162722667920610091e-06
6.217992833949625745e-06
6.271850268940597532e-06
6.323927072466504748e-06
6.373843173576619882e-06
6.421259303283724810e-06
6.465860736466228196e-06
6.507340305133867975e-06
6.545451381777429686e-06
6.579955218583426630e-06
6.610673387751672495e-06
6.637469435846470264e-06
6.660229960573432448e-06
6.678915882987997366e-06
6.693507280676460517e-06
6.704053580657375988e-06
6.710652560869423247e-06
6.713429101168477782e-06
6.712583297851915861e-06
6.708333234873420421e-06
6.700961759604920192e-06
6.690792995368222651e-06
6.678169028229887023e-06
6.663494223376652397e-06
6.647177008579191065e-06
6.629672951052859995e-06
6.611459664956934138e-06
6.593012307861519843e-06
6.574844464964335646e-06
6.557450390806064647e-06
6.541345094287262593e-06
6.527039032079006643e-06
6.515013688650532297e-06
6.505760319158026049e-06
6.499724097501507306e-06
6.497342724960494711e-06
6.499022443926452601e-06
6.505115042671538646e-06
6.515956321536503268e-06
6.531813216591395394e-06
6.552922836152292938e-06
6.579471056240211237e-06
6.611571994638978140e-06
6.649308110937064081e-06
6.692680710112651154e-06
6.741651154531194502e-06
6.796122676510632671e-06
6.855922776199731542e-06
6.920846354787461219e-06
6.990609227948726184e-06
7.064892587564058095e-06
7.143327852984282452e-06
7.225481719962548727e-06
7.310902788891092333e-06
7.399077046108061899e-06
7.489475638385685408e-06
7.581541806319496161e-06
7.674677647127801488e-06
7.768293593003218478e-06
7.861764437918398343e-06
7.954479418797689376e-06
8.045829751280535763e-06
8.135195756787403428e-06
8.221997579407560084e-06
8.305650360757135095e-06
8.385614795206707599e-06
8.461383672997400837e-06
8.532467984617384479e-06
8.598446710530712676e-06
8.658920181943585866e-06
8.713558926306129746e-06
8.762087956067026004e-06
8.804270822225918048e-06
8.839956323121986426e-06
8.869029828267169769e-06
8.891458449791519954e-06
8.907272512533643104e-06
8.916547192091882083e-06
8.919444556740305894e-06
8.916163483547653450e-06
8.906979910929648927e-06
8.892225797950199494e-06
8.872268771421631890e-06
8.847548866691310612e-06
8.818528405627800443e-06
8.785727089013552440e-06
8.749699559703163601e-06
8.711014179927170721e-06
8.670284890688817201e-06
8.628122853129812270e-06
8.585167131484162202e-06
8.542062492380907984e-06
8.499438842340251832e-06
8.457934763194859876e-06
8.418176291864054714e-06
8.380757508365429387e-06
8.346267420673968032e-06
8.315248032521442995e-06
8.288221087290076230e-06
8.265669683516912596e-06
8.248021811171017732e-06
8.235676285567058947e-06
8.228966277288695796e-06
8.228185617107675753e-06
8.233574204582857193e-06
8.245305240257140586e-06
8.263511443862399671e-06
8.288254200069914736e-06
8.319550367572587485e-06
8.357361618834779047e-06
8.401585346171367628e-06
8.452081607055665123e-06
8.508647233542017093e-06
8.571043242386259438e-06
8.638987432968469457e-06
8.712148219719237369e-06
8.790171855169860813e-06
8.872660279916287415e-06
8.959198392137584209e-06
9.049348658076016992e-06
9.142646649193921900e-06
9.238627380896053022e-06
9.336805491757700434e-06
9.436701058624663110e-06
9.537834795899289466e-06
9.639723985033582613e-06
9.741906442180853530e-06
9.843921850877854947e-06
9.945334663592677793e-06
1.004572872010213715e-05
1.014470256626162882e-05
1.024188970091109452e-05
1.033694046805088797e-05
1.042954088239222593e-05
1.051940609204226366e-05
1.060627468973712574e-05
1.068992440847208063e-05
1.077015473512298457e-05
1.084680110574983438e-05
1.091972738267293660e-05
1.098881947292882080e-05
1.105399634286750915e-05
1.111519422560756955e-05
1.117237632492773152e-05
1.122552514027718525e-05
1.127463630185892940e-05
1.131972540713897075e-05
1.136081515531125555e-05
1.139794123385274421e-05
1.143114570511587475e-05
1.146047226071701886e-05
1.148596973552453598e-05
1.150768358161560025e-05
1.152565881334665080e-05
1.153993565515538703e-05
1.155054731998096750e-05
1.155752102570509333e-05
1.156087489624744048e-05
