2.996920586E+1
2.980039978E+1
2.961358452E+1
2.941580200E+1
2.924411774E+1
2.903260040E+1
2.889303780E+1
2.857296753E+1
2.839096260E+1
2.822688675E+1
2.798733521E+1
2.783570099E+1
2.764659309E+1
2.748419380E+1
2.718970680E+1
2.701247025E+1
2.682446671E+1
2.666669655E+1
2.644371223E+1
2.627536774E+1
2.609693909E+1
2.589414978E+1
2.568235970E+1
2.549070930E+1
2.529440308E+1
2.498606682E+1
2.481299019E+1
2.463454819E+1
2.443840027E+1
2.420675850E+1
2.403441238E+1
2.383899117E+1
2.363202858E+1
2.344148827E+1
2.325316429E+1
2.306443405E+1
2.277083015E+1
2.258127022E+1
2.241484642E+1
2.223586082E+1
2.207399559E+1
2.186951637E+1
2.164842033E+1
2.147867775E+1
2.127056122E+1
2.110304451E+1
2.078849220E+1
2.062257195E+1
2.042721748E+1
2.023846054E+1
2.005346107E+1
1.983754539E+1
1.964623260E+1
1.945041847E+1
1.926954269E+1
1.905688477E+1
1.888403893E+1
1.867591667E+1
1.849839783E+1
1.827954292E+1
1.798692322E+1
1.781248474E+1
1.760043144E+1
1.742770386E+1
1.720841599E+1
1.704978752E+1
1.682948112E+1
1.666972542E+1
1.646402550E+1
1.629836464E+1
1.598091507E+1
1.579191208E+1
1.562377071E+1
1.538443756E+1
1.520897675E+1
1.502096653E+1
1.484390545E+1
1.464511013E+1
1.445123291E+1
1.427053070E+1
1.407765961E+1
1.390837860E+1
1.367172813E+1
1.347468472E+1
1.316617489E+1
1.300315952E+1
1.279755306E+1
1.260853386E+1
1.240972424E+1
1.221147537E+1
1.199970531E+1
1.177978230E+1
1.161127758E+1
1.143799877E+1
1.125228310E+1
1.103010464E+1
1.082688808E+1
1.066790771E+1
1.045792580E+1
1.024808311E+1
1.003702641E+1
9.856154442E+0
9.580548286E+0
9.383820534E+0
9.178226471E+0
8.959718704E+0
8.776531219E+0
8.596293449E+0
8.402071953E+0
8.226268768E+0
8.000123978E+0
7.809560776E+0
7.589965820E+0
7.403980255E+0
7.214661598E+0
6.997676849E+0
6.810959816E+0
6.605421066E+0
6.423564434E+0
6.218138695E+0
6.031598091E+0
5.822131157E+0
5.623981476E+0
5.435073853E+0
5.222589970E+0
5.052532196E+0
4.890373230E+0
4.670828342E+0
4.456208229E+0
4.284572601E+0
4.094460487E+0
3.879747868E+0
3.664797306E+0
3.507332087E+0
3.180949688E+0
3.006276369E+0
2.808112860E+0
2.634169817E+0
2.403654814E+0
2.216499090E+0
2.020396709E+0
1.832241535E+0
1.629921436E+0
1.417651415E+0
1.244993687E+0
1.041749239E+0
8.239633441E-1
6.429135799E-1
4.672382772E-1
2.844932377E-1
5.981459096E-2
-1.264005005E-1
-3.197346926E-1
-4.965039194E-1
-7.345215082E-1
-9.987939000E-1
-1.220891833E+0
-1.457231879E+0
-1.620637298E+0
-1.779339075E+0
-2.011775732E+0
-2.187765360E+0
-2.402642250E+0
-2.598102570E+0
-2.787281752E+0
-3.013376713E+0
-3.181987524E+0
-3.394398212E+0
-3.614475965E+0
-3.818124533E+0
-4.033609867E+0
-4.179825783E+0
-4.389862061E+0
-4.620760918E+0
-4.813573360E+0
-5.023644924E+0
-5.244075775E+0
-5.421113491E+0
-5.663243294E+0
-5.852913857E+0
-6.055218220E+0
-6.225700855E+0
-6.444687366E+0
-6.607571602E+0
-6.813236237E+0
-7.026897430E+0
-7.229849815E+0
-7.411754608E+0
-7.590162754E+0
-7.812772274E+0
-8.035140038E+0
-8.190165520E+0
-8.415266037E+0
-8.622483253E+0
-8.788969994E+0
-8.977965355E+0
-9.167605400E+0
-9.406238556E+0
-9.597273827E+0
-9.827937126E+0
-1.002371979E+1
-1.021689034E+1
-1.044771004E+1
-1.062750435E+1
-1.085413265E+1
-1.103497982E+1
-1.125470161E+1
-1.147563553E+1
-1.169843388E+1
-1.169480705E+1
-1.198108292E+1
-1.219052124E+1
-1.237561035E+1
-1.260373211E+1
-1.276981735E+1
-1.298627281E+1
-1.317832279E+1
-1.340021801E+1
-1.361269188E+1
-1.381552410E+1
-1.400204468E+1
-1.420561600E+1
-1.440020084E+1
-1.462833977E+1
-1.481928253E+1
-1.501333523E+1
-1.519519329E+1
-1.544037628E+1
-1.561835194E+1
-1.579037476E+1
-1.602312279E+1
-1.621109772E+1
-1.640843773E+1
-1.661682129E+1
-1.683945274E+1
-1.699301338E+1
-1.717519951E+1
-1.738473701E+1
-1.756819534E+1
-1.778814125E+1
-1.798555183E+1
-1.817097855E+1
-1.837809753E+1
-1.860237312E+1
-1.879239273E+1
-1.897023773E+1
-1.918393898E+1
-1.933753586E+1
-1.956779289E+1
-1.977855301E+1
-1.996334839E+1
-2.013360596E+1
-2.035177231E+1
-2.054311562E+1
-2.072188950E+1
-2.093387794E+1
-2.109857559E+1
-2.133638000E+1
-2.153119469E+1
-2.172643280E+1
-2.192193031E+1
-2.212981224E+1
-2.230683708E+1
-2.262162590E+1
-2.281085205E+1
-2.299180984E+1
-2.320220566E+1
-2.338850594E+1
-2.361360550E+1
-2.381578445E+1
-2.401616096E+1
-2.417390060E+1
-2.440410995E+1
-2.460058403E+1
-2.478283119E+1
-2.495773315E+1
-2.515189934E+1
-2.537525368E+1
-2.556109619E+1
-2.576829338E+1
-2.595572472E+1
-2.616548920E+1
-2.633967972E+1
-2.656608772E+1
-2.676213455E+1
-2.694881630E+1
-2.713191414E+1
-2.732010078E+1
-2.753108406E+1
-2.774206543E+1
-2.794361687E+1
-2.812690163E+1
-2.842515373E+1
-2.864045906E+1
-2.883698845E+1
-2.905312920E+1
-2.923769951E+1
-2.940756035E+1
-2.962495995E+1
-2.980104446E+1
-3.001811218E+1
