3.995545197E+1
3.978136826E+1
3.947731400E+1
3.924953079E+1
3.898175812E+1
3.869321060E+1
3.852230835E+1
3.818316650E+1
3.789598846E+1
3.770975494E+1
3.729129410E+1
3.709556198E+1
3.678217316E+1
3.662045288E+1
3.630670929E+1
3.609886169E+1
3.578578568E+1
3.551245499E+1
3.532035446E+1
3.500299454E+1
3.468894577E+1
3.439069366E+1
3.420606613E+1
3.391299057E+1
3.361922836E+1
3.338295746E+1
3.308735657E+1
3.280223083E+1
3.259228897E+1
3.230234528E+1
3.200323105E+1
3.169609451E+1
3.153692818E+1
3.121807289E+1
3.093467903E+1
3.072466850E+1
3.048188400E+1
3.014341736E+1
2.985681725E+1
2.967264175E+1
2.930254745E+1
2.910249901E+1
2.880632019E+1
2.861154747E+1
2.832821465E+1
2.801624870E+1
2.781692696E+1
2.753771782E+1
2.725058937E+1
2.694472694E+1
2.668517876E+1
2.638987732E+1
2.616667366E+1
2.591488838E+1
2.571636391E+1
2.538088417E+1
2.509320450E+1
2.481010437E+1
2.458456612E+1
2.432288551E+1
2.403744507E+1
2.371741867E+1
2.344568443E+1
2.321434975E+1
2.295479012E+1
2.265738297E+1
2.246536827E+1
2.219364548E+1
2.190316772E+1
2.157984734E+1
2.140749550E+1
2.109610367E+1
2.082168770E+1
2.064079475E+1
2.031514931E+1
2.003396988E+1
1.974955940E+1
1.941537666E+1
1.924104118E+1
1.895863152E+1
1.875036049E+1
1.844754410E+1
1.816284752E+1
1.784855652E+1
1.758926392E+1
1.741783142E+1
1.711111832E+1
1.679612350E+1
1.664164162E+1
1.633888054E+1
1.603229904E+1
1.573331356E+1
1.556640911E+1
1.525520706E+1
1.496801281E+1
1.476220322E+1
1.449832249E+1
1.421725559E+1
1.388980579E+1
1.363229847E+1
1.340080452E+1
1.310784912E+1
1.292659950E+1
1.249845028E+1
1.228092003E+1
1.204398918E+1
1.179861259E+1
1.151799870E+1
1.124009895E+1
1.093116760E+1
1.077963066E+1
1.047085857E+1
1.016950130E+1
9.875244141E+0
9.685206413E+0
9.395723343E+0
9.086065292E+0
8.878876686E+0
8.603100777E+0
8.265754700E+0
8.032069206E+0
7.793071747E+0
7.492755890E+0
7.209150791E+0
7.008003712E+0
6.719941139E+0
6.408466816E+0
6.214388847E+0
5.929096699E+0
5.610077381E+0
5.328763962E+0
5.137084007E+0
4.832297325E+0
4.527969360E+0
4.343624115E+0
4.026353359E+0
3.721591473E+0
3.555860043E+0
3.278221130E+0
2.958153725E+0
2.755748034E+0
2.441309929E+0
2.141373634E+0
1.871032119E+0
1.652440429E+0
1.322848320E+0
1.144583821E+0
8.457666039E-1
6.448600888E-1
3.273202181E-1
2.540657483E-2
-1.643752903E-1
-4.769774377E-1
-7.591106892E-1
-1.087861300E+0
-1.282732844E+0
-1.552404761E+0
-1.791004539E+0
-2.060374975E+0
-2.401521921E+0
-2.714018822E+0
-2.893010378E+0
-3.188867807E+0
-3.380395651E+0
-3.700001001E+0
-3.968185663E+0
-4.198519707E+0
-4.501977444E+0
-4.713362217E+0
-5.019546032E+0
-5.317385674E+0
-5.532382965E+0
-5.836636066E+0
-6.149024010E+0
-6.301903725E+0
-6.621396065E+0
-6.898117065E+0
-7.144706726E+0
-7.440202236E+0
-7.657438755E+0
-7.926742077E+0
-8.260086060E+0
-8.447913170E+0
-8.785630226E+0
-9.060379982E+0
-9.272690773E+0
-9.586067200E+0
-9.904697418E+0
-1.006837368E+1
-1.038443565E+1
-1.060944653E+1
-1.087071705E+1
-1.112473392E+1
-1.139950085E+1
-1.166396618E+1
-1.196516514E+1
-1.225684834E+1
-1.243848228E+1
-1.275034809E+1
-1.305425453E+1
-1.325438023E+1
-1.354101372E+1
-1.384448433E+1
-1.404296780E+1
-1.436960983E+1
-1.462763596E+1
-1.486628056E+1
-1.514845753E+1
-1.548278522E+1
-1.565641785E+1
-1.593136978E+1
-1.623338699E+1
-1.653337669E+1
-1.676489067E+1
-1.704930496E+1
-1.734234428E+1
-1.753794861E+1
-1.786986732E+1
-1.802729416E+1
-1.832389641E+1
-1.864431381E+1
-1.891693878E+1
-1.911504555E+1
-1.938589859E+1
-1.970916748E+1
-1.990738106E+1
-2.019211388E+1
-2.049111176E+1
-2.077128792E+1
-2.097564507E+1
-2.128222275E+1
-2.160416031E+1
-2.182447243E+1
-2.207066917E+1
-2.238807869E+1
-2.269455528E+1
-2.290852737E+1
-2.312166023E+1
-2.339610481E+1
-2.373984146E+1
-2.399720192E+1
-2.419121552E+1
-2.449530220E+1
-2.477629089E+1
-2.499593544E+1
-2.526125145E+1
-2.558658791E+1
-2.578663063E+1
-2.608135033E+1
-2.636295700E+1
-2.670861816E+1
-2.687016487E+1
-2.716323853E+1
-2.749163628E+1
-2.766695404E+1
-2.797348595E+1
-2.816487312E+1
-2.848694992E+1
-2.877391052E+1
-2.900046730E+1
-2.930052376E+1
-2.958342743E+1
-2.976760483E+1
-3.012131882E+1
-3.029724503E+1
-3.060552597E+1
-3.089885902E+1
-3.110117912E+1
-3.140200806E+1
-3.168547440E+1
-3.202552414E+1
-3.220772934E+1
-3.249184418E+1
-3.278274536E+1
-3.299409485E+1
-3.326682663E+1
-3.358304596E+1
-3.376402283E+1
-3.409287262E+1
-3.441947937E+1
-3.460596085E+1
-3.489189529E+1
-3.508677673E+1
-3.542894363E+1
-3.572861481E+1
-3.602806091E+1
-3.619827652E+1
-3.649460602E+1
-3.681325912E+1
-3.706318283E+1
-3.733423233E+1
-3.752366638E+1
-3.783383560E+1
-3.804765320E+1
-3.835122681E+1
-3.863400650E+1
-3.887327194E+1
-3.913782501E+1
-3.948094177E+1
-3.963906097E+1
-3.994435883E+1
