1.222562204549870567e-08
1.277104595791813308e-08
1.321588736877818973e-08
1.355220534023496541e-08
1.377459374929935450e-08
1.388029588226354292e-08
1.386925772762258754e-08
1.374411877266312369e-08
1.351014055455616459e-08
1.317507466417973056e-08
1.274897330133967555e-08
1.224394682381783846e-08
1.167387388228346088e-08
1.105407108627995926e-08
1.040092963115041818e-08
9.731527468182625773e-09
9.063226115952693382e-09
8.413261393151521478e-09
7.798337485240930459e-09
7.234233844611634374e-09
6.735434107848893327e-09
6.314785531608410938e-09
5.983196745030530051e-09
5.749380874587456204e-09
5.619650023961891365e-09
5.597765752370033430e-09
5.684848895419612190e-09
5.879350827867689418e-09
6.177086855508198228e-09
6.571330847111376273e-09
7.052968758811907410e-09
7.610707499079288943e-09
8.231334377675816472e-09
8.900021029046866125e-09
9.600664581242998047e-09
1.031625823312976387e-08
1.102928286909144338e-08
1.172211055723123146e-08
1.237741043574423191e-08
1.297854732224163720e-08
1.350996556894847575e-08
1.395754689583549582e-08
1.430893589225465665e-08
1.455382521449654507e-08
1.468419310001053134e-08
1.469449042618651482e-08
1.458176992050752354e-08
1.434575612165167080e-08
1.398885640090190905e-08
1.351610942462910275e-08
1.293507516713699819e-08
1.225566822486193982e-08
1.148993755303914075e-08
1.065180043626951828e-08
9.756733558775555363e-09
8.821430131869447383e-09
7.863432175005312854e-09
6.900743612994442671e-09
5.951435347647280419e-09
5.033250493770489489e-09
4.163218420631089605e-09
3.357287617774101888e-09
2.629983949958022722e-09
1.994103011465940998e-09
1.460443563463870009e-09
1.037586998199827519e-09
7.317283534402653708e-10
5.465621045932733196e-10
4.832249883038468295e-10
5.402969460018077701e-10
7.138595736137709450e-10
9.976104400998393835e-10
1.383030365220014536e-09
1.859599234650093578e-09
2.415055201439428944e-09
3.035690995990507709e-09
3.706679909329513945e-09
4.412424550931182602e-09
5.136919203316351365e-09
5.864117450229676442e-09
6.578297747946917067e-09
7.264416594743757080e-09
7.908442634039947186e-09
8.497663723210434601e-09
9.020959042964145171e-09
9.469032893989860371e-09
9.834601722077680980e-09
1.011253168269894399e-08
1.029992614848618176e-08
1.039615737971521673e-08
1.040284525182082145e-08
1.032378292633065339e-08
1.016481061546547947e-08
9.933642750743589962e-09
9.639653427433353352e-09
9.293619084137342402e-09
8.907436850933065761e-09
8.493811382296061062e-09
8.065929439181666154e-09
7.637125085442383220e-09
7.220539802294543914e-09
6.828795593626152011e-09
6.473677030042200819e-09
6.165839417135467108e-09
5.914545782073213052e-09
5.727436259793058964e-09
5.610341064948754892e-09
5.567138228544052979e-09
5.599656863107190801e-09
5.707633439841238075e-09
5.888719347761507513e-09
6.138536323934431981e-09
6.450786122441425539e-09
6.817402230411879137e-09
7.228747938456314515e-09
7.673853250699308548e-09
8.140680542085815306e-09
8.616422921489894237e-09
9.087815666194523849e-09
9.541464076839253781e-09
9.964176320342102423e-09
1.034328794642999139e-08
1.066698013778082177e-08
1.092458000702004562e-08
1.110682976040606871e-08
1.120612955361506250e-08
1.121674316299138980e-08
1.113495458447824751e-08
1.095918862743646551e-08
1.069007249668359640e-08
1.033045368069476542e-08
9.885366637482708326e-09
9.361942737366810148e-09
8.769281127720406456e-09
8.118264694848231768e-09
7.421340540253092724e-09
6.692262966164920609e-09
5.945801060810240832e-09
5.197426173704108176e-09
4.462980796316204573e-09
3.758333984451664925e-09
3.099037323828271011e-09
2.499984844834354454e-09
1.975083286694964027e-09
1.536944815370820636e-09
1.196603465298195935e-09
9.632657742656578188e-10
8.440989813585802734e-10
8.440613114158186969e-10
9.657796043337806146e-10
1.209475069653235759e-09
1.572940198442462965e-09
2.051567043108015994e-09
2.638425136129753248e-09
3.324388888236034606e-09
4.098311698836931750e-09
4.947240380623285975e-09
5.856668803226605988e-09
6.810824765522275106e-09
7.792978804859709815e-09
8.785778761827551017e-09
9.771589828383299512e-09
1.073284433531668889e-08
1.165239061821836793e-08
1.251382472275952627e-08
1.330181718059823908e-08
1.400240456277431994e-08
1.460326002226766103e-08
1.509393025444027356e-08
1.546602375397984827e-08
1.571336512576998354e-08
1.583210415519520548e-08
1.582076688511065302e-08
1.568026828675791037e-08
1.541387675921641446e-08
1.502712010084276773e-08
1.452766367212674285e-08
1.392512998816492879e-08
1.323089198102303230e-08
1.245783265766824076e-08
1.162006751848897810e-08
1.073265983209882801e-08
9.811306677548777436e-09
8.872025636401123306e-09
7.930838285355329490e-09
7.003452317081265747e-09
6.104961314302470585e-09
5.249560506615005100e-09
4.450281318226837594e-09
3.718758662884035015e-09
3.065029649863461851e-09
2.497365837952498139e-09
2.022148725382089716e-09
1.643782708729075411e-09
1.364652658863464072e-09
1.185123360191830023e-09
1.103579716384938677e-09
1.116508649767801601e-09
1.218617242135501566e-09
1.402986239588518107e-09
1.661254102542071700e-09
1.983826861765245857e-09
2.360108895414444960e-09
2.778750159329721936e-09
3.227903142826748210e-09
3.695484400004141175e-09
4.169434180003887493e-09
4.637972400194154387e-09
5.089836229261309340e-09
5.514506575106605755e-09
5.902409951402896328e-09
6.245094318161521400e-09
6.535380851446657920e-09
6.767474531838478928e-09
6.937050825212882790e-09
7.041303145100732321e-09
7.078956416286841550e-09
7.050245167937017673e-09
6.956864111772683839e-09
6.801876328748150730e-09
6.589604136146046731e-09
6.325489000949177276e-09
6.015929998167128988e-09
5.668109650131747615e-09
5.289796950290216662e-09
4.889151969958791624e-09
4.474521929484851443e-09
4.054238873611438277e-09
3.636426582198429440e-09
3.228811084205147171e-09
2.838552586398796456e-09
2.472092128668084601e-09
2.135020107136082560e-09
1.831970758226031878e-09
1.566539286197281970e-09
1.341230468392278686e-09
1.157433832780648594e-09
1.015427831446374445e-09
9.144118851101416527e-10
8.525659657810313786e-10
8.271335947644932061e-10
8.345289268696449889e-10
8.704626470771962118e-10
9.300841425463357161e-10
1.008136981397255483e-09
1.099121534520646910e-09
1.197463518687683835e-09
1.297682111251067560e-09
1.394554322806435345e-09
1.483271200700302850e-09
1.559583473877278070e-09
1.619929551947605510e-09
1.661547435626924700e-09
1.682564359081131186e-09
1.682063086867274280e-09
1.660124666688518459e-09
1.617842467969246481e-09
1.557312603985284716e-09
1.481596797786519011e-09
1.394659924636535181e-09
1.301284739492685890e-09
1.206962242037271183e-09
1.117764859142981549e-09
1.040201785278169235e-09
9.810610604401015362e-10
9.472427199832471597e-10
9.455844029040151461e-10
9.826866830082881165e-10
1.064739648997478685e-09
1.197355726685188562e-09
1.385412199824394265e-09
1.632908394302899830e-09
1.942837654113727962e-09
2.317081271679873643e-09
2.756323854544968937e-09
3.259992853454127679e-09
3.826226703937861252e-09
4.451864967282927150e-09
5.132470670581451770e-09
5.862377470296259570e-09
6.634763630926915215e-09
7.441749777054027395e-09
8.274525716703721990e-09
9.123486277406557034e-09
9.978396415988243896e-09
1.082856538544873761e-08
1.166303117940012395e-08
1.247076176050169212e-08
1.324084107811171727e-08
1.396267285571330817e-08
1.462617078443653681e-08
1.522193955504278286e-08
1.574145615856171717e-08
1.617721095367401876e-08
1.652285446757763025e-08
1.677331063800959811e-08
1.692486595796385055e-08
1.697524698454783681e-08
1.692364335289552374e-08
1.677073097538940680e-08
1.651865380308503234e-08
1.617098111905849801e-08
1.573263599942977057e-08
1.520981198649782647e-08
1.460984087989979603e-08
1.394106644439258339e-08
1.321268742135651818e-08
1.243458682065097508e-08
1.161716061888367706e-08
1.077111831449823344e-08
9.907301096597434572e-09
9.036489593391256589e-09
8.169217805379451824e-09
7.315593503573740617e-09
6.485135841014479409e-09
5.686614769563304080e-09
4.927920392172883485e-09
4.215945439388187088e-09
3.556490216281405148e-09
2.954193857578298828e-09
2.412483803975274409e-09
1.933556701187569012e-09
1.518381063128356183e-09
1.166725071747307294e-09
8.772090655829151962e-10
6.473782031338820461e-10
4.737977360596371823e-10
3.521652464173952267e-10
2.774385956802169037e-10
2.439766994520006525e-10
2.456892752208001304e-10
2.761932324957134272e-10
3.289715370376577119e-10
3.975314483132057659e-10
4.755586210755411927e-10
5.570642626582094091e-10
6.365211876707609491e-10
7.089873505308902372e-10
7.702133131127875903e-10
8.167317446630350003e-10
8.459279021755489587e-10
8.560878009043647420e-10
8.464257583178885972e-10
8.170889817712263605e-10
7.691400086326507361e-10
7.045172861083173474e-10
6.259755624220603288e-10
5.370057468774336980e-10
4.417384357509123621e-10
3.448314732681767145e-10
2.513447366598060716e-10
1.666050363967098611e-10
9.606342526970944615e-11
4.514897569922363978e-11
1.912146938220314062e-11
2.292652157907201430e-11
6.105626336686779930e-11
1.374186028565218815e-10
2.552179811498986361e-10
4.168502447584414632e-10
6.238139193927149392e-10
8.766404783736476814e-10
1.174843989573020988e-09
1.516893025660029593e-09
1.900204563218740667e-09
2.321160707299919872e-09
2.775147704779523578e-09
3.256619322361898992e-09
3.759177477025144791e-09
4.275676810204348271e-09
4.798345642877247357e-09
5.318922659969794189e-09
5.828811495180332815e-09
6.319238393520356869e-09
6.781425975260880543e-09
7.206768292714117269e-09
7.587008608682590441e-09
7.914414663020403113e-09
8.181955579135048149e-09
8.383458877891358517e-09
8.513768857340042693e-09
8.568885350804492222e-09
8.546086060304330532e-09
8.444036891014606227e-09
8.262868174115115126e-09
8.004241788472039801e-09
7.671387768831966080e-09
7.269116341025759019e-09
6.803810344014366413e-09
6.283380663215796476e-09
5.717208213013313131e-09
5.116055614537933828e-09
4.491956091579180455e-09
3.858084161737209052e-09
3.228599104868430556e-09
2.618478247822468647e-09
2.043331173706712808e-09
1.519202234695493946e-09
1.062363352331698352e-09
6.891012333662680900e-10
4.154994556072890855e-10
2.572225720511964083e-10
2.293023942583180862e-10
3.459309398816507342e-10
6.202632123026080054e-10
1.064232189913379911e-09
1.688379566644337390e-09
2.501704297186598967e-09
3.511531467676794909e-09
4.723402761112526011e-09
6.140994298549172389e-09
7.766053503655978204e-09
9.598368288263201384e-09
1.163576038263101584e-08
1.387410429991077949e-08
1.630738343999258930e-08
1.892775320490899257e-08
2.172564527537758590e-08
2.468990673731245291e-08
2.780791054247820882e-08
3.106577715240738607e-08
3.444849808068336082e-08
3.794019821810801716e-08
4.152433031297360614e-08
4.518386174348374666e-08
4.890159482015013291e-08
5.266030210645570965e-08
5.644306203659949739e-08
6.023345986488001566e-08
6.401576343936865174e-08
6.777527158303122713e-08
7.149837922890003409e-08
7.517293176485657222e-08
7.878824074712710608e-08
8.233539376597383837e-08
8.580733223818505129e-08
8.919888612870573015e-08
9.250703731102869597e-08
9.573077301967631976e-08
9.887130101209826991e-08
1.019319740144114855e-07
1.049181675784970569e-07
1.078374280162625748e-07
1.106991398314445686e-07
1.135146215384692035e-07
1.162968875378125711e-07
1.190603687053675539e-07
1.218209480750626695e-07
1.245954630207944177e-07
1.274017039454998387e-07
1.302580502083072891e-07
1.331830772863325497e-07
1.361955308997057439e-07
1.393137246988282582e-07
1.425555087919385741e-07
1.459378541855608769e-07
1.494764246281611266e-07
1.531855770424778091e-07
1.570777396887402820e-07
1.611634468717292534e-07
1.654509648275909922e-07
1.699459200911774649e-07
1.746514286082528084e-07
1.795675396559117738e-07
1.846914362053503954e-07
1.900171868060676412e-07
1.955355091589710678e-07
2.012341144520997895e-07
2.070972761019296818e-07
2.131063275369151246e-07
2.192392871655149536e-07
2.254713990709145638e-07
2.317751304796247741e-07
2.381201779211034085e-07
2.444741667107222008e-07
2.508024004927558252e-07
2.570686429477500440e-07
2.632352615762457071e-07
2.692633666108409843e-07
2.751137116262376050e-07
2.807465010223720814e-07
2.861223340580400938e-07
2.912024058004007686e-07
2.959486843873520219e-07
3.003248983040364527e-07
3.042962969349162177e-07
3.078306264228333601e-07
3.108982656425516408e-07
3.134723212692634252e-07
3.155295553581853460e-07
3.170499893761555892e-07
3.180177657777231831e-07
3.184211026863535921e-07
3.182521996495057280e-07
3.175079711700319519e-07
3.161894204004424373e-07
3.143023562722225442e-07
3.118566691618945470e-07
3.088668522397970934e-07
3.053516043037142111e-07
3.013333977270308249e-07
2.968388277066956648e-07
2.918976740894094557e-07
2.865431519135429459e-07
2.808113014986522060e-07
2.747403716387272759e-07
2.683709302447299462e-07
2.617448188069205047e-07
2.549052063085116056e-07
2.478958860973989903e-07
2.407606018073440567e-07
2.335430363545994515e-07
2.262858163837312167e-07
2.190305047828037872e-07
2.118169638355295995e-07
2.046827807863188993e-07
1.976632858259443839e-07
1.907907653075197308e-07
1.840945400432561800e-07
1.776005403398495259e-07
1.713309634246098729e-07
1.653044487664998799e-07
1.595356058797957612e-07
1.540352818367397792e-07
1.488104274777873379e-07
1.438640456012282490e-07
1.391955801537129578e-07
1.348007726052295889e-07
1.306721375750783166e-07
1.267991026842700033e-07
1.231682093629635692e-07
1.197636774369928531e-07
1.165675051047917329e-07
1.135601075713524792e-07
1.107204733787948778e-07
1.080267896912098619e-07
1.054567673923452421e-07
1.029879776446027714e-07
1.005984508069896663e-07
9.826685270105311352e-08
9.597304069177556146e-08
9.369832515104393162e-08
9.142570964003997630e-08
8.914033303709865979e-08
8.682951078535342411e-08
8.448308470289340671e-08
8.209348911398710936e-08
7.965577852482494675e-08
7.716781267854177493e-08
7.463007845252938259e-08
7.204576765960024987e-08
6.942060167929777078e-08
6.676262176966685239e-08
6.408211055236210261e-08
6.139121237449904592e-08
5.870377417314251581e-08
5.603498639226343346e-08
5.340101253941485365e-08
5.081874049535355276e-08
4.830531308566261772e-08
4.587786886723899750e-08
4.355308103138010468e-08
4.134688896609960463e-08
3.927412362966169540e-08
3.734816573248360057e-08
3.558072899614882814e-08
3.398153220435164426e-08
3.255815171528554647e-08
3.131582446329366769e-08
3.025730575815322307e-08
2.938285450304088541e-08
2.869015593982006032e-08
2.817441200724969577e-08
2.782841170963039071e-08
2.764265875369965563e-08
2.760562001549267975e-08
2.770392212867188769e-08
2.792269752889549583e-08
2.824590625925409072e-08
2.865669581560055564e-08
2.913786279122270896e-08
2.967223774011298621e-08
3.024319463753065418e-08
3.083510390712068458e-08
3.143378883550702652e-08
3.202705475621905447e-08
3.260509618203416056e-08
3.316099999557025752e-08
3.369114797552886868e-08
3.419558488394359612e-08
3.467842870376261026e-08
3.514811386306421485e-08
3.561770602572099648e-08
3.610507900302229304e-08
3.663302955386761847e-08
3.722941481877557906e-08
3.792709413205925535e-08
3.876394299093368417e-08
3.978265710340208252e-08
4.103062364753424929e-08
4.255963721476974867e-08
4.442554766846851693e-08
4.668794881099876034e-08
4.940965902495055741e-08
5.265630776878421604e-08
5.649577480009085037e-08
6.099757935450402366e-08
6.623237227200913946e-08
7.227120291653294419e-08
7.918498337281117082e-08
8.704380740615320789e-08
9.591624491518633828e-08
1.058688518765226859e-07
1.169653882921501141e-07
1.292663925364016201e-07
1.428285740027625230e-07
1.577041996290890417e-07
1.739408630052781154e-07
1.915808014991847520e-07
2.106608093772053491e-07
2.312118603202489045e-07
2.532587218547124113e-07
2.768201755222239885e-07
3.019084959216313258e-07
3.285299304897360819e-07
3.566842331848466148e-07
3.863652829966290471e-07
4.175610922418031097e-07
4.502537590255948762e-07
4.844204332872569056e-07
5.200328894650296408e-07
5.570586507722223221e-07
5.954611476677764678e-07
6.351997605573380970e-07
6.762312373173702238e-07
7.185090861590575537e-07
7.619850872043700729e-07
8.066093918810315881e-07
8.523304403972516405e-07
8.990966758675772083e-07
9.468554970024953792e-07
9.955549947042844448e-07
1.045143766395856510e-06
1.095570493285518869e-06
1.146785797916283199e-06
1.198740535947325282e-06
1.251387628409147839e-06
1.304681427991256448e-06
1.358576818544384665e-06
1.413031138131905840e-06
1.468001699405341991e-06
1.523447686241136168e-06
1.579329031425866805e-06
1.635605029989859206e-06
1.692236370692648572e-06
1.749181919584641698e-06
1.806400776125314327e-06
1.863850761136125035e-06
1.921486671839500896e-06
1.979262584510299717e-06
2.037128067157285343e-06
2.095031046114074608e-06
2.152913855878823081e-06
2.210715866526537727e-06
2.268371782053381798e-06
2.325809775092941349e-06
2.382954559632139743e-06
2.439723206573049785e-06
2.496028456648307373e-06
2.551777160369692630e-06
2.606868599936675393e-06
2.661198346225578601e-06
2.714654041902863503e-06
2.767119543128552498e-06
2.818473644845545870e-06
2.868588715577515729e-06
2.917335390541717224e-06
2.964578412137304039e-06
3.010181585408822998e-06
3.054006789577795333e-06
3.095912904427418846e-06
3.135761210410242843e-06
3.173411237495977151e-06
3.208726335390869501e-06
3.241572821010423162e-06
3.271819029945448491e-06
3.299341122676205668e-06
3.324018780027831177e-06
3.345741727781143802e-06
3.364405313232311101e-06
3.379916327928967785e-06
3.392191909419501200e-06
3.401158332465998334e-06
3.406756695077105696e-06
3.408938067821688246e-06
3.407668998496678506e-06
3.402929931109765630e-06
3.394713527573525927e-06
3.383029801655686562e-06
3.367900738424240163e-06
3.349365147131849525e-06
3.327476465404358682e-06
3.302300512361216646e-06
3.273919831143850070e-06
3.242427836025950802e-06
3.207932849137353451e-06
3.170555337857901924e-06
3.130425180694601738e-06
3.087685178124047884e-06
3.042484964430388635e-06
2.994984267303586682e-06
2.945349810007428524e-06
2.893752343209380361e-06
2.840369478159359907e-06
2.785379738012174855e-06
2.728965252369941421e-06
2.671308681190052795e-06
2.612590370218315320e-06
2.552990788402225446e-06
2.492685138599609919e-06
2.431845786967828337e-06
2.370639588297480769e-06
2.309225521551668738e-06
2.247757035323807140e-06
2.186377568563634662e-06
2.125223404857801470e-06
2.064419620106778354e-06
2.004082580205468512e-06
1.944318275428080365e-06
1.885221001944656691e-06
1.826875907148378560e-06
1.769356043509000152e-06
1.712725045409281063e-06
1.657036251555160296e-06
1.602332141904707328e-06
1.548647033229353782e-06
1.496005121090566454e-06
1.444423246092637382e-06
1.393910635441600461e-06
1.344468889197563355e-06
1.296094646157225858e-06
1.248778325148395780e-06
1.202506753470144327e-06
1.157263225513745414e-06
1.113027721401198902e-06
1.069779275142100370e-06
1.027495055151373540e-06
9.861525813039069693e-07
9.457297733567364053e-07
9.062050852946678578e-07
8.675593268134230087e-07
8.297747705288936621e-07
7.928368945869347057e-07
7.567334432678592104e-07
7.214557456580926927e-07
6.869983841658710857e-07
6.533588988399386706e-07
6.205386654818793709e-07
5.885417994850583562e-07
5.573758170932846902e-07
5.270510052009966210e-07
4.975798361557561506e-07
4.689772848159084594e-07
4.412596625057905441e-07
4.144448044215336821e-07
3.885513100821806809e-07
3.635978635372473530e-07
3.396032505973422265e-07
3.165853364854632490e-07
2.945610737877722325e-07
2.735458735649248347e-07
2.535530952696390632e-07
2.345940758939706926e-07
2.166774888820935189e-07
1.998094722506793256e-07
1.839933696523112565e-07
1.692296110003440069e-07
1.555160022493678050e-07
1.428476153844934435e-07
1.312172318646240684e-07
1.206155679137755077e-07
1.110316262876051050e-07
1.024533405931504651e-07
9.486797941556818393e-08
8.826292362206492680e-08
8.262630725121552306e-08
7.794773509315081632e-08
7.421918609661535478e-08
7.143573123679210582e-08
6.959649259698872325e-08
6.870539808174727541e-08
6.877212003803340775e-08
6.981286833917363324e-08
7.185115105871422399e-08
7.491860866955114752e-08
7.905560274958805568e-08
8.431191904782578788e-08
9.074726230564045308e-08
9.843164052074110762e-08
1.074458010718492794e-07
1.178813112952006817e-07
1.298407693247130584e-07
1.434377215654242021e-07
1.587964138431542550e-07
1.760516569469374823e-07
1.953481778121825874e-07
2.168402379405391254e-07
2.406908556531270394e-07
2.670708387105814363e-07
2.961581102984168536e-07
3.281362905524395079e-07
3.631938424260548979e-07
4.015226817122559722e-07
4.433166031850485229e-07
4.887703232324392963e-07
5.380774252139871390e-07
5.914294639680177404e-07
6.490137204051010847e-07
7.110122779322182169e-07
7.776002206944921921e-07
8.489436735874625195e-07
9.251991900224065356e-07
1.006511204023137980e-06
1.093011634003338808e-06
1.184818179297105968e-06
1.282032459522458894e-06
1.384740236971207878e-06
1.493008758350669041e-06
1.606887346234813063e-06
1.726406038397303755e-06
1.851574036817650888e-06
1.982381154596334380e-06
2.118795090618839436e-06
2.260763332371265545e-06
2.408212213359661859e-06
2.561045708061745653e-06
2.719148313999688363e-06
2.882382112692366893e-06
3.050590115617161224e-06
3.223595621806609608e-06
3.401201211622767410e-06
3.583193078986007272e-06
3.769337569814698177e-06
3.959385921200550945e-06
4.153073651682572521e-06
4.350119478682104414e-06
4.550230966717460582e-06
4.753100158889510176e-06
4.958409543594144728e-06
5.165830335662499388e-06
5.375025953312189040e-06
5.585646354776189389e-06
5.797339097177527316e-06
6.009743752479610944e-06
6.222494534541580166e-06
6.435223268706010370e-06
6.647552295341646456e-06
6.859107249569231169e-06
7.069510000304484303e-06
7.278381376534690234e-06
7.485344220295491718e-06
7.690014824644940679e-06
7.892017354755746566e-06
8.090975330437242001e-06
8.286517025185399012e-06
8.478265842098023914e-06
8.665856023531858489e-06
8.848923107371726507e-06
9.027106941572208892e-06
9.200055013487428058e-06
9.367411761769925928e-06
9.528835861907015268e-06
9.683989672202955622e-06
9.832542589926766382e-06
9.974174699351801539e-06
1.010856537054483831e-05
1.023541200230351773e-05
1.035441878330812726e-05
1.046530047410819767e-05
1.056778642551069316e-05
1.066160878321180981e-05
1.074652240801517239e-05
1.082229321542166504e-05
1.088870233499402940e-05
1.094555040935139487e-05
1.099264561900651961e-05
1.102982429570828342e-05
1.105693898889812803e-05
1.107386278995909497e-05
1.108049366197544973e-05
1.107674237403828922e-05
1.106255313919875302e-05
1.103789144626803459e-05
1.100274820333712691e-05
1.095714373241922828e-05
1.090111561517247635e-05
1.083473858712123848e-05
1.075811212276305905e-05
1.067136400586161948e-05
1.057465360234789400e-05
1.046815961252479326e-05
1.035209848270692243e-05
1.022671177145161455e-05
1.009226882160084134e-05
9.949069020049310045e-06
9.797429535828046371e-06
9.637701677132639547e-06
9.470258191760281787e-06
9.295494887463459123e-06
9.113831779774997949e-06
8.925701044894544635e-06
8.731561020717520786e-06
8.531883764799511407e-06
8.327155698657073626e-06
8.117877781519732217e-06
7.904554067074671904e-06
7.687703355588357230e-06
7.467847485274660684e-06
7.245511294228315206e-06
7.021222167815790403e-06
6.795499694411186577e-06
6.568865243868677319e-06
6.341831539660131900e-06
6.114902371345487714e-06
5.888571981037793492e-06
5.663316313524497033e-06
5.439600958518209528e-06
5.217872500002158484e-06
4.998558428309625544e-06
4.782066819285724059e-06
4.568779549010334250e-06
4.359059061233141530e-06
4.153241813677457220e-06
3.951639804161421997e-06
3.754535471659099455e-06
3.562187790172310993e-06
3.374827446432404918e-06
3.192657825324614102e-06
3.015855866064876364e-06
2.844568982568426209e-06
2.678920500668734758e-06
2.519006826693668662e-06
2.364899043707736291e-06
2.216644383779678415e-06
2.074264828840335548e-06
1.937761921681773579e-06
1.807115509707210531e-06
1.682285705803491320e-06
1.563214703022063931e-06
1.449826543544747548e-06
1.342031198079286425e-06
1.239724336622452688e-06
1.142789309380662707e-06
1.051098952067582422e-06
9.645159688619023415e-07
8.828961385404342489e-07
8.060885728828463955e-07
7.339373984451582753e-07
6.662832477573876196e-07
6.029637961312051386e-07
5.438160232501675625e-07
4.886765556640717687e-07
4.373828622716002894e-07
3.897742732314538880e-07
3.456923996028539827e-07
3.049825207729965017e-07
2.674938147565646271e-07
2.330800634445524146e-07
2.016002256903429173e-07
1.729186815566212913e-07
1.469059648180092910e-07
1.234388856136396137e-07
1.024009021538774382e-07
8.368242272053002252e-08
6.718097532054474269e-08
5.280159270815451138e-08
4.045695377936135872e-08
3.006765205185448011e-08
2.156245357754056782e-08
1.487854246577519056e-08
9.961849131864631712e-09
6.767338751409227011e-09
5.259363226004737120e-09
5.412036735605661945e-09
7.209634701962848205e-09
1.064703285223768803e-08
1.573015916630463929e-08
2.247647212182637030e-08
3.091545914280180731e-08
4.108910581828005842e-08
5.305242880448563029e-08
6.687393340725279481e-08
8.263609628435817561e-08
1.004357096499240163e-07
1.203843606373611215e-07
1.426086704736243726e-07
1.672505417474622349e-07
1.944673454746919786e-07
2.244317761261382827e-07
2.573320302042363665e-07
2.933714257741405941e-07
3.327680877240973152e-07
3.757545293693948576e-07
4.225766338786485892e-07
4.734933204403021913e-07
5.287751999083014367e-07
5.887034581063961472e-07
6.535686322163205772e-07
7.236684488318368081e-07
7.993069654390300713e-07
8.807920857244870599e-07
9.684336200665084971e-07
1.062541298704586445e-06
1.163421419323765040e-06
1.271375762509332107e-06
1.386698039430033733e-06
1.509671401694798725e-06
1.640566030743153069e-06
1.779634805610321353e-06
1.927112623473548475e-06
2.083212097452501479e-06
2.248121060182759081e-06
2.422000323575249154e-06
2.604978778073122169e-06
2.797153995407573794e-06
2.998587643851954353e-06
3.209303684917341494e-06
3.429287017047829571e-06
3.658478483409912890e-06
3.896777703823884188e-06
4.144038665647798533e-06
4.400069287366585371e-06
4.664631590377490203e-06
4.937436989079154987e-06
5.218152152369535422e-06
5.506395049782739395e-06
5.801736342101374367e-06
6.103701472848154361e-06
6.411766366228794961e-06
6.725366779532267773e-06
7.043894784506191278e-06
7.366702096606258858e-06
7.693104106856848734e-06
8.022375795899361816e-06
8.353764588249846173e-06
8.686486920639248732e-06
9.019733234783514238e-06
9.352673583834317114e-06
9.684453286966004167e-06
1.001420884686314085e-05
1.034106400566148334e-05
1.066413580943221537e-05
1.098254112869417187e-05
1.129539142214477900e-05
1.160181093697182239e-05
1.190093156254369583e-05
1.219189921243860743e-05
1.247388047194796042e-05
1.274605586619265470e-05
1.300763939768935211e-05
1.325787161128694361e-05
1.349602842173021240e-05
1.372141288336099429e-05
1.393337512697521196e-05
1.413130374912398155e-05
1.431463105350938022e-05
1.448283824832082421e-05
1.463544523397389536e-05
1.477203033448625907e-05
1.489221958637308245e-05
1.499569079914753750e-05
1.508217745918455478e-05
1.515145674753733867e-05
1.520336850009055764e-05
1.523780272441899265e-05
1.525470244928768005e-05
1.525406635127312726e-05
1.523593551962858896e-05
1.520041130832915205e-05
1.514764168474402913e-05
1.507782306010527612e-05
1.499120186351700204e-05
1.488806074988597914e-05
1.476873516944878065e-05
1.463359928279982240e-05
1.448306706995891431e-05
1.431759316307481399e-05
1.413765921629051329e-05
1.394378908792851341e-05
1.373653503108855414e-05
1.351647836403341372e-05
1.328422984246732105e-05
1.304041679660062435e-05
1.278569681460475603e-05
1.252074477302871943e-05
1.224625325388583013e-05
1.196293263426110792e-05
1.167149940341399205e-05
1.137268820093370046e-05
1.106724005280335878e-05
1.075590260236975415e-05
1.043942998236882194e-05
1.011857252528058407e-05
9.794087001373156688e-06
9.466726244102586114e-06
9.137239182594283812e-06
8.806370495175173499e-06
8.474851778834425014e-06
8.143409890524091384e-06
7.812758028600668095e-06
7.483595548585609953e-06
7.156607406510811886e-06
6.832456786435326613e-06
6.511791580361527651e-06
6.195236954122700771e-06
5.883394995364876406e-06
5.576844031631814441e-06
5.276132719557189258e-06
4.981784876958740583e-06
4.694293580156161640e-06
4.414121618919882945e-06
4.141696783561048750e-06
3.877415650167455182e-06
3.621638958652894109e-06
3.374691415787996812e-06
3.136861324712529069e-06
2.908397428475944806e-06
2.689511826331118474e-06
2.480377024490908622e-06
2.281126204695253788e-06
2.091853422062905808e-06
1.912612051517553119e-06
1.743417346282090702e-06
1.584245188376759861e-06
1.435033068853513297e-06
1.295681083106964409e-06
1.166051941065993808e-06
1.045973594670788846e-06
9.352395945644791790e-07
8.336109031629607793e-07
7.408177721682512929e-07
6.565611342649263180e-07
5.805155459359342950e-07
5.123308915677751696e-07
4.516349665083759827e-07
3.980361276097625171e-07
3.511257197732351787e-07
3.104813508980799553e-07
2.756695191163156049e-07
2.462487102146897687e-07
2.217725216761949180e-07
2.017926406709678353e-07
1.858622501028901581e-07
1.735390387049136121e-07
1.643884101169107508e-07
1.579866474788758608e-07
1.539238939928139131e-07
1.518073385556913718e-07
1.512640392563555865e-07
1.519437804737100545e-07
1.535218046110412767e-07
1.557012747411635039e-07
1.582158389017158459e-07
1.608317664544502148e-07
1.633500283973941488e-07
1.656081826974377254e-07
1.674819140951266402e-07
1.688866308574125982e-07
1.697785616336370485e-07
1.701557561564221237e-07
1.700588484150186210e-07
1.695714377029446231e-07
1.688205048625773526e-07
1.679763021525926994e-07
1.672521371539323448e-07
1.669039108104307093e-07
1.672292774931248145e-07
1.685668369880696411e-07
1.712948203844546577e-07
1.758296823243918256e-07
1.826244718301998045e-07
1.921668415492481733e-07
2.049771347666625762e-07
2.216059854149890268e-07
2.426318664036006002e-07
2.686584671733885667e-07
3.003116875092358362e-07
3.382368703148854690e-07
3.830954780195375995e-07
4.355618838860676850e-07
4.963196540501979805e-07
5.660583453235517161e-07
6.454695532474443589e-07
7.352431572219897878e-07
8.360635343895044927e-07
9.486050552049449461e-07
1.073528724476399264e-06
1.211477560047406405e-06
1.363072497704578305e-06
1.528908370892872637e-06
1.709548721359098689e-06
1.905522816151904536e-06
2.117320487001537712e-06
2.345388046047440270e-06
2.590124412031650258e-06
2.851875375712443537e-06
3.130931674026708937e-06
3.427523480538507390e-06
3.741816805278081534e-06
4.073910276856948822e-06
4.423829111255538127e-06
4.791525103716606704e-06
5.176871083513595640e-06
5.579658431756133397e-06
5.999595185638347660e-06
6.436300113313862542e-06
6.889305642760357099e-06
7.358052736264399197e-06
7.841890298519297689e-06
8.340075385979466504e-06
8.851767921218103884e-06
9.376037627379269916e-06
9.911859858810479867e-06
1.045811769653463757e-05
1.101360502849654418e-05
1.157702245211759951e-05
1.214698912344899136e-05
1.272204001005783583e-05
1.330063129085366265e-05
1.388114683662088873e-05
1.446189567009292559e-05
1.504112920044709270e-05
1.561704008216995045e-05
1.618777110221885366e-05
1.675142509995081134e-05
1.730606395356687870e-05
1.784973095423429590e-05
1.838045096667880864e-05
1.889624232822744088e-05
1.939512955210877986e-05
1.987514324311367175e-05
2.033434646917682339e-05
2.077083531905109064e-05
2.118275257742112540e-05
2.156830179668033261e-05
2.192574695317555896e-05
2.225344078687666277e-05
2.254982430743920506e-05
2.281344336687139780e-05
2.304294695719794232e-05
2.323711522016762653e-05
2.339485686249252662e-05
2.351522098653135507e-05
2.359740832103303303e-05
2.364076628752939229e-05
2.364481402696048202e-05
2.360923571124771446e-05
2.353388826788464460e-05
2.341880799184271902e-05
2.326420098366410160e-05
2.307046264808054569e-05
2.283816575765537768e-05
2.256806245434805720e-05
2.226108480478803173e-05
2.191832998381109830e-05
2.154107258906401101e-05
2.113074726788519392e-05
2.068894441980753126e-05
2.021740438436917718e-05
1.971799784592932945e-05
1.919273062289258169e-05
1.864372186258731804e-05
1.807319416389686911e-05
1.748346240900624591e-05
1.687691104301316085e-05
1.625599244492776873e-05
1.562320283730423708e-05
1.498106878878868199e-05
1.433213289998534282e-05
1.367893056284305711e-05
1.302398426317219198e-05
1.236978014630796880e-05
1.171875374053029413e-05
1.107327549009030658e-05
1.043563007779480344e-05
9.808009766516910335e-06
9.192494810200436893e-06
8.591041564413748484e-06
8.005471061677526198e-06
7.437453886074523817e-06
6.888505811023857740e-06
6.359974921716630601e-06
5.853035033125919959e-06
5.368680149080691574e-06
4.907717301178029820e-06
4.470767357388644655e-06
4.058260994374460061e-06
3.670439700127367981e-06
3.307358256576642313e-06
2.968887151233217121e-06
2.654720757688383237e-06
2.364383464394732937e-06
2.097239794645689561e-06
1.852506311814242365e-06
1.629264500299136869e-06
1.426477860055871953e-06
1.243008874532346658e-06
1.077639226761179228e-06
9.290920232001987746e-07
7.960556638805844383e-07
6.772109788077623438e-07
5.712594814487698259e-07
4.769544434210148307e-07
3.931341744516463064e-07
3.187573956390674629e-07
2.529414088329670777e-07
1.950021678780011452e-07
1.444970146307173800e-07
1.012697160803774661e-07
6.549813245650524145e-08
3.774418567312958539e-08
1.900642522479027685e-08
1.077508675687078309e-08
1.508966120263331227e-08
3.459898419389813603e-08
7.262380379945371934e-08
1.332218153877591008e-07
2.212551283515945018e-07
3.424599782495814710e-07
5.035188782851092829e-07
7.121347594528852399e-07
9.771072033041967532e-07
1.308410651027425054e-06
1.717273673547970132e-06
2.216260847972296649e-06
2.819354753484634281e-06
3.542039406707169319e-06
4.401384638700427087e-06
5.416128679508250333e-06
6.606764543237926284e-06
7.995622104629321631e-06
9.606950980676250078e-06
1.146700267265632858e-05
1.360410540648781414e-05
1.604874661462670027e-05
1.883364240768974461e-05
2.199380805552283142e-05
2.556662555015044562e-05
2.959189449407215714e-05
3.411189983202905801e-05
3.917145126551432416e-05
4.481792622011936789e-05
5.110130764559589901e-05
5.807419046724381063e-05
6.579182341996256606e-05
7.431209760533839229e-05
8.369554574360286027e-05
9.400533463342828602e-05
1.053072045796471409e-04
1.176694773415150710e-04
1.311629723212687899e-04
1.458609481737589795e-04
1.618390374932556993e-04
1.791750977284139079e-04
1.979491847369597502e-04
2.182433778031236558e-04
2.401416559370765495e-04
2.637297694910889934e-04
2.890949857574402954e-04
3.163260394454532718e-04
3.455128538793485432e-04
3.767463543111169728e-04
4.101182818301450563e-04
4.457208246285294505e-04
4.836465718556436327e-04
5.239881270649237666e-04
5.668379202667052277e-04
6.122877476226121348e-04
6.604287581014110873e-04
7.113509843492845080e-04
7.651430886307525065e-04
8.218921270031790891e-04
8.816829822847920863e-04
9.445984421436503034e-04
1.010718638390864120e-03
1.080120802407023807e-03
1.152879052160369656e-03
1.229063733686659460e-03
1.308741657209313214e-03
1.391975462680019020e-03
1.478823428218150595e-03
1.569339324504392865e-03
1.663571682960292243e-03
1.761564261470187701e-03
1.863355354318308984e-03
1.968977697864361144e-03
2.078458435864725430e-03
2.191818329790920158e-03
2.309072522370177617e-03
2.430229804352297338e-03
2.555292655020480804e-03
2.684257353623675270e-03
2.817113138592033678e-03
2.953843325093734751e-03
3.094424529658284378e-03
3.238826869620211116e-03
3.387014240859519219e-03
3.538943419189821867e-03
3.694565568733664679e-03
3.853825410057757674e-03
4.016661584196460667e-03
4.183007097524504836e-03
4.352788342718305788e-03
4.525927010778673862e-03
4.702339171881180120e-03
4.881935789374445590e-03
5.064623312211490903e-03
5.250302577913884376e-03
5.438871116372588285e-03
5.630222098620104969e-03
5.824244967957116492e-03
6.020826142826003584e-03
6.219847753699510491e-03
6.421190305559136384e-03
6.624731441744302618e-03
6.830346646852052117e-03
7.037910011868097303e-03
7.247292753925646536e-03
7.458366190277781506e-03
7.671000264949517054e-03
7.885064274107322566e-03
8.100427643231889949e-03
8.316958185103745863e-03
8.534525333511054981e-03
8.752998390815704133e-03
8.972247232347877952e-03
9.192143053268783323e-03
9.412556336035850929e-03
9.633360297460896726e-03
9.854428834783981669e-03
1.007563718055802700e-02
1.029686259342090827e-02
1.051798202979195573e-02
1.073887577150312370e-02
1.095942507386249952e-02
1.117951339993570985e-02
1.139902387026500361e-02
1.161784302354752947e-02
1.183585824766684308e-02
1.205295834250689167e-02
1.226903411606446344e-02
1.248397559757945426e-02
1.269767596554478156e-02
1.291002875564326371e-02
1.312092840956840568e-02
1.333027085997278913e-02
1.353795057261207579e-02
1.374386465540398776e-02
1.394790991399946778e-02
1.414998343224436496e-02
1.434998319255329120e-02
1.454780502488054600e-02
1.474334691521972905e-02
1.493650598716108821e-02
1.512717916210573089e-02
1.531526386174698537e-02
1.550065494124221177e-02
1.568324920840209052e-02
1.586294240400986169e-02
1.603962997966048437e-02
1.621320791639318734e-02
1.638356970591533721e-02
1.655061107270513684e-02
1.671422700780417561e-02
1.687431268038816490e-02
1.703076438300780288e-02
1.718347660050723730e-02
1.733234689923709645e-02
1.747727304199585621e-02
1.761815402014358864e-02
1.775489110589039549e-02
1.788738501860553942e-02
1.801554091375616451e-02
1.813926557644192361e-02
1.825846853018555857e-02
1.837306314671669286e-02
1.848296389027614950e-02
1.858809131073921664e-02
1.868836928666296748e-02
1.878372614188915032e-02
1.887409574037009902e-02
1.895941476769263251e-02
1.903962761511334215e-02
1.911468362674389673e-02
1.918453814217591785e-02
1.924915349415278962e-02
1.930849627841082702e-02
1.936254201341294431e-02
1.941127234481832692e-02
1.945467593565588030e-02
1.949274929161204720e-02
1.952549397824225944e-02
1.955292095734423655e-02
1.957504771662313403e-02
1.959189963737116222e-02
1.960350715532027319e-02
1.960990978854330880e-02
1.961115320312384683e-02
1.960728970512281774e-02
1.959837864993684009e-02
1.958448354304984096e-02
1.956567565644906984e-02
1.954203103982396147e-02
1.951363078898527698e-02
1.948056123476715404e-02
1.944291103057504966e-02
1.940077437256755230e-02
1.935424801989401797e-02
1.930343139051469287e-02
1.924842658917503072e-02
1.918933556313083891e-02
1.912626298391445837e-02
1.905931337091147995e-02
1.898859109884208640e-02
1.891420035498532840e-02
1.883624246732256563e-02
1.875481853506252156e-02
1.867002676604157668e-02
1.858196249751724316e-02
1.849071818628643046e-02
1.839638101848081395e-02
1.829903538591610632e-02
1.819876054445990557e-02
1.809563074675639427e-02
1.798971536146905248e-02
1.788107685845241948e-02
1.776977321615657440e-02
1.765585598435065115e-02
1.753937060369584883e-02
1.742035672273360355e-02
1.729884661784760261e-02
1.717486758573820438e-02
1.704844045318877968e-02
1.691958011821810548e-02
1.678829609065536632e-02
1.665459135897539786e-02
1.651846477778411842e-02
1.637991001684969625e-02
1.623891630967790392e-02
1.609546919392006517e-02
1.594954978549181085e-02
1.580113712341905952e-02
1.565020749951515772e-02
1.549673535237854755e-02
1.534069413737279911e-02
1.518205592217433675e-02
1.502079361037006802e-02
1.485688055155683258e-02
1.469029148158444188e-02
1.452100341778515130e-02
1.434899545798710985e-02
1.417425077873643233e-02
1.399675640103680355e-02
1.381650405863551513e-02
1.363349099939879100e-02
1.344771985782098646e-02
1.325920031928297382e-02
1.306794891355363662e-02
1.287398969585099376e-02
1.267735484270583572e-02
1.247808447804929846e-02
1.227622791284095280e-02
1.207184335700640238e-02
1.186499843929434209e-02
1.165576992938237993e-02
1.144424459700817305e-02
1.123051880387317993e-02
1.101469864572732216e-02
1.079689999694199813e-02
1.057724805493093917e-02
1.035587771372032014e-02
1.013293297619599111e-02
9.908566764004934566e-03
9.682940637683549318e-03
9.456224155965305828e-03
9.228594802332618433e-03
9.000237230339073677e-03
8.771342781539043232e-03
8.542108931183673218e-03
8.312738501746921860e-03
8.083439229684463712e-03
7.854422899981023526e-03
7.625904655352316007e-03
7.398102257988179581e-03
7.171235233340561045e-03
6.945524200273452131e-03
6.721189981533736042e-03
6.498452815806490118e-03
6.277531550588183809e-03
6.058642812990305652e-03
5.842000243892715890e-03
5.627813684006904675e-03
5.416288409733919541e-03
5.207624377431176697e-03
5.002015519968584963e-03
4.799649022132143790e-03
4.600704676074957034e-03
4.405354251648021212e-03
4.213760898157953814e-03
4.026078649454496033e-03
3.842451855149115782e-03
3.663014776700017263e-03
3.487891175766905712e-03
3.317193949501168193e-03
3.151024896954729339e-03
2.989474383393320341e-03
2.832621214010640816e-03
2.680532485449796040e-03
2.533263490712998889e-03
2.390857761771771669e-03
2.253346999266584230e-03
2.120751221576752318e-03
1.993078882073147286e-03
1.870327037165037945e-03
1.752481641223487463e-03
1.639517728988864990e-03
1.531399800522172333e-03
1.428082167324903722e-03
1.329509339056905801e-03
1.235616513951656769e-03
1.146329963435129603e-03
1.061567584550159602e-03
9.812393965543608158e-04
9.052481316244939550e-04
8.334897273659486964e-04
7.658539524708173193e-04
7.022249844993660268e-04
6.424819991588290010e-04
5.864998082291473288e-04
5.341494098128816937e-04
4.852986266598218541e-04
4.398126936695593301e-04
3.975548402097594559e-04
3.583868921202729260e-04
3.221697967723709797e-04
2.887641952769426758e-04
2.580309431238374035e-04
2.298316120609943916e-04
2.040289886195314052e-04
1.804875064079960306e-04
1.590736932313716392e-04
1.396565686503465297e-04
1.221080140915561322e-04
1.063031244094018090e-04
9.212050406718917174e-05
7.944255652752580776e-05
6.815572905293503403e-05
5.815072695399984220e-05
4.932270226434480018e-05
4.157139818268557339e-05
3.480127576368901161e-05
2.892160365103674938e-05
2.384651936099171826e-05
1.949506509411174369e-05
1.579119068362036765e-05
1.266373675526039742e-05
1.004639042715826659e-05
7.877618624275841764e-06
6.100581162404274153e-06
4.663022163482376058e-06
3.517145823096164557e-06
2.619474936222567861e-06
1.930695306201915412e-06
1.415487901183648271e-06
1.042349710213346496e-06
7.834062239171161445e-07
6.142163570654538592e-07
5.135718735595375544e-07
4.632929688433969867e-07
4.480213565515690151e-07
4.550126629029745145e-07
4.739293092445380321e-07
4.966352943883525966e-07
5.169941829112592756e-07
5.306712163216122066e-07
5.349408699777122111e-07
5.285005700884119795e-07
5.112914618641579685e-07
4.843270284812838712e-07
4.495299226060868658e-07
4.095778451826042199e-07
3.677586233848412537e-07
3.278348774592878406e-07
2.939185321151228909e-07
2.703551150377766188e-07
2.616181018198589421e-07
2.722130763582549820e-07
3.065916396444689462e-07
3.690749208755821022e-07
4.637862797541164514e-07
5.945930853856813117e-07
7.650570357929103882e-07
9.783928350345532022e-07
1.237434397251963237e-06
1.544608604505541745e-06
1.901915781596210525e-06
2.310916435103798152e-06
2.772724247014578406e-06
3.288003560726333616e-06
3.856972466174338384e-06
4.479409814677273219e-06
5.154666128900379840e-06
5.881677621963204339e-06
6.658984561583539113e-06
7.484748171178263199e-06
8.356775587192349149e-06
9.272542022639026983e-06
1.022921288532935635e-05
1.122367491790507606e-05
1.225255593703235999e-05
1.331225793142911830e-05
1.439898181534329177e-05
1.550875038232435969e-05
1.663744402995268558e-05
1.778081664902373706e-05
1.893453152977584667e-05
2.009418306640352227e-05
2.125531567739306186e-05
2.241346076516355918e-05
2.356414466463448577e-05
2.470292506975702091e-05
2.582540705514707369e-05
2.692725594466465399e-05
2.800423159371366003e-05
2.905220056537183868e-05
3.006714513368287861e-05
3.104520016446739007e-05
3.198264590141245312e-05
3.287594410001811981e-05
3.372174368993194777e-05
3.451688342496860148e-05
3.525842821328205350e-05
3.594365262601891865e-05
3.657007626435812065e-05
3.713546286232254231e-05
3.763781666980007607e-05
3.807541723973340865e-05
3.844679408409652386e-05
3.875076002501166215e-05
3.898640347684704849e-05
3.915307839893352029e-05
3.925043584454770030e-05
3.927839023029464403e-05
3.923714883935157350e-05
3.912719697356494756e-05
3.894928130513671216e-05
3.870443625264909803e-05
3.839394270235539663e-05
3.801935185292190981e-05
3.758246338726544235e-05
3.708530256916589053e-05
3.653013999488953229e-05
3.591944443509513014e-05
3.525589995565944713e-05
3.454237823493306806e-05
3.378191074215144724e-05
3.297770152848763077e-05
3.213307695973322204e-05
3.125149630416424547e-05
3.033652052902784222e-05
2.939178204206161258e-05
2.842099157052547213e-05
2.742788853711748584e-05
2.641624664868181773e-05
2.538984251016744977e-05
2.435242627312252320e-05
2.330772483635874931e-05
2.225939706382950689e-05
2.121103688072136780e-05
2.016614544141026455e-05
1.912810624196842967e-05
1.810018746796132003e-05
1.708550589228918375e-05
1.608703026832392275e-05
1.510756036671352913e-05
1.414970951338607541e-05
1.321590872466668508e-05
1.230838193577440070e-05
1.142915199357403466e-05
1.058002868447609160e-05
9.762600357708822423e-06
8.978241598499154172e-06
8.228100664397227873e-06
7.513109290270384497e-06
6.833980154888099570e-06
6.191207564134579163e-06
5.585079105595993574e-06
5.015674228862126443e-06
4.482877723880515812e-06
3.986385344184552228e-06
3.525711887293305910e-06
3.100205939704056358e-06
2.709056891076922488e-06
2.351310727538998292e-06
2.025881172600040518e-06
1.731562314432633677e-06
1.467044556086009363e-06
1.230926369648255261e-06
1.021730280808905706e-06
8.379162077289782400e-07
6.778953052508920235e-07
5.400448188101088399e-07
4.227207388810399368e-07
3.242717068451902527e-07
2.430513316938917264e-07
1.774302033767868999e-07
1.258075653993538208e-07
8.662167419009514585e-08
5.835980807604455284e-08
3.956711823744106070e-08
2.885466295207224648e-08
2.490654275570747834e-08
2.648596751487648693e-08
3.244042247843846067e-08
4.170580289717800525e-08
5.330955584789347252e-08
6.637292265309128395e-08
8.011212608970201013e-08
9.383877434060481057e-08
1.069593073166225572e-07
1.189735732275060914e-07
1.294728152855547131e-07
1.381366636928375441e-07
1.447297679243483956e-07
1.490976387223146380e-07
1.511619444787657023e-07
1.509156208105650795e-07
1.484172181005295973e-07
1.437853374055981451e-07
1.371925727326713090e-07
1.288593065580685582e-07
1.190476634571839721e-07
1.080550894375906166e-07
9.620832687129619444e-08
8.385726826449194102e-08
7.136901565576810037e-08
5.912231260741081235e-08
4.750202860602498172e-08
3.689416104621583919e-08
2.768105915176676151e-08
2.023707070326388152e-08
1.492464904088813350e-08
1.209081930340929191e-08
1.206415545614387783e-08
1.515217796556933768e-08
2.163921553576416984e-08
3.178474422049398623e-08
4.582216068399938375e-08
6.395796186360177215e-08
8.637143037121345742e-08
1.132145680585353959e-07
1.446125761033988171e-07
1.806645655090534808e-07
2.214444704881428824e-07
2.670025924374822215e-07
3.173668196300799541e-07
3.725446716602542707e-07
4.325250905760270313e-07
4.972801553129429892e-07
5.667677471625843929e-07
6.409329178360767375e-07
7.197107069841547144e-07
8.030279651163839032e-07
8.908048177132976809e-07
9.829576759787489449e-07
1.079399615081014860e-06
1.180043254231534043e-06
1.284801689106169918e-06
1.393588842736463022e-06
1.506322283698592674e-06
1.622921765219973848e-06
1.743311784894799541e-06
1.867421073848915481e-06
1.995181376247450264e-06
2.126529959732247947e-06
2.261405923257322739e-06
2.399752512281143349e-06
2.541515088997970651e-06
2.686638361646942548e-06
2.835068939740331629e-06
2.986749488905650674e-06
3.141621321035562537e-06
3.299621200415629711e-06
3.460677447496920977e-06
3.624713258751393845e-06
3.791639127090301752e-06
3.961356519460327066e-06
4.133754129229540916e-06
4.308703490370253020e-06
4.486063937828440645e-06
4.665673831397859537e-06
4.847356188874029005e-06
5.030915009054804832e-06
5.216131001368597432e-06
5.402768962290411206e-06
5.590568224850796555e-06
5.779250919518585152e-06
5.968518777168825885e-06
6.158049334457189185e-06
6.347506177081960246e-06
6.536528749921299958e-06
6.724743530913704079e-06
6.911761364044783132e-06
7.097174137195141239e-06
7.280567891292906432e-06
7.461511785352108551e-06
7.639572005585605198e-06
7.814309302694799899e-06
7.985275785701425604e-06
8.152030448358529947e-06
8.314126821447861404e-06
8.471129032348984723e-06
8.622608957388942731e-06
8.768142553216413159e-06
8.907327031448038657e-06
9.039766650314588227e-06
9.165090096862505908e-06
9.282946601750287859e-06
9.393001212741519169e-06
9.494952732739041112e-06
9.588517244251255439e-06
9.673445958400562361e-06
9.749519796202844719e-06
9.816543200628167213e-06
9.874362051495346926e-06
9.922844844413361960e-06
9.961900319232564185e-06
9.991470336089621103e-06
1.001152215856110247e-05
1.002206581432425101e-05
1.002313326888883465e-05
1.001479543330453807e-05
9.997153550398364712e-06
9.970330252694811079e-06
9.934486149717079427e-06
9.889797721656502463e-06
9.836473604743473150e-06
9.774745032921561332e-06
9.704856264698616459e-06
9.627080438789716019e-06
9.541697153142386873e-06
9.449008137412017846e-06
9.349327472243818563e-06
9.242972105229236960e-06
9.130277147895660966e-06
9.011574139428483196e-06
8.887206281048323685e-06
8.757519138025811822e-06
8.622851900243227695e-06
8.483552270217186285e-06
8.339956242759748813e-06
8.192402994734380284e-06
8.041226587117236317e-06
7.886748406345413112e-06
7.729291647299518190e-06
7.569163134521295187e-06
7.406667784362761114e-06
7.242101540713949413e-06
7.075745141017382840e-06
6.907878003265182619e-06
6.738762270262280683e-06
6.568656571242015531e-06
6.397810142708909527e-06
6.226457794204489439e-06
6.054832849631414861e-06
5.883153311923207886e-06
5.711634528323540725e-06
5.540484252767466680e-06
5.369898519129246491e-06
5.200073230797455335e-06
5.031192185057738134e-06
4.863438241594186000e-06
4.696989021434460109e-06
4.532013364765719229e-06
4.368681234033711591e-06
4.207153321038376210e-06
4.047590437921826743e-06
3.890149615739101802e-06
3.734980915245657913e-06
3.582234430390517703e-06
3.432056573824632789e-06
3.284587053725602102e-06
3.139965846741348214e-06
2.998325007939680487e-06
2.859795158698688398e-06
2.724502111257988930e-06
2.592564159706960030e-06
2.464097424799986429e-06
2.339209033201374493e-06
2.218002089609303029e-06
2.100572786122934990e-06
1.987008154210496929e-06
1.877390144573351570e-06
1.771790254648705192e-06
1.670273380491863052e-06
1.572895606247678950e-06
1.479702595834522891e-06
1.390732830565186078e-06
1.306013729520354793e-06
1.225564792070822691e-06
1.149396210137946064e-06
1.077508010603298898e-06
1.009892822840498583e-06
9.465334149016405682e-07
8.874054508537838417e-07
8.324769334972189732e-07
7.817080670748586600e-07
7.350537948786905449e-07
6.924625046488356803e-07
6.538785759571886242e-07
6.192424910597920705e-07
5.884912222540163763e-07
5.615606188345390250e-07
5.383848727316382330e-07
5.188988767714019777e-07
5.030386934972923620e-07
4.907421378387474648e-07
4.819509613297617746e-07
4.766105644310415792e-07
4.746720817441036538e-07
4.760928203793022363e-07
4.808366488396691339e-07
4.888758708532932830e-07
5.001906536923082650e-07
5.147707384802497612e-07
5.326154743379229545e-07
5.537336555636193161e-07
5.781450190899073155e-07
6.058789288814951168e-07
6.369756881017573556e-07
6.714858964611097297e-07
7.094694881255672430e-07
7.509969178634801315e-07
7.961467732046907386e-07
8.450068219186932349e-07
8.976725754813013136e-07
9.542454346725790658e-07
1.014833816921283711e-06
1.079549515748984585e-06
1.148508811911216849e-06
1.221830288638734061e-06
1.299632144166779245e-06
1.382033708843677796e-06
1.469150487817039421e-06
1.561095847980948690e-06
1.657978253169948945e-06
1.759897909100595130e-06
1.866949274233849159e-06
1.979214770376125024e-06
2.096767684708533390e-06
2.219669040969524534e-06
2.347963773585009649e-06
2.481684912886235964e-06
2.620845914674460434e-06
2.765445456494881075e-06
2.915464121647469075e-06
3.070860249055835790e-06
3.231576452955791372e-06
3.397530417445194363e-06
3.568622209809080797e-06
3.744730840290961295e-06
3.925709819284586656e-06
4.111396558911960290e-06
4.301601335427279739e-06
4.496117603210929457e-06
4.694718337703576956e-06
4.897151186774177157e-06
5.103151122009525785e-06
5.312427137068110583e-06
5.524675854893711759e-06
5.739577408556854986e-06
5.956789942433088389e-06
6.175965672547634564e-06
6.396734809714564247e-06
6.618722548949682219e-06
6.841544136910248358e-06
7.064798400508456744e-06
7.288087178258768157e-06
7.510995968348175800e-06
7.733114210034857316e-06
7.954029158044579017e-06
8.173318116704132795e-06
8.390571049098084812e-06
8.605367565504412134e-06
8.817300276337461311e-06
9.025967153439182585e-06
9.230962230691264228e-06
9.431901099455606451e-06
9.628394059953630086e-06
9.820072250553810612e-06
1.000657831012391534e-05
1.018755545307061434e-05
1.036267551333563544e-05
1.053160834572533653e-05
1.069405040529955935e-05
1.084971370124722616e-05
1.099831333030244082e-05
1.113959771704243562e-05
1.127331462604945194e-05
1.139924185350473947e-05
1.151717463921981822e-05
1.162691190573634596e-05
1.172828365063673139e-05
1.182113757283950252e-05
1.190532470431197156e-05
1.198073239826634137e-05
1.204724622860387013e-05
1.210478329964022922e-05
1.215327785491441917e-05
1.219266622048108340e-05
1.222292096886189344e-05
1.224401127457459160e-05
1.225593729627282468e-05
1.225871515253593379e-05
1.225236157870357517e-05
1.223692876037137464e-05
1.221246397296818548e-05
1.217904449762727251e-05
1.213676231618230318e-05
1.208570882943997847e-05
1.202600976245251907e-05
1.195778486684070312e-05
1.188118273897453313e-05
1.179636551796796426e-05
1.170349392962538152e-05
1.160276159097633920e-05
1.149435546840702923e-05
1.137848990389225931e-05
1.125539152802963051e-05
1.112528481354333086e-05
1.098842508021879881e-05
1.084506031183695946e-05
1.069546369254238773e-05
1.053991890016552637e-05
1.037870630229887350e-05
1.021213400738219337e-05
1.004050157015544349e-05
9.864130412150478710e-06
9.683349652757173987e-06
9.498483070247199349e-06
9.309877665423376908e-06
9.117869733103124339e-06
8.922812685310427090e-06
8.725063604185485195e-06
8.524971112552112950e-06
8.322901098038026625e-06
8.119205584827795185e-06
7.914247673136974546e-06
7.708389038655800871e-06
7.501978890533159592e-06
7.295376714593154814e-06
7.088924323394074711e-06
6.882967835551442482e-06
6.677846372694412764e-06
6.473882299694093764e-06
6.271401046665540452e-06
6.070706624864760134e-06
5.872100756076855384e-06
5.675873004866193739e-06
5.482292474037049670e-06
5.291624921544144509e-06
5.104111893962924651e-06
4.919987249103689669e-06
4.739468896003153437e-06
4.562752048823682236e-06
4.390023945056604924e-06
4.221446572512702159e-06
4.057170893028627241e-06
3.897330249878984594e-06
3.742035173293176661e-06
3.591386027260933861e-06
3.445459111665989284e-06
3.304318895326914377e-06
3.168013011179574658e-06
3.036568478395666954e-06
2.910002571024927115e-06
2.788311895754260502e-06
2.671482897898418059e-06
2.559488229203057712e-06
2.452284134516185743e-06
2.349819772338788272e-06
2.252028733202802279e-06
2.158838020107825009e-06
2.070165472592534911e-06
1.985917987314025648e-06
1.905999457172874220e-06
1.830304128966023094e-06
1.758724207066993771e-06
1.691147971947491953e-06
1.627458480881465506e-06
1.567540252027633319e-06
1.511273870477177403e-06
1.458542339570644241e-06
1.409229548869269920e-06
1.363219135680208947e-06
1.320400035411824785e-06
1.280661822343705932e-06
1.243899943525075902e-06
1.210014260855649299e-06
1.178907833650692391e-06
1.150491485799087244e-06
1.124679487035863403e-06
1.101393844237629229e-06
1.080562742961683545e-06
1.062119112870419360e-06
1.046004413950301341e-06
1.032164393917430226e-06
1.020552666427253212e-06
1.011128981678409160e-06
1.003857533798158129e-06
9.987102249289527786e-07
9.956623440278166044e-07
9.946957131408291734e-07
9.957967991012704041e-07
9.989547923305372440e-07
1.004164651295948279e-06
1.011422615492726632e-06
1.020729233873349499e-06
1.032087373301534914e-06
1.045500128382755580e-06
1.060973967119004100e-06
1.078514007739066333e-06
1.098127248578449464e-06
1.119820528833480619e-06
1.143598317651414162e-06
1.169466270463591321e-06
1.197426171097121357e-06
1.227479659411560509e-06
1.259626163153790176e-06
1.293860571390578777e-06
1.330177474389590911e-06
1.368565615894955537e-06
1.409012371101821050e-06
1.451501611215484985e-06
1.496011208754898793e-06
1.542517375742240233e-06
1.590992444938994473e-06
1.641402226582294807e-06
1.693711781900066361e-06
1.747878619439829347e-06
1.803858770860818560e-06
1.861604330580898296e-06
1.921060460310120625e-06
1.982172320657875474e-06
2.044877130952040835e-06
2.109111425513020432e-06
2.174808206099009927e-06
2.241893455491093350e-06
2.310294341899462851e-06
2.379929877405648030e-06
2.450719465911238768e-06
2.522579531876369265e-06
2.595419423768402886e-06
2.669150993389782325e-06
2.743677636149213604e-06
2.818904236093331103e-06
2.894733171607728507e-06
2.971059535015711704e-06
3.047782186913545184e-06
3.124791037619547129e-06
3.201978494708774008e-06
3.279234799641843458e-06
3.356442548033584362e-06
3.433489314605487760e-06
3.510253123907207838e-06
3.586615497194053013e-06
3.662456127456675134e-06
3.737646739867538600e-06
3.812065361004883061e-06
3.885580012118576599e-06
3.958063420633109832e-06
4.029387080190995395e-06
4.099414528876343100e-06
4.168017285074283593e-06
4.235056866398495471e-06
4.300401167375898868e-06
4.363917967490834742e-06
4.425467719058031629e-06
4.484921087520080751e-06
4.542139449675127981e-06
4.596992843192634531e-06
4.649352979831884304e-06
4.699085627251120803e-06
4.746069580233012357e-06
4.790175827382016074e-06
4.831286860519779224e-06
4.869289231525961421e-06
4.904065592907288221e-06
4.935514804692825865e-06
4.963529989389252552e-06
4.988018869079550032e-06
5.008895887290583574e-06
5.026073956094438255e-06
5.039485293472094345e-06
5.049058623118255974e-06
5.054740106955911911e-06
5.056485052663811444e-06
5.054249413721359754e-06
5.048010876069475182e-06
5.037745509108656411e-06
5.023448801581199643e-06
5.005126999858669432e-06
4.982788428881782389e-06
4.956464320793816469e-06
4.926185284775938011e-06
4.892001946832007419e-06
4.853976013291040251e-06
4.812171523103307946e-06
4.766674939879106984e-06
4.717571870564689944e-06
4.664966855105924814e-06
4.608974313600654501e-06
4.549709893026495221e-06
4.487309420837187121e-06
4.421906348923645081e-06
4.353650326608867548e-06
4.282698251257634596e-06
4.209205918739912871e-06
4.133345544776306463e-06
4.055284422887644346e-06
3.975202025017094509e-06
3.893281415325402619e-06
3.809701436850021116e-06
3.724652624729406097e-06
3.638317531605936164e-06
3.550886213265684618e-06
3.462548269441140225e-06
3.373485787823216688e-06
3.283887580917992566e-06
3.193931546096269857e-06
3.103798491135620528e-06
3.013665028763492022e-06
2.923697451156621712e-06
2.834064305366952150e-06
2.744921026218045770e-06
2.656422127914031982e-06
2.568715106157597280e-06
2.481935339142529263e-06
2.396217069828298704e-06
2.311680396620645040e-06
2.228441900333873361e-06
2.146609613405248463e-06
2.066278952346379626e-06
1.987542201620024000e-06
1.910477793518575997e-06
1.835159460096654853e-06
1.761652232396414753e-06
1.690009322656698350e-06
1.620280212847453898e-06
1.552502024845143953e-06
1.486707293971822689e-06
1.422920880748435455e-06
1.361157655130894341e-06
1.301429293521171753e-06
1.243737450569624528e-06
1.188080254506399974e-06
1.134449962911061086e-06
1.082831266081940434e-06
1.033206224566068346e-06
9.855522821875625821e-07
9.398408509860245324e-07
8.960422655082144539e-07
8.541211505809090294e-07
8.140411002012800906e-07
7.757631439725188391e-07
7.392446662149588360e-07
7.044433648907689116e-07
6.713135863914371974e-07
6.398100356159318439e-07
6.098865457798335662e-07
5.814951969762610612e-07
5.545894200481336055e-07
5.291210452103208697e-07
5.050431936712728862e-07
4.823092445832972677e-07
4.608720656004275600e-07
4.406864187456020096e-07
4.217065319243473601e-07
4.038883375262377488e-07
3.871885756465461057e-07
3.715640939829693451e-07
3.569737225744211651e-07
3.433762346589536676e-07
3.307321031381260891e-07
3.190027152966841817e-07
3.081497322409018848e-07
2.981365970788031663e-07
2.889267942610116121e-07
2.804852864900782203e-07
2.727778364047251766e-07
2.657704316723537947e-07
2.594305741859393015e-07
2.537257709835643264e-07
2.486247911114578634e-07
2.440970926899589539e-07
2.401123187315491520e-07
2.366414842914686065e-07
2.336556389721805780e-07
2.311270480561556815e-07
2.290287125021445236e-07
2.273339269877470489e-07
2.260174424612722196e-07
2.250542360879451087e-07
2.244206797507545191e-07
2.240941228652569808e-07
2.240524854410407507e-07
2.242754328367284145e-07
2.247431819121832649e-07
2.254376811095822581e-07
2.263422100263815263e-07
2.274409647063309081e-07
2.287202484842087391e-07
2.301672407781426420e-07
2.317711850411870042e-07
2.335229522861056048e-07
2.354145701516685773e-07
2.374404162223551360e-07
2.395958832963734891e-07
2.418785610021256430e-07
2.442877171252493881e-07
2.468237295394881055e-07
2.494892703506703083e-07
2.522878192808405177e-07
2.552248337663811571e-07
2.583071214373742241e-07
2.615421533884919519e-07
2.649392476506987670e-07
2.685079066478832072e-07
2.722589956742687040e-07
2.762040068351444939e-07
2.803542575914241087e-07
2.847221135628648943e-07
2.893191496566112414e-07
2.941573894187191832e-07
2.992484865227424096e-07
3.046028356137340554e-07
3.102309065026607939e-07
3.161412436052661130e-07
3.223418473914840066e-07
3.288393150619523886e-07
3.356379032249062228e-07
3.427410665183358427e-07
3.501493108629561944e-07
3.578618122977982139e-07
3.658755576836021433e-07
3.741843956995217766e-07
3.827808740851701532e-07
3.916539482026696967e-07
4.007909252834835024e-07
4.101766281272608585e-07
4.197924527249903521e-07
4.296185767479075147e-07
4.396315011345505669e-07
4.498063789501395871e-07
4.601161955415553140e-07
4.705308238184189960e-07
4.810196363974982735e-07
4.915488340032426372e-07
5.020841741517767704e-07
5.125901300892030062e-07
5.230289081836619967e-07
5.333634469925606318e-07
5.435544731949958716e-07
5.535635970332145576e-07
5.633523908275573962e-07
5.728813171602685250e-07
5.821130522199372095e-07
5.910092161459082125e-07
5.995337613067514005e-07
6.076519076596428432e-07
6.153289321809505718e-07
6.225337216730594753e-07
6.292351522543694781e-07
6.354056718277297181e-07
6.410200465570304259e-07
6.460539821112219741e-07
6.504877983160201076e-07
6.543024773220605758e-07
6.574833361348741810e-07
6.600185716903480064e-07
6.618977174308049220e-07
6.631153381408401924e-07
6.636668174222260264e-07
6.635520270988953618e-07
6.627736981644001143e-07
6.613357522186377462e-07
6.592469336911191382e-07
6.565164516016459627e-07
6.531575730190205392e-07
6.491858820917584399e-07
6.446175543917036952e-07
6.394723484552875566e-07
6.337718369359924564e-07
6.275376856593938012e-07
6.207950710660557195e-07
6.135683852203805284e-07
6.058846086953163857e-07
5.977715649438192670e-07
5.892562715865188550e-07
5.803681807221462677e-07
5.711351023418044605e-07
5.615864001901260265e-07
5.517513478565479496e-07
5.416576197408804884e-07
5.313343329317470665e-07
5.208082938649137778e-07
5.101069946306634178e-07
4.992571276840913823e-07
4.882832597782766281e-07
4.772106563970506846e-07
4.660619165981116107e-07
4.548597479717275461e-07
4.436256694174986968e-07
4.323788841439644059e-07
4.211388671722098886e-07
4.099224133716848588e-07
3.987461690575708907e-07
3.876255264800748296e-07
3.765736885648809529e-07
3.656040001638122505e-07
3.547274018288583692e-07
3.439546976213614510e-07
3.332956259161890168e-07
3.227580928775493476e-07
3.123502308558230862e-07
3.020782290474497239e-07
2.919483215496177240e-07
2.819660086040986050e-07
2.721354286264130902e-07
2.624611327005066360e-07
2.529462527712739051e-07
2.435942009705414301e-07
2.344080126475582838e-07
2.253898265481957127e-07
2.165423720776803135e-07
2.078674335807917515e-07
1.993672606600088976e-07
1.910440071455393969e-07
1.828992934179474764e-07
1.749354123464697050e-07
1.671540514638660152e-07
1.595574239187256602e-07
1.521477838404531694e-07
1.449270518688585091e-07
1.378977562454026734e-07
1.310619807816499375e-07
1.244222372074320294e-07
1.179810456483922139e-07
1.117406128820977454e-07
1.057035368656212730e-07
9.987195554264769192e-08
9.424819343512280686e-08
8.883440482488398494e-08
8.363230296181843284e-08
7.864366843145311878e-08
7.386968049605652375e-08
6.931138243219362512e-08
6.496939269934213539e-08
6.084369060735981242e-08
5.693397893510362650e-08
5.323918385019373663e-08
4.975779177518000011e-08
4.648763788283198664e-08
4.342575723791285383e-08
4.056865631783080997e-08
3.791196769915503855e-08
3.545071236736438161e-08
3.317917287038750916e-08
3.109081646116702644e-08
2.917852516198616746e-08
2.743438626978908605e-08
2.584992514935538310e-08
2.441606129317986582e-08
2.312310080883672122e-08
2.196095916549163369e-08
2.091905905204781138e-08
1.998655989023612804e-08
1.915238060584643045e-08
1.840524495667960540e-08
1.773390769824480268e-08
1.712712083991517089e-08
1.657386152739283101e-08
1.606339025074049784e-08
1.558531881783417545e-08
1.512982591099502987e-08
1.468764649143641291e-08
1.425027688920104375e-08
1.381002789005813925e-08
1.336007775814174619e-08
1.289464562059416534e-08
1.240896153982412895e-08
1.189941505826095715e-08
1.136356464033873003e-08
1.080014186147046440e-08
1.020914807560357328e-08
9.591776534402606141e-09
8.950474075250745808e-09
8.288883521998209852e-09
7.611780892880316085e-09
6.925075026336540548e-09
6.235675485729393560e-09
5.551456795305249984e-09
4.881135024701491637e-09
4.234143393555187145e-09
3.620542096751107356e-09
3.050849536452293164e-09
2.535928301613011113e-09
2.086822956215458848e-09
1.714602401718051644e-09
1.430218507144658377e-09
1.244334317184570219e-09
1.167180071675984344e-09
1.208396128948944000e-09
1.376883609861968845e-09
1.680672126499077714e-09
2.126787841383193375e-09
2.721128537430558022e-09
3.468372482352889994e-09
4.371867794741614750e-09
5.433576663871248877e-09
6.654012116815857354e-09
8.032174935816993208e-09
9.565575944115467644e-09
1.125017345992613395e-08
1.308044533770919378e-08
1.504940425536289178e-08
1.714859960128835199e-08
1.936828941517956964e-08
2.169739762924234676e-08
2.412373710936532440e-08
2.663408134852302676e-08
2.921420553659678019e-08
3.184920940396656274e-08
3.452344114423435427e-08
3.722085995476054066e-08
3.992511646752698779e-08
4.261958668505689563e-08
4.528781432811980009e-08
4.791334022802917342e-08
5.048016499093702775e-08
5.297278148391513097e-08
5.537615162091115338e-08
5.767621719018287112e-08
5.985958682600224584e-08
6.191404694231783003e-08
6.382850082859103633e-08
6.559285314955467156e-08
6.719853652897169446e-08
6.863803940041705610e-08
6.990541820047157294e-08
7.099612476736355188e-08
7.190679112015274141e-08
7.263573282930562961e-08
7.318233949884084912e-08
7.354755836877326623e-08
7.373362422654764675e-08
7.374376676805308059e-08
7.358267283679018069e-08
7.325579362509722031e-08
7.276979015798477535e-08
7.213220566680303977e-08
7.135113844848815547e-08
7.043566364110130912e-08
6.939512676351927141e-08
6.823955617192997837e-08
6.697932814757007255e-08
6.562485284406122429e-08
6.418696551305268331e-08
6.267627091259239566e-08
6.110353211669375595e-08
5.947937165209550288e-08
5.781400700515726233e-08
5.611761985821875281e-08
5.439979436637932810e-08
5.266988684675457570e-08
5.093678743034785692e-08
4.920872117280060533e-08
4.749359609388462753e-08
4.579855011907427129e-08
4.413029780363602565e-08
4.249495545938505644e-08
4.089790357526505212e-08
3.934410700894980553e-08
3.783776125880327156e-08
3.638260705413290892e-08
3.498180654369146294e-08
3.363785028666316526e-08
3.235284122539672213e-08
3.112821796637282761e-08
2.996502960853936943e-08
2.886384567383754284e-08
2.782468922380445100e-08
2.684728141657290684e-08
2.593081855664105921e-08
2.507420706860551615e-08
2.427599392017328227e-08
2.353431370927852786e-08
2.284709925299396575e-08
2.221189578165711492e-08
2.162606470430320564e-08
2.108672870549733982e-08
2.059072878873955901e-08
2.013481270938370180e-08
1.971547710562066884e-08
1.932915293454265343e-08
1.897216410571669860e-08
1.864069469815710934e-08
1.833096661401916598e-08
1.803910369551226582e-08
1.776130831696984522e-08
1.749383132810278154e-08
1.723294782811142153e-08
1.697512777036576735e-08
1.671691453800631634e-08
1.645509267097728514e-08
1.618666164640959621e-08
1.590881312508063766e-08
1.561908755293406891e-08
1.531525670882736636e-08
1.499547242072859821e-08
1.465823229472339260e-08
1.430234749000477255e-08
1.392707118046421981e-08
1.353197513198425063e-08
1.311706496198782333e-08
1.268272735238551453e-08
1.222967975149899419e-08
1.175905799083448965e-08
1.127228378848005191e-08
1.077113719081730426e-08
1.025768365420478158e-08
9.734206382987739601e-09
9.203250889250644337e-09
8.667491840575988760e-09
8.129766044833302220e-09
7.592990686876740781e-09
7.060091244785196324e-09
6.534015334721750655e-09
6.017617878461462894e-09
5.513671759411780316e-09
5.024798541128400054e-09
4.553413102416349719e-09
4.101729618668912976e-09
3.671686912013917459e-09
3.264960623599342572e-09
2.882928223225378236e-09
2.526649687255128752e-09
2.196885540642454467e-09
1.894088565445943138e-09
1.618410301269506440e-09
1.369736358734762097e-09
1.147696567369577542e-09
9.517115231248151397e-10
7.810260278417783896e-10
6.347523922851481725e-10
5.119269177166617417e-10
4.115564891356561802e-10
3.326794588547096671e-10
2.744200859660492817e-10
2.360447406340080022e-10
2.170195944603858026e-10
2.170606128745777150e-10
2.361838477333341899e-10
2.747475626501178811e-10
3.334874595786774266e-10
4.135473192142892992e-10
5.164955683102895622e-10
6.443380821830630175e-10
7.995170552941724724e-10
9.848965574436263998e-10
1.203746764226783480e-09
1.459701803173780124e-09
1.756723890070102800e-09
2.099045947252741751e-09
2.491098282032311214e-09
2.937451990607028145e-09
3.442714707269174554e-09
4.011463594506117866e-09
4.648144638804585492e-09
5.356956532403930921e-09
6.141789926199729651e-09
7.006079136075724232e-09
7.952750867881557998e-09
8.984114337381522347e-09
1.010173705734339990e-08
1.130643921784067430e-08
1.259812872344591438e-08
1.397582804511870909e-08
1.543759414343968466e-08
1.698042250632698658e-08
1.860035754846561482e-08
2.029232936550187646e-08
2.205031311963451270e-08
2.386730175135663971e-08
2.573525671878581361e-08
2.764537205367629574e-08
2.958790703396894621e-08
3.155250153126767493e-08
3.352819351133806672e-08
3.550340475265225487e-08
3.746635554934517352e-08
3.940485988615162788e-08
4.130677751285424853e-08
4.316003637545927412e-08
4.495261339800013348e-08
4.667305491938880559e-08
4.831018505477087410e-08
4.985363839331520421e-08
5.129383076244007916e-08
5.262188354201589200e-08
5.383017943130809190e-08
5.491194149791356116e-08
5.586177500123732847e-08
5.667553824969836689e-08
5.735017148749571658e-08
5.788421938065370578e-08
5.827726856676272088e-08
5.853043954987935636e-08
5.864614137960127273e-08
5.862779917513626382e-08
5.848030247751137818e-08
5.820933206536343011e-08
5.782177687300370661e-08
5.732539878604167809e-08
5.672849234520013967e-08
5.604025861436681426e-08
5.527008951500399587e-08
5.442792409436740960e-08
5.352388399656462573e-08
5.256792683986863094e-08
5.157017949541190760e-08
5.054026314379372501e-08
4.948762950577373939e-08
4.842123763336426739e-08
4.734926549234382761e-08
4.627944885727496944e-08
4.521851500652524110e-08
4.417254090146112070e-08
4.314672281615663745e-08
4.214518674236409757e-08
4.117136473675803434e-08
4.022756548437371791e-08
3.931537351192854326e-08
3.843552342187153334e-08
3.758780954418340505e-08
3.677149907318566076e-08
3.598502073278583887e-08
3.522638969197732816e-08
3.449315617502134586e-08
3.378237684359088173e-08
3.309103096034078742e-08
3.241577458543839340e-08
3.175334838378561066e-08
3.110054553908715665e-08
3.045418913358516902e-08
2.981150153455153348e-08
2.916986507853597087e-08
2.852716419501935430e-08
2.788172077543369348e-08
2.723223115413625908e-08
2.657804866463584056e-08
2.591891358801893496e-08
2.525520041609683663e-08
2.458779715322222143e-08
2.391798662270382334e-08
2.324763293974908030e-08
2.257888094355794467e-08
2.191431424033839013e-08
2.125679296698856498e-08
2.060930054081452505e-08
1.997503475716925264e-08
1.935724010144276974e-08
1.875905436517759234e-08
1.818360726229926642e-08
1.763374644032793627e-08
1.711213797364517761e-08
1.662112815183480643e-08
1.616262620036644812e-08
1.573821233457735883e-08
1.534893277048811389e-08
1.499542504852489901e-08
1.467784365407078387e-08
1.439580660973133974e-08
1.414854519090502057e-08
1.393477835223011701e-08
1.375288215086218238e-08
1.360088058464252552e-08
1.347644988963710165e-08
1.337710778293565693e-08
1.330014149025660359e-08
1.324280526966441067e-08
1.320234326750139386e-08
1.317601391365834618e-08
1.316128524918868501e-08
1.315576653106332414e-08
1.315739346879349601e-08
1.316443298870848371e-08
1.317547876309940268e-08
1.318960894257448855e-08
1.320627277838556400e-08
1.322542413367438592e-08
1.324746884830625092e-08
1.327319821578146238e-08
1.330388324122619572e-08
1.334109475950563675e-08
1.338677296146268242e-08
1.344311157263590168e-08
1.351243131384056865e-08
1.359722208671876054e-08
1.369991352496806709e-08
1.382290769378900134e-08
1.396843265530875370e-08
1.413839378035450387e-08
1.433441170440856005e-08
1.455758915747674423e-08
1.480856357097187846e-08
1.508738423980541148e-08
1.539339558944343629e-08
1.572533271319637498e-08
1.608113313242633493e-08
1.645806722707896416e-08
1.685268457806634402e-08
1.726076937852628951e-08
1.767753580640685676e-08
1.809750725615698018e-08
1.851475083529365665e-08
1.892290202507040041e-08
1.931519384168264037e-08
1.968474774230982632e-08
2.002450108619565302e-08
2.032752070542421323e-08
2.058706893808840624e-08
2.079666448806899976e-08
2.095041311756931289e-08
2.104292960690991210e-08
2.106966001898346771e-08
2.102692153204896402e-08
2.091192821465897968e-08
2.072307652314109819e-08
2.045980152601866887e-08
2.012282283274401803e-08
1.971409428450855387e-08
1.923673772406356702e-08
1.869520929282466333e-08
1.809505798470828213e-08
1.744303733084755332e-08
1.674694068985818034e-08
1.601542873737183890e-08
1.525805224069835499e-08
1.448493224026314558e-08
1.370673859814041623e-08
1.293444474865817131e-08
1.217909036729829305e-08
1.145170283196162869e-08
1.076296684213548637e-08
1.012313451896660020e-08
9.541780888128313758e-09
9.027583527342481042e-09
8.588235862177142963e-09
8.230193113183953927e-09
7.958614871536996357e-09
7.777213153188491790e-09
7.688132967777159517e-09
7.691958956347164933e-09
7.787600677146981690e-09
7.972357162294887423e-09
8.241914067108403083e-09
8.590368387763711884e-09
9.010388518631109111e-09
9.493243019555615825e-09
1.002902014008089245e-08
1.060676349348074574e-08
1.121461788785156773e-08
1.184012925762600917e-08
1.247035421998978457e-08
1.309219151235609034e-08
1.369257838191265386e-08
1.425867453595786479e-08
1.477821751189600358e-08
1.523960898266957744e-08
1.563225639945893086e-08
1.594671891152758424e-08
1.617482368309601424e-08
1.630995954911588088e-08
1.634704317470719380e-08
1.628275795757092513e-08
1.611555782121075205e-08
1.584563853335074504e-08
1.547507587308809300e-08
1.500763034912003690e-08
1.444881411603561699e-08
1.380572678327810248e-08
1.308687269150072825e-08
1.230211972725100208e-08
1.146238077688447347e-08
1.057951815460783826e-08
9.666067240760954473e-09
8.734966835340864321e-09
7.799397773606499989e-09
6.872444525175703186e-09
5.966922056533843141e-09
5.095100688461870355e-09
4.268462900988604967e-09
3.497531567263039453e-09
2.791654106973933725e-09
2.158828615580762073e-09
1.605589281616208484e-09
1.136873804121975611e-09
7.559654500601918895e-10
4.644429215093709199e-10
2.621746605581971546e-10
1.473526760415664016e-10
1.165528734498313104e-10
1.648347604822649821e-10
2.858696083905381758e-10
4.720970145546649762e-10
7.149097591793247818e-10
1.004853900865526122e-09
1.331853960590586451e-09
1.685445687130809313e-09
2.055009775265783729e-09
2.430027846762507179e-09
2.800304756022638556e-09
3.156217100063929058e-09
3.488925458623937806e-09
3.790561329122144771e-09
4.054432374206921935e-09
4.275140819061504986e-09
4.448735644405928005e-09
4.572789361669129219e-09
4.646436489404761877e-09
4.670428109878767198e-09
4.647072932720123664e-09
4.580219617063228920e-09
4.475151406441642375e-09
4.338448376193695186e-09
4.177868078715832597e-09
4.002124722315174894e-09
3.820716226350374058e-09
3.643683283046513750e-09
3.481357213388510473e-09
3.344137199024372242e-09
3.242204249136564828e-09
3.185293553023119074e-09
3.182435973896182462e-09
3.241713616809556894e-09
3.370066568464304811e-09
3.573070858849441040e-09
3.854795378320342001e-09
4.217656317251785305e-09
4.662301846246704459e-09
5.187578216872709608e-09
5.790467280632112858e-09
6.466136004392479737e-09
7.207979615801244160e-09
8.007693398318907122e-09
8.855457477054824552e-09
9.740045115614401572e-09
1.064908395854816987e-08
1.156926720248564469e-08
1.248657440842837113e-08
1.338662885997388013e-08
1.425489432970031891e-08
1.507706293757877732e-08
1.583932312351061294e-08
1.652861013618880944e-08
1.713300133853959283e-08
1.764186376569179373e-08
1.804621596910212170e-08
1.833890315998308171e-08
1.851473340077259173e-08
1.857075021279333527e-08
1.850620562017843223e-08
1.832274837646237770e-08
1.802439204072186235e-08
1.761743972672737794e-08
1.711052596210562325e-08
1.651436665215277072e-08
1.584170468407862346e-08
1.510705145380021819e-08
1.432640113719504066e-08
1.351704257402572132e-08
1.269714324860069129e-08
1.188550001048099953e-08
1.110114439574739762e-08
1.036295060542762899e-08
9.689332294395674321e-09
9.097801510875847847e-09
8.604671716607394026e-09
8.224689077677172300e-09
7.970696610379617776e-09
7.853394882484782455e-09
7.881037381567007875e-09
8.059266350515033358e-09
8.390929969337684927e-09
8.875948751041756801e-09
9.511300599806935848e-09
1.029095930018154752e-08
1.120599254280245300e-08
1.224464717741917514e-08
1.339247823696844227e-08
1.463262354113994869e-08
1.594598554689904597e-08
1.731160673143718956e-08
1.870698623285855432e-08
2.010841502536866364e-08
2.149147565727888226e-08
2.283135784634598607e-08
2.410340052873281783e-08
2.528349729240712736e-08
2.634848641139662478e-08
2.727670630037919020e-08
2.804827223026940546e-08
2.864559424377588055e-08
2.905368428284443647e-08
2.926042037204544473e-08
2.925695599417671241e-08
2.903779800138765849e-08
2.860111194434410055e-08
2.794878115583886599e-08
2.708641392628834885e-08
2.602346031451096179e-08
2.477301417684167662e-08
2.335180164496941514e-08
2.177994509952667850e-08
2.008068873592106718e-08
1.828018482530658325e-08
1.640710988160063409e-08
1.449225916037987333e-08
1.256819299419247817e-08
1.066872189573999517e-08
8.828490671918002989e-09
7.082467442653702544e-09
5.465444844775462725e-09
4.011575864725010424e-09
2.753866204040880020e-09
1.723727150880378793e-09
9.505238504542900000e-10
4.611643236142392310e-10
2.797280940260808219e-10
4.271303077214089812e-10
9.208378742075678403e-10
1.774635581299357787e-09
2.998444343656063175e-09
4.598203730240539131e-09
6.575799067738478870e-09
8.929065300963046074e-09
1.165183829156736229e-08
1.473404805962649740e-08
1.816191209176245988e-08
2.191810864793521874e-08
2.598207708047270137e-08
3.033030724991449313e-08
3.493664370928356483e-08
3.977272614038018668e-08
4.480829507521957439e-08
5.001168556013077174e-08
5.535021775058673418e-08
6.079056944864970451e-08
6.629931273363851296e-08
7.184319120854734155e-08
7.738964057894769231e-08
8.290711308263849522e-08
8.836535864641331193e-08
9.373588527779650489e-08
9.899206645919870778e-08
1.041095291893654742e-07
1.090662827716287732e-07
1.138427967038774277e-07
1.184222601118190991e-07
1.227904533964030865e-07
1.269359131352870912e-07
1.308498229519381100e-07
1.345258665518692158e-07
1.379602535438926838e-07
1.411513888996858610e-07
1.440998219671877860e-07
1.468079564295546002e-07
1.492797515891033091e-07
1.515205773051251151e-07
1.535367987014491748e-07
1.553356010774297076e-07
1.569246475185665411e-07
1.583117627534837751e-07
1.595047391513498363e-07
1.605109905861705071e-07
1.613373820719063938e-07
1.619899804455174301e-07
1.624738597551438958e-07
1.627929809446105878e-07
1.629500451218414719e-07
