4.736278267030894591e-04
4.735248482004353050e-04
4.733984573993959568e-04
4.732491373612400802e-04
4.730773875966763501e-04
4.728837218393270865e-04
4.726686657710964376e-04
4.724327547101047470e-04
4.721765312720600230e-04
4.719005430160779359e-04
4.716053400860002634e-04
4.712914732273610361e-04
4.709594896074318694e-04
4.706099337646319478e-04
4.702433438274465660e-04
4.698602472908341900e-04
4.694611603375955871e-04
4.690465880198185279e-04
4.686170205083995061e-04
4.681729286463493151e-04
4.677147641352611307e-04
4.672429606070762340e-04
4.667579297544439975e-04
4.662600568088230246e-04
4.657497017169046375e-04
4.652272012172807623e-04
4.646928649737589617e-04
4.641469710921159787e-04
4.635897683732473893e-04
4.630214794693240910e-04
4.624422971021023890e-04
4.618523796909409151e-04
4.612518547240980634e-04
4.606408230228989180e-04
4.600193550819817092e-04
4.593874868349787544e-04
4.587452241372674345e-04
4.580925481177544763e-04
4.574294140685191920e-04
4.567557351420112170e-04
4.560714122625492985e-04
4.553763161258508776e-04
4.546702932277530687e-04
4.539531727029235721e-04
4.532247461448502880e-04
4.524848015643990161e-04
4.517331094176360909e-04
4.509694067092245243e-04
4.501934332229650879e-04
4.494049106573686685e-04
4.486035502911664766e-04
4.477890613460848738e-04
4.469611278945034784e-04
4.461194485747596149e-04
4.452637203876200493e-04
4.443936206306167355e-04
4.435088485096540961e-04
4.426091010499950355e-04
4.416940817265053000e-04
4.407635096591099402e-04
4.398170932374729255e-04
4.388545745598791898e-04
4.378757105470727903e-04
4.368802522786199827e-04
4.358679909318274176e-04
4.348387301120138155e-04
4.337922947567298304e-04
4.327285404784874940e-04
4.316473236152362346e-04
4.305485493649285466e-04
4.294321498827675379e-04
4.282980607307016341e-04
4.271462701647291225e-04
4.259767877221521033e-04
4.247896528747922753e-04
4.235849440196973897e-04
4.223627449143455047e-04
4.211231956552715251e-04
4.198664677006080817e-04
4.185927374304708199e-04
4.173022380283415407e-04
4.159952244849530372e-04
4.146719817650600104e-04
4.133328332474059483e-04
4.119781038449866106e-04
4.106081732557644135e-04
4.092234481992525685e-04
4.078243334273982034e-04
4.064112857410455935e-04
4.049847759201626995e-04
4.035452964884593259e-04
4.020933697229002587e-04
4.006295176465960004e-04
3.991542694737287389e-04
3.976682272574296188e-04
3.961719296848925588e-04
3.946660043565668706e-04
3.931510306279526520e-04
3.916275953823411082e-04
3.900963503744488961e-04
3.885578726941623642e-04
3.870128204704091157e-04
3.854617925943515616e-04
3.839053858070697544e-04
3.823442531579360312e-04
3.807789820173460406e-04
3.792101519576507773e-04
3.776383938903828401e-04
3.760642669978663173e-04
3.744883174079529720e-04
3.729111380142950552e-04
3.713332239958260146e-04
3.697551349331056904e-04
3.681773500052683344e-04
3.666003279739390433e-04
3.650245681345923570e-04
3.634504645390285258e-04
3.618784705260324097e-04
3.603089527679647773e-04
3.587422525134338299e-04
3.571787476250486084e-04
3.556187269093185276e-04
3.540624520707251325e-04
3.525102203591428773e-04
3.509622386739372408e-04
3.494186861826184781e-04
3.478797775320342485e-04
3.463456157454377835e-04
3.448163608445257143e-04
3.432920827727218693e-04
3.417728249869516981e-04
3.402586684741234612e-04
3.387495845268941237e-04
3.372456046002176699e-04
3.357466731545737429e-04
3.342527120104599203e-04
3.327636849594232992e-04
3.312794717967738195e-04
3.297999330156873112e-04
3.283249746566128057e-04
3.268544224466958547e-04
3.253880867369816606e-04
3.239258274934909108e-04
3.224674073816305464e-04
3.210126627754910332e-04
3.195613569305444726e-04
3.181132451011335844e-04
3.166681395431910056e-04
3.152257629053404416e-04
3.137859190161718299e-04
3.123483463612663808e-04
3.109127830969648175e-04
3.094790317825672288e-04
3.080468342234942369e-04
3.066159362907578062e-04
3.051861523608252248e-04
3.037572403778595839e-04
3.023289663861945743e-04
3.009011685873335578e-04
2.994736117450357829e-04
2.980461558846912219e-04
2.966186108062905408e-04
2.951907999531319183e-04
2.937626236518848383e-04
2.923339141936147248e-04
2.909046029255848162e-04
2.894745754750579201e-04
2.880437347603563244e-04
2.866120632311062229e-04
2.851794993604107572e-04
2.837460000690467414e-04
2.823116022999248203e-04
2.808763000046044368e-04
2.794401059403016645e-04
2.780031125435697067e-04
2.765653492366032247e-04
2.751269448480833397e-04
2.736879852027396991e-04
2.722485738138361814e-04
2.708088915431462610e-04
2.693690553423402369e-04
2.679292781697898578e-04
2.664897281021187604e-04
2.650505878902694162e-04
2.636121133913021898e-04
2.621745137212377506e-04
2.607380101314702575e-04
2.593028937144092189e-04
2.578694065482649766e-04
2.564377999043403948e-04
2.550083912436412531e-04
2.535814271748692726e-04
2.521572373963565112e-04
2.507360982308042886e-04
2.493182897553531752e-04
2.479041516676584842e-04
2.464939486258818126e-04
2.450880213709592781e-04
2.436866527291189758e-04
2.422901237241329754e-04
2.408987497616518216e-04
2.395128417303619452e-04
2.381326680264678859e-04
2.367585095203425288e-04
2.353906399046808466e-04
2.340293247841440964e-04
2.326747844719958148e-04
2.313273386731673129e-04
2.299871872298442236e-04
2.286545552163009505e-04
2.273296557867969547e-04
2.260126540137976715e-04
2.247038087342733770e-04
2.234032582464222144e-04
2.221111625920299700e-04
2.208276674841306219e-04
2.195529040134228235e-04
2.182869538020244934e-04
2.170299874638936788e-04
2.157820563311194583e-04
2.145432313565717947e-04
2.133135683663615119e-04
2.120930743147406172e-04
2.108818429244424606e-04
2.096798514246542191e-04
2.084870966208614155e-04
2.073035612265742916e-04
2.061291811823817786e-04
2.049639784606076308e-04
2.038078627391637148e-04
2.026607646097453518e-04
2.015226029289876467e-04
2.003932531332069044e-04
1.992726771754957848e-04
1.981607300171952808e-04
1.970572899332812076e-04
1.959622267978565556e-04
1.948754028315721157e-04
1.937966419914610087e-04
1.927258564062259193e-04
1.916628584599852495e-04
1.906074875475596429e-04
1.895595793503598468e-04
1.885189360116841897e-04
1.874854495943057526e-04
1.864589186614832791e-04
1.854391720148961399e-04
1.844260386857142855e-04
1.834193486849504200e-04
1.824189039935569323e-04
1.814245983758111297e-04
1.804362391793874689e-04
1.794536673881079035e-04
1.784767283553151645e-04
1.775052433829189911e-04
1.765391264490307963e-04
1.755782102372698320e-04
1.746223630789579134e-04
1.736714602319170005e-04
1.727253559895605131e-04
1.717839972957041408e-04
1.708472539264157685e-04
1.699150323050071143e-04
1.689872472869906892e-04
1.680637947662853425e-04
1.671446621724822492e-04
1.662297627598081928e-04
1.653190463010815201e-04
1.644124713671547106e-04
1.635100052648732116e-04
1.626115972339028004e-04
1.617172852330528855e-04
1.608270351366775000e-04
1.599408477267540455e-04
1.590587315866353550e-04
1.581806768136227313e-04
1.573067587692664269e-04
1.564369813709251750e-04
1.555713810642396706e-04
1.547100002709471248e-04
1.538528869395828439e-04
1.530000689328208556e-04
1.521516542391578854e-04
1.513076791991035009e-04
1.504682089650861033e-04
1.496333116851070405e-04
1.488030335115734040e-04
1.479774959744946383e-04
1.471567483339717602e-04
1.463408652248645312e-04
1.455299215184853890e-04
1.447239680093459426e-04
1.439231260642008644e-04
1.431274440999315257e-04
1.423369925253086454e-04
1.415518393356609108e-04
1.407720265282129217e-04
1.399976621467258447e-04
1.392287808625673989e-04
1.384654363284534807e-04
1.377076775496411905e-04
1.369555485098986807e-04
1.362090655101242450e-04
1.354683062420947235e-04
1.347332752265676097e-04
1.340039932064684828e-04
1.332804744830208511e-04
1.325627050436550727e-04
1.318507292770743642e-04
1.311445193697968747e-04
1.304440623401712060e-04
1.297493381817740009e-04
1.290603198523608119e-04
1.283769523419658182e-04
1.276992366743490625e-04
1.270271039069459699e-04
1.263604994394001047e-04
1.256993620972878944e-04
1.250436039537139465e-04
1.243931921437905022e-04
1.237480265534007763e-04
1.231080219225942748e-04
1.224730876660901579e-04
1.218431084019436906e-04
1.212180236246731039e-04
1.205977089340108449e-04
1.199820559730442241e-04
1.193709529266032306e-04
1.187642656969690276e-04
1.181619154621898826e-04
1.175637632907444789e-04
1.169696879374703064e-04
1.163795669513536401e-04
1.157932771488520392e-04
1.152106764762530691e-04
1.146316790434991989e-04
1.140561436038734828e-04
1.134839487915450699e-04
1.129149748663052180e-04
1.123490860722232331e-04
1.117862035670775996e-04
1.112261969716334028e-04
1.106689574767131542e-04
1.101143800447269133e-04
1.095623637912428497e-04
1.090127948566754936e-04
1.084656168049146922e-04
1.079207257018344375e-04
1.073780406661140318e-04
1.068374865455014593e-04
1.062989771606733040e-04
1.057624835947625639e-04
1.052279321101709769e-04
1.046952725757868788e-04
1.041644614952834765e-04
1.036354455891759692e-04
1.031082279856358795e-04
1.025827689066626392e-04
1.020590519891307533e-04
1.015370676442708817e-04
1.010167969612487678e-04
1.004982758243341834e-04
9.998149832043530766e-05
9.946648098611965264e-05
9.895324649545066435e-05
9.844182344462885069e-05
9.793223064366353436e-05
9.742453880279640019e-05
9.691877716587567659e-05
9.641499533457760485e-05
9.591324736970711700e-05
9.541357642589197929e-05
9.491607448181203191e-05
9.442079164118945787e-05
9.392779601278586192e-05
9.343715818760267209e-05
9.294895080024339327e-05
9.246323361551232343e-05
9.198011101923675578e-05
9.149964450111424709e-05
9.102191031329760979e-05
9.054698444801068287e-05
9.007492814137893033e-05
8.960584360297852271e-05
8.913978913007786697e-05
8.867683502043753640e-05
8.821704901043855612e-05
8.776048223379937429e-05
8.730722329305906063e-05
8.685731597682043155e-05
8.641081352826802009e-05
8.596776457941334359e-05
8.552819959758200456e-05
8.509218340310621025e-05
8.465973544755251172e-05
8.423088253857910729e-05
8.380564529722216627e-05
8.338403791607631153e-05
8.296605522138171215e-05
8.255172345601262905e-05
8.214102355302868000e-05
8.173394213128555498e-05
8.133045859816203141e-05
8.093053273494887337e-05
8.053415412877086110e-05
8.014126785883437371e-05
7.975182413897375614e-05
7.936576595552395196e-05
7.898302915884414807e-05
7.860353066720011668e-05
7.822721636551611534e-05
7.785398956680236293e-05
7.748375911117180671e-05
7.711642761946467073e-05
7.675188018748360555e-05
7.639003105663591975e-05
7.603075427754660623e-05
7.567391918937267994e-05
7.531943603297214089e-05
7.496713132890349721e-05
7.461691829334736036e-05
7.426861680787387497e-05
7.392211118912598233e-05
7.357728279501264429e-05
7.323394495770939327e-05
7.289199745389660914e-05
7.255125168588997435e-05
7.221158402908887442e-05
7.187287042045383174e-05
7.153492321029126524e-05
7.119764125981760177e-05
7.086084016632473157e-05
7.052442209464919497e-05
7.018820798192746974e-05
6.985208477275189605e-05
6.951594262606040605e-05
6.917961432761594116e-05
6.884301929731377883e-05
6.850600067133290067e-05
6.816846817787235386e-05
6.783033712484501409e-05
6.749146957333522056e-05
6.715181397436376315e-05
6.681124705922631584e-05
6.646971233003716310e-05
6.612716077649766428e-05
6.578349377354942261e-05
6.543869830785314413e-05
6.509269364483367569e-05
6.474546539292957482e-05
6.439700791908334451e-05
6.404726895099455077e-05
6.369628034713563738e-05
6.334400953935088541e-05
6.299048912699821391e-05
6.263576098105128433e-05
6.227982254622471345e-05
6.192275311528941818e-05
6.156457006561661478e-05
6.120535394996245971e-05
6.084519429602972944e-05
6.048413761473687235e-05
6.012230915938279133e-05
5.975977398133237525e-05
5.939665750707976609e-05
5.903309305217429188e-05
5.866917154775670961e-05
5.830505879643501770e-05
5.794086136502646286e-05
5.757675895619491379e-05
5.721287223673107112e-05
5.684937714383407723e-05
5.648645484057544200e-05
5.612424386718473324e-05
5.576295119035719100e-05
5.540272485535548944e-05
5.504376390617090573e-05
5.468627011104991215e-05
5.433040184960753456e-05
5.397638086274636970e-05
5.362436967535814887e-05
5.327457726178321348e-05
5.292721255162261397e-05
5.258244004080371429e-05
5.224048240888506343e-05
5.190150261236649076e-05
5.156570547463946595e-05
5.123329296551275242e-05
5.090442150619865709e-05
5.057930066683353045e-05
5.025807977845376666e-05
4.994094567091214240e-05
4.962807969804479440e-05
4.931961668558231297e-05
4.901573996178915966e-05
4.871657228307827255e-05
4.842228320810969223e-05
4.813298168005062316e-05
4.784880881675851612e-05
4.756989728626513712e-05
4.729633242720870110e-05
4.702824262813849819e-05
4.676569585382916506e-05
4.650878925463754595e-05
4.625761012007183621e-05
4.601219843163132799e-05
4.577263428860228804e-05
4.553893806594533941e-05
4.531115715240838292e-05
4.508932837231413701e-05
4.487344185144351744e-05
4.466352580181703284e-05
4.445954997099326209e-05
4.426150981850941187e-05
4.406939027737276441e-05
4.388313080119326100e-05
4.370270781146837500e-05
4.352804108408146359e-05
4.335907566174351552e-05
4.319574681360115615e-05
4.303794612516084349e-05
4.288560189132526661e-05
4.273858808663652704e-05
4.259680428865770461e-05
4.246014168768730241e-05
4.232845008076230412e-05
4.220161646377883262e-05
4.207947624751416421e-05
4.196189143521592739e-05
4.184871753509772076e-05
4.173977132590782260e-05
4.163490786419853334e-05
4.153393363727623150e-05
4.143669396502987830e-05
4.134298684997010051e-05
4.125263904549659132e-05
4.116547400084675482e-05
4.108128050855530976e-05
4.099988777525785341e-05
4.092108084673570871e-05
4.084467535040770171e-05
4.077048603329425672e-05
4.069829592249066318e-05
4.062793015437012815e-05
4.055917277743697943e-05
4.049184027023945172e-05
4.042575057556752570e-05
4.036069270154077397e-05
4.029649937849704528e-05
4.023296509847248286e-05
4.016991846809177795e-05
4.010719166667766060e-05
4.004459043959315769e-05
3.998196561309248488e-05
3.991913228562749520e-05
3.985594103777636622e-05
3.979224776780886829e-05
3.972788405296988210e-05
3.966272751908655336e-05
3.959662215218077839e-05
3.952945824188343116e-05
3.946109314317221880e-05
3.939142086422788382e-05
3.932034240041038908e-05
3.924773661204474933e-05
3.917352893588004593e-05
3.909761330034420055e-05
3.901992050744231097e-05
3.894038893212365917e-05
3.885893579531710400e-05
3.877552462787171091e-05
3.869008840603115686e-05
3.860259667094982498e-05
3.851302662217375334e-05
3.842133482355279136e-05
3.832752335661879212e-05
3.823156426666091671e-05
3.813346535672325111e-05
3.803324171697786105e-05
3.793088790940179659e-05
3.782644274638549984e-05
3.771991514995518138e-05
3.761134855744003452e-05
3.750079293609927814e-05
3.738827749542473892e-05
3.727387403204639166e-05
3.715762430559345179e-05
3.703960299972569527e-05
3.691989027344258245e-05
3.679854504773637122e-05
3.667566686868473455e-05
3.655132489392768887e-05
3.642561936457692367e-05
3.629865474148627176e-05
3.617051360629100238e-05
3.604131700983835866e-05
3.591115514484534405e-05
3.578015577996015913e-05
3.564841562254431696e-05
3.551605966202181356e-05
3.538321519104625990e-05
3.524998661364272699e-05
3.511651365362907808e-05
3.498290446554449108e-05
3.484929345276062434e-05
3.471581595195587889e-05
3.458258370457665924e-05
3.444974155129216148e-05
3.431740229805481059e-05
3.418570302915297182e-05
3.405478046519612223e-05
3.392474709405044478e-05
3.379574638844675988e-05
3.366788940096718252e-05
3.354130961431311985e-05
3.341613896814242692e-05
3.329248463095180974e-05
3.317048279990302548e-05
3.305023696577297611e-05
3.293187136456641225e-05
3.281550765405243168e-05
3.270124229448912329e-05
3.258919901075718991e-05
3.247946863789885115e-05
3.237216862842137428e-05
3.226738349893781420e-05
3.216521647059312697e-05
3.206576699835137937e-05
3.196910892851072744e-05
3.187534125900677991e-05
3.178452999805375114e-05
3.169675864092108927e-05
3.161210625332784731e-05
3.153062611826872057e-05
3.145239542511629212e-05
3.137745839586540236e-05
3.130587572422069106e-05
3.123770315852589116e-05
3.117297057731745593e-05
3.111173074214521419e-05
3.105400353386730193e-05
3.099982449169380984e-05
3.094922383648003616e-05
3.090220591244771344e-05
3.085879714724278165e-05
3.081899123386064635e-05
3.078279691486843651e-05
3.075021738499322100e-05
3.072123003731153226e-05
3.069583377808938698e-05
3.067399498935555148e-05
3.065569470633038214e-05
3.064090833885414332e-05
3.062958566363270394e-05
3.062169764037893474e-05
3.061718299548199642e-05
3.061599493820818004e-05
3.061808114324164566e-05
3.062336393590040607e-05
3.063178674952943503e-05
3.064326118171421381e-05
3.065771998337680658e-05
3.067506426581662689e-05
3.069520979922111045e-05
3.071806727241968338e-05
3.074352267227989415e-05
3.077148344953303832e-05
3.080182601807878481e-05
3.083444189755805216e-05
3.086921811599483486e-05
3.090601768445780563e-05
3.094472567916231018e-05
3.098519692960188002e-05
3.102730209984793112e-05
3.107090819575544950e-05
3.111585910833083752e-05
3.116202168774132193e-05
3.120923354160115001e-05
3.125734912293835901e-05
3.130622031090887438e-05
3.135567700487119745e-05
3.140557323629658727e-05
3.145573502556957344e-05
3.150600651382243320e-05
3.155623059362783845e-05
3.160622954416900034e-05
3.165585119423271405e-05
3.170491681435225358e-05
3.175327384794979522e-05
3.180074381760149960e-05
3.184716851682145713e-05
3.189239068582280334e-05
3.193623470326097710e-05
3.197855277741128534e-05
3.201917290375812377e-05
3.205794505168942657e-05
3.209472186529644159e-05
3.212933940492916656e-05
3.216166328157358531e-05
3.219153671075058087e-05
3.221882661672165486e-05
3.224340436130021086e-05
3.226512655080904056e-05
3.228388101456866079e-05
3.229953502584311117e-05
3.231198121690840008e-05
3.232111834677739654e-05
3.232683219528592383e-05
3.232904126114297539e-05
3.232764524322564808e-05
3.232257063623678311e-05
3.231375155608318936e-05
3.230111074827301420e-05
3.228460486241266353e-05
3.226417330545904889e-05
3.223978337147309159e-05
3.221141115095301247e-05
3.217902268535676493e-05
3.214261866485741280e-05
3.210218377813024498e-05
3.205773122235548755e-05
3.200928372980522599e-05
3.195685490392654411e-05
3.190049318670395577e-05
3.184023183630019818e-05
3.177613884937304130e-05
3.170826722683109904e-05
3.163669836426220524e-05
3.156152330995659822e-05
3.148282441900754293e-05
3.140071806029268099e-05
3.131530569196813859e-05
3.122671629206102680e-05
3.113508783578827034e-05
3.104054922321764669e-05
3.094326194543150333e-05
3.084337208822462777e-05
3.074105169786754037e-05
3.063648052525852976e-05
3.052982826425880620e-05
3.042129509542051047e-05
3.031106471849631082e-05
3.019934458262011452e-05
3.008634794442851789e-05
2.997227645064968874e-05
2.985735951687118429e-05
2.974180846480009271e-05
2.962585558662566852e-05
2.950973656110630485e-05
2.939367340833011372e-05
2.927791270472891760e-05
2.916268087051898192e-05
2.904822749423536756e-05
2.893478108525358920e-05
2.882258653987347007e-05
2.871188812040023367e-05
2.860291296277354478e-05
2.849590775097868785e-05
2.839109562406869454e-05
2.828871258604008881e-05
2.818899091832158463e-05
2.809214309155910747e-05
2.799839746236111110e-05
2.790795629258115918e-05
2.782103122178567533e-05
2.773782712530993341e-05
2.765852642489934369e-05
2.758332395356942446e-05
2.751238600737492215e-05
2.744588503477540510e-05
2.738398393802930127e-05
2.732682076505624010e-05
2.727454291790637190e-05
2.722726712248188820e-05
2.718511351588444129e-05
2.714819037345041748e-05
2.711657915185216003e-05
2.709036823604202748e-05
2.706961368276596201e-05
2.705437290295572577e-05
2.704468978111560190e-05
2.704058002816137407e-05
2.704206466911622593e-05
2.704913139393339366e-05
2.706176803575990970e-05
2.707994803478423401e-05
2.710361604945645767e-05
2.713272138184316350e-05
2.716717975605899537e-05
2.720691155416562259e-05
2.725180371434589039e-05
2.730174324122649354e-05
2.735660304821140756e-05
2.741622783080502660e-05
2.748046769857544292e-05
2.754914024728881219e-05
2.762206428663543695e-05
2.769904586708320986e-05
2.777986426470666916e-05
2.786430592679339530e-05
2.795212655059618368e-05
2.804308514971251594e-05
2.813693018939952855e-05
2.823338562090356530e-05
2.833218523044371776e-05
2.843303458135392118e-05
2.853564549465378161e-05
2.863972221810000274e-05
2.874494745355591274e-05
2.885101714849057982e-05
2.895760219248646273e-05
2.906438333596445727e-05
2.917103732468447649e-05
2.927722287337251587e-05
2.938261588460195172e-05
2.948687083325877712e-05
2.958966105133759521e-05
2.969063997975879184e-05
2.978947663742940742e-05
2.988584161525791909e-05
2.997939292212768429e-05
3.006981167326086663e-05
3.015676301967062356e-05
3.023993189321022543e-05
3.031900885708055791e-05
3.039367584627295372e-05
3.046364203072598030e-05
3.052860447768915222e-05
3.058828402101247110e-05
3.064241095519844874e-05
3.069071067992500340e-05
3.073293955578409558e-05
3.076884540611037245e-05
3.079820331968731136e-05
3.082080119789938611e-05
3.083642533262526115e-05
3.084489604042494807e-05
3.084602815728099335e-05
3.083966655535567042e-05
3.082567157575170555e-05
3.080390458790138004e-05
3.077426316812588230e-05
3.073664178018683358e-05
3.069096677046157716e-05
3.063718174065992059e-05
3.057523315351624648e-05
3.050510481487536308e-05
3.042677896229300767e-05
3.034027049996731553e-05
3.024560759468245186e-05
3.014284612304908743e-05
3.003203149155023576e-05
2.991325593283348231e-05
2.978662014321913112e-05
2.965224273436114504e-05
2.951026931360505780e-05
2.936083520530835628e-05
2.920412089022829212e-05
2.904031452432517699e-05
2.886962091768150584e-05
2.869227007963760841e-05
2.850848107003501299e-05
2.831851526869955680e-05
2.812264001211793810e-05
2.792114568025362274e-05
2.771431060009833740e-05
2.750245239753144934e-05
2.728589268274178684e-05
2.706496510048350513e-05
2.684002286909140030e-05
2.661140515450085030e-05
2.637948586404744992e-05
2.614463980557410689e-05
2.590725021367284130e-05
2.566771574550702519e-05
2.542641845424113716e-05
2.518376992852626786e-05
2.494017906242464573e-05
2.469605907691266864e-05
2.445183401057246018e-05
2.420790836691173948e-05
2.396471059738198526e-05
2.372266256405470821e-05
2.348218609397275433e-05
2.324370902132425810e-05
2.300763652313690783e-05
2.277439203887855626e-05
2.254438844673950582e-05
2.231803420453336946e-05
2.209573901530067363e-05
2.187788680369602887e-05
2.166487425662368019e-05
2.145708367046369653e-05
2.125488874544393815e-05
2.105865995817771374e-05
2.086873907016581966e-05
2.068547555696594731e-05
2.050920102130253928e-05
2.034023471771428100e-05
2.017888872292291990e-05
2.002544381168604284e-05
1.988018411260400036e-05
1.974337292427899928e-05
1.961525805331660084e-05
1.949607687655554770e-05
1.938603337112926867e-05
1.928533138985014418e-05
1.919415166761861873e-05
1.911265705846674720e-05
1.904099758262068395e-05
1.897928835975173193e-05
1.892764193339689785e-05
1.888614621542518930e-05
1.885486970681478439e-05
1.883386661754810288e-05
1.882315542671808862e-05
1.882275070203206583e-05
1.883264170342205035e-05
1.885279766786852328e-05
1.888317308162460630e-05
1.892368657943365831e-05
1.897425270114835530e-05
1.903476086292280086e-05
1.910508077890482324e-05
1.918506795373673023e-05
1.927454263622961278e-05
1.937332193073250839e-05
1.948119884636848070e-05
1.959794791817678889e-05
1.972333097376407891e-05
1.985707587414398326e-05
1.999890935385036222e-05
2.014853587516139460e-05
2.030564903473485765e-05
2.046990996195048311e-05
2.064098097083321575e-05
2.081850408140293411e-05
2.100210711608185984e-05
2.119141004334597166e-05
2.138600276735741346e-05
2.158548001813878083e-05
2.178941927004232363e-05
2.199738713984798047e-05
2.220894606570036052e-05
2.242363133460008247e-05
2.264098737908532989e-05
2.286054493218354596e-05
2.308182773286950138e-05
2.330435952720292310e-05
2.352764023773737184e-05
2.375118374111776290e-05
2.397449415624285297e-05
2.419707284504637635e-05
2.441842570412758087e-05
2.463803844209477679e-05
2.485541581396532337e-05
2.507005700131942808e-05
2.528146287849781685e-05
2.548914354503477528e-05
2.569259274035803808e-05
2.589132841184442791e-05
2.608486720947944846e-05
2.627273197009082032e-05
2.645445942417240924e-05
2.662957383915434765e-05
2.679762870271553703e-05
2.695818041684377249e-05
2.711079593630076127e-05
2.725506056859759471e-05
2.739055099435503117e-05
2.751687776020241179e-05
2.763365831530850030e-05
2.774052472560303791e-05
2.783713147340161810e-05
2.792312805357380083e-05
2.799820189511424576e-05
2.806205093457068877e-05
2.811439131539618575e-05
2.815496508469564590e-05
2.818351260479593230e-05
2.819981546302944081e-05
2.820366881881030901e-05
2.819488898860858587e-05
2.817332093218590956e-05
2.813881074896213739e-05
2.809124809486604783e-05
2.803053857133136248e-05
2.795661109151977480e-05
2.786942504781640196e-05
2.776894317989239520e-05
2.765517299815811863e-05
2.752813950239354194e-05
2.738789889853780916e-05
2.723451197416495068e-05
2.706808436858634513e-05
2.688873976725311175e-05
2.669662661384319017e-05
2.649192444870876345e-05
2.627481817514492306e-05
2.604553646057207635e-05
2.580432578650246984e-05
2.555145666517369670e-05
2.528722939655713955e-05
2.501194949244627428e-05
2.472596377832006812e-05
2.442963557270588733e-05
2.412335033129506357e-05
2.380752075916393130e-05
2.348256362920215156e-05
2.314893322285400742e-05
2.280709788419258997e-05
2.245754503433408018e-05
2.210078559936764467e-05
2.173733241863864493e-05
2.136773075107143013e-05
2.099253640995066617e-05
2.061232011486002294e-05
2.022767122350383956e-05
1.983917787561992481e-05
1.944745439645285335e-05
1.905312116975429277e-05
1.865680832243242149e-05
1.825915877876662643e-05
1.786081022937360919e-05
1.746241938005289835e-05
1.706464366485051600e-05
1.666814428879466456e-05
1.627358865444934765e-05
1.588163418479475580e-05
1.549294948863360466e-05
1.510819795500945705e-05
1.472804021019552170e-05
1.435313599737141790e-05
1.398412982007122090e-05
1.362166921852101113e-05
1.326639022374949070e-05
1.291891931459136840e-05
1.257987485960771565e-05
1.224985448656601673e-05
1.192945078099883952e-05
1.161923851565633250e-05
1.131977621974632226e-05
1.103160731614430078e-05
1.075524906484577008e-05
1.049120609924632208e-05
1.023995928680188621e-05
1.000196704420215501e-05
9.777666320624591305e-06
9.567462911765978791e-06
9.371743334737486447e-06
9.190865121558704164e-06
9.025158028725156981e-06
8.874925027202412692e-06
8.740433740806979502e-06
8.621927221857115972e-06
8.519615432863936124e-06
8.433676505624872338e-06
8.364257899659093665e-06
8.311468686336007041e-06
8.275389820333911740e-06
8.256066528762710132e-06
8.253511519337180746e-06
8.267697726380602463e-06
8.298568609695892198e-06
8.346031050762912399e-06
8.409957078285998448e-06
8.490185703735426148e-06
8.586515968966364836e-06
8.698717795126631111e-06
8.826525228653734668e-06
8.969638608000651296e-06
9.127726944263342743e-06
9.300420967757674640e-06
9.487325047046207030e-06
9.688010469706396680e-06
9.902018147096915913e-06
1.012886162010742053e-05
1.036801981853029703e-05
1.061895048612737645e-05
1.088108319487960445e-05
1.115382264949867555e-05
1.143655235829016139e-05
1.172862684796681559e-05
1.202938692204606860e-05
1.233815213419670402e-05
1.265422471373040083e-05
1.297689389745492826e-05
1.330542738212395070e-05
1.363908861657532997e-05
1.397712849847409388e-05
1.431878989865529138e-05
1.466331260438448292e-05
1.500992383963888628e-05
1.535785765401263082e-05
1.570634565544048677e-05
1.605462206778272800e-05
1.640192919209485715e-05
1.674750687848259779e-05
1.709061393572534454e-05
1.743051776761379818e-05
1.776649985749914791e-05
1.809786161505846154e-05
1.842391273914420022e-05
1.874399444074662712e-05
1.905746790893355410e-05
1.936372008114916853e-05
1.966216971147790902e-05
1.995225461791363470e-05
2.023345639720629363e-05
2.050528770413772615e-05
2.076729813985315055e-05
2.101908035637141840e-05
2.126025623005143461e-05
2.149050265901383111e-05
2.170953769247235235e-05
2.191712635360378538e-05
2.211308658608687205e-05
2.229727443430907233e-05
2.246961046030366324e-05
2.263006480387303419e-05
2.277866698074043151e-05
2.291549034377971292e-05
2.304067865170183124e-05
2.315443035334238434e-05
2.325700382823841369e-05
2.334872258366660141e-05
2.342995892078928583e-05
2.350116028551034605e-05
2.356283269618500382e-05
2.361554543038119885e-05
2.365993559087351371e-05
2.369669108539757885e-05
2.372657637272334181e-05
2.375041515810625837e-05
2.376909440194378392e-05
2.378356815326776195e-05
2.379483992563431957e-05
2.380398756556503277e-05
2.381214531864413013e-05
2.382050708227775746e-05
2.383032946027490207e-05
2.384291357046258239e-05
2.385962891959864370e-05
2.388189489993860083e-05
2.391118326489647864e-05
2.394902042233714148e-05
2.399696864240792040e-05
2.405664901723081185e-05
2.412972238338246414e-05
2.421789106334620197e-05
2.432290048507059220e-05
2.444651967319416214e-05
2.459056359523187173e-05
2.475687342149206105e-05
2.494731764372770352e-05
2.516379318083520730e-05
2.540820493636683494e-05
2.568248807544564543e-05
2.598858743331925871e-05
2.632845819216672611e-05
2.670406670382488798e-05
2.711736878570730251e-05
2.757033272260675852e-05
2.806491752282770476e-05
2.860307340116747892e-05
2.918674261556788362e-05
2.981783605782884294e-05
3.049825801907980082e-05
3.122988287382217487e-05
3.201455567828685408e-05
3.285409337538124661e-05
3.375025912233505995e-05
3.470479008475610839e-05
3.571937201051367006e-05
3.679564030478808898e-05
3.793518200351885238e-05
3.913950717429488373e-05
4.041008119863038074e-05
4.174829658656433639e-05
4.315547493003119104e-05
4.463287007660881966e-05
4.618163584976460906e-05
4.780286443016099735e-05
4.949755466558007822e-05
5.126661533050721017e-05
5.311086994741324487e-05
5.503102000488650954e-05
5.702769114573467306e-05
5.910139715261937370e-05
6.125255453559882545e-05
6.348144153010355968e-05
6.578825178520005803e-05
6.817305426800939708e-05
7.063579997610866209e-05
7.317633083372955766e-05
7.579433263500675113e-05
7.848939965216822519e-05
8.126098864889066400e-05
8.410842810037043543e-05
8.703092992195822898e-05
9.002753551830920535e-05
9.309719293699598975e-05
9.623870413400714620e-05
9.945073708090662297e-05
1.027318406717783413e-04
1.060803831065478697e-04
1.094946430478200357e-04
1.129727493430125420e-04
1.165126963459422375e-04
1.201123622814038555e-04
1.237694393004517830e-04
1.274815398581579415e-04
1.312461282006813907e-04
1.350605391619292932e-04
1.389220001848440926e-04
1.428275525368382433e-04
1.467741738181751999e-04
1.507587006677841234e-04
1.547778512160570715e-04
1.588282508702603204e-04
1.629063443664980607e-04
1.670085349499636506e-04
1.711310979375236087e-04
1.752702069173106721e-04
1.794219633052259540e-04
1.835822991305199469e-04
1.877471330104155513e-04
1.919122744252708664e-04
1.960734536567659120e-04
2.002263550160600239e-04
2.043665105061370259e-04
2.084894722568146435e-04
2.125907076125656790e-04
2.166656326963270517e-04
2.207096491005508738e-04
2.247180288318389064e-04
2.286861023929223462e-04
2.326091450449859724e-04
2.364824137762782318e-04
2.403011871381239011e-04
2.440606421456690135e-04
2.477560567074726656e-04
2.513826876930962346e-04
2.549358109776514859e-04
2.584107639990929810e-04
2.618028155515288147e-04
2.651073807884621173e-04
2.683198919909744544e-04
2.714358772160070199e-04
2.744508252433833164e-04
2.773604090605167292e-04
2.801603516032383332e-04
2.828464701767186397e-04
2.854147225334457277e-04
2.878610669954426550e-04
2.901816942316752719e-04
2.923728879171611276e-04
2.944310707719444576e-04
2.963528516811339813e-04
2.981348825300084659e-04
2.997740953921433421e-04
3.012675596159288200e-04
3.026125287974806388e-04
3.038064882068228396e-04
3.048470100040094112e-04
3.057319926965281734e-04
3.064595162999737767e-04
3.070278894979689061e-04
3.074356965957588316e-04
3.076816528544641443e-04
3.077648429170019070e-04
3.076845757672149015e-04
3.074404312868702282e-04
3.070323059380699595e-04
3.064602699516256589e-04
3.057248013771961042e-04
3.048266425739968449e-04
3.037668453553844534e-04
3.025468146077001422e-04
3.011681689909872606e-04
2.996329673544466886e-04
2.979435684252993463e-04
2.961026737387467233e-04
2.941133684359845016e-04
2.919789869768167644e-04
2.897033288861038851e-04
2.872905231609679927e-04
2.847450682211230717e-04
2.820718691951110721e-04
2.792761099031419400e-04
2.763634552705301070e-04
2.733399217453217180e-04
2.702119135735138412e-04
2.669862559817587203e-04
2.636700743659107019e-04
2.602709812260754893e-04
2.567969535774656327e-04
2.532563649586164309e-04
2.496580140515229532e-04
2.460110116107443482e-04
2.423249504393512241e-04
2.386097903888407807e-04
2.348758856466180852e-04
2.311340085004718649e-04
2.273952440711079972e-04
2.236711426518495549e-04
2.199736124346450333e-04
2.163149417953006033e-04
2.127078181066768532e-04
2.091652298032669992e-04
2.057006013375320820e-04
2.023276932469905232e-04
1.990606193598838908e-04
1.959138607874267495e-04
1.929021742640614641e-04
1.900407110119834374e-04
1.873449231898572298e-04
1.848305956480162933e-04
1.825137581114971686e-04
1.804107928543911246e-04
1.785383451515651289e-04
1.769133319042463337e-04
1.755529480919985343e-04
1.744745817473603911e-04
1.736959107362420057e-04
1.732348163007369141e-04
1.731093876972638994e-04
1.733379255737349761e-04
1.739388568947825345e-04
1.749308253916764279e-04
1.763326054679378223e-04
1.781631037595657807e-04
1.804413605872374397e-04
1.831864613522814417e-04
1.864176264218934975e-04
1.901541220295780343e-04
1.944152599491719168e-04
1.992203984459482529e-04
2.045888460531106949e-04
2.105399578196730064e-04
2.170930392224734847e-04
2.242673454195510073e-04
2.320820833818771321e-04
2.405563033969664640e-04
2.497090096883559972e-04
2.595590527836837548e-04
2.701251300680873428e-04
2.814257910094963172e-04
2.934793112385643537e-04
3.063038265106632525e-04
3.199172084638735166e-04
3.343370684189630212e-04
3.495807678054874807e-04
3.656652692534479235e-04
3.826073036727934860e-04
4.004232239041308704e-04
4.191290138984253436e-04
4.387403065989795665e-04
4.592722061665891614e-04
4.807394985620682499e-04
5.031564772581086217e-04
5.265369600697675841e-04
5.508943168404413764e-04
5.762412567235335051e-04
6.025900930391727903e-04
6.299525349931975587e-04
6.583397145110113109e-04
6.877622261070865783e-04
7.182298730748582025e-04
7.497519975237538093e-04
7.823372319540676349e-04
8.159935384657875752e-04
8.507282631561449097e-04
8.865478351356242915e-04
9.234581725164205763e-04
9.614643877309288341e-04
1.000570924266026233e-03
1.040781213697231089e-03
1.082098149923429661e-03
1.124523753197329261e-03
1.168059237390340396e-03
1.212705096073677128e-03
1.258460702060073795e-03
1.305324875738132686e-03
1.353295492404705137e-03
1.402369568075265529e-03
1.452543365888031828e-03
1.503811933032015661e-03
1.556169772074513956e-03
1.609610386369503482e-03
1.664126386246507798e-03
1.719709617332610850e-03
1.776350630365970034e-03
1.834039463219051206e-03
1.892765119754531407e-03
1.952515697932021141e-03
2.013278541300178148e-03
2.075039637952179675e-03
2.137784519510860324e-03
2.201497669541280667e-03
2.266162674769443830e-03
2.331762400608122007e-03
2.398278316393983711e-03
2.465691515948243220e-03
2.533982052522742827e-03
2.603129113937045595e-03
2.673111222578279742e-03
2.743905485053316998e-03
2.815488737106771992e-03
2.887836803060245868e-03
2.960924695255296238e-03
3.034726838521219217e-03
3.109216243461503278e-03
3.184365776542371403e-03
3.260147343064674890e-03
3.336532110861788625e-03
3.413490758772885162e-03
3.490992573938772863e-03
3.569006845815833173e-03
3.647501972875016266e-03
3.726445710058195072e-03
3.805805440341032513e-03
3.885547197614716303e-03
3.965637181281914114e-03
4.046040788082925187e-03
4.126722882373704687e-03
4.207648089424379824e-03
4.288779746683712632e-03
4.370081533526872473e-03
4.451516430837971182e-03
4.533047012749592299e-03
4.614635759912316844e-03
4.696243943149683471e-03
4.777833360903160215e-03
4.859365230424368860e-03
4.940800499220700769e-03
5.022100176157806919e-03
5.103224152686178759e-03
5.184133038615310225e-03
5.264786989959011933e-03
5.345146037973524770e-03
5.425170435628335480e-03
5.504819422692298903e-03
5.584053148712517407e-03
5.662831443682845786e-03
5.741114488991332088e-03
5.818861542805901614e-03
5.896032923752406868e-03
5.972588740983710183e-03
6.048489248592594202e-03
6.123695212699805865e-03
6.198166594492154034e-03
6.271864597308139840e-03
6.344750353167862705e-03
6.416785287363983674e-03
6.487931492752435809e-03
6.558150379253433783e-03
6.627404769461475373e-03
6.695657550393988022e-03
6.762872045245596833e-03
6.829012391698903103e-03
6.894042167325063059e-03
6.957926517995219329e-03
7.020630784256741072e-03
7.082120877137021778e-03
7.142363657251808197e-03
7.201325545995534115e-03
7.258974670486804601e-03
7.315279474458612208e-03
7.370209094958498491e-03
7.423733739053088761e-03
7.475823290968260267e-03
7.526449457059691470e-03
7.575584371396681428e-03
7.623200970224078277e-03
7.669273363140740457e-03
7.713775446429669246e-03
7.756683031607149517e-03
7.797972455981845401e-03
7.837620951817614312e-03
7.875607008997052849e-03
7.911909004670690873e-03
7.946507299298573995e-03
7.979382862375761221e-03
8.010517633360794351e-03
8.039894873018215565e-03
8.067497819218156715e-03
8.093311735029416407e-03
8.117322559523031805e-03
8.139517257704897979e-03
8.159884157957732892e-03
8.178411643346926094e-03
8.195090137235199260e-03
8.209910788616965951e-03
8.222865808510188695e-03
8.233948791183321597e-03
8.243153449683730816e-03
8.250475525596826648e-03
8.255911517738490427e-03
8.259459002716153936e-03
8.261116937923848602e-03
8.260884449223545103e-03
8.258762652837184706e-03
8.254753435450356419e-03
8.248860046653670730e-03
8.241085933447835077e-03
8.231436484227102821e-03
8.219917855208246429e-03
8.206537257662450263e-03
8.191303224056294824e-03
8.174224506621202355e-03
8.155311715840076608e-03
8.134576210442579294e-03
8.112030364009396519e-03
8.087687809016325807e-03
8.061562404611911231e-03
8.033669762258275823e-03
8.004026204579932011e-03
7.972649010270990710e-03
7.939556635342617449e-03
7.904767754125886781e-03
7.868302666567661072e-03
7.830182330095809828e-03
7.790428582119797961e-03
7.749064338148137047e-03
7.706112708880677453e-03
7.661598285543498067e-03
7.615546247780459292e-03
7.567982563400793908e-03
7.518934163395582342e-03
7.468428136831230420e-03
7.416492892483654911e-03
7.363157344610864533e-03
7.308451089961582117e-03
7.252404560070408075e-03
7.195048294538207087e-03
7.136413979055995435e-03
7.076533709781332969e-03
7.015440147971648346e-03
6.953166650270875548e-03
6.889746619885990173e-03
6.825214422837054019e-03
6.759604730575317043e-03
6.692952652936978199e-03
6.625293847442271719e-03
6.556663946871560227e-03
6.487099357205472309e-03
6.416636677105376843e-03
6.345312810190420483e-03
6.273165054647332484e-03
6.200230604791763696e-03
6.126547235640050423e-03
6.052152796941186533e-03
5.977085306055330421e-03
5.901383019412445238e-03
5.825084004830312703e-03
5.748226718959081015e-03
5.670849572723455842e-03
5.592991006317815476e-03
5.514689544248952031e-03
5.435983434481864683e-03
5.356911126098596633e-03
5.277510902290506213e-03
5.197820939178561875e-03
5.117879346325226834e-03
5.037723868200539266e-03
4.957392270280304783e-03
4.876922035129844027e-03
4.796350406902725495e-03
4.715714419306206266e-03
4.635050654427166905e-03
4.554395546150745433e-03
4.473785134403183116e-03
4.393255140581699483e-03
4.312840768472860076e-03
4.232576948215064673e-03
4.152498133279052851e-03
4.072638324121338228e-03
3.993031078682595346e-03
3.913709360997229096e-03
3.834705719376327489e-03
3.756052131875545382e-03
3.677780021141790860e-03
3.599920258002796587e-03
3.522503052201678923e-03
3.445558074294335481e-03
3.369114344008046751e-03
3.293200238207295502e-03
3.217843489461112445e-03
3.143071113342401322e-03
3.068909483337680516e-03
2.995384256487162479e-03
2.922520376292897949e-03
2.850342068009640954e-03
2.778872797058439155e-03
2.708135305857907547e-03
2.638151571229898924e-03
2.568942803927831697e-03
2.500529442217160926e-03
2.432931136156101740e-03
2.366166754699017532e-03
2.300254369541623704e-03
2.235211252765369801e-03
2.171053870063420661e-03
2.107797885925720600e-03
2.045458148664549419e-03
1.984048695647406841e-03
1.923582750343218618e-03
1.864072716317106146e-03
1.805530198710116789e-03
1.747965974024071880e-03
1.691390012036937066e-03
1.635811473306994545e-03
1.581238704814084050e-03
1.527679273532677514e-03
1.475139926920113458e-03
1.423626627214866734e-03
1.373144550215314036e-03
1.323698083196006396e-03
1.275290866822890046e-03
1.227925751348337650e-03
1.181604839443914931e-03
1.136329486830258990e-03
1.092100302853697344e-03
1.048917197470908237e-03
1.006779337197685753e-03
9.656851931109746746e-04
9.256325436747219046e-04
8.866184781334120277e-04
8.486394457873204598e-04
8.116912147998200933e-04
7.757689225051227775e-04
7.408670719038862535e-04
7.069795811041700408e-04
6.740997460439713358e-04
6.422202909226759106e-04
6.113333751774933846e-04
5.814306017002936157e-04
5.525030648134840938e-04
5.245413192138636800e-04
4.975354288292757046e-04
4.714749758918376559e-04
4.463490714041132182e-04
4.221464002323895275e-04
3.988551970333779916e-04
3.764632920676584194e-04
3.549581220394602420e-04
3.343267423476118457e-04
3.145558683244139447e-04
2.956318582349008739e-04
2.775407550386365958e-04
2.602682985637553930e-04
2.437999389976380554e-04
2.281208737091725881e-04
2.132160368461311398e-04
1.990701364607003817e-04
1.856676675183110622e-04
1.729929260384277837e-04
1.610300413043031799e-04
1.497629711331693847e-04
1.391755341607422308e-04
1.292514231516930063e-04
1.199742191901968769e-04
1.113274193984404014e-04
1.032944366179703796e-04
9.585862697782724349e-05
8.900330297069061053e-05
8.271174711221728111e-05
7.696723555339301766e-05
7.175304068633723620e-05
6.705245439507162629e-05
6.284880038536530371e-05
5.912544677678537491e-05
5.586582620188959905e-05
5.305343972924114661e-05
5.067187641218230492e-05
4.870482440643366962e-05
4.713608202374818988e-05
4.594957506201860340e-05
4.512936041242879119e-05
4.465964267891677864e-05
4.452478368034192967e-05
4.470931157388302189e-05
4.519793625524675301e-05
4.597555107367670794e-05
4.702724739388706922e-05
4.833832215362299565e-05
4.989428475279957361e-05
5.168087140453143881e-05
5.368404350770723951e-05
5.589000106657320970e-05
5.828518805460258584e-05
6.085629685642957617e-05
6.359028244242379815e-05
6.647435612946259057e-05
6.949599876531766755e-05
7.264296373118342540e-05
7.590327881303789181e-05
7.926526102032097922e-05
8.271750468719317451e-05
8.624889527511197108e-05
8.984860660442809007e-05
9.350611671992980513e-05
9.721119087666031785e-05
1.009538963904070991e-04
1.047246012154262482e-04
1.085139711415335190e-04
1.123129875341933811e-04
1.161129234115464078e-04
1.199053601950050461e-04
1.236821838561206891e-04
1.274355847972984113e-04
1.311580520705114838e-04
1.348423995917515409e-04
1.384817056271357466e-04
1.420693823100710094e-04
1.455991431234467961e-04
1.490649628717193357e-04
1.524611619270198099e-04
1.557823034730241966e-04
1.590232809392294524e-04
1.621792782618832688e-04
1.652457227234216982e-04
1.682183821762595326e-04
1.710932452490957812e-04
1.738666217384395192e-04
1.765350958564898358e-04
1.790954724182118281e-04
1.815448866651764835e-04
1.838806683343223274e-04
1.861004544949798427e-04
1.882021362137187965e-04
1.901837987625580140e-04
1.920438244419412613e-04
1.937808355848307429e-04
1.953936315689474808e-04
1.968813168018938148e-04
1.982431421452804561e-04
1.994786354247070771e-04
2.005875389335099975e-04
2.015697418619178652e-04
2.024254177464900430e-04
2.031548543917347839e-04
2.037585934192806569e-04
2.042373631458532486e-04
2.045920074442857974e-04
2.048236308282644900e-04
2.049334192929740638e-04
2.049227870096515002e-04
2.047933055632951145e-04
2.045466303254363531e-04
2.041846511344564340e-04
2.037093066804369836e-04
2.031227362651297534e-04
2.024272064595731841e-04
2.016250360962236476e-04
2.007187503891135697e-04
1.997108915890577073e-04
1.986041736379084792e-04
1.974014073439581682e-04
1.961054250924017836e-04
1.947192362277546328e-04
1.932458367052151602e-04
1.916883644702426946e-04
1.900500242505698256e-04
1.883340130406814257e-04
1.865436746368794615e-04
1.846823109133482132e-04
1.827533358482868878e-04
1.807602009965634117e-04
1.787063227283803625e-04
1.765952339574577490e-04
1.744303994834295942e-04
1.722153667554436997e-04
1.699536930208497495e-04
1.676488751935938440e-04
1.653044970376161041e-04
1.629240507504489286e-04
1.605110827930658689e-04
1.580691236102637828e-04
1.556016208744988164e-04
1.531120806666893186e-04
1.506038971415740778e-04
1.480804920450806022e-04
1.455452477749295240e-04
1.430014445951840953e-04
1.404523946803924023e-04
1.379012813157208333e-04
1.353512910550470872e-04
1.328055507403942345e-04
1.302670691166642875e-04
1.277388629565291407e-04
1.252238068235190366e-04
1.227247571793841328e-04
1.202444938136357710e-04
1.177856661127252383e-04
1.153509108458274172e-04
1.129427130741764108e-04
1.105635218785586702e-04
1.082156964717828407e-04
1.059014571982045490e-04
1.036229949184788116e-04
1.013823432011789826e-04
9.918148569479935922e-05
9.702230701304697747e-05
9.490654836581857614e-05
9.283590881882682316e-05
9.081192847174940309e-05
8.883608782892649233e-05
8.690976336718775742e-05
8.503418753471242214e-05
8.321054246559383191e-05
8.143985344935143669e-05
7.972308094759741610e-05
7.806108058377424230e-05
7.645456709825074768e-05
7.490420135672830142e-05
7.341049306454004687e-05
7.197388632197979552e-05
7.059472362177368946e-05
6.927321322308896434e-05
6.800951049721017029e-05
6.680362855001467973e-05
6.565551839813287254e-05
6.456503642949149263e-05
6.353191456063506733e-05
6.255583710709027002e-05
6.163635775939076058e-05
6.077297559033825801e-05
5.996510533187706315e-05
5.921204961308545821e-05
5.851307262289291559e-05
5.786732174637947140e-05
5.727390067769978603e-05
5.673184179695514985e-05
5.624007975284650850e-05
5.579752320174269419e-05
5.540297935536404736e-05
5.505522547498570160e-05
5.475298259740515470e-05
5.449488972746327145e-05
5.427957489259310466e-05
5.410558088024135280e-05
5.397143633014939536e-05
5.387563005986400447e-05
5.381658516733304738e-05
5.379273053938437329e-05
5.380242616329579175e-05
5.384403492120155209e-05
5.391589680193712895e-05
5.401630228031530003e-05
5.414356526911510541e-05
5.429594656642412065e-05
5.447172729759146276e-05
5.466918236890583267e-05
5.488655258400243665e-05
5.512210937201919803e-05
5.537412751629349953e-05
5.564085630159007630e-05
5.592059635484515135e-05
5.621161772871621608e-05
5.651223745006950504e-05
5.682079067033263416e-05
5.713559993477984773e-05
5.745505509574590919e-05
5.777752701480301972e-05
5.810144824633516904e-05
5.842528226087729989e-05
5.874749062867592282e-05
5.906661621645451106e-05
5.938119210523564920e-05
5.968982556300973612e-05
5.999116513364361847e-05
6.028386566953985439e-05
6.056667478747182611e-05
6.083833693112263274e-05
6.109768055376723185e-05
6.134358301062165777e-05
6.157493351537242886e-05
6.179072260685850807e-05
6.198994160660050356e-05
6.217167271335196776e-05
6.233505177874915397e-05
6.247922939283112869e-05
6.260346291079435586e-05
6.270701185116754335e-05
6.278923040807164832e-05
6.284952832163299107e-05
6.288733041241103704e-05
6.290217054368114848e-05
6.289358376272332349e-05
6.286120057083960681e-05
6.280470621522603206e-05
6.272379908635124950e-05
6.261828585226895472e-05
6.248797135334713542e-05
6.233275384008807535e-05
6.215258310701220321e-05
6.194741823689018387e-05
6.171732304336917353e-05
6.146235488114015571e-05
6.118265997091935666e-05
6.087843086485590806e-05
6.054986406490630782e-05
6.019725485064874248e-05
5.982088625828048146e-05
5.942112356235817962e-05
5.899837160435760956e-05
5.855303282866446943e-05
5.808560055405755768e-05
5.759654940518097225e-05
5.708642801164332106e-05
5.655581674611810796e-05
5.600528671127144733e-05
5.543549053446826302e-05
5.484705550666694925e-05
5.424067358938705635e-05
5.361706009719360453e-05
5.297691413450518222e-05
5.232100605060743261e-05
5.165007445818961578e-05
5.096491270419829301e-05
5.026632899608638540e-05
4.955510873200926570e-05
4.883209784309520767e-05
4.809810473410976438e-05
4.735398247098114225e-05
4.660059079413430481e-05
4.583876071324133143e-05
4.506937308072122883e-05
4.429326632906691144e-05
4.351131375055866625e-05
4.272438776856594771e-05
4.193332708329931493e-05
4.113900995902672699e-05
4.034226843617122119e-05
3.954396022161277746e-05
3.874493550463723715e-05
3.794600684785708522e-05
3.714801682458572832e-05
3.635175916906874629e-05
3.555804495274893500e-05
3.476767214030244854e-05
3.398139832477140634e-05
3.320000251480085461e-05
3.242421346334845809e-05
3.165476997017863147e-05
3.089239327977661223e-05
3.013776266611930754e-05
2.939157133604472518e-05
2.865446195489574041e-05
2.792708108234022901e-05
2.721005442206858235e-05
2.650396517334633275e-05
2.580940418094544302e-05
2.512691246378828691e-05
2.445702995431212214e-05
2.380027352333662910e-05
2.315711793570268595e-05
2.252804053364833563e-05
2.191347037877815925e-05
2.131383161936014443e-05
2.072952413548474372e-05
2.016090686706089065e-05
1.960833746147839086e-05
1.907212746585412166e-05
1.855258078717150037e-05
1.804997673498338288e-05
1.756455543336717009e-05
1.709655299097620872e-05
1.664616203379529595e-05
1.621356584581441684e-05
1.579892353042633123e-05
1.540235717448769191e-05
1.502398320583642685e-05
1.466387743964036656e-05
1.432210558887869081e-05
1.399871022196033973e-05
1.369369931699965762e-05
1.340707455563301658e-05
1.313879997014404048e-05
1.288882959063098717e-05
1.265709584536009359e-05
1.244349912642523845e-05
1.224793382700060824e-05
1.207025962237736137e-05
1.191032707226100650e-05
1.176796709167528852e-05
1.164298114462137527e-05
1.153516246214038523e-05
1.144428597352127053e-05
1.137009869515648322e-05
1.131234390405481162e-05
1.127073457736972893e-05
1.124497747534283536e-05
1.123476353754727790e-05
1.123975830498429622e-05
1.125962601329754062e-05
1.129400312266486738e-05
1.134252252790640859e-05
1.140480405162986729e-05
1.148044455505941784e-05
1.156904274203147568e-05
1.167017187004684040e-05
1.178340486418014060e-05
1.190830455843247109e-05
1.204441318206803792e-05
1.219127859979173233e-05
1.234842537341676714e-05
1.251538148403303918e-05
1.269166800085229295e-05
1.287678766839618172e-05
1.307025321928629190e-05
1.327155605719690071e-05
1.348019519704467968e-05
1.369566607623735323e-05
1.391744801274866366e-05
1.414503511791657298e-05
1.437790199189728332e-05
1.461553537790295319e-05
1.485742187312008500e-05
1.510303407735510662e-05
1.535186450816272851e-05
1.560338783623769004e-05
1.585709562119599355e-05
1.611248272754238486e-05
1.636903203695234716e-05
1.662625163168427974e-05
1.688363324511135753e-05
1.714069030812223369e-05
1.739694292830312017e-05
1.765190109473304802e-05
1.790510525325624038e-05
1.815608080208218521e-05
1.840437953500099390e-05
1.864956309813428002e-05
1.889118467291783977e-05
1.912883292408867601e-05
1.936208252697208128e-05
1.959053895205503654e-05
1.981382037179775450e-05
2.003153786365840909e-05
2.024334257437761012e-05
2.044887241889707449e-05
2.064780001617493683e-05
2.083981307692544738e-05
2.102459322239089514e-05
2.120186608231812252e-05
2.137134444992025602e-05
2.153277905668794846e-05
2.168593752863931331e-05
2.183058196620960747e-05
2.196652158344962428e-05
2.209355273359037017e-05
2.221151210603219609e-05
2.232025439167148180e-05
2.241962881291212356e-05
2.250953382257608266e-05
2.258985452530090890e-05
2.266051779713865188e-05
2.272146884765352935e-05
2.277264692484029125e-05
2.281404152761283934e-05
2.284562783484279548e-05
2.286742319032896415e-05
2.287946278855999230e-05
2.288177480562439374e-05
2.287443754132605477e-05
2.285751352644180672e-05
2.283110678527377818e-05
2.279533790135472834e-05
2.275031884092709392e-05
2.269621043082851807e-05
2.263315584288723493e-05
2.256133804357642067e-05
2.248095451395877697e-05
2.239219203609978557e-05
2.229528393056136320e-05
2.219044361354381706e-05
2.207792166764393046e-05
2.195798049594075265e-05
2.183086933339149365e-05
2.169688071142026955e-05
2.155628474870039960e-05
2.140938532669171832e-05
2.125649495046269281e-05
2.109791022694487424e-05
2.093396709073326421e-05
2.076497642514147203e-05
2.059127889780710773e-05
2.041322028085046126e-05
2.023112760666117245e-05
2.004536277461100915e-05
1.985626000856562968e-05
1.966417899714832443e-05
1.946948089403465894e-05
1.927250532121274488e-05
1.907362207593739817e-05
1.887317081899884223e-05
1.867151226618375459e-05
1.846900504750963336e-05
1.826598367964531617e-05
1.806280820067962639e-05
1.785980635600236858e-05
1.765732269660533514e-05
1.745569642606082709e-05
1.725524041051190545e-05
1.705628868002386270e-05
1.685914124258088627e-05
1.666411105552252045e-05
1.647150293374285141e-05
1.628159361015259850e-05
1.609467072663116251e-05
1.591101239024993915e-05
1.573086784729368280e-05
1.555450171213526711e-05
1.538214291443573418e-05
1.521402846085953584e-05
1.505038405037565010e-05
1.489140570672071450e-05
1.473730220216303146e-05
1.458824634061581868e-05
1.444441698114520243e-05
1.430598063887063825e-05
1.417307395469131023e-05
1.404584459729986760e-05
1.392440455516251825e-05
1.380887072159539643e-05
1.369934735839487100e-05
1.359590924128579113e-05
1.349864138655945914e-05
1.340759393333423505e-05
1.332282164841286876e-05
1.324436708837318644e-05
1.317224422821686562e-05
1.310647740337741256e-05
1.304705729583128976e-05
1.299397975661975311e-05
1.294722947061295694e-05
1.290676385549387664e-05
1.287255163507693029e-05
1.284452940075644906e-05
1.282264017019781235e-05
1.280681733859334228e-05
1.279696862594805819e-05
1.279301470420408426e-05
1.279484578965556862e-05
1.280236035864299796e-05
1.281544916031344006e-05
1.283397899205252736e-05
1.285783179224841536e-05
1.288686072863532307e-05
1.292092947745871612e-05
1.295989607527866924e-05
1.300359631451267714e-05
1.305188368794162465e-05
1.310458447008682899e-05
1.316153793749955799e-05
1.322257985006900503e-05
1.328752527962986148e-05
1.335620975414728774e-05
1.342844288070907304e-05
1.350404984402205565e-05
1.358285432947152951e-05
1.366466062582421177e-05
1.374929626927880569e-05
1.383656382327644399e-05
1.392628394279344324e-05
1.401827758012854878e-05
1.411234723580404931e-05
1.420832134824541077e-05
1.430600392272974043e-05
1.440521939352995135e-05
1.450579398686101755e-05
1.460753602997711650e-05
1.471028227386077772e-05
1.481384514660147939e-05
1.491805958648266488e-05
1.502276347245690570e-05
1.512777693803463202e-05
1.523295075441189134e-05
1.533811106803113997e-05
1.544310831762262003e-05
1.554779667884277793e-05
1.565201236493067214e-05
1.575562413820199499e-05
1.585847547364825988e-05
1.596043561365805314e-05
1.606137800814645615e-05
1.616115761654286420e-05
1.625966355807967329e-05
1.635675871995219177e-05
1.645233294642920672e-05
1.654628048742153815e-05
1.663847634494614573e-05
1.672883101834545932e-05
1.681722764445481901e-05
1.690357726419464387e-05
1.698779531998602160e-05
1.706977711367147003e-05
1.714945455254329474e-05
1.722673096871209410e-05
1.730153835686567792e-05
1.737381298362823733e-05
1.744347004266372941e-05
1.751046226181868752e-05
1.757471259872480759e-05
1.763617329884931245e-05
1.769480069763513819e-05
1.775052917219616190e-05
1.780333142952801647e-05
1.785314931518845855e-05
1.789995450160905454e-05
1.794372257682936170e-05
1.798440640113873040e-05
1.802199786171542961e-05
1.805645706129857639e-05
1.808777441356629838e-05
1.811594412093863322e-05
1.814093704922954366e-05
1.816276370587420231e-05
1.818140209633972213e-05
1.819686097687408814e-05
1.820915282879702630e-05
1.821826636529109175e-05
1.822423046933897012e-05
1.822704101772299108e-05
1.822672502243114130e-05
1.822331321071155250e-05
1.821681227611562156e-05
1.820726949928757165e-05
1.819469884318043981e-05
1.817914570377723280e-05
1.816065920450472604e-05
1.813926429902324290e-05
1.811502679405516957e-05
1.808797901507246291e-05
1.805818488571842145e-05
1.802571204235499014e-05
1.799060388918564864e-05
1.795294474833231029e-05
1.791278538266076231e-05
1.787020813226516269e-05
1.782529895014560670e-05
1.777811950121587693e-05
1.772876290389547666e-05
1.767732576423959936e-05
1.762388034066424852e-05
1.756853937208863406e-05
1.751138191266690566e-05
1.745251804841340334e-05
1.739206099915082817e-05
1.733009944943648064e-05
1.726676189595316105e-05
1.720214296421520271e-05
1.713636759710608837e-05
1.706956330348145478e-05
1.700183271308861318e-05
1.693331728094789524e-05
1.686412425533015272e-05
1.679439019006802254e-05
1.672425340561744083e-05
1.665382680850692164e-05
1.658326084590349813e-05
1.651267124109357222e-05
1.644220173924940668e-05
1.637199683074891927e-05
1.630217485598350384e-05
1.623289016682437667e-05
1.616426168480089326e-05
1.609643485522511814e-05
1.602955466345062850e-05
1.596373902387826637e-05
1.589914017413796409e-05
1.583587404363831836e-05
1.577408146089962222e-05
1.571390147129003801e-05
1.565544498523409035e-05
1.559885550246439725e-05
1.554423920682006797e-05
1.549172554305457884e-05
1.544144081984791643e-05
1.539348206722358233e-05
1.534797725862561995e-05
1.530501597465681871e-05
1.526470953484380724e-05
1.522716484313688744e-05
1.519245837939565472e-05
1.516069615242055946e-05
1.513194470423539498e-05
1.510629104545206585e-05
1.508381667315729669e-05
1.506457159723366159e-05
1.504863431402011954e-05
1.503604285757541197e-05
1.502685484064080048e-05
1.502112154817876279e-05
1.501886187765807852e-05
1.502012266719160197e-05
1.502490944492138114e-05
1.503324691776781436e-05
1.504515301953067155e-05
1.506061262653173522e-05
1.507963860296876986e-05
1.510220185785073223e-05
1.512829264806430004e-05
1.515789443955280929e-05
1.519095724724816492e-05
1.522745977194338398e-05
1.526733834923307595e-05
1.531054944017053651e-05
1.535704314920248854e-05
1.540673603129111608e-05
1.545957468787429676e-05
1.551546318632376141e-05
1.557432709994865938e-05
1.563608651844812416e-05
1.570062816634798059e-05
1.576787080081307985e-05
1.583769069436751523e-05
1.590998755678739028e-05
1.598465687381009741e-05
1.606156118985240845e-05
1.614059760902769819e-05
1.622162096810817085e-05
1.630451192769846939e-05
1.638914848327228650e-05
1.647537628145921180e-05
1.656307847019054420e-05
1.665209624157752867e-05
1.674229932152522074e-05
1.683355651373152410e-05
1.692570494191527800e-05
1.701862242916113525e-05
1.711214515863193205e-05
1.720614072323922150e-05
1.730047758728058211e-05
1.739499317561603840e-05
1.748956889026477893e-05
1.758404471662451031e-05
1.767829492232920593e-05
1.777219635138020161e-05
1.786559531376667571e-05
1.795838527385989019e-05
1.805041831611956205e-05
1.814158350950228744e-05
1.823177398340221936e-05
1.832085260555334219e-05
1.840873230640258090e-05
1.849528440571793819e-05
1.858041959040804047e-05
1.866405375811541409e-05
1.874607250522532397e-05
1.882641398848018742e-05
1.890497419693012375e-05
1.898169043089694024e-05
1.905650593522780997e-05
1.912933325068038353e-05
1.920013946213827176e-05
1.926884857381262983e-05
1.933542732864765030e-05
1.939984868663604885e-05
1.946205411973481091e-05
1.952204105775344999e-05
1.957976258425386842e-05
1.963521540124014308e-05
1.968840223635374753e-05
1.973929318214038140e-05
1.978790221989581738e-05
1.983424903376055943e-05
1.987831983084074801e-05
1.992015785806858902e-05
1.995975936223704774e-05
1.999716453847706976e-05
2.003241844905018093e-05
2.006553107339803513e-05
2.009656946030477322e-05
2.012555172477383984e-05
2.015253958061806022e-05
2.017759848705874667e-05
2.020075704738069592e-05
2.022210059211746773e-05
2.024166349362107264e-05
2.025952308433579864e-05
2.027575915412891140e-05
2.029041280906363582e-05
2.030358130566399012e-05
2.031530894012532440e-05
2.032568218002529093e-05
2.033478862699662800e-05
2.034267543331383523e-05
2.034944523903450201e-05
2.035514585519301609e-05
2.035986646940414303e-05
2.036369617318951170e-05
2.036668201505522469e-05
2.036892592801680424e-05
2.037047337882095770e-05
2.037141054373824863e-05
2.037182247920955451e-05
2.037175086762920074e-05
2.037129185918651951e-05
2.037048380650983840e-05
2.036940534278492877e-05
2.036813325037660269e-05
2.036669993151862560e-05
2.036519212270118686e-05
2.036363778049706306e-05
2.036210502733409855e-05
2.036065974747538234e-05
2.035932279110001789e-05
2.035816954956320548e-05
2.035721600738260630e-05
2.035651854971799266e-05
2.035613129057951582e-05
2.035606299697947569e-05
2.035637753812098095e-05
2.035707907364402381e-05
2.035821274020903186e-05
2.035982169480100306e-05
2.036190372697712703e-05
2.036451261425567671e-05
2.036764237965903496e-05
2.037132889287175390e-05
2.037560659330734324e-05
2.038046474373730708e-05
2.038594973865772927e-05
2.039204833561279558e-05
2.039879022021193181e-05
2.040620435997301280e-05
2.041427484202538764e-05
2.042304419262097866e-05
2.043249546617097688e-05
2.044265583467292071e-05
2.045355251438688531e-05
2.046516812358546562e-05
2.047754508177309415e-05
2.049066642621903101e-05
2.050456049727024196e-05
2.051925637519486504e-05
2.053473869037889524e-05
2.055105318254676935e-05
2.056818610449693248e-05
2.058617008758348199e-05
2.060503902466562324e-05
2.062478226368501927e-05
2.064545142238725003e-05
2.066703823019028812e-05
2.068958167485252542e-05
2.071312226808000548e-05
2.073765555286185370e-05
2.076324028950083241e-05
2.078987457636565045e-05
2.081760440079818226e-05
2.084647722511276982e-05
2.087649473724005825e-05
2.090772255005251648e-05
2.094016442794547139e-05
2.097387239285470692e-05
2.100889956873385056e-05
2.104525210295635866e-05
2.108300055274343646e-05
2.112215202562717613e-05
2.116276202453071394e-05
2.120488648713241480e-05
2.124853280148407490e-05
2.129377308937895942e-05
2.134061404453424992e-05
2.138911073731097480e-05
2.143931778093044493e-05
2.149123935866869694e-05
2.154494465179576421e-05
2.160043513072040244e-05
2.165776057738346623e-05
2.171696930287336848e-05
2.177805709566350782e-05
2.184108507793954245e-05
2.190604417418272061e-05
2.197297364405133109e-05
2.204191026590049862e-05
2.211283610667225761e-05
2.218579912105086172e-05
2.226077449228979006e-05
2.233778599650931609e-05
2.241685405494717938e-05
2.249794221747167911e-05
2.258108084000662089e-05
2.266622496778802648e-05
2.275337886945054278e-05
2.284254284897036755e-05
2.293365832784130577e-05
2.302673494381303848e-05
2.312170463144644017e-05
2.321854966757721524e-05
2.331724812362448128e-05
2.341771742785318163e-05
2.351994521970043921e-05
2.362383928043017506e-05
2.372935941793269152e-05
2.383646143327446720e-05
2.394503904558234144e-05
2.405503929624942019e-05
2.416640556260170599e-05
2.427901844662908054e-05
2.439283325968719115e-05
2.450772263375367238e-05
2.462361514519345493e-05
2.474043664041826682e-05
2.485804931653763089e-05
2.497639366023865972e-05
2.509532611915331855e-05
2.521476222504236356e-05
2.533461611559986173e-05
2.545473772124254400e-05
2.557505931521428160e-05
2.569542803453408680e-05
2.581575363845468472e-05
2.593594612779671186e-05
2.605585097556083109e-05
2.617540036473045938e-05
2.629444042425251098e-05
2.641288367659045275e-05
2.653064468045103659e-05
2.664757327119010190e-05
2.676361047759622699e-05
2.687861042421682873e-05
2.699249743693591966e-05
2.710519966538172055e-05
2.721658033035023375e-05
2.732659822773384885e-05
2.743512433797152964e-05
2.754210347765120308e-05
2.764748589223470272e-05
2.775115653947157665e-05
2.785310001469340534e-05
2.795321199391889784e-05
2.805146524955450196e-05
2.814783923960380979e-05
2.824224748554282337e-05
2.833470669521777322e-05
2.842514324049188570e-05
2.851356330272332730e-05
2.859998051826308127e-05
2.868434153363089021e-05
2.876669906606247885e-05
2.884701367223294565e-05
2.892532775975526822e-05
2.900169137724579714e-05
2.907608604628126635e-05
2.914860148944199673e-05
2.921923297741921968e-05
2.928805893998086778e-05
2.935516500918266793e-05
2.942056623434995179e-05
2.948438722540273438e-05
2.954665536721080865e-05
2.960748178880069799e-05
2.966698377793998106e-05
2.972520548087861711e-05
2.978230125458153298e-05
2.983832500750843578e-05
2.989341433841583820e-05
2.994771143783373738e-05
3.000128235810480589e-05
3.005430343912754776e-05
3.010684697453606495e-05
3.015906840789123967e-05
3.021112582090520077e-05
3.026309783199738411e-05
3.031517305123956427e-05
3.036743218362598990e-05
3.042003826519640441e-05
3.047315480976182966e-05
3.052686235739459839e-05
3.058135101849154673e-05
3.063669901744860244e-05
3.069306605702969116e-05
3.075061015646324568e-05
3.080940282755581999e-05
3.086962487692593158e-05
3.093134127196100049e-05
3.099469783011485498e-05
3.105983673436604102e-05
3.112681026722790602e-05
3.119578014545482434e-05
3.126678846511476046e-05
3.133995801471380245e-05
3.141540640272180176e-05
3.149315823232062269e-05
3.157334833579493222e-05
3.165598843675729638e-05
3.174117147393569065e-05
3.182898422381422540e-05
3.191941775528066251e-05
3.201257500418919189e-05
3.210843268763109080e-05
3.220705009206507007e-05
3.230848002630444152e-05
3.241267735870292124e-05
3.251971142068760360e-05
3.262952262840854286e-05
3.274213622994860608e-05
3.285757138377020742e-05
3.297574755453895731e-05
3.309670225488305914e-05
3.322034177947989780e-05
3.334666041922543282e-05
3.347564743106751863e-05
3.360719105375895965e-05
3.374130208976496080e-05
3.387785813860722613e-05
3.401682877189676692e-05
3.415818014429875714e-05
3.430177638818199802e-05
3.444760950530236659e-05
3.459553649959769414e-05
3.474551096947245626e-05
3.489748510734662823e-05
3.505130824170227743e-05
3.520696345647785511e-05
3.536429706480178942e-05
3.552325701993587069e-05
3.568379206191527281e-05
3.584574719513212179e-05
3.600907218801337298e-05
3.617371890099481917e-05
3.633953483475350346e-05
3.650651122323063770e-05
3.667449925265720223e-05
3.684346005579102899e-05
3.701335885099851038e-05
3.718405514475240688e-05
3.735555833780110704e-05
3.752773515389361362e-05
3.770056719667382608e-05
3.787404173255658917e-05
3.804803841180068953e-05
3.822259258598267200e-05
3.839759364709033958e-05
3.857305033612948200e-05
3.874897803820983005e-05
3.892528191505211156e-05
3.910202809863166999e-05
3.927913270205195105e-05
3.945663504200332036e-05
3.963458134753138036e-05
3.981290421929076923e-05
3.999170185526483497e-05
4.017091753389961695e-05
4.035062091065827526e-05
4.053088806820672737e-05
4.071167723128526236e-05
4.089311619811675794e-05
4.107517210815278465e-05
4.125794099757975139e-05
4.144152413480271709e-05
4.162589992273413975e-05
4.181121975289967782e-05
4.199746785263815260e-05
4.218475933365801870e-05
4.237321276062327649e-05
4.256281816456093864e-05
4.275374160135420113e-05
4.294597482797379184e-05
4.313964214681223394e-05
4.333486914630503225e-05
4.353164673097591577e-05
4.373014474465707275e-05
4.393035115748488670e-05
4.413238808880497215e-05
4.433637663798722733e-05
4.454229681080523745e-05
4.475031065051768986e-05
4.496039053554573903e-05
4.517264484504637258e-05
4.538717876800059696e-05
4.560394997555858884e-05
4.582310177910705890e-05
4.604458005354424742e-05
4.626846908115890344e-05
4.649484819146861838e-05
4.672364299906402044e-05
4.695496916591862508e-05
4.718873738898202446e-05
4.742500000903475914e-05
4.766380329732804367e-05
4.790503405277241853e-05
4.814877457626174652e-05
4.839489510564145392e-05
4.864341179759288020e-05
4.889433444498564524e-05
4.914750821011069524e-05
4.940298041445578229e-05
4.966057977903614353e-05
4.992028637275272400e-05
5.018207452138858694e-05
5.044574944831441133e-05
5.071132644033525598e-05
5.097859626384674728e-05
5.124750762008521351e-05
5.151800499679935123e-05
5.178985999656192125e-05
5.206306335867647261e-05
5.233737597453579662e-05
5.261272430051773947e-05
5.288903290933397779e-05
5.316605030907485058e-05
5.344375418806165560e-05
5.372188754409163656e-05
5.400036738603327546e-05
5.427911176439549493e-05
5.455785992021194814e-05
5.483659098375874444e-05
5.511504485518537886e-05
5.539314438674698037e-05
5.567081671013459406e-05
5.594780759996679159e-05
5.622411371194363153e-05
5.649948799501661775e-05
5.677387540179879987e-05
5.704722838034685824e-05
5.731931538772383564e-05
5.759016661407919828e-05
5.785956385398711781e-05
5.812748965887961993e-05
5.839393691835541371e-05
5.865871150894643257e-05
5.892189133474146897e-05
5.918330072019146391e-05
5.944297281224515840e-05
5.970095323423228544e-05
5.995709689730550261e-05
6.021154011135099919e-05
6.046415966571621134e-05
6.071504822521285567e-05
6.096431209110803734e-05
6.121186223136727172e-05
6.145789919102202033e-05
6.170235708452308308e-05
6.194539172119317922e-05
6.218717254565698128e-05
6.242766795248271656e-05
6.266714276192455731e-05
6.290558734514537431e-05
6.314321826850816837e-05
6.338026450352451751e-05
6.361674707799355255e-05
6.385298898442041114e-05
6.408902958946945409e-05
6.432513770450101883e-05
6.456159214797641205e-05
6.479845574696993309e-05
6.503609770864148974e-05
6.527459332663959526e-05
6.551424956283609131e-05
6.575538001061768262e-05
6.599807319829803661e-05
6.624265031176776767e-05
6.648943679705241892e-05
6.673852718782180939e-05
6.699032803259745775e-05
6.724493358039255314e-05
6.750267213298816063e-05
6.776387198748542724e-05
6.802862030871679306e-05
6.829731969049164931e-05
6.857004810916633849e-05
6.884711913597887348e-05
6.912884205989448859e-05
6.941527451212387348e-05
6.970679358745364494e-05
7.000343916577546897e-05
7.030548897699065111e-05
7.061321263316664495e-05
7.092661760644183703e-05
7.124603608338477652e-05
7.157145046974604176e-05
7.190308453676767450e-05
7.224115097581817980e-05
7.258559023216461345e-05
7.293667446848681960e-05
7.329431381567351358e-05
7.365866501670335854e-05
7.402987200670648588e-05
7.440779702239547775e-05
7.479264319084248994e-05
7.518423989268521528e-05
7.558267043979642163e-05
7.598800508944811435e-05
7.640002379046617945e-05
7.681885897611146711e-05
7.724425828477589904e-05
7.767623284834149894e-05
7.811478207976681079e-05
7.855960738824723291e-05
7.901077673387444820e-05
7.946796291695246248e-05
7.993111401093950109e-05
8.040016922542092396e-05
8.087476292648519639e-05
8.135491240784032861e-05
8.184023001693402322e-05
8.233061714384400987e-05
8.282597046023305550e-05
8.332587561758357303e-05
8.383031951515203641e-05
8.433887467343602015e-05
8.485141800126492649e-05
8.536782674628605287e-05
8.588766130881769680e-05
8.641090306030772047e-05
8.693710958720478712e-05
8.746615922336826066e-05
8.799793611552665261e-05
8.853200167728978907e-05
8.906835875786656240e-05
8.960657663889904712e-05
9.014656206454761504e-05
9.068823291910409852e-05
9.123117794460674362e-05
9.177544780768430693e-05
9.232064900914783967e-05
9.286674189948057199e-05
9.341370257519918520e-05
9.396117058320395171e-05
9.450926721411709785e-05
9.505765774707808434e-05
9.560637673363215695e-05
9.615547783230752503e-05
9.670466931157103855e-05
9.725415973883773163e-05
9.780368819899715074e-05
9.835337699158119352e-05
9.890336922616086075e-05
9.945345200265336236e-05
1.000039295886591119e-04
1.005546213917931096e-04
1.011057421637026203e-04
1.016575272598949168e-04
1.022098434121196007e-04
1.027630895069104201e-04
1.033171621380282371e-04
1.038723634577697243e-04
1.044290140530837691e-04
1.049870512242196525e-04
1.055469575977012573e-04
1.061086940255318766e-04
1.066726353697442013e-04
1.072391709549706871e-04
1.078082902286146280e-04
1.083805396541024946e-04
1.089559225591810838e-04
1.095348633726316869e-04
1.101177955788742535e-04
1.107047345605065807e-04
1.112962635030263509e-04
1.118923995391113684e-04
1.124935872551064634e-04
1.131002739975290363e-04
1.137124695958208182e-04
1.143307623389007308e-04
1.149551504409646849e-04
1.155860659682978419e-04
1.162239372377764986e-04
1.168687349969151301e-04
1.175210198692730582e-04
1.181807378145337359e-04
1.188482759563342923e-04
1.195240116799965859e-04
1.202078447220728582e-04
1.209002777862461790e-04
1.216011743267339192e-04
1.223108480454774963e-04
1.230295981550506412e-04
1.237572267158034128e-04
1.244941543579116566e-04
1.252401384244625530e-04
1.259953981141458731e-04
1.267601352420874529e-04
1.275340360740231656e-04
1.283172571489363657e-04
1.291099369718042348e-04
1.299116881628933386e-04
1.307227736527447049e-04
1.315427568560716663e-04
1.323716881509771708e-04
1.332096007919017337e-04
1.340559862689748316e-04
1.349110109280148777e-04
1.357741207612719859e-04
1.366452687947144768e-04
1.375243943583199049e-04
1.384108808729782086e-04
1.393048146820893742e-04
1.402055423767244690e-04
1.411129407927258007e-04
1.420268787904891479e-04
1.429466567649248846e-04
1.438723091346704656e-04
1.448031124059049669e-04
1.457388991134744209e-04
1.466795013347632366e-04
1.476241713423565168e-04
1.485729287616038656e-04
1.495250179822757322e-04
1.504802669260707200e-04
1.514385116452379460e-04
1.523989976973529157e-04
1.533617724933636806e-04
1.543260911530297444e-04
1.552918204890814087e-04
1.562588442105819681e-04
1.572264447794728573e-04
1.581947409794419316e-04
1.591630418316865325e-04
1.601312957048340072e-04
1.610994758399685262e-04
1.620669426310523866e-04
1.630339260033094142e-04
1.639998275057926889e-04
1.649647140390212709e-04
1.659286836234382138e-04
1.668912082108481244e-04
1.678526601203806311e-04
1.688125628484597707e-04
1.697711286018054315e-04
1.707286044219744753e-04
1.716845957641710064e-04
1.726396360414642734e-04
1.735933869913663778e-04
1.745462190490546710e-04
1.754985380964464757e-04
1.764500901228892467e-04
1.774015729016233220e-04
1.783527868883450136e-04
1.793042574910238402e-04
1.802565428143920712e-04
1.812095197340400860e-04
1.821640368829030490e-04
1.831200170100327003e-04
1.840781204033396508e-04
1.850390340364751508e-04
1.860027393406780071e-04
1.869702060010905421e-04
1.879414464747907409e-04
1.889172201833466604e-04
1.898983044331253596e-04
1.908847440622110387e-04
1.918775860044714759e-04
1.928768862763346581e-04
1.938834550400966676e-04
1.948981095630725256e-04
1.959209057618897885e-04
1.969529140348532520e-04
1.979941785211372467e-04
1.990455036872960709e-04
2.001076894265494191e-04
2.011807443386747570e-04
2.022657038929428228e-04
2.033625412016090630e-04
2.044719963338108792e-04
2.055947934525929324e-04
2.067308354784279443e-04
2.078810661536854593e-04
2.090453310264389685e-04
2.102242511748086387e-04
2.114184220609230229e-04
2.126275890563435883e-04
2.138525553621370271e-04
2.150929914448060614e-04
2.163493551901952473e-04
2.176220719491141447e-04
2.189106902788893355e-04
2.202158378680415542e-04
2.215369773741948298e-04
2.228743751609400141e-04
2.242282618483936439e-04
2.255979675694050649e-04
2.269839280079165701e-04
2.283853845168744257e-04
2.298024034835107962e-04
2.312350166061650830e-04
2.326823349923072559e-04
2.341446071221713434e-04
2.356208613098940096e-04
2.371109773762966068e-04
2.386148058712816013e-04
2.401312604625755343e-04
2.416604290842396159e-04
2.432011572581387396e-04
2.447531731398014387e-04
2.463161850057478137e-04
2.478889515948884815e-04
2.494714469274107943e-04
2.510623837089393808e-04
2.526613919931963107e-04
2.542680944572000223e-04
2.558811546513770573e-04
2.575004950343582569e-04
2.591247605950919080e-04
2.607535504083718903e-04
2.623864705189231719e-04
2.640221604114858394e-04
2.656605627789885866e-04
2.673003285499035838e-04
2.689410995800863903e-04
2.705825393400306499e-04
2.722233383060867974e-04
2.738635329514710988e-04
2.755018544735882298e-04
2.771380598576106912e-04
2.787719409813333576e-04
2.804023100231646548e-04
2.820290240602170819e-04
2.836519816996718019e-04
2.852700971779722778e-04
2.868836906080091315e-04
2.884917540291624454e-04
2.900943519500810762e-04
2.916915982753397608e-04
2.932826129179232446e-04
2.948679508057015135e-04
2.964468222720888116e-04
2.980195310874810205e-04
2.995864333638473720e-04
3.011468786103172249e-04
3.027016725586519465e-04
3.042502572876785711e-04
3.057931817672915982e-04
3.073310447343249570e-04
3.088634223059458965e-04
3.103913595805387151e-04
3.119145162270374580e-04
3.134336645321215021e-04
3.149496184570408654e-04
3.164621500174602531e-04
3.179725047657045193e-04
3.194805186466884465e-04
3.209871387461428385e-04
3.224933408497863605e-04
3.239990368051588548e-04
3.255056093416512685e-04
3.270130058303870844e-04
3.285222773191993255e-04
3.300344869237861137e-04
3.315496103224147787e-04
3.330690858432894187e-04
3.345928904267894146e-04
3.361220930180771325e-04
3.376577560389572926e-04
3.391998310532535468e-04
3.407497205503374951e-04
3.423073409792035050e-04
3.438736870531528336e-04
3.454497284054343907e-04
3.470353023314748917e-04
3.486316841210568588e-04
3.502386416104792677e-04
3.518570073348591901e-04
3.534875722935715671e-04
3.551299775571520149e-04
3.567852902532656838e-04
3.584530537627548326e-04
3.601338648436955216e-04
3.618282662608751296e-04
3.635356389701967488e-04
3.652567808706682034e-04
3.669909566367234315e-04
3.687384768669740420e-04
3.704995912022792889e-04
3.722733827938376483e-04
3.740603466495304847e-04
3.758594432106952842e-04
3.776706762123666810e-04
3.794939878589182630e-04
3.813281573592776862e-04
3.831733751140452933e-04
3.850283045398600595e-04
3.868926546698891631e-04
3.887660789968601848e-04
3.906470800266696329e-04
3.925355747029867599e-04
3.944299696515388728e-04
3.963297236411432705e-04
3.982342518522917572e-04
4.001418386526529283e-04
4.020521886059729810e-04
4.039635212114099910e-04
4.058751172611298826e-04
4.077862305466527747e-04
4.096950113802145469e-04
4.116010363792347400e-04
4.135024298410141814e-04
4.153983868734918293e-04
4.172880948952219769e-04
4.191696707901556239e-04
4.210426615096953267e-04
4.229052003567759332e-04
4.247564986441501513e-04
4.265957797500109696e-04
4.284212331711248880e-04
4.302324769526836299e-04
4.320277582557855009e-04
4.338064043222588468e-04
4.355677722818496753e-04
4.373102237256409853e-04
4.390335391621618256e-04
4.407361732057442382e-04
4.424176548927856879e-04
4.440775568581602478e-04
4.457144943581285929e-04
4.473284814323479097e-04
4.489182517920327267e-04
4.504835981050637431e-04
4.520243645302461926e-04
4.535394743493192460e-04
4.550292173299335871e-04
4.564926478497614870e-04
4.579298526759275180e-04
4.593409711314370698e-04
4.607252556321502586e-04
4.620832798955059836e-04
4.634144259788014323e-04
4.647190703122745510e-04
4.659976359473118508e-04
4.672496903261094659e-04
4.684760644283122999e-04
4.696764402310395908e-04
4.708514452676274518e-04
4.720017414578057393e-04
4.731271643655284020e-04
4.742287440516405449e-04
4.753064040128372292e-04
4.763609552549793384e-04
4.773932261288381493e-04
4.784032471628672334e-04
4.793918980699670980e-04
4.803600642325438598e-04
4.813078507408105806e-04
4.822364288315341210e-04
4.831459344488687438e-04
4.840372848812664591e-04
4.849113828821575447e-04
4.857683822764637138e-04
4.866094160026699636e-04
4.874346313942243074e-04
4.882448868042964284e-04
4.890410070842865628e-04
4.898231040748300420e-04
4.905921799586587416e-04
4.913483073640228637e-04
4.920921998493398399e-04
4.928245220649186357e-04
4.935452680752827484e-04
4.942552343553190900e-04
4.949543519232381958e-04
4.956431251350329080e-04
4.963219994325025579e-04
4.969908000618657130e-04
4.976500695202259279e-04
4.982995580934719429e-04
4.989395258420499177e-04
4.995701704154321618e-04
5.001911283544110661e-04
5.008026721341016924e-04
5.014043647316613218e-04
5.019962199936631479e-04
5.025781925971847808e-04
5.031497437592860828e-04
5.037108932739782106e-04
5.042610430599811337e-04
5.047999913390061131e-04
5.053274864606615430e-04
5.058428585012644894e-04
5.063459219169193833e-04
5.068359724045829297e-04
5.073126505557750462e-04
5.077755609448689200e-04
5.082239707822140858e-04
5.086575590768485427e-04
5.090755905530505807e-04
5.094776247448790270e-04
5.098632014746682685e-04
5.102316074366306051e-04
5.105824681408434578e-04
5.109151020316140841e-04
5.112290714125052298e-04
5.115239352107764977e-04
5.117990841034831401e-04
5.120541720460404598e-04
5.122886531111247102e-04
5.125021712181222202e-04
5.126943808790965533e-04
5.128648512416105398e-04
5.130133347049843119e-04
5.131394883249330288e-04
5.132431000727039538e-04
5.133239780796439600e-04
5.133819237557820823e-04
5.134168358524442708e-04
5.134286175564365621e-04
