3.007057571E+1
2.977316856E+1
2.946677780E+1
2.919031143E+1
2.880411148E+1
2.849516106E+1
2.820540237E+1
2.804419708E+1
2.761728668E+1
2.732026100E+1
2.701327133E+1
2.672426414E+1
2.646213341E+1
2.617086411E+1
2.584627533E+1
2.554612160E+1
2.523381615E+1
2.492469788E+1
2.463466835E+1
2.434094048E+1
2.402082443E+1
2.371125603E+1
2.340573883E+1
2.313972855E+1
2.282720947E+1
2.252994537E+1
2.225001717E+1
2.194020462E+1
2.165061188E+1
2.135881233E+1
2.108236122E+1
2.078105354E+1
2.048292351E+1
2.015002251E+1
1.987638474E+1
1.958493614E+1
1.917636871E+1
1.898831558E+1
1.867451668E+1
1.836827278E+1
1.807145882E+1
1.775070000E+1
1.745238686E+1
1.714123344E+1
1.686264229E+1
1.656442261E+1
1.629033470E+1
1.594891071E+1
1.566620731E+1
1.538835907E+1
1.507730484E+1
1.478483677E+1
1.436227322E+1
1.418364620E+1
1.390305710E+1
1.360443211E+1
1.326438046E+1
1.295881367E+1
1.264687634E+1
1.232477570E+1
1.205399132E+1
1.171220112E+1
1.141121769E+1
1.118815136E+1
1.081968021E+1
1.050074959E+1
1.022196007E+1
9.893130302E+0
9.637619019E+0
9.415040016E+0
9.024301529E+0
8.700103760E+0
8.515768051E+0
8.190846443E+0
7.770161629E+0
7.599395275E+0
7.267239094E+0
6.963093758E+0
6.646869659E+0
6.371098995E+0
6.069051743E+0
5.751255989E+0
5.422162056E+0
5.137408733E+0
4.827087879E+0
4.551806927E+0
4.236343384E+0
3.925500870E+0
3.606623650E+0
3.322468996E+0
3.026456594E+0
2.697554111E+0
2.414319038E+0
2.189848185E+0
1.881002188E+0
1.582617164E+0
1.296779037E+0
9.565097094E-1
6.684921384E-1
3.379238546E-1
4.819460958E-2
-2.386039943E-1
-5.433246493E-1
-8.400907516E-1
-1.143392444E+0
-1.448491335E+0
-1.788589597E+0
-2.088216543E+0
-2.391257763E+0
-2.585603714E+0
-3.005542040E+0
-3.242545843E+0
-3.522425890E+0
-3.830971956E+0
-4.138995647E+0
-4.447902679E+0
-4.757178307E+0
-5.056332111E+0
-5.354365349E+0
-5.662617207E+0
-5.984595776E+0
-6.304750919E+0
-6.570742130E+0
-6.793372631E+0
-7.196590424E+0
-7.388890266E+0
-7.715335846E+0
-8.023371696E+0
-8.335322380E+0
-8.653198242E+0
-8.954091072E+0
-9.264648437E+0
-9.602380753E+0
-9.794956207E+0
-1.020084667E+1
-1.040719223E+1
-1.073008347E+1
-1.102534389E+1
-1.136853886E+1
-1.165770721E+1
-1.196982288E+1
-1.227151680E+1
-1.257262611E+1
-1.281850433E+1
-1.311999798E+1
-1.343137646E+1
-1.383061981E+1
-1.402972412E+1
-1.433721447E+1
-1.464287281E+1
-1.495640373E+1
-1.524329090E+1
-1.557713318E+1
-1.589187145E+1
-1.618468475E+1
-1.650188446E+1
-1.679381561E+1
-1.708020592E+1
-1.729730988E+1
-1.768940163E+1
-1.801988220E+1
-1.830840302E+1
-1.860088348E+1
-1.892092896E+1
-1.920230675E+1
-1.951261520E+1
-1.970369148E+1
-2.010374451E+1
-2.038567734E+1
-2.069844246E+1
-2.090432739E+1
-2.122757530E+1
-2.152242470E+1
-2.184872246E+1
-2.212700462E+1
-2.241319275E+1
-2.274559021E+1
-2.302425575E+1
-2.333532143E+1
-2.363755798E+1
-2.399565315E+1
-2.427247810E+1
-2.459093666E+1
-2.489843750E+1
-2.518213463E+1
-2.548636436E+1
-2.580748749E+1
-2.613252449E+1
-2.641288185E+1
-2.670424271E+1
-2.694001770E+1
-2.723067856E+1
-2.754350281E+1
-2.785237122E+1
-2.815304184E+1
-2.843096161E+1
-2.874702454E+1
-2.905455017E+1
-2.937742805E+1
-2.968094444E+1
-2.998936462E+1
