-3.796127439E-2
7.314823568E-2
-3.024027683E-2
8.793568611E-2
1.102658659E-1
-1.647772640E-2
-7.350734621E-2
-8.583384007E-2
-7.439871132E-2
5.727535114E-2
-4.588949308E-2
4.434364662E-2
-3.215062618E-2
6.755598634E-2
8.304860443E-3
9.303061664E-2
1.562918536E-2
-1.068088859E-1
1.213740185E-2
-5.985465646E-2
5.212780088E-2
-4.942403734E-2
5.310139433E-2
-1.381481439E-2
8.975394070E-2
-2.421911992E-2
-1.061990708E-1
1.110525988E-2
9.074003249E-2
2.373172902E-2
-5.682072416E-2
3.586548194E-2
-2.471315302E-2
6.029086560E-2
-1.226627268E-2
-1.080304831E-1
-8.050933480E-2
-5.946455896E-2
3.804488480E-2
-7.694781572E-2
3.927963972E-2
-2.963243797E-2
8.227107674E-2
1.624491811E-2
-1.261169761E-1
3.473795205E-2
-7.723726332E-2
3.807317093E-2
-2.887263894E-2
5.548275262E-2
-1.470223255E-2
1.154456586E-1
-9.284108877E-2
1.203419119E-1
-1.968730055E-2
-4.467513040E-2
4.921688512E-2
-9.488896467E-3
-7.629787922E-2
6.067240611E-2
-4.657232389E-2
7.891743630E-2
-1.816967689E-2
1.706984267E-2
1.987024210E-2
-3.689689934E-2
6.798160076E-2
-1.865055412E-2
-6.878146529E-2
-7.150687277E-2
-4.850043729E-2
3.794028983E-2
1.947554201E-2
-1.158738788E-2
1.010074746E-2
1.264525019E-2
8.793963492E-2
1.624426059E-2
-3.154804930E-2
8.436627686E-2
-1.355365384E-2
1.052840874E-1
2.680907771E-2
-4.217733443E-2
6.971894205E-2
-4.038276523E-2
-1.148410439E-1
2.569203731E-3
-1.139187589E-1
2.928319201E-2
-4.597830027E-2
4.279839620E-2
-2.728988975E-2
1.535355300E-2
-1.005923524E-1
8.248286322E-3
-5.993228033E-2
5.713786557E-2
-1.506075263E-2
8.346570283E-2
3.754620906E-3
-9.334564954E-2
2.697551064E-2
-6.149003282E-2
4.768083990E-2
-3.722055629E-2
-1.242145225E-1
2.065109275E-2
-7.362838835E-2
-3.878290951E-2
-5.231982097E-2
1.030599140E-2
-9.000253677E-2
3.371103667E-3
-4.881751165E-2
5.794107914E-2
-2.186210081E-2
5.628399551E-2
4.066434223E-3
-8.051393926E-2
7.216144353E-3
-5.462618917E-2
5.133116245E-2
5.437364429E-2
1.027744561E-1
1.101066768E-1
2.692683041E-2
-5.802390352E-2
5.462625250E-2
-2.101086266E-2
8.527014405E-2
6.051777862E-3
-7.483419776E-2
-6.986228377E-2
-3.278806806E-2
1.184795517E-2
-7.520981878E-2
1.856312715E-2
-3.937035799E-2
5.518738553E-2
-3.088170197E-3
-1.014238521E-1
2.486715093E-2
3.586613759E-2
-5.773708597E-2
6.824474037E-2
7.570194453E-2
-9.371338040E-2
1.199991442E-2
-6.902157515E-2
2.541052178E-2
-1.862687059E-2
8.781661838E-2
-1.009414205E-3
-3.835400194E-2
9.612111747E-2
-2.067602426E-2
6.272024661E-2
-8.614894748E-2
-6.320171803E-2
3.446297720E-2
-3.949271515E-2
7.293509692E-2
-1.114667626E-3
-9.768077731E-2
5.956634777E-5
1.710996963E-2
4.118209705E-2
-3.775011003E-2
5.584521964E-2
5.891467631E-2
-2.942131134E-3
-9.037684649E-2
2.796160243E-2
-3.583778813E-2
4.481136799E-2
-8.441625163E-3
9.649477154E-2
2.359095216E-2
-6.552321464E-2
3.042585030E-2
-2.607552707E-2
7.463625073E-2
-6.774672773E-3
9.412327409E-2
2.443758585E-2
-8.975453675E-2
5.832591280E-2
-3.230455890E-2
8.823697269E-2
-7.233837247E-2
1.170520484E-2
-5.823111907E-2
6.458323449E-2
-3.919997811E-2
-1.119735390E-1
7.777276915E-3
-9.301015735E-2
2.070042863E-2
-3.898091987E-2
6.176770106E-2
