3.262038529E-2
-6.812560558E-2
4.464888200E-2
8.870798349E-2
-3.089485923E-3
-7.078522444E-2
-2.331003081E-3
-5.132254586E-2
4.243461415E-2
-2.056945488E-2
5.590442568E-2
3.027056344E-3
-8.811324090E-2
9.188331664E-3
-7.698860765E-2
6.043953449E-2
-3.509841859E-3
-1.215772983E-2
-9.725384414E-2
-3.751921281E-2
-6.401479989E-2
6.252157688E-2
-1.693360694E-2
-1.017843485E-1
-7.678537164E-3
-6.294252723E-2
5.140549690E-2
-3.256045654E-2
5.790617783E-3
2.149505541E-3
-9.008020163E-3
2.926674671E-2
6.468190998E-2
-3.933088481E-2
8.410051465E-2
2.144900616E-3
3.194018453E-2
4.488044232E-2
-2.454409003E-2
7.401131094E-2
1.013166551E-2
-3.591870144E-2
6.275445223E-2
-2.301331051E-2
-1.289732903E-1
4.191032052E-2
-4.353181645E-2
6.811317056E-2
-2.661429346E-2
-9.748671949E-2
-7.931799442E-2
7.980683446E-2
-1.478051487E-2
-2.173711173E-2
-7.643602043E-2
3.839353845E-2
6.173283607E-2
-3.432542458E-2
9.588363767E-2
1.955974475E-2
-8.131451905E-2
4.660659656E-2
-1.763156801E-2
-1.056780666E-1
2.070569247E-2
-5.502352118E-2
3.786003590E-2
-4.641707614E-2
-1.141101867E-1
1.153877284E-2
-5.692663416E-2
6.484702229E-2
-8.850139566E-3
-1.290699989E-1
3.366634250E-2
-7.257782668E-2
6.106447801E-2
-2.913774550E-2
1.105941311E-1
-7.064379007E-2
6.135853007E-2
-4.335091263E-2
6.800528616E-2
-7.042605430E-2
-7.965809852E-2
3.399131075E-2
9.521853179E-3
9.410157055E-2
4.632372782E-2
-3.791588545E-2
5.612479895E-2
-4.883399699E-3
-9.969835728E-2
5.459928140E-2
1.117301732E-2
7.708603144E-2
-2.207194827E-2
-1.133444682E-1
2.776030637E-2
-2.563017420E-2
6.321427971E-2
-6.769410335E-3
-8.654759079E-2
1.282812748E-2
-5.415649712E-2
6.102368981E-2
-2.301400527E-3
-8.246573061E-2
3.251644596E-2
-4.272991419E-2
6.106776744E-2
1.501147915E-2
-5.161199346E-2
3.858496621E-2
4.182870965E-3
9.168468416E-2
5.913241953E-2
-2.253374830E-2
6.424642354E-2
1.071713772E-2
-7.244823128E-2
4.819000512E-2
-5.752814468E-5
1.611861400E-2
8.253549226E-3
-6.267413497E-2
4.336610436E-2
2.732679248E-2
1.154495999E-1
4.814593121E-2
8.893164992E-2
-8.714556694E-2
-1.163777411E-1
-6.315369159E-2
-5.825019628E-2
6.764478981E-2
-2.855296945E-3
-7.707412541E-2
5.701484904E-2
6.124998629E-2
6.338136643E-2
6.630672142E-3
-7.011424005E-2
6.137892231E-2
-1.734672673E-2
-7.919103652E-2
5.020692572E-2
-2.382704988E-2
8.421563357E-2
4.310494661E-2
6.038625166E-2
1.898150891E-2
-8.563122898E-2
4.603362456E-2
4.662830755E-2
-1.168448031E-1
1.583706215E-2
-6.264452636E-2
-1.483445708E-2
9.698814154E-2
2.175164782E-2
-5.993823987E-3
6.545683742E-2
2.630780824E-2
-2.161146514E-2
9.399302304E-2
-7.638409268E-3
-6.898144633E-2
5.494925007E-2
9.376471862E-3
-9.180237353E-2
1.554037817E-2
-1.155318040E-2
7.642555982E-2
-4.777488299E-3
-6.611000001E-2
9.605533630E-2
-1.065786835E-2
-9.019660205E-2
5.201596767E-2
-3.333604336E-2
-1.180407479E-1
2.655712701E-2
-1.667906181E-3
6.810922176E-2
1.737507805E-2
-7.677744329E-2
-4.376074299E-2
-2.604263648E-2
-1.112821978E-2
5.556038022E-2
-4.069786519E-2
1.048933342E-1
3.105079196E-2
-3.963546455E-2
-1.282082684E-2
5.467621144E-3
-5.099691823E-2
6.501477212E-2
1.424970757E-2
-9.668942541E-2
