4.412722215E-2
5.626623333E-2
7.411590964E-2
8.780280501E-2
8.457875997E-2
-8.581344783E-2
-7.868384570E-2
-8.811455220E-2
-5.086666718E-2
-8.244731277E-2
-4.938785732E-2
-2.811810374E-2
2.159705758E-2
-2.945876867E-2
1.185190212E-2
8.735741489E-3
1.172230858E-2
1.484899409E-2
1.550419722E-2
2.181085385E-2
5.611427501E-2
5.230607092E-2
-1.369666308E-1
7.296995819E-2
8.279208094E-2
8.367292583E-2
-2.617223002E-2
-5.739567056E-2
-1.146766171E-2
1.813352224E-3
9.526457638E-3
2.772938833E-2
2.446850389E-2
4.148206860E-2
6.166376546E-2
8.925004303E-2
1.250941157E-1
-8.864082396E-2
-6.266032159E-2
-5.418543890E-2
-7.794706523E-2
-2.541374601E-2
-2.719121426E-2
4.943985026E-3
1.762505434E-2
8.882438764E-3
1.404972561E-2
2.348438464E-2
4.015916586E-2
9.314376116E-2
-1.223219335E-1
1.142872125E-1
-7.042868435E-2
-1.009041667E-1
-4.497905076E-2
-2.291068807E-2
1.352608949E-2
4.742362723E-2
5.838117003E-2
6.255447119E-2
2.998773195E-2
-1.083113775E-1
-8.376824111E-2
-8.723042160E-2
-4.135898873E-2
-5.273097008E-2
1.053689141E-2
-1.071908395E-3
-1.038289350E-2
5.022534356E-2
3.844550624E-2
6.193150207E-2
7.821486890E-2
1.209767237E-1
-8.159410208E-2
-6.371482462E-2
-6.801311672E-2
6.832627114E-3
-5.855020601E-3
-5.665564444E-3
3.890598938E-2
5.652147532E-2
6.701458991E-2
-1.012863666E-1
-7.894500345E-2
-1.039670408E-1
-6.000529975E-2
-3.838689625E-2
-5.825874954E-2
-4.879843444E-2
-4.621117562E-2
-1.038157754E-2
1.417993917E-3
2.330545336E-2
2.128853276E-2
3.632859513E-2
1.330703124E-2
6.360437721E-2
5.161798000E-2
5.666816980E-2
5.679316074E-2
-7.441581786E-2
-1.086587161E-1
-6.407532096E-2
-5.067589507E-2
-6.745728198E-3
-1.507325098E-2
8.938354440E-3
4.056899622E-2
7.736034691E-2
8.433141559E-2
-1.354397982E-1
9.081436694E-2
-5.746803433E-2
-3.664692491E-2
-5.479459465E-2
-2.561504394E-2
1.387605723E-2
4.702169076E-2
2.843524329E-2
2.693998627E-2
5.729048327E-2
9.261157364E-2
-1.059208065E-1
-6.674020737E-2
-5.370653793E-2
-3.359851986E-2
4.469028674E-3
-3.454583930E-3
-6.888342649E-2
-6.254322082E-2
-5.855214223E-2
-1.934522577E-2
-3.948617261E-3
4.693617299E-2
6.259986013E-2
5.025625974E-2
-1.088152826E-1
-8.115006238E-2
-7.785760611E-2
-4.857214168E-2
-4.757749662E-2
-7.896934450E-2
3.702261299E-2
2.945291251E-2
8.983156830E-2
-9.720713645E-2
-8.262755722E-2
-1.786970347E-2
-1.353852358E-2
8.433138020E-3
5.171336234E-2
5.874758586E-2
8.887836337E-2
-9.418834001E-2
-7.433095574E-2
-5.847649276E-2
-5.098310485E-2
4.127612803E-3
2.897463040E-3
6.466213614E-3
3.649305552E-2
6.328269094E-2
9.121762216E-2
-7.172132283E-2
-6.522323936E-2
-5.063840002E-2
2.631698037E-3
1.354253571E-2
-4.247274250E-3
3.712852299E-2
4.975565150E-2
5.960671604E-2
7.593350112E-2
-8.095337451E-2
-6.823546439E-2
-6.921497732E-2
-2.623603866E-2
-2.663402818E-2
3.024889342E-2
1.799500023E-4
3.434983268E-2
4.086765274E-2
7.498688251E-2
9.891296923E-2
-6.328065693E-2
-5.918629467E-2
-2.418820187E-2
-5.061710253E-4
6.141901016E-3
-9.075776674E-3
4.143339023E-2
4.508502781E-2
6.001720577E-2
8.059952408E-2
-9.697294980E-2
-4.924115911E-2
-5.675033480E-2
-2.988701873E-2
-1.386020519E-2
1.039671078E-1
6.084541976E-2
5.940805003E-2
7.097343355E-2
8.796726167E-2
-1.046386883E-1
-9.590397030E-2
-7.044907659E-2
-6.061116606E-2
-3.188223019E-2
-8.554114029E-3
4.658485297E-3
2.064319700E-2
2.765373699E-2
1.280247234E-2
4.867351055E-2
9.004799277E-2
9.877679497E-2
-7.932062447E-2
-6.466079503E-2
-3.931773081E-2
-8.948815055E-3
-4.880110733E-3
9.425151162E-3
3.623847291E-2
6.017903239E-2
6.318665296E-2
1.055294648E-1
-1.057162210E-1
-6.546927243E-2
-4.602961242E-2
-2.108717151E-2
1.875521429E-2
-4.605793860E-3
1.506015938E-2
5.155022070E-2
6.437930465E-2
-1.089152694E-1
-7.835755497E-2
-7.573345304E-2
-6.171961501E-2
-2.111611515E-2
-1.284385100E-2
2.104908228E-2
4.072029889E-2
4.210635275E-2
8.612598479E-2
1.129011512E-1
-7.730041444E-2
-4.089653119E-2
-3.251309320E-2
-2.514403500E-2
2.347385883E-2
4.251486808E-2
3.597205132E-2
7.531382143E-2
7.752282917E-2
-6.981229037E-2
-6.468579173E-2
8.521488309E-2
8.838363923E-3
3.286378458E-2
4.371936247E-2
7.533355802E-2
-1.086889729E-1
-7.335538417E-2
-4.260098189E-2
-3.718174249E-2
-5.304413382E-3
3.394855186E-2
3.468795866E-2
7.243316621E-2
6.560287625E-2
-6.268071383E-2
-5.837321281E-2
-2.394414507E-2
1.147035789E-2
3.327953443E-2
1.867824793E-2
2.709852532E-2
6.944330782E-2
6.181835383E-2
9.136234969E-2
-1.119570956E-1
-5.559123307E-2
-5.065550283E-2
1.029875502E-2
7.591109723E-3
1.832893677E-2
5.359148234E-2
7.744849473E-2
-1.344615966E-1
-6.464368850E-2
-5.317500606E-2
-2.097270824E-2
-1.548834424E-2
-1.609026268E-2
1.415761095E-2
3.648187220E-2
4.062359408E-2
7.119183242E-2
