1.564587686838543946e-09
1.548221575299423397e-09
1.528385691045153627e-09
1.505177996232174267e-09
1.478796110884644790e-09
1.449537205319294404e-09
1.417795264530480192e-09
1.384055744132889563e-09
1.348887704156714692e-09
1.312933572357846195e-09
1.276896750829198110e-09
1.241527337852854292e-09
1.207606280393606970e-09
1.175928342239879512e-09
1.147284261914762796e-09
1.122442538615550338e-09
1.102131296135242812e-09
1.087020662440665962e-09
1.077706092250574139e-09
1.074693061554141595e-09
1.078383538439686319e-09
1.089064576183915457e-09
1.106899323332542402e-09
1.131920712842325983e-09
1.164028036148623201e-09
1.202986516418124113e-09
1.248429917698149972e-09
1.299866182232620777e-09
1.356686024497419919e-09
1.418174306932664614e-09
1.483523943086779176e-09
1.551852048907287591e-09
1.622218019738272070e-09
1.693643117067312406e-09
1.765131093572907994e-09
1.835689408349999831e-09
1.904350583017972646e-09
1.970193179835677570e-09
2.032361879360854394e-09
2.090086136114346717e-09
2.142697240477695318e-09
2.189642964443561985e-09
2.230499742367848531e-09
2.264981984800469376e-09
2.292948142685702848e-09
2.314403754222204208e-09
2.329500874352309040e-09
2.338534088304881942e-09
2.341933454963809796e-09
2.340253955509614393e-09
2.334162100089002132e-09
2.324419834273084340e-09
2.311865926634047472e-09
2.297395733108494026e-09
2.281939174441027972e-09
2.266437702924323734e-09
2.251821091095497615e-09
2.238983933493970777e-09
2.228762905744396046e-09
2.221915144160353257e-09
2.219098073072809096e-09
2.220851692176752788e-09
2.227583080690711884e-09
2.239553806257478808e-09
2.256870903941158030e-09
2.279480961576250360e-09
2.307168041391664339e-09
2.339555349526237578e-09
2.376110446386431008e-09
2.416154555268119325e-09
2.458875023234691271e-09
2.503341048356749967e-09
2.548522805558429827e-09
2.593312722951804904e-09
2.636549155671411356e-09
2.677041754039011500e-09
2.713597724729970938e-09
2.745049229387174795e-09
2.770280346787246817e-09
2.788253470141830572e-09
2.798035113504653330e-09
2.798819491718812720e-09
2.789950208567322943e-09
2.770939300081651962e-09
2.741482903717437790e-09
2.701474103448921130e-09
2.651011507210712476e-09
2.590403890720499778e-09
2.520171310236439071e-09
2.441041488924637389e-09
2.353942411810453126e-09
2.259990935213739228e-09
2.160477394892559212e-09
2.056846934239238765e-09
1.950677937098243022e-09
1.843656654115150536e-09
1.737550995292947512e-09
1.634181089725795554e-09
1.535389541572678202e-09
1.443010910362566171e-09
1.358840309340460328e-09
1.284603607030633817e-09
1.221927541606048438e-09
1.172312135627732225e-09
1.137105132854508098e-09
1.117478432460603609e-09
1.114408045010521694e-09
1.128657344931127877e-09
1.160763398922328087e-09
1.211027641614844674e-09
1.279510548453034146e-09
1.366029682139903742e-09
1.470162774304545288e-09
1.591253700692148342e-09
1.728422926242053065e-09
1.880581630909512128e-09
2.046448119964020126e-09
2.224568654136340523e-09
2.413339232389598587e-09
2.611030515251613606e-09
2.815814585944979478e-09
3.025791500060918765e-09
3.239017740172333270e-09
3.453535063145585440e-09
3.667397294218785419e-09
3.878697921997049430e-09
4.085596700567688076e-09
4.286342238619468187e-09
4.479296115707820717e-09
4.662950998211590248e-09
4.835948607479276525e-09
4.997095117354656772e-09
5.145370583626086097e-09
5.279939850691577402e-09
5.400155774512890698e-09
5.505562501999845752e-09
5.595895979900172909e-09
5.671078513501744224e-09
5.731213785556698248e-09
5.776579617964829517e-09
5.807615294796166649e-09
5.824910338898435890e-09
5.829191860190450294e-09
5.821306926107781249e-09
5.802209787706159981e-09
5.772942894805163288e-09
5.734621550192472388e-09
5.688418697304674664e-09
5.635546310599481722e-09
5.577243179375565663e-09
5.514757895210359393e-09
5.449336738094528741e-09
5.382212757828093019e-09
5.314592874129334124e-09
5.247649744933187144e-09
5.182515010512824589e-09
5.120270710135008903e-09
5.061945320364113032e-09
5.008510994338059564e-09
4.960878425584844249e-09
4.919897942740733365e-09
4.886356160123758550e-09
4.860976711561430301e-09
4.844421349231835129e-09
4.837287800547977040e-09
4.840112743436074715e-09
4.853369412640668868e-09
4.877468218631758525e-09
4.912756824891160942e-09
4.959516380965219124e-09
5.017960053968668985e-09
5.088230748939813100e-09
5.170394659225996395e-09
5.264437118271359674e-09
5.370257714201603906e-09
5.487660797013076758e-09
5.616351143563403150e-09
5.755923308571216484e-09
5.905854636766351037e-09
6.065498481893291977e-09
6.234073335265775849e-09
6.410659126039776368e-09
6.594187733925345865e-09
6.783439202589198206e-09
6.977039794695794142e-09
7.173457405306866719e-09
7.371003634615377603e-09
7.567838689138683663e-09
7.761974118411884339e-09
7.951283466522844778e-09
8.133516483751560505e-09
8.306310715069364484e-09
8.467215689392612938e-09
8.613711472078080935e-09
8.743236911812364488e-09
8.853221574308045885e-09
8.941114250320618165e-09
9.004424565184299336e-09
9.040757193856781106e-09
9.047855215673027342e-09
9.023644769386559576e-09
8.966278282483391794e-09
8.874178499421623315e-09
8.746086180784194393e-09
8.581104489054451098e-09
8.378742830393969946e-09
8.138957426236875924e-09
7.862195505255118772e-09
7.549423062352225545e-09
7.202161212186587933e-09
6.822510924612933377e-09
6.413172201626516228e-09
5.977461810561323267e-09
5.519313460342845009e-09
5.043280677662604838e-09
4.554526100111896429e-09
4.058803149954365537e-09
3.562428144109489178e-09
3.072246111442168155e-09
2.595581380639105995e-09
2.140185068819298926e-09
1.714170405004070898e-09
1.325939782589362479e-09
9.841046886048556197e-10
6.973956653093533631e-10
4.745678601739821662e-10
3.242992853979634443e-10
2.550843335025686771e-10
2.751236570084564355e-10
3.922110511485492315e-10
6.136195390231720902e-10
9.459874276561019316e-10
1.395205907969113359e-09
1.966310966225430093e-09
2.663378272807005465e-09
3.489426312442776760e-09
4.446326786890938952e-09
5.534724827105474904e-09
6.753969284312372216e-09
8.102060878887271915e-09
9.575604216201728986e-09
1.116978464146960243e-08
1.287835666290072201e-08
1.469364800207014791e-08
1.660659309663138181e-08
1.860676229998817243e-08
2.068243174026053459e-08
2.282066111212709892e-08
2.500739202976198102e-08
2.722755996272512341e-08
2.946524531591607987e-08
3.170379794227169933e-08
3.392601898029973248e-08
3.611433562686898632e-08
3.825098569496256265e-08
4.031824311470177932e-08
4.229859019077714678e-08
4.417495584864316257e-08
4.593092709704357483e-08
4.755095905094654719e-08
4.902062135586906838e-08
5.032676266873747644e-08
5.145774353046343993e-08
5.240362059170424412e-08
5.315631606902749864e-08
5.370981439203421389e-08
5.406025318161841591e-08
5.420607936744408151e-08
5.414813856165383650e-08
5.388974735341388640e-08
5.343672938702075575e-08
5.279746648814076221e-08
5.198283159531727986e-08
5.100617907609985642e-08
4.988325953795849682e-08
4.863210413505239065e-08
4.727291803690158213e-08
4.582786288112655360e-08
4.432089133179278318e-08
4.277751334825161532e-08
4.122454511487895343e-08
3.968982826567368201e-08
3.820196148849339443e-08
3.678994848904978207e-08
3.548289858623387985e-08
3.430968321711494171e-08
3.329858710611214176e-08
3.247698430046118979e-08
3.187096045082152876e-08
3.150499647165852615e-08
3.140163422879896609e-08
3.158115693141555411e-08
3.206131377900777978e-08
3.285701543033057161e-08
3.398010725325943818e-08
3.543914662146552977e-08
3.723921234886292196e-08
3.938178034321371115e-08
4.186457806974542326e-08
4.468153884777584244e-08
4.782276914464531497e-08
5.127456514475661831e-08
5.501946439175557058e-08
5.903638602338852917e-08
6.330072717026286813e-08
6.778458840359889970e-08
7.245699777108845027e-08
7.728416967250310217e-08
8.222986262336921716e-08
8.725564718331907972e-08
9.232132536761884807e-08
9.738531588404443505e-08
1.024050727575321697e-07
1.073375033005792119e-07
1.121394848512212915e-07
1.167682162290017959e-07
1.211817411796833685e-07
1.253393835427482934e-07
1.292021688702094314e-07
1.327333361701613250e-07
1.358986217654819053e-07
1.386667253096409028e-07
1.410096435115875106e-07
1.429029671460281412e-07
1.443262560012923542e-07
1.452631409567477486e-07
1.457016120344344953e-07
1.456341441137956060e-07
1.450577726860537478e-07
1.439742365406311384e-07
1.423898329643028779e-07
1.403154570882225177e-07
1.377664716970166150e-07
1.347625502564560952e-07
1.313274500022530413e-07
1.274888453110438435e-07
1.232779028586867862e-07
1.187290323995304867e-07
1.138794928747974116e-07
1.087689709140657547e-07
1.034392207057027948e-07
9.793350325052297003e-08
9.229618935843709804e-08
8.657226070968634912e-08
8.080682406750810276e-08
7.504461407609125667e-08
6.932956363211911807e-08
6.370426233858306058e-08
5.820955873821172063e-08
5.288412178339139920e-08
4.776403589618204526e-08
4.288246798113188126e-08
3.826929218812649788e-08
3.395083702887667176e-08
2.994963552217708425e-08
2.628422685646385334e-08
2.296902893217584321e-08
2.001421781377988241e-08
1.742570427521418811e-08
1.520513922969842852e-08
1.334997352260683150e-08
1.185357920394617397e-08
1.070539755751559007e-08
9.891156559042149638e-09
9.393120362216747547e-09
9.190381504568683052e-09
9.259188012987586721e-09
9.573309740261901492e-09
1.010441742040618644e-08
1.082249822753806439e-08
1.169628078765052051e-08
1.269367075291353143e-08
1.378220159529203074e-08
1.492946576735158204e-08
1.610355878106362700e-08
1.727350226542319017e-08
1.840965173669883127e-08
1.948407898753195924e-08
2.047094233723858420e-08
2.134679527644041229e-08
2.209088879457884029e-08
2.268541967432345427e-08
2.311573554729012743e-08
2.337051288399404509e-08
2.344185222354561501e-08
2.332536088075554675e-08
2.302016902288687120e-08
2.252889693454275929e-08
2.185759164551353046e-08
2.101558131612658576e-08
2.001532009381352813e-08
1.887217264601880432e-08
1.760416008824841023e-08
1.623168381625662143e-08
1.477718948919896649e-08
1.326483202343366218e-08
1.172010361565006032e-08
1.016944720379524714e-08
8.639856453254508711e-09
7.158475925608662056e-09
5.752185961098181070e-09
4.447206666020702332e-09
3.268704285598099202e-09
2.240414104144251988e-09
1.384285638646208705e-09
7.201491800645178203e-10
2.654164647000317084e-10
3.481298834036607472e-11
4.014843746008211621e-11
2.901278470934381300e-10
7.902062783494020093e-10
1.542488718468919706e-09
2.545676891876328777e-09
3.795063636800658957e-09
5.282574236399697372e-09
6.996858730684115278e-09
8.923423390246924362e-09
1.104481144045552282e-08
1.334083275218013602e-08
1.578880598985424035e-08
1.836388392116530781e-08
2.103934698314449973e-08
2.378699348209764377e-08
2.657750689900084669e-08
2.938082656641567419e-08
3.216661185101564772e-08
3.490459196469925625e-08
3.756504644833286541e-08
4.011919560539028567e-08
4.253956734970544030e-08
4.480047013234044265e-08
4.687826535541024660e-08
4.875181630707578707e-08
5.040269586919728169e-08
5.181556656873213251e-08
5.297838503418025430e-08
5.388255786195956820e-08
5.452321113818634039e-08
5.489917974367090133e-08
5.501318595874607830e-08
5.487181093169033238e-08
5.448541637310226518e-08
5.386817877293820436e-08
5.303783554039400238e-08
5.201562398634926992e-08
5.082601586496040897e-08
4.949641540854247158e-08
4.805696643695239532e-08
4.654010385448974382e-08
4.498029116186066398e-08
4.341358646864715128e-08
4.187719493682446883e-08
4.040912916291348584e-08
3.904767057382055835e-08
3.783100749461967698e-08
3.679675040669310386e-08
3.598145834826923318e-08
3.542027983387677374e-08
3.514644987416110642e-08
3.519096280272850023e-08
3.558216606149896004e-08
3.634538326979098382e-08
3.750267116912532759e-08
3.907245862103694801e-08
4.106938045000000830e-08
4.350405047864302529e-08
4.638286938555468743e-08
4.970800212563628578e-08
5.347721296047122370e-08
5.768395936671524397e-08
6.231730553411067642e-08
6.736210654155990364e-08
7.279908884941802380e-08
7.860494965713417745e-08
8.475270460788884112e-08
9.121176068364631296e-08
9.794835193334490384e-08
1.049257897231103313e-07
1.121047084754855943e-07
1.194436328284033402e-07
1.268991180292468647e-07
1.344263706730299146e-07
1.419795713868303223e-07
1.495121676082579520e-07
1.569775677231640489e-07
1.643292346501405262e-07
1.715213899276135732e-07
1.785092955849443952e-07
1.852494863363832890e-07
1.917004809812934102e-07
1.978227271046395647e-07
2.035792821578038163e-07
2.089359583368070000e-07
2.138614092824893655e-07
2.183277618389081290e-07
2.223103503377015102e-07
2.257883526893493100e-07
2.287444354337193988e-07
2.311652706649509257e-07
2.330414092829627944e-07
2.343671064026498278e-07
2.351407471199323311e-07
2.353642868373623664e-07
2.350436120251816466e-07
2.341882321086182643e-07
2.328109436269647723e-07
2.309281002937229487e-07
2.285589108841308395e-07
2.257256578794057183e-07
2.224532661279450932e-07
2.187688687179138812e-07
2.147019549322637890e-07
2.102836151703491372e-07
2.055466601746447917e-07
2.005251457432320776e-07
1.952539185371834541e-07
1.897686948151993962e-07
1.841053450836384426e-07
1.782999685766371786e-07
1.723884527552429448e-07
1.664060718854696422e-07
1.603875517271865789e-07
1.543664688160994870e-07
1.483753309742960571e-07
1.424452320929001621e-07
1.366055552811751275e-07
1.308840673164373221e-07
1.253064763072440790e-07
1.198965538417996581e-07
1.146759171134531586e-07
1.096638595143398327e-07
1.048774994053376414e-07
1.003315046204974419e-07
9.603829642693600303e-08
9.200783585085772065e-08
8.824782510552787531e-08
8.476366467537873201e-08
8.155844661770953480e-08
7.863318105931808279e-08
7.598671074225772217e-08
7.361595809458006491e-08
7.151597239154764459e-08
6.967999941555725800e-08
6.809974204111473919e-08
6.676535343643565769e-08
6.566570581590610352e-08
6.478848381015292359e-08
6.412028616877410692e-08
6.364689261759704622e-08
6.335328230236050934e-08
6.322389597796019360e-08
6.324273131266080789e-08
6.339343486243324037e-08
6.365954813100563987e-08
6.402450627935742230e-08
6.447186985863008344e-08
6.498538803239312121e-08
6.554905146910983509e-08
6.614729946432862803e-08
6.676497191502379553e-08
6.738751517740306542e-08
6.800091286514182310e-08
6.859185776213069950e-08
6.914774779486761614e-08
6.965667131243151454e-08
7.010755703738279584e-08
7.049005848778830451e-08
7.079469168812281366e-08
7.101279454397168822e-08
7.113648099823749020e-08
7.115876787559637787e-08
7.107343656558312644e-08
7.087515717563591273e-08
7.055943717022383105e-08
7.012257250030692672e-08
6.956177432321628334e-08
6.887503989053198894e-08
6.806128570022905280e-08
6.712031322990745826e-08
6.605278395837437889e-08
6.486036360146081738e-08
6.354562825645627720e-08
6.211221859325757881e-08
6.056483866823903047e-08
5.890926693590909723e-08
5.715251839187921156e-08
5.530279281444426996e-08
5.336964106738369656e-08
5.136399040118078326e-08
4.929817922720870335e-08
4.718611374107988164e-08
4.504323879683644288e-08
4.288668341179691288e-08
4.073528087643285575e-08
3.860959023331794638e-08
3.653200359317315960e-08
3.452669694996518289e-08
3.261971380731999423e-08
3.083889322796612429e-08
2.921390406367568055e-08
2.777617642428953005e-08
2.655881884983656147e-08
2.559657698409938667e-08
2.492567022693738984e-08
2.458369834893032570e-08
2.460945985528956595e-08
2.504274672855584470e-08
2.592417060027733961e-08
2.729487636941822703e-08
2.919631968693743493e-08
3.166996403071124428e-08
3.475694979393329065e-08
3.849781825061436440e-08
4.293210544934403081e-08
4.809804210097929597e-08
5.403216493611749643e-08
6.076890127506442507e-08
6.834027676008927401e-08
7.677543118836055241e-08
8.610034592617278814e-08
9.633744539604167346e-08
1.075051762270796586e-07
1.196178288969543338e-07
1.326850425104021952e-07
1.467117326908865835e-07
1.616976114628680244e-07
1.776371888613449302e-07
1.945195188255450409e-07
2.123279255002551835e-07
2.310402223272483941e-07
2.506283050985303207e-07
2.710585053206727208e-07
2.922915243931095805e-07
3.142823409994607056e-07
3.369808375021598922e-07
3.603314778890011622e-07
3.842740830527701795e-07
4.087439617006819739e-07
4.336719968923096963e-07
4.589857008825196854e-07
4.846089273264232790e-07
5.104630563395425282e-07
5.364672585545251454e-07
5.625386887572180853e-07
5.885939031124581045e-07
6.145484956081860150e-07
6.403185966428354802e-07
6.658211444268316380e-07
6.909740574481875247e-07
7.156978752876297347e-07
7.399151754867787089e-07
7.635522295927499678e-07
7.865391262556486851e-07
8.088097728344065128e-07
8.303035858572432923e-07
8.509645519543466577e-07
8.707428689599528696e-07
8.895947804918876385e-07
9.074822805250625778e-07
9.243746933770376469e-07
9.402472933706296880e-07
9.550829965317441120e-07
9.688707976705527845e-07
9.816071704208066210e-07
9.932953798743524597e-07
1.003944685135318837e-06
1.013571612135125115e-06
1.022197970241110234e-06
1.029852024405376109e-06
1.036567468586024930e-06
1.042382324168809650e-06
1.047339999763328360e-06
1.051487005067858763e-06
1.054873944502889160e-06
1.057554270995142979e-06
1.059583009426070992e-06
1.061017695981813899e-06
1.061915963445856692e-06
1.062336469344571969e-06
1.062337596216277353e-06
1.061976165878753480e-06
1.061308393138607372e-06
1.060387529299370472e-06
1.059264862945719676e-06
1.057988534426626344e-06
1.056602398944347281e-06
1.055147128437768789e-06
1.053658067534368737e-06
1.052166644459957505e-06
1.050698341155268520e-06
1.049273987207992787e-06
1.047908932556117319e-06
1.046612290197323493e-06
1.045388388688132738e-06
1.044235057302303625e-06
1.043145190416675242e-06
1.042106221933928319e-06
1.041099665249968132e-06
1.040102828532288518e-06
1.039087396946391129e-06
1.038021240769381650e-06
1.036868148129188881e-06
1.035587607397053178e-06
1.034136720287660205e-06
1.032469003966068568e-06
1.030536356683508239e-06
1.028288953416655949e-06
1.025675170837649634e-06
1.022643585326685558e-06
1.019141887242210046e-06
1.015118880029810174e-06
1.010524419863326752e-06
1.005309366720913153e-06
9.994275317487990824e-07
9.928345960671398280e-07
9.854900072063823216e-07
9.773568487740152257e-07
9.684017110225089233e-07
9.585964546329937257e-07
9.479170510115038491e-07
9.363452512671785124e-07
9.238682987051676808e-07
9.104786412965625711e-07
8.961754022507611578e-07
8.809630978589904913e-07
8.648531519143538161e-07
8.478625621404550027e-07
8.300150995203837171e-07
8.113407311471984602e-07
7.918750571660375525e-07
7.716602611187842044e-07
7.507436660537712084e-07
7.291785495555973380e-07
7.070233713146244987e-07
6.843410330866264174e-07
6.611994455269558359e-07
6.376700312496578510e-07
6.138281724859789837e-07
5.897523023276101452e-07
5.655230503012956516e-07
5.412234758115380624e-07
5.169376074600297580e-07
4.927505924697908284e-07
4.687477470921911637e-07
4.450136837187413423e-07
4.216323107050775436e-07
3.986855176468296384e-07
3.762531412662641812e-07
3.544120946652956038e-07
3.332355925081326655e-07
3.127930539177454224e-07
2.931490471908067562e-07
2.743632669303644376e-07
2.564896111057551944e-07
2.395761329291024755e-07
2.236644860267490354e-07
2.087894796887221137e-07
1.949790958197013801e-07
1.822539486523604059e-07
1.706273942705410624e-07
1.601053125211004497e-07
1.506859950392148050e-07
1.423603884656806258e-07
1.351119668360729314e-07
1.289170923690646745e-07
1.237451639644218501e-07
1.195588537587474591e-07
1.163146296029463320e-07
1.139630012247988548e-07
1.124491542795672404e-07
1.117134204915713795e-07
1.116918046121799425e-07
1.123167572128063916e-07
1.135176833207524109e-07
1.152217882602612720e-07
1.173547499204994073e-07
1.198414077741596207e-07
1.226066764478579208e-07
1.255761485056619868e-07
1.286770175912004001e-07
1.318387797002963336e-07
1.349939096831870614e-07
1.380787501170173848e-07
1.410340163064308936e-07
1.438056219036954138e-07
1.463452212177126258e-07
1.486106924935751783e-07
1.505668238650861516e-07
1.521855490755876474e-07
1.534465345666461303e-07
1.543372723763218309e-07
1.548534981433556646e-07
1.549992643069362870e-07
1.547869323399292902e-07
1.542373549124054880e-07
1.533795717824774097e-07
1.522508289837360870e-07
1.508962480912189928e-07
1.493684215350311501e-07
1.477271936068415831e-07
1.460389793555807833e-07
1.443764038350036778e-07
1.428176202524702932e-07
1.414455770166257304e-07
1.403474782198774376e-07
1.396138327879655759e-07
1.393378306758347429e-07
1.396144467553901749e-07
1.405395244551364587e-07
1.422090818054167387e-07
1.447182533700057268e-07
1.481605917391274855e-07
1.526271408087927307e-07
1.582055174779956233e-07
1.649792756422657526e-07
1.730269116778074107e-07
1.824213370630538946e-07
1.932289495746123974e-07
2.055091883794097586e-07
2.193138595141235804e-07
2.346864887325322358e-07
2.516621084343804010e-07
2.702665560803074566e-07
2.905164244191197192e-07
3.124187022554220880e-07
3.359704341316434217e-07
3.611589783028608501e-07
3.879615534828442063e-07
4.163456832358109049e-07
4.462691700365992269e-07
4.776800622592164206e-07
5.105174308646233229e-07
5.447110995354974865e-07
5.801825969856446397e-07
6.168453985848526424e-07
6.546051233732300338e-07
6.933607939735237398e-07
7.330046188113811540e-07
7.734233897386812451e-07
8.144988641021332239e-07
8.561080619004222429e-07
8.981249095035731221e-07
9.404199111047781288e-07
9.828618768825481159e-07
1.025318291417971710e-06
1.067655563222338755e-06
1.109740918316170431e-06
1.151441805532651827e-06
1.192627818757951689e-06
1.233170711239696410e-06
1.272945643570217707e-06
1.311830229584886995e-06
1.349707526185247964e-06
1.386465030464213201e-06
1.421995601057233519e-06
1.456198401688175888e-06
1.488977525801518219e-06
1.520245100030620013e-06
1.549919831869371344e-06
1.577927750307389566e-06
1.604202947658175333e-06
1.628685784383913515e-06
1.651326000860992526e-06
1.672080835462737368e-06
1.690916078836926220e-06
1.707803983573549860e-06
1.722726327282250157e-06
1.735672239569233404e-06
1.746638575671679546e-06
1.755630268961912503e-06
1.762657960350441294e-06
1.767740956725121347e-06
1.770904794014043894e-06
1.772181448254046346e-06
1.771609520838374920e-06
1.769231711247106279e-06
1.765097646595247302e-06
1.759261312112569924e-06
1.751781157592716647e-06
1.742720177317697373e-06
1.732143357936760152e-06
1.720120374913269501e-06
1.706723024833955166e-06
1.692025292384591193e-06
1.676103392589675912e-06
1.659033316493169328e-06
1.640893402918424091e-06
1.621761893248688684e-06
1.601717019826245552e-06
1.580837072334400752e-06
1.559198141180192249e-06
1.536876577821106439e-06
1.513946766180818925e-06
1.490481279803785692e-06
1.466551019156445877e-06
1.442223220847286091e-06
1.417563817204201563e-06
1.392635484159369446e-06
1.367497894419319657e-06
1.342207951191715298e-06
1.316818095567751712e-06
1.291378567478131362e-06
1.265935752957434918e-06
1.240532537516050373e-06
1.215208638054737198e-06
1.189999205987733183e-06
1.164936979779652165e-06
1.140050920289303200e-06
1.115366646467573275e-06
1.090906845189792088e-06
1.066690138798124103e-06
1.042733107595983937e-06
1.019049175192547617e-06
9.956490915181625950e-07
9.725413839069851844e-07
9.497314384071907574e-07
9.272233623758947264e-07
9.050190656949627234e-07
8.831187468505120160e-07
8.615213405985405242e-07
8.402237545281330907e-07
8.192225397998189585e-07
7.985131099591905616e-07
7.780901857170639841e-07
7.579481958456991859e-07
7.380806137509365854e-07
7.184814093408670101e-07
6.991443537929983468e-07
6.800633869796797000e-07
6.612329378041771686e-07
6.426473175866696396e-07
6.243019372179871423e-07
6.061926606517833476e-07
5.883162337167490728e-07
5.706697033476083409e-07
5.532514457647410577e-07
5.360605443990777320e-07
5.190969751434466920e-07
5.023617467421329862e-07
4.858563434407141077e-07
4.695835295300580678e-07
4.535467551655828869e-07
4.377502472387303681e-07
4.221990611823254736e-07
4.068985529752511425e-07
3.918549888409221274e-07
3.770749907523299754e-07
3.625655572970929151e-07
3.483340538245612504e-07
3.343877326345592821e-07
3.207341893130126505e-07
3.073808706029106102e-07
2.943350597307636964e-07
2.816038408144765876e-07
2.691936929420017414e-07
2.571108418395645891e-07
2.453608569627035577e-07
2.339486392961416046e-07
2.228783980082139500e-07
2.121533437976624481e-07
2.017759844454462505e-07
1.917478344838384122e-07
1.820694392612583046e-07
1.727403959011285481e-07
1.637591632806606479e-07
1.551233413830023037e-07
1.468295056605503088e-07
1.388732889120536725e-07
1.312494647154051938e-07
1.239518763211020614e-07
1.169737229416481916e-07
1.103075132431504999e-07
1.039452076793269933e-07
9.787836253592343768e-08
9.209816016331206160e-08
8.659570299320656873e-08
8.136205964556151516e-08
7.638844832620255838e-08
7.166641746491240831e-08
6.718793929879648002e-08
6.294568952219506762e-08
5.893314029051358082e-08
5.514474563102467952e-08
5.157611623125630196e-08
4.822412303123923525e-08
4.508712366834496269e-08
4.216504506801739929e-08
3.945952085518463004e-08
3.697400942375862940e-08
3.471384941132946006e-08
3.268638993057141344e-08
3.090100636528272208e-08
2.936914970791009283e-08
2.810432734023024822e-08
2.712213294628562301e-08
2.644017811456742090e-08
2.607803603339416993e-08
2.605715843989208259e-08
2.640073567297669372e-08
2.713359412185177380e-08
2.828200617579649350e-08
2.987350762772796290e-08
3.193669351278257084e-08
3.450095485425568084e-08
3.759626953112767946e-08
4.125290200023140617e-08
4.550112319017327746e-08
5.037092152056811856e-08
5.589164449156246920e-08
6.209174601012654639e-08
6.899841613880639308e-08
7.663726304600106341e-08
8.503200438414785591e-08
9.420406455590987552e-08
1.041723693256642264e-07
1.149529628757472102e-07
1.265587290601610559e-07
1.389991423510976697e-07
1.522798789265723770e-07
1.664027591503595288e-07
1.813654087456440903e-07
1.971610954257019261e-07
2.137786130933886883e-07
2.312019543649387718e-07
2.494104897494904677e-07
2.683787117252691101e-07
2.880762428697534903e-07
3.084679032740751641e-07
3.295134671820132660e-07
3.511681372662683595e-07
3.733823805396777547e-07
3.961021312133398666e-07
4.192690562293646489e-07
4.428203874571900749e-07
4.666897082429398009e-07
4.908068578013314099e-07
5.150983155125152600e-07
5.394876428057289124e-07
5.638953545198483610e-07
5.882399928038074292e-07
6.124380514608632359e-07
6.364044975542804293e-07
6.600533385819552269e-07
6.832974798764516170e-07
7.060500263703897079e-07
7.282241665899402000e-07
7.497337683572420623e-07
7.704940035564357704e-07
7.904211359507199387e-07
8.094339687697372834e-07
8.274536308512161785e-07
8.444041772328485388e-07
8.602132002680019250e-07
8.748115020665610985e-07
8.881345954514256185e-07
9.001223486333812048e-07
9.107195258446577767e-07
9.198763198306691609e-07
9.275478800471851913e-07
9.336957736767546241e-07
9.382874643912963250e-07
9.412969376992433777e-07
9.427041053806609004e-07
9.424961711596634435e-07
9.406669722085974203e-07
9.372172829962819636e-07
9.321550812039251415e-07
9.254948010505332009e-07
9.172585099036680455e-07
9.074750871998713364e-07
8.961803492445886686e-07
8.834171238448531591e-07
8.692343700918587433e-07
8.536881047279357947e-07
8.368404432705908558e-07
8.187595329255580404e-07
7.995194282673536594e-07
7.791991090780440670e-07
7.578831212102807465e-07
7.356605207604952354e-07
7.126246244103847394e-07
6.888727024884098463e-07
6.645049418020576993e-07
6.396248007860089359e-07
6.143379148211432636e-07
5.887517003920922929e-07
5.629749101515482643e-07
5.371166040074193708e-07
5.112862593310612422e-07
4.855927121115113450e-07
4.601436796545972205e-07
4.350452503287176538e-07
4.104009397318010371e-07
3.863116362311722601e-07
3.628746634898928807e-07
3.401833089432505979e-07
3.183263411373529906e-07
2.973872324368169647e-07
2.774440483225461707e-07
2.585687154959668173e-07
2.408266519734554148e-07
2.242764094904132737e-07
2.089691342157939845e-07
1.949485163577997123e-07
1.822503300648018719e-07
1.709022502472263494e-07
1.609237019801640202e-07
1.523256041762931027e-07
1.451104803823441620e-07
1.392723025547443649e-07
1.347965498862691721e-07
1.316603131522995410e-07
1.298323271945511753e-07
1.292733075477788250e-07
1.299360863843437944e-07
1.317659263234966127e-07
1.347008831110638951e-07
1.386720902154283989e-07
1.436043384480688107e-07
1.494164496591768753e-07
1.560218435596624139e-07
1.633289736049628168e-07
1.712420816323878849e-07
1.796617012933815460e-07
1.884853290903053711e-07
1.976081279940980790e-07
2.069234720068460621e-07
2.163238636967002739e-07
2.257015122439687772e-07
2.349490959963412668e-07
2.439605406571896983e-07
2.526315802819473775e-07
2.608607535522202710e-07
2.685499622906190957e-07
2.756052371262081189e-07
2.819374997636733402e-07
2.874630591510427433e-07
2.921045915351836389e-07
2.957916005122336565e-07
2.984611021231816335e-07
3.000582871282378581e-07
3.005368884199248989e-07
2.998600475506879339e-07
2.980006158012301195e-07
2.949416830847132836e-07
2.906770648401504307e-07
2.852114912427743133e-07
2.785612639223273502e-07
2.707543510637064793e-07
2.618306905091286058e-07
2.518424323945231098e-07
2.408539076114214958e-07
2.289419822766463873e-07
2.161959064047488066e-07
2.027173263293849008e-07
1.886202206085881250e-07
1.740306071628337285e-07
1.590865154878823630e-07
1.439375532201972472e-07
1.287445738197758425e-07
1.136792577949734562e-07
9.892352390644527722e-08
8.466907007348598892e-08
7.111663511658977088e-08
5.847529488832974768e-08
4.696167356385314932e-08
3.679904457748359629e-08
2.821644912047248382e-08
2.144766017586038034e-08
1.673013091253703586e-08
1.430387697570061567e-08
1.441029253635417790e-08
1.729094057078458961e-08
2.318627411295763506e-08
3.233433226550666302e-08
4.496940912056666827e-08
6.132066435746335787e-08
8.161078013924381042e-08
1.060545503503798782e-07
1.348574975822004771e-07
1.682145207241480347e-07
2.063084320168498169e-07
2.493087678833239955e-07
2.973704014317341167e-07
3.506323147540961616e-07
4.092164708256583494e-07
4.732264378864625448e-07
5.427466972832340488e-07
6.178414457054976920e-07
6.985538857750553458e-07
7.849050286225804613e-07
8.768936456981577480e-07
9.744953193186694759e-07
1.077662110272955369e-06
1.186322437655337901e-06
1.300380190134166210e-06
1.419715734559731700e-06
1.544185328745702295e-06
1.673621520531257882e-06
1.807833791993070053e-06
1.946607982485788718e-06
2.089708518084230081e-06
2.236878137376254915e-06
2.387839040143845237e-06
2.542294282605593410e-06
2.699927398620157973e-06
2.860405857903463270e-06
3.023380936291166747e-06
3.188489496183965032e-06
3.355355984060291898e-06
3.523592033723857236e-06
3.692801008012606693e-06
3.862577754761926955e-06
4.032510791807738036e-06
4.202184656728608855e-06
4.371179220411473544e-06
4.539075053474032155e-06
4.705452777273986571e-06
4.869895373084148279e-06
5.031990593695737963e-06
5.191329726640684079e-06
5.347513476430184543e-06
5.500150658725056635e-06
5.648860368188074823e-06
5.793274189912303979e-06
5.933034228702481541e-06
6.067799214493873213e-06
6.197242387833113927e-06
6.321053334284433502e-06
6.438939816906418320e-06
6.550625009867854706e-06
6.655853599654146616e-06
6.754388843337803038e-06
6.846013982205324468e-06
6.930533625045206435e-06
7.007770256757370856e-06
7.077570192004392801e-06
7.139799917629111949e-06
7.194347100073171847e-06
7.241121548566320970e-06
7.280051176821753992e-06
7.311087737482620804e-06
7.334202653532805963e-06
7.349387703835759217e-06
7.356655658250694745e-06
7.356035928153162460e-06
7.347580048380791506e-06
7.331357240939094965e-06
7.307455854072988906e-06
7.275978935842646815e-06
7.237049491479060212e-06
7.190805998602235120e-06
7.137402770907728089e-06
7.077010256493969394e-06
7.009810695184991718e-06
6.936003046298900558e-06
6.855798606440684024e-06
6.769421281584825797e-06
6.677107776870568001e-06
6.579103475507289981e-06
6.475666952428802884e-06
6.367065812687984365e-06
6.253576872473739281e-06
6.135486236684048987e-06
6.013085469436774857e-06
5.886675588726942169e-06
5.756563182500986670e-06
5.623060464417930447e-06
5.486485206368264326e-06
5.347157221278184211e-06
5.205401740996791890e-06
5.061545829550122344e-06
4.915918273173309213e-06
4.768849335182952241e-06
4.620667551282338316e-06
4.471702432172762779e-06
4.322281184973545400e-06
4.172728420936818495e-06
4.023365729214756707e-06
3.874508792286803287e-06
3.726469420011944279e-06
3.579552606005851117e-06
3.434056082484613816e-06
3.290269758035452415e-06
3.148473187013986045e-06
3.008937019550538205e-06
2.871920448835292264e-06
2.737670697486705519e-06
2.606422418750124277e-06
2.478395586409362699e-06
2.353796519947109459e-06
2.232815808789069840e-06
2.115627864593492249e-06
2.002390431802292880e-06
1.893242992085044469e-06
1.788307581144369742e-06
1.687687296254480704e-06
1.591466082153170369e-06
1.499708524386259749e-06
1.412458875170780509e-06
1.329741906864651788e-06
1.251562111303848823e-06
1.177903894465871850e-06
1.108731826093921034e-06
1.043990384876704865e-06
9.836050849886858793e-07
9.274824534855980548e-07
8.755107839238980812e-07
8.275609822966099167e-07
7.834870931374206928e-07
7.431278847029665776e-07
7.063076398533683184e-07
6.728375577370571678e-07
6.425172665260677527e-07
6.151361259988447699e-07
5.904753640260201063e-07
5.683096368169256256e-07
5.484091303100953664e-07
5.305414193020416229e-07
5.144740275289618288e-07
4.999765040830376888e-07
4.868228967731310011e-07
4.747943043243386306e-07
4.636812614419794644e-07
4.532866890928366750e-07
4.434284024816626594e-07
4.339419146550628175e-07
4.246832640094325555e-07
4.155316428040824905e-07
4.063924644959755028e-07
3.971999823274753491e-07
3.879201018791014471e-07
3.785531462135825227e-07
3.691363756455931744e-07
3.597468181296334958e-07
3.505036310398982276e-07
3.415705564176050961e-07
3.331582570424089581e-07
3.255263630982514471e-07
3.189857097425997918e-07
3.139000945891656202e-07
3.106880421764135927e-07
3.098243961250038147e-07
3.118415867562853324e-07
3.173310125043918296e-07
3.269439362519418756e-07
3.413923388069309921e-07
3.614495823873112313e-07
3.879507119984749354e-07
4.217928929061691637e-07
4.639353288016795774e-07
5.153991530058476714e-07
5.772671561935125518e-07
6.506830767737709385e-07
7.368512252190817703e-07
8.370354497444859951e-07
9.525581891048929036e-07
1.084799429417739199e-06
1.235195049558061076e-06
1.405235965843718537e-06
1.596466257664800561e-06
1.810481627251224277e-06
2.048927856987885019e-06
2.313498298864950159e-06
2.605933001942618150e-06
2.928016090760114543e-06
3.281573897217859121e-06
3.668473187774255817e-06
4.090617787450580550e-06
4.549948174385568440e-06
5.048438058541280745e-06
5.588092354699879523e-06
6.170945332879599861e-06
6.799056154782270318e-06
7.474509344059925234e-06
8.199410268432247886e-06
8.975883686275045375e-06
9.806068070358996724e-06
1.069211699322041301e-05
1.163619333417210718e-05
1.264046681143499920e-05
1.370711178376854231e-05
1.483829942062036005e-05
1.603620043024187191e-05
1.730297699572194551e-05
1.864077970160356207e-05
2.005174477922720444e-05
2.153798328877689250e-05
2.310158544458850341e-05
2.474460946480310056e-05
2.646907763387299709e-05
2.827697277458678565e-05
3.017022365719280010e-05
3.215071138469412161e-05
3.422025447228105739e-05
3.638060401978080062e-05
3.863343946276959499e-05
4.098034969026274633e-05
4.342284234205069665e-05
4.596232477029438908e-05
4.860009870773053585e-05
5.133735578426001759e-05
5.417515427117058815e-05
5.711443264042321123e-05
6.015598652670322639e-05
6.330046377414840517e-05
6.654836069689912064e-05
6.989999486300696051e-05
7.335552473808089997e-05
7.691492323167660352e-05
8.057797444432581889e-05
8.434427205246256606e-05
8.821318895362393741e-05
9.218390510487443955e-05
9.625537855656817843e-05
1.004263454528723121e-04
1.046953220885711865e-04
1.090605724258746886e-04
1.135201462071315905e-04
1.180718484380037200e-04
1.227132441118888406e-04
1.274416653261455242e-04
1.322541775754099949e-04
1.371476298051620764e-04
1.421186230651879279e-04
1.471635210067911363e-04
1.522784629542944421e-04
1.574593294936805880e-04
1.627018053733089362e-04
1.680013475594788978e-04
1.733532018666615756e-04
1.787524221473024515e-04
1.841938351299442331e-04
1.896721160942984230e-04
1.951817559563652688e-04
2.007170835864291426e-04
2.062722904684692030e-04
2.118413941600711932e-04
2.174183256587748875e-04
2.229968945978128383e-04
2.285708160692945668e-04
2.341337393999521569e-04
2.396792091763985807e-04
2.452007623707963720e-04
2.506918903992155019e-04
2.561460833399604314e-04
2.615567881383306682e-04
2.669175117701164438e-04
2.722217798691399775e-04
2.774631672733975356e-04
2.826353295970801993e-04
2.877319569345629488e-04
2.927468821715032516e-04
2.976740343993491424e-04
3.025074690055754609e-04
3.072413982713263270e-04
3.118701398650129708e-04
3.163882277143003447e-04
3.207903596452330247e-04
3.250714255802465724e-04
3.292265357854067182e-04
3.332509639968041443e-04
3.371402585616629531e-04
3.408901843360370460e-04
3.444967480169885358e-04
3.479562231431636288e-04
3.512650882616728918e-04
3.544201364280342732e-04
3.574184119466230526e-04
3.602572323044254824e-04
3.629342094622596353e-04
3.654471839084291480e-04
3.677943309541282613e-04
3.699740932859521699e-04
3.719851992851960624e-04
3.738266804436475078e-04
3.754978023874687237e-04
3.769981666555336365e-04
3.783276402085534052e-04
3.794863700811774055e-04
3.804747969026846320e-04
3.812935840177647550e-04
3.819437136043817883e-04
3.824264142876411944e-04
3.827431721302034873e-04
3.828957402948934331e-04
3.828860673184079346e-04
3.827163865876731280e-04
3.823891431369884960e-04
3.819070010332806806e-04
3.812728492865882584e-04
3.804897302628419188e-04
3.795609217886595946e-04
3.784898641812250346e-04
3.772801642289470847e-04
3.759355976313769336e-04
3.744600385664425364e-04
3.728575340994726953e-04
3.711322325846567040e-04
3.692883847329990997e-04
3.673303431857374997e-04
3.652624944172110978e-04
3.630893256822532262e-04
3.608153561413245548e-04
3.584451485120488919e-04
3.559832438637507905e-04
3.534342231862557361e-04
3.508026418444060678e-04
3.480930279855251955e-04
3.453098798442290731e-04
3.424576056359982792e-04
3.395405796154930714e-04
3.365630822920627138e-04
3.335292994819574058e-04
3.304433205948374957e-04
3.273090853655488512e-04
3.241304360743294801e-04
3.209110652865983975e-04
3.176545172479054821e-04
3.143641888520821125e-04
3.110432847768173042e-04
3.076948675457774705e-04
3.043218142346184522e-04
3.009268216387959798e-04
2.975124112725484001e-04
2.940808939524221818e-04
2.906344189788612176e-04
2.871749405805401156e-04
2.837042276455350922e-04
2.802238733888397291e-04
2.767352695910858503e-04
2.732396554195608458e-04
2.697380934420186608e-04
2.662314837993807310e-04
2.627205782281972352e-04
2.592059631470195326e-04
2.556881076872097444e-04
2.521673480692467918e-04
2.486439051025698759e-04
2.451179012649484052e-04
2.415893508481878847e-04
2.380582058601192377e-04
2.345243466484776970e-04
2.309876007776946174e-04
2.274477610878662117e-04
2.239045803942525453e-04
2.203578132931078182e-04
2.168072103586717112e-04
2.132525359832936204e-04
2.096935849680424564e-04
2.061301789984374712e-04
2.025622022173405182e-04
1.989895962551464412e-04
1.954123746606467506e-04
1.918306357225370697e-04
1.882445581966968003e-04
1.846544288655259077e-04
1.810606361189031894e-04
1.774636791571823071e-04
1.738641753893978032e-04
1.702628536169866565e-04
1.666605726133738518e-04
1.630583118540218234e-04
1.594571746195577473e-04
1.558583893184236474e-04
1.522632993720854464e-04
1.486733729370977254e-04
1.450901904828714008e-04
1.415154420439646270e-04
1.379509229402724310e-04
1.343985207187665097e-04
1.308602172504643401e-04
1.273380739201957629e-04
1.238342255348895318e-04
1.203508658012389555e-04
1.168902448136424356e-04
1.134546534304239744e-04
1.100464137360889237e-04
1.066678688089127799e-04
1.033213679804767196e-04
1.000092608528901076e-04
9.673388237100889752e-05
9.349754254899575023e-05
9.030251602136249813e-05
8.715102900925258023e-05
8.404525244412274746e-05
8.098728958871978696e-05
7.797916715764503228e-05
7.502282669790074244e-05
7.212011488835975168e-05
6.927277793431585267e-05
6.648245312708910525e-05
6.375066293838619811e-05
6.107880965766761207e-05
5.846816999976854482e-05
5.591989218049308978e-05
5.343499205812477366e-05
5.101435097514765688e-05
4.865871424509760317e-05
4.636869022676782468e-05
4.414475059501709231e-05
4.198723088102248766e-05
3.989633198182312735e-05
3.787212225058838162e-05
3.591454042294266560e-05
3.402339877115135642e-05
3.219838715512513726e-05
3.043907741758404637e-05
2.874492817751068198e-05
2.711529043916423881e-05
2.554941273096843302e-05
2.404644734410772361e-05
2.260545641529403880e-05
2.122541817368446600e-05
1.990523382529754722e-05
1.864373351891244733e-05
1.743968334642580136e-05
1.629179183417949755e-05
1.519871637795160114e-05
1.415907008234562352e-05
1.317142746061952317e-05
1.223433097284017370e-05
1.134629685905683320e-05
1.050582075777858684e-05
9.711383517423684316e-06
8.961455842214423209e-06
8.254503551204459547e-06
7.588992084722523523e-06
6.963390722348882830e-06
6.376176846754532831e-06
5.825839165273920148e-06
5.310881350630625083e-06
4.829824944103421632e-06
4.381212315328139261e-06
3.963608748269590700e-06
3.575604829786252996e-06
3.215818270651028018e-06
2.882895491619309214e-06
2.575513167168358557e-06
2.292379143278225870e-06
2.032233558298429794e-06
1.793849567705878510e-06
1.576033916783505082e-06
1.377627484394887303e-06
1.197505439931086468e-06
1.034577539818678900e-06
8.877881908965224713e-07
7.561164412501690410e-07
6.385759654711337730e-07
5.342148535495762503e-07
4.421154930961931911e-07
3.613943417636636826e-07
2.912016806316980805e-07
2.307213753571971842e-07
1.791705627100018987e-07
1.357993889344384774e-07
9.989070881234024176e-08
7.075978501439829679e-08
4.775399112139809783e-08
3.025249351799517062e-08
1.766594538677688260e-08
9.436163322733629800e-09
5.035795170338739676e-09
3.967974297317639001e-09
5.765954515920848353e-09
9.992724229072470619e-09
1.624059307593459023e-08
2.413074717719978382e-08
3.331277179052483002e-08
4.346412961249411937e-08
5.428960059672427229e-08
6.552067333468151086e-08
7.691488577112392306e-08
8.825512459360073408e-08
9.934885319761202681e-08
1.100273047654025433e-07
1.201446135139748482e-07
1.295768919119176012e-07
1.382212754964346506e-07
1.459948846100483032e-07
1.528337763067561966e-07
1.586918388174176286e-07
1.635396487652666476e-07
1.673633224130789015e-07
1.701632942398212267e-07
1.719531254523812734e-07
1.727582776254172750e-07
1.726148815164421613e-07
1.715685365948766423e-07
1.696730665044001936e-07
1.669893473117863184e-07
1.635841339642322080e-07
1.595289194113018575e-07
1.548988601185328754e-07
1.497716934454567420e-07
1.442267611766975496e-07
1.383440632987615451e-07
1.322033748249802487e-07
1.258834527696817544e-07
1.194612655226642429e-07
1.130113429682959725e-07
1.066051733036930881e-07
1.003107005990320378e-07
9.419185857601927823e-08
8.830822100354961730e-08
8.271470651615620445e-08
7.746135760167760443e-08
7.259320525093588903e-08
6.815017014492256548e-08
6.416705834521246658e-08
6.067360036009336904e-08
5.769454765986917828e-08
5.524981598657423926e-08
5.335468579208783819e-08
5.202000429093323194e-08
5.125247339541106333e-08
5.105492068888990138e-08
5.142659116144539280e-08
5.236349607758630856e-08
5.385870452384261378e-08
5.590270390160495301e-08
5.848371443274150046e-08
6.158799286789366749e-08
6.520017654422310696e-08
6.930353269405307233e-08
7.388027048154995383e-08
7.891177687132973682e-08
8.437881991161571143e-08
9.026179921030666386e-08
9.654085740740972006e-08
1.031960795998049296e-07
1.102075870868058164e-07
1.175555905231109705e-07
1.252205104594124621e-07
1.331829835758703841e-07
1.414238298109322953e-07
1.499241294746510630e-07
1.586650811314558351e-07
1.676280497069046766e-07
1.767944623324070387e-07
1.861456747570041314e-07
1.956630117660533781e-07
2.053275287974717053e-07
2.151200554597072509e-07
2.250210516320782861e-07
2.350104469162554588e-07
2.450677272341074362e-07
2.551716706894922811e-07
2.653004670418930054e-07
2.754316038437917924e-07
2.855417453696529917e-07
2.956069325005440876e-07
3.056023449561138134e-07
3.155025501453194855e-07
3.252814594259143811e-07
3.349122793557023619e-07
3.443678520200095613e-07
3.536204573926987443e-07
3.626422001281730884e-07
3.714050329282782760e-07
3.798807697258157773e-07
3.880415468817065808e-07
3.958596394148651569e-07
4.033079501693511663e-07
4.103600594372472273e-07
4.169902551208574160e-07
4.231740596014251070e-07
4.288880088132926054e-07
4.341101808809028619e-07
4.388202131835907779e-07
4.429992916261162249e-07
4.466306751884202919e-07
4.496993865240719962e-07
4.521927145879180243e-07
4.541001476766905191e-07
4.554132759164972140e-07
4.561262573838185508e-07
4.562353917869589595e-07
4.557395515337879235e-07
4.546400070021444481e-07
4.529402264402982648e-07
4.506462563877693536e-07
4.477661856944869426e-07
4.443104913389192901e-07
4.402917678404962200e-07
4.357244437109510263e-07
4.306250813889414712e-07
4.250117727761181192e-07
4.189044159877891768e-07
4.123243900272432451e-07
4.052942327827944952e-07
3.978378887005259822e-07
3.899800964378060580e-07
3.817466291690698289e-07
3.731639678992741062e-07
3.642589937212733375e-07
3.550592172533666355e-07
3.455922179218767337e-07
3.358858788275303859e-07
3.259681045932624629e-07
3.158665691802756404e-07
3.056089499680750083e-07
2.952224590858489520e-07
2.847340875853445915e-07
2.741703918253258369e-07
2.635573143137096730e-07
2.529204245805382441e-07
2.422845551199854222e-07
2.316740479952092107e-07
2.211126079765686965e-07
2.106231886121741233e-07
2.002282224834254689e-07
1.899493492718399492e-07
1.798076416443902003e-07
1.698235045553895773e-07
1.600166023426474935e-07
1.504060517979460148e-07
1.410102165511108494e-07
1.318468855599428649e-07
1.229331927763344569e-07
1.142855588538742668e-07
1.059198255553606710e-07
9.785109182771562610e-08
9.009382858479801604e-08
8.266180125467188596e-08
7.556801020744530583e-08
6.882476150945552569e-08
6.244353180862055158e-08
5.643502215027221692e-08
5.080908163032168320e-08
4.557464689855985646e-08
4.073976431845557951e-08
3.631148483110194046e-08
3.229587846297580884e-08
2.869797146299322232e-08
2.552169824292476598e-08
2.276990459706146149e-08
2.044428161767069023e-08
1.854537306674256136e-08
1.707254351119832000e-08
1.602395915574916777e-08
1.539660485217566312e-08
1.518626322700423653e-08
1.538754517740827058e-08
1.599390003755587126e-08
1.699763352411403047e-08
1.838996229990820028e-08
2.016103185650410998e-08
2.229998789526858541e-08
2.479502470344689233e-08
2.763343311643087491e-08
3.080170037949391857e-08
3.428554413306057144e-08
3.807002591372036152e-08
4.213961801534767731e-08
4.647825965410580881e-08
5.106948502069924653e-08
5.589648750374036640e-08
6.094216701520397769e-08
6.618928345310401493e-08
7.162044398616723531e-08
7.721825877878762827e-08
8.296537776348581925e-08
8.884450196824980961e-08
9.483855246448698997e-08
1.009305870609645773e-07
1.071039671755145739e-07
1.133423469921191639e-07
1.196296326121504546e-07
1.259501617268390130e-07
1.322885353234670677e-07
1.386297965982671188e-07
1.449593686457138152e-07
1.512629622401638213e-07
1.575267749611539931e-07
1.637372426697972687e-07
1.698812444880674741e-07
1.759460014336485325e-07
1.819189488979791460e-07
1.877879742583822642e-07
1.935411072195238515e-07
1.991667719630141139e-07
2.046536679575903184e-07
2.099906298534026301e-07
2.151669235360199412e-07
2.201718983444881624e-07
2.249953038515148084e-07
2.296271716416801129e-07
2.340576806237449718e-07
2.382775212864484316e-07
2.422775256917347948e-07
2.460490524426319014e-07
2.495838761239584215e-07
2.528740625993085582e-07
2.559123935820925475e-07
2.586919767804411395e-07
2.612066839380162824e-07
2.634510391167256965e-07
2.654200932232900315e-07
2.671098833622261358e-07
2.685170132042977715e-07
2.696391135934272954e-07
2.704747098805853995e-07
2.710230755144415811e-07
2.712846908317314533e-07
2.712607796302101170e-07
2.709537566373575583e-07
2.703670536041358291e-07
2.695049333885297500e-07
2.683729154638868048e-07
2.669772618207317697e-07
2.653253831646091419e-07
2.634256145140321037e-07
2.612869837648758801e-07
2.589195854595407006e-07
2.563340250687967660e-07
2.535417731185014498e-07
2.505548992331598611e-07
2.473858074604159590e-07
2.440475598289932144e-07
2.405533058997440637e-07
2.369165938144564133e-07
2.331510891969251278e-07
2.292703054525224640e-07
2.252878959234474572e-07
2.212171071654579395e-07
2.170710698055471636e-07
2.128625376073525932e-07
2.086036472521262617e-07
2.043062052655718867e-07
1.999812030196684402e-07
1.956391125530881674e-07
1.912896771623589119e-07
1.869417286269168511e-07
1.826034897026800416e-07
1.782821756921621917e-07
1.739843104190674770e-07
1.697155841702251762e-07
1.654807392993988077e-07
1.612838936919811963e-07
1.571282326558712930e-07
1.530163427546973778e-07
1.489501320115187972e-07
1.449307741643254936e-07
1.409590401002510325e-07
1.370350629282887343e-07
1.331586702101757167e-07
1.293293434783357906e-07
1.255461954410806785e-07
1.218082830768615651e-07
1.181144160157788027e-07
1.144634583567758536e-07
1.108542967229126927e-07
1.072858195960732089e-07
1.037571832310547022e-07
1.002676332725053094e-07
9.681674971703693676e-08
9.340439749139624278e-08
9.003068426779321092e-08
8.669615948033124028e-08
8.340163047851526504e-08
8.014833704905660365e-08
7.693787307404609792e-08
7.377211489764873481e-08
7.065335040143297788e-08
6.758408827279470950e-08
6.456716622861082257e-08
6.160564998770267325e-08
5.870274144616516828e-08
5.586185191452378772e-08
5.308641851698429347e-08
5.037996549446303734e-08
4.774599994721518596e-08
4.518792050653148778e-08
4.270905959742891218e-08
4.031252818137804374e-08
3.800125640257473493e-08
3.577790917863588552e-08
3.364481745589826435e-08
3.160401501990302875e-08
2.965712933061991546e-08
2.780542436936616288e-08
2.604975248310731143e-08
2.439052197636913370e-08
2.282774534070913223e-08
2.136098211906465800e-08
1.998939562489435943e-08
1.871174419945249602e-08
1.752638522102368658e-08
1.643133342990715553e-08
1.542427150400039949e-08
1.450257044092968545e-08
1.366335819615310857e-08
1.290352322445213999e-08
1.221978537640332372e-08
1.160872464163083372e-08
1.106681402143760421e-08
1.059048643274976499e-08
1.017614876290410511e-08
9.820244729126035058e-09
9.519282020316243695e-09
9.269858539427096557e-09
9.068713962092322409e-09
8.912734270443187127e-09
8.798994854533562621e-09
8.724770999600514944e-09
8.687544484657923997e-09
8.685032364135591123e-09
8.715170826720357891e-09
8.776134899373162821e-09
8.866327097071482674e-09
8.984361638301397897e-09
9.129072605568239285e-09
9.299477049552197624e-09
9.494777237435003365e-09
9.714332459287017558e-09
9.957627668894808776e-09
1.022427146724832623e-08
1.051394674384111536e-08
1.082640802141523770e-08
1.116144752664428182e-08
1.151885992682045666e-08
1.189844401765972472e-08
1.229995178433200357e-08
1.272309443831988749e-08
1.316751389686909466e-08
1.363275408530866327e-08
1.411827785281796727e-08
1.462342203144119481e-08
1.514742145336526132e-08
1.568939189584257693e-08
1.624831265478125172e-08
1.682306382467523275e-08
1.741238825611995485e-08
1.801493575907898688e-08
1.862925646276307006e-08
1.925379236475662490e-08
1.988693301641379104e-08
2.052697889601291401e-08
2.117220159805730744e-08
2.182084098896894063e-08
2.247109858916994742e-08
2.312120505280678832e-08
2.376937636552876353e-08
2.441388271631787807e-08
2.505304111455052480e-08
2.568520265768192108e-08
2.630882453181354454e-08
2.692241162473216097e-08
2.752458767312363059e-08
2.811407731988374372e-08
2.868968227820158108e-08
2.925035336430831200e-08
2.979511444598396603e-08
3.032313308292907072e-08
3.083369061275682639e-08
3.132614694771318814e-08
3.180001232059933420e-08
3.225485552556794617e-08
3.269037528587004032e-08
3.310636133217908919e-08
3.350265155679583424e-08
3.387920635049629903e-08
3.423600645545324697e-08
3.457312859361841994e-08
3.489070265121462198e-08
3.518886643813820314e-08
3.546784625955213132e-08
3.572785020520204881e-08
3.596915127103853362e-08
3.619204511957230783e-08
3.639680651448596190e-08
3.658377812712150756e-08
3.675326312541162480e-08
3.690561670970155304e-08
3.704120638039169043e-08
3.716037136962647632e-08
3.726351888285825265e-08
3.735101693328730478e-08
3.742329241757581874e-08
3.748079306108055179e-08
3.752394854742527959e-08
3.755327108715682081e-08
3.756924723985208275e-08
3.757243890789051208e-08
3.756344460237952371e-08
3.754285977549005518e-08
3.751137791844316028e-08
3.746967956429563671e-08
3.741853261734268757e-08
3.735875081084039104e-08
3.729115126689056384e-08
3.721665335690527349e-08
3.713616403058777104e-08
3.705067541747038322e-08
3.696121980610969148e-08
3.686882400121405061e-08
3.677460513389238384e-08
3.667965295331544174e-08
3.658512463308000128e-08
3.649219719732895783e-08
3.640201970261875983e-08
3.631580696480101029e-08
3.623472039517286851e-08
3.615996140298866159e-08
3.609272298705141267e-08
3.603414131763075652e-08
3.598538922831486811e-08
3.594755702665244731e-08
3.592174635971741677e-08
3.590902241577260845e-08
3.591036602080724472e-08
3.592675438537554189e-08
3.595911399790966284e-08
3.600827318087219773e-08
3.607505886223900421e-08
3.616017768658700128e-08
3.626431388599176794e-08
3.638808327092999774e-08
3.653198628353314987e-08
3.669650868210647684e-08
3.688200146716443474e-08
3.708878306794348634e-08
3.731709405405252022e-08
3.756705019597101594e-08
3.783874872411410472e-08
3.813214564806854439e-08
3.844716411503214264e-08
3.878364964248810491e-08
3.914132300201962429e-08
3.951989427689015880e-08
3.991893640612409574e-08
4.033800209458732311e-08
4.077657964942255940e-08
4.123404577751987980e-08
4.170978984876078512e-08
4.220308251497067764e-08
4.271320339928266438e-08
4.323939729083808485e-08
4.378082648904391275e-08
4.433670683987990703e-08
4.490616948818476852e-08
4.548840028341371546e-08
4.608259479587214341e-08
4.668790842169532437e-08
4.730360386133096972e-08
4.792890252090706502e-08
4.856313444326578714e-08
4.920568877444652881e-08
4.985595803165464006e-08
5.051349455228854578e-08
5.117784659469859034e-08
5.184871573489975619e-08
5.252589814401887844e-08
5.320921839689197837e-08
5.389869139454127234e-08
5.459433802309346085e-08
5.529634672193968590e-08
5.600500143468219549e-08
5.672060122571225495e-08
5.744362540665440774e-08
5.817452550847718755e-08
5.891388993987459577e-08
5.966235723947480239e-08
6.042052086163918477e-08
6.118909883086207350e-08
6.196870252545450145e-08
6.276000757869554305e-08
6.356365533803601805e-08
6.438014650405906145e-08
6.521002132500710733e-08
6.605360983559998920e-08
6.691121666111450807e-08
6.778301750317787190e-08
6.866894888197743804e-08
6.956890839866124759e-08
7.048249352752011261e-08
7.140921037658131442e-08
7.234837338314149363e-08
7.329899913125218534e-08
7.426003633066238215e-08
7.523009934229482291e-08
7.620770937860258445e-08
7.719120307073367135e-08
7.817863516615639259e-08
7.916804363978510304e-08
8.015717959799356958e-08
8.114378366013931845e-08
8.212550307448626492e-08
8.309980181830414641e-08
8.406425872513828910e-08
8.501628887443616798e-08
8.595344983089456382e-08
8.687335982419289413e-08
8.777360689194914815e-08
8.865206996235841945e-08
8.950662124600151273e-08
9.033544993673162750e-08
9.113696892023047115e-08
9.190971037100871660e-08
9.265265493544985092e-08
9.336490298471000455e-08
9.404600065969735090e-08
9.469582242118143464e-08
9.531444139606677020e-08
9.590245275717177036e-08
9.646060548370178010e-08
9.699011904452120828e-08
9.749253467919906165e-08
9.796955513204920407e-08
9.842335528178657782e-08
9.885617437525815232e-08
9.927062035545552406e-08
9.966949229419018820e-08
1.000555937624869744e-07
1.004320342727561894e-07
1.008017916100727550e-07
1.011680114997997545e-07
1.015338132773049660e-07
1.019020900662731983e-07
1.022758143747597838e-07
1.026575869599381631e-07
1.030499476954344373e-07
1.034551820955095896e-07
1.038751256925591637e-07
1.043114918797846089e-07
1.047654244188154423e-07
1.052378373013192490e-07
1.057292383840759558e-07
1.062395526626106804e-07
1.067684878139397008e-07
1.073151012164111220e-07
1.078781811104095963e-07
1.084560954759520506e-07
1.090466400320758421e-07
1.096474476367853897e-07
1.102555698248488794e-07
1.108679006325805022e-07
1.114810470998337145e-07
1.120911963138141039e-07
1.126945624975573609e-07
1.132869720894972017e-07
1.138643195808008955e-07
1.144224455324509094e-07
1.149570076812692750e-07
1.154638887654867013e-07
1.159390699865165781e-07
1.163784957689618615e-07
1.167785446975184401e-07
1.171355845415678630e-07
1.174464393111036037e-07
1.177082411242812913e-07
1.179182719657643227e-07
1.180744238204694662e-07
1.181747182502311554e-07
1.182177572335627695e-07
1.182025430577487604e-07
1.181282894879239194e-07
1.179948589780754755e-07
1.178022469510596747e-07
1.175510086554470854e-07
1.172420486207762599e-07
1.168764055348622307e-07
1.164556653369919487e-07
1.159814228922299175e-07
1.154556879449926396e-07
1.148806570280689196e-07
1.142584866058517431e-07
1.135916904155055432e-07
1.128825996275349538e-07
1.121337586238520732e-07
1.113476983741390075e-07
1.105267168367422478e-07
1.096732730111641356e-07
1.087894677045121850e-07
1.078774411114744514e-07
1.069391652601644544e-07
1.059762476716340280e-07
1.049903316869146949e-07
1.039826135722883457e-07
1.029542484778481278e-07
1.019061716001239129e-07
1.008389323143794402e-07
9.975310205859135283e-08
9.864883278011113544e-08
9.752626849605452432e-08
9.638539405642716346e-08
9.522589640609627668e-08
9.404757157063112960e-08
9.284991909506574849e-08
9.163254744954945741e-08
9.039504043067690235e-08
8.913683443547643928e-08
8.785760928891466922e-08
8.655690758888560666e-08
8.523451755783012094e-08
8.389034378884430396e-08
8.252428748156504489e-08
8.113660486819417289e-08
7.972754118598407001e-08
7.829767613886396443e-08
7.684778883505046141e-08
7.537873215410573018e-08
7.389174757053663702e-08
7.238810974497516282e-08
7.086942660633512271e-08
6.933749600273651865e-08
6.779417334379719719e-08
6.624164028663775879e-08
6.468206426232351335e-08
6.311785419517379119e-08
6.155151482523593554e-08
5.998551464632019464e-08
5.842251444112443277e-08
5.686505238404118804e-08
5.531576378881474261e-08
5.377724445055250543e-08
5.225193018089485876e-08
5.074229617977870020e-08
4.925057982445991979e-08
4.777897583289904036e-08
4.632952015883010375e-08
4.490399148712739402e-08
4.350409236208052532e-08
4.213121790342969283e-08
4.078663579061309444e-08
3.947139752956200161e-08
3.818626691770922487e-08
3.693188949186038291e-08
3.570860810887622516e-08
3.451663178691353526e-08
3.335597395198875909e-08
3.222640576336081612e-08
3.112761431655095134e-08
3.005905852205651807e-08
2.902012493052943935e-08
2.801008610172932033e-08
2.702807094106696307e-08
2.607320715223966129e-08
2.514450615361831472e-08
2.424100027262676405e-08
2.336171122661418377e-08
2.250562746449457108e-08
2.167182465686161369e-08
2.085936800390298543e-08
2.006742500979661774e-08
1.929523507517933951e-08
1.854208567457413628e-08
1.780740656144305609e-08
1.709068125266285564e-08
1.639153264138203158e-08
1.570968885410978794e-08
1.504495459153767314e-08
1.439727896458427472e-08
1.376667317679038752e-08
1.315327081471932234e-08
1.255729022599414520e-08
1.197900225103530669e-08
1.141877612151808883e-08
1.087700495180696395e-08
1.035414656826109315e-08
9.850686472379902661e-09
9.367106427838624155e-09
8.903915777865590936e-09
8.461588529704589612e-09
8.040592525429656037e-09
7.641358241982465502e-09
7.264253254689255683e-09
6.909602262338554508e-09
6.577661395927287582e-09
6.268597918469896485e-09
5.982513752347581808e-09
5.719406461607072292e-09
5.479193922568826004e-09
5.261699187026719603e-09
5.066639699091396792e-09
4.893652292915153241e-09
4.742267880803712743e-09
4.611938114245662647e-09
4.502029724960256793e-09
4.411821607035642877e-09
4.340532640346704354e-09
4.287305628223661819e-09
4.251236300652176857e-09
4.231373549143508174e-09
4.226720582269220455e-09
4.236264673463866305e-09
4.258964466399757804e-09
4.293779916008360637e-09
4.339673791121820585e-09
4.395612472788764497e-09
4.460595706868349829e-09
4.533641664937854690e-09
4.613815925584558241e-09
4.700230088400569150e-09
4.792038540275097150e-09
4.888466466125046743e-09
4.988788622585203440e-09
5.092356011611458873e-09
5.198588962251990382e-09
5.306967807385241854e-09
5.417058388859629338e-09
5.528482671220748623e-09
5.640942920247217343e-09
5.754208533693518178e-09
5.868100438733397810e-09
5.982514673866130692e-09
6.097385087958231650e-09
6.212706190463829048e-09
6.328514816269506906e-09
6.444869701851181205e-09
6.561875057258872349e-09
6.679637220080208319e-09
6.798288551021075941e-09
6.917966335378148674e-09
7.038790116308318534e-09
7.160888155428435120e-09
7.284350786240667996e-09
7.409258466017894340e-09
7.535660886886718868e-09
7.663555013129973947e-09
7.792917625642628012e-09
7.923658091500473253e-09
8.055653611136870152e-09
8.188731138354313648e-09
8.322648513554212885e-09
8.457135584419134434e-09
8.591848126495038052e-09
8.726412191291016241e-09
8.860410064412170086e-09
8.993365393302922957e-09
9.124793585837577061e-09
9.254156850112667842e-09
9.380917416231341545e-09
9.504526659711103931e-09
9.624413008149418121e-09
9.740039803459635908e-09
9.850859394699581993e-09
9.956372438538322776e-09
1.005611716453678868e-08
1.014965683480137072e-08
1.023664088900253843e-08
1.031675455296491576e-08
1.038977943617002892e-08
1.045557868236494857e-08
1.051407980083733972e-08
1.056533382751102414e-08
1.060945685513219921e-08
1.064668682774502119e-08
1.067736084158159626e-08
1.070189000613316720e-08
1.072081240048112822e-08
1.073472469090056966e-08
1.074433194501022906e-08
1.075041581478979299e-08
1.075380075255816860e-08
1.075539972274606003e-08
1.075613721536546343e-08
1.075699264561764189e-08
1.075896178919040044e-08
1.076301725354889752e-08
1.077015012958278420e-08
1.078128894498113889e-08
1.079734132101305301e-08
1.081915425427308551e-08
1.084747460090803772e-08
1.088299324812454753e-08
1.092626621607829853e-08
1.097776175807958102e-08
1.103782616059289906e-08
1.110665052483092724e-08
1.118432478559635898e-08
1.127076605442096556e-08
1.136577776496614586e-08
1.146902562913825091e-08
1.158001448435579425e-08
1.169815680370259967e-08
1.182270949043031550e-08
1.195284781686351511e-08
1.208765151360194974e-08
1.222609065025106060e-08
1.236710802361875489e-08
1.250956044800196726e-08
1.265230460339120978e-08
1.279418789482951133e-08
1.293403734270967481e-08
1.307074971622694733e-08
1.320322934535742432e-08
1.333047820350831235e-08
1.345158277552711676e-08
1.356569728159043866e-08
1.367213240021769487e-08
1.377028099187641517e-08
1.385970331901302539e-08
1.394010170444737006e-08
1.401129078297951209e-08
1.407327693844110993e-08
1.412616689010091338e-08
1.417024197817044709e-08
1.420591710387479026e-08
1.423369590804279715e-08
1.425422683947923716e-08
1.426825387812747086e-08
1.427656453348739582e-08
1.428005214721215523e-08
1.427960291239827797e-08
1.427615611039048704e-08
1.427064768388496928e-08
1.426395343436226179e-08
1.425694950290282194e-08
1.425039835931732005e-08
1.424501150571550192e-08
1.424139691903566828e-08
1.424000833747553325e-08
1.424121455294126368e-08
1.424519508400969431e-08
1.425201538319165102e-08
1.426158759130988515e-08
1.427363421553472834e-08
1.428777387498307813e-08
1.430343240010713937e-08
1.431993554607770672e-08
1.433648602382822252e-08
1.435214290404912119e-08
1.436592392985930101e-08
1.437672978219969048e-08
1.438345091851042469e-08
1.438495542090942697e-08
1.438007736496525674e-08
1.436772725676940121e-08
1.434682010778875904e-08
1.431638535713879884e-08
1.427555395409331898e-08
1.422354385029240655e-08
1.415976491769259283e-08
1.408373909194008790e-08
1.399519947181906461e-08
1.389406464348512894e-08
1.378041030725914688e-08
1.365455620854951844e-08
1.351697057463642402e-08
1.336834833387971764e-08
1.320956668156225467e-08
1.304163866946966445e-08
1.286577716674934709e-08
1.268328453686422036e-08
1.249560903540723050e-08
1.230428536980321473e-08
1.211087573661363621e-08
1.191701623530773326e-08
1.172430194730419102e-08
1.153433062266478725e-08
1.134864064064148701e-08
1.116865258549185827e-08
1.099571167032021078e-08
1.083098319849249223e-08
1.067549847463755357e-08
1.053010545430418008e-08
1.039542530176496489e-08
1.027190585055736905e-08
1.015973988498237993e-08
1.005892648832864104e-08
9.969244785683717212e-09
9.890233804772775524e-09
9.821265604873879881e-09
9.761489611572256193e-09
9.709913769168399003e-09
9.665401097846843570e-09
9.626670226591330351e-09
9.592385438667139637e-09
9.561118709736906941e-09
9.531443292093121287e-09
9.501941514429327883e-09
9.471212979674452782e-09
9.437968134038012001e-09
9.400991563270371608e-09
9.359232075702786288e-09
9.311804164832189336e-09
9.257986560911725685e-09
9.197301781874221016e-09
9.129464080244894684e-09
9.054449530028734673e-09
8.972476364889498862e-09
8.883981008917624982e-09
8.789671122916667306e-09
8.690449918007620895e-09
8.587458100493217868e-09
8.482028983493798246e-09
8.375640514960661108e-09
8.269941603671045938e-09
8.166657412357474098e-09
8.067608516267384340e-09
7.974650102100378244e-09
7.889611261583601551e-09
7.814307907577929213e-09
7.750444528777538397e-09
7.699627817256703084e-09
7.663308458635393779e-09
7.642726379724363710e-09
7.638931312867326520e-09
7.652699390884779911e-09
7.684562437391680631e-09
7.734770656669189969e-09
7.803260336284390779e-09
7.889700652400550475e-09
7.993436346537632195e-09
8.113547297553352296e-09
8.248840355382604381e-09
8.397844784174787809e-09
8.558891917647902699e-09
8.730081178494161527e-09
8.909370320851818181e-09
9.094589479507112730e-09
9.283454842200844593e-09
9.473672039774685938e-09
9.662909025600451834e-09
9.848902573117855745e-09
1.002947512659280212e-08
1.020254651969121461e-08
1.036624060756263829e-08
1.051884244306779302e-08
1.065889901037074112e-08
1.078521650683677828e-08
1.089684935232807736e-08
1.099317799770419833e-08
1.107388695104256517e-08
1.113893419864275400e-08
1.118862273799433515e-08
1.122350283098097164e-08
1.124443144082839907e-08
1.125251656077827306e-08
1.124905529951368540e-08
1.123557821244576450e-08
1.121372309449078168e-08
1.118527200283599328e-08
1.115207476186305315e-08
1.111597118986032492e-08
1.107882366840707184e-08
1.104238422587061357e-08
1.100832912391516866e-08
1.097818544623754862e-08
1.095326156384488955e-08
1.093469177992911194e-08
1.092332140599520108e-08
1.091976233116915463e-08
1.092434527577277980e-08
1.093707866452185712e-08
1.095772457192667236e-08
1.098571653386369616e-08
1.102024987560335901e-08
1.106026859101451141e-08
1.110445776496333088e-08
1.115135414252733435e-08
1.119929330939273917e-08
1.124653031219425413e-08
1.129125098429353648e-08
1.133158451918823942e-08
1.136573287502680343e-08
1.139192715478206791e-08
1.140855676736948917e-08
1.141418057543022630e-08
1.140753415303188483e-08
1.138765035356886679e-08
1.135379851258404813e-08
1.130559379783042438e-08
1.124298208546442104e-08
1.116621790276202109e-08
1.107595104743918729e-08
1.097313063823400216e-08
1.085907493416825250e-08
1.073541701746555344e-08
1.060404449014554373e-08
1.046714380378725127e-08
1.032707037940462520e-08
1.018637950520326671e-08
1.004774137873930295e-08
9.913854829213480127e-09
9.787463871744973591e-09
9.671215025619442983e-09
9.567671629511512553e-09
9.479225148008251506e-09
9.408011103335403163e-09
9.355929154145044350e-09
9.324518135930832588e-09
9.314987357319773653e-09
9.328155735209499516e-09
9.364399374488287723e-09
9.423707401633486411e-09
9.505597904678442644e-09
9.609193427882249055e-09
9.733206670429760436e-09
9.875933787716150156e-09
1.003536147425097392e-08
1.020912550232018299e-08
1.039463579949998700e-08
1.058910275764388858e-08
1.078956546605840526e-08
1.099303897569932662e-08
1.119649223172150087e-08
1.139700165718651781e-08
1.159178828359839731e-08
1.177824877130607687e-08
1.195410938440517467e-08
1.211738530678334654e-08
1.226652495832535271e-08
1.240041852045565006e-08
1.251839393844428751e-08
1.262033883556495666e-08
1.270660757381577792e-08
1.277812188322339197e-08
1.283632255924586855e-08
1.288310722991303277e-08
1.292089789676535744e-08
1.295248487505516905e-08
1.298107286196102980e-08
1.301017531053654557e-08
1.304349933037832388e-08
1.308496781771827063e-08
1.313851954107974476e-08
1.320812250596864171e-08
1.329764090734037499e-08
1.341070056805614818e-08
1.355070492888690916e-08
1.372063194219087756e-08
1.392306139517770880e-08
1.416006081927617389e-08
1.443307680558449543e-08
1.474299670820905687e-08
1.508998298794040746e-08
1.547356364328961391e-08
1.589257558928714664e-08
1.634511494889130454e-08
1.682868254145596731e-08
1.734007292118302032e-08
1.787555369648655273e-08
1.843087472481074265e-08
1.900127857389787440e-08
1.958173267104513367e-08
2.016685431431515400e-08
2.075116566873263559e-08
2.132913916610016979e-08
2.189523350123170684e-08
2.244417577208405933e-08
2.297087397542843171e-08
2.347069951011931141e-08
2.393951355608717340e-08
2.437367355595673082e-08
2.477030574245596737e-08
2.512715018552607190e-08
2.544281091910013225e-08
2.571671002740970969e-08
2.594901721707734407e-08
2.614086059123620424e-08
2.629407210242728397e-08
2.641136521199955313e-08
2.649619447010316343e-08
2.655259495343946532e-08
2.658528442801263108e-08
2.659947474773033927e-08
2.660066964906482518e-08
2.659476400873892011e-08
2.658766919587633261e-08
2.658540055828405564e-08
2.659385167906646131e-08
2.661856896923235860e-08
2.666484288284228432e-08
2.673733634980994729e-08
2.684019267878672589e-08
2.697684249012484493e-08
2.714982252130659391e-08
2.736093019475136386e-08
2.761091683592322795e-08
2.789968234140270046e-08
2.822616985570649022e-08
2.858827522085902278e-08
2.898311403198147805e-08
2.940680430439562325e-08
2.985477871500567728e-08
3.032177635372538571e-08
3.080184145221868705e-08
3.128870070903110367e-08
3.177560702866582162e-08
3.225574434375566800e-08
3.272227129052496595e-08
3.316835695278459773e-08
3.358761126052610695e-08
3.397391987878263494e-08
3.432186922643653278e-08
3.462676262295975124e-08
3.488461421819711698e-08
3.509254636272793938e-08
3.524853923446731137e-08
3.535179130320255795e-08
3.540263478099171261e-08
3.540242319720120218e-08
3.535382490891102374e-08
3.526044604097961543e-08
3.512707417325030378e-08
3.495946681114471571e-08
3.476411885267567962e-08
3.454843646755057930e-08
3.432025268367903012e-08
3.408796576212414050e-08
3.386023971739399240e-08
3.364570053646973921e-08
3.345304304193683183e-08
3.329051380747312418e-08
3.316601860810333587e-08
3.308682358039673312e-08
3.305927020970964641e-08
3.308891345647226385e-08
3.318006567805970865e-08
3.333597540162585025e-08
3.355862296241037703e-08
3.384853951460903996e-08
3.420507084907824401e-08
3.462604487132066010e-08
3.510809860142901814e-08
3.564661623910265555e-08
3.623568529244664486e-08
3.686852508419004066e-08
3.753727154535891153e-08
3.823346017689434419e-08
3.894807803684242345e-08
3.967161485542519305e-08
4.039461422336929971e-08
4.110749719228638703e-08
4.180113016743840249e-08
4.246689444452977120e-08
4.309673102298538615e-08
4.368370826440533358e-08
4.422176916648849446e-08
4.470626738188123665e-08
4.513393659514402827e-08
4.550281848881406033e-08
4.581273025271425311e-08
4.606484249253370928e-08
4.626208214557366371e-08
4.640892502217287553e-08
4.651114654227370785e-08
4.657612670624333955e-08
4.661223936870345705e-08
4.662909500717902181e-08
4.663716620928226947e-08
4.664738818020102382e-08
4.667133394811484007e-08
4.672048518838554373e-08
4.680638535501870194e-08
4.694019634999085569e-08
4.713225577694435239e-08
4.739224276604252501e-08
4.772845788151735828e-08
4.814802658796278232e-08
4.865652729856730339e-08
4.925764028986535625e-08
4.995345560024199699e-08
5.074388037751520193e-08
5.162703304195690049e-08
5.259905097542064548e-08
5.365392178245135348e-08
5.478403657764280143e-08
5.597976652311741081e-08
5.723011234715372001e-08
5.852270480949840169e-08
5.984381027672308509e-08
6.117912397394796109e-08
6.251344961598664480e-08
6.383155117204750375e-08
6.511824741432842649e-08
6.635847988035801085e-08
6.753822493606717200e-08
6.864412815238033076e-08
6.966440569876742108e-08
7.058886584564788722e-08
7.140887512704657523e-08
7.211820789480345560e-08
7.271247856759206274e-08
7.318991483554534213e-08
7.355115588428409416e-08
7.379898575156715575e-08
7.393887619379319547e-08
7.397861860354428141e-08
7.392789821820042453e-08
7.379878276440487128e-08
7.360471929786125622e-08
7.336093281605963484e-08
7.308382338704547260e-08
7.279033646137833671e-08
7.249826287769714390e-08
7.222509255258523929e-08
7.198828684003547671e-08
7.180460033267113617e-08
7.168941706921800200e-08
7.165704290904426689e-08
7.171961522925747695e-08
7.188745458646294750e-08
7.216852085161621119e-08
7.256791419935976302e-08
7.308837520055548112e-08
7.372942261253463545e-08
7.448797841064630890e-08
7.535810798736032312e-08
7.633080773313867212e-08
7.739484600421493825e-08
7.853617812158593468e-08
7.973891813653186818e-08
8.098536526738485662e-08
8.225604892123689232e-08
8.353087906944369821e-08
8.478872727226146415e-08
8.600864468521134439e-08
8.717001465975027359e-08
8.825267730512324659e-08
8.923819369857859794e-08
9.010936884593723198e-08
9.085147933949181230e-08
9.145230319402231111e-08
9.190208174949898340e-08
9.219462937647895088e-08
9.232657550333693807e-08
9.229834600871182135e-08
9.211386202798022713e-08
9.178016078769080166e-08
9.130815032168213699e-08
9.071147324903538193e-08
9.000710566396337584e-08
8.921467687940132973e-08
8.835573980403478219e-08
8.745415500348002484e-08
8.653467129848379423e-08
8.562321209071898879e-08
8.474597073423393396e-08
8.392851198337840772e-08
8.319598069715869229e-08
8.257165339268146181e-08
8.207716890989237563e-08
8.173169104621138891e-08
8.155113162947425418e-08
8.154850185027974459e-08
8.173272293147728029e-08
8.210912011741390335e-08
8.267893268729958015e-08
8.343890745933563453e-08
8.438206823503890030e-08
8.549695098708660765e-08
8.676857041964850051e-08
8.817838878480761910e-08
8.970434382788897752e-08
9.132211136000706265e-08
9.300470266677493498e-08
9.472387531656962212e-08
9.645042399848239117e-08
9.815446699390003264e-08
9.980701457091549221e-08
1.013796489163792490e-07
1.028461054366186608e-07
1.041825509591730646e-07
1.053677854354955397e-07
1.063847454989523254e-07
1.072199014554004496e-07
1.078646191726350963e-07
1.083150588174472373e-07
1.085719543965466861e-07
1.086416892100882298e-07
1.085351511479204644e-07
1.082685780461818172e-07
1.078628789708589189e-07
1.073428484204888883e-07
1.067376657018228483e-07
1.060792093432809041e-07
1.054023619159029387e-07
1.047438528533462351e-07
1.041410585251583804e-07
1.036321033595596107e-07
1.032539179721095738e-07
1.030423000953304019e-07
1.030306509686086372e-07
1.032487536360488366e-07
1.037229196776762458e-07
1.044742280413351743e-07
1.055188324421061662e-07
1.068670572497088548e-07
1.085225938275167698e-07
1.104831868374371464e-07
1.127394126932609583e-07
1.152756672121869835e-07
1.180699293666312943e-07
1.210936213137107095e-07
1.243131091141899752e-07
1.276890898351079191e-07
1.311783887216830987e-07
1.347343501103631186e-07
1.383072524260305302e-07
1.418465007584132359e-07
1.453003287239894302e-07
1.486181229933287526e-07
1.517510335551978640e-07
1.546525002615887496e-07
1.572806398441105824e-07
1.595977277327964590e-07
1.615724661850265475e-07
1.631802240569462381e-07
1.644031057558666623e-07
1.652318940995533898e-07
1.656648075229376370e-07
1.657091165630375593e-07
1.653805494137548909e-07
1.647025119159344342e-07
1.637071450847715020e-07
1.624331698025367054e-07
1.609265741037509338e-07
1.592391206484413869e-07
1.574267440875323271e-07
1.555495586065944110e-07
1.536700012507114053e-07
1.518509431948843671e-07
1.501555944222721236e-07
1.486446200555173351e-07
1.473760100498486488e-07
1.464031635610026792e-07
1.457730829290380954e-07
1.455264074082503952e-07
1.456949667605903145e-07
1.463020941596646308e-07
1.473613923397430203e-07
1.488757009504160840e-07
1.508380115296053161e-07
1.532300075386623726e-07
1.560234563967122020e-07
1.591801007613329516e-07
1.626517381976929061e-07
1.663823745062755306e-07
1.703078078574727409e-07
1.743582160701116117e-07
1.784590398294177384e-07
1.825319338294632122e-07
1.864978719130292170e-07
1.902772559093193585e-07
1.937931655682065192e-07
1.969725319745963927e-07
1.997472060254988694e-07
2.020571665792966197e-07
2.038502804122263174e-07
2.050852512548139774e-07
2.057321367047688098e-07
2.057726249033670290e-07
2.052023388810078311e-07
2.040294633952137598e-07
2.022764819801880373e-07
1.999793420583121734e-07
1.971863614047617503e-07
1.939590034780456035e-07
1.903691213180626363e-07
1.864991351000131452e-07
1.824398162091081143e-07
1.782879353538935588e-07
1.741456560640622128e-07
1.701168821217069177e-07
1.663063497961831531e-07
1.628167625230752489e-07
1.597460031725809952e-07
1.571860732536347671e-07
1.552195866403900119e-07
1.539189050599007303e-07
1.533438020811739959e-07
1.535394035138859576e-07
1.545359570215405816e-07
1.563465645456653185e-07
1.589675951477513826e-07
1.623779078195106300e-07
1.665384250411674277e-07
1.713937053539275236e-07
1.768714636502652428e-07
1.828849306528979691e-07
1.893339317445478975e-07
1.961062115276799205e-07
2.030808963399854564e-07
2.101294437571688469e-07
2.171196179608117480e-07
2.239177408849413148e-07
2.303909405043350988e-07
2.364115545162542826e-07
2.418583312560081947e-07
2.466207568150792747e-07
2.506010736894164297e-07
2.537160216408736416e-07
2.559006012697378189e-07
2.571080743558053006e-07
2.573130333635779440e-07
2.565117449427056218e-07
2.547220590770358980e-07
2.519851152986647533e-07
2.483631729035693265e-07
2.439403127134344303e-07
2.388204065283370730e-07
2.331247118019445119e-07
2.269910632014845620e-07
2.205696277675248159e-07
2.140212937143117107e-07
2.075137766460802263e-07
2.012176203668641773e-07
1.953037355916253602e-07
1.899383138783089642e-07
1.852802258544570829e-07
1.814768479599901164e-07
1.786601447603385222e-07
1.769444141931551358e-07
1.764222034008941145e-07
1.771627285249092843e-07
1.792093477763845645e-07
1.825775633310303342e-07
1.872549296331491065e-07
1.931995089893265926e-07
2.003409975070450092e-07
2.085811170678940129e-07
2.177945692551452734e-07
2.278321082733186521e-07
2.385219164594853138e-07
2.496738415553500002e-07
2.610825729628141110e-07
2.725311300948778433e-07
2.837964959290019448e-07
2.946528042646528125e-07
3.048774488719787771e-07
3.142554169173383272e-07
3.225835015772755736e-07
3.296764294213493808e-07
3.353696827332340469e-07
3.395250745120181767e-07
3.420338158842838892e-07
3.428190515948970143e-07
3.418398910915775733e-07
3.390916454225276016e-07
3.346084458238904989e-07
3.284630133013019430e-07
3.207657210346528281e-07
3.116645556441972817e-07
3.013425250805553459e-07
2.900144216378572980e-07
2.779244916977005378e-07
2.653409681723385773e-07
2.525523697559922437e-07
2.398616852558021001e-07
2.275802841498268686e-07
2.160227065947917439e-07
2.054994343450668417e-07
1.963113132617607496e-07
1.887428660170887855e-07
1.830558898278302231e-07
1.794842190853234764e-07
1.782275888690735524e-07
1.794473177649665361e-07
1.832617958803480114e-07
1.897427448049630755e-07
1.989130824492532079e-07
2.107445053157447956e-07
2.251572158247219090e-07
2.420198530251050395e-07
2.611503647933136175e-07
2.823188133988420184e-07
3.052497446456651923e-07
3.296269483713832509e-07
3.550981202237368242e-07
3.812802086889934311e-07
4.077666763511615068e-07
4.341335097583341523e-07
4.599475658155057397e-07
4.847739760266425108e-07
5.081836455815096404e-07
5.297622287738514008e-07
5.491168123455943783e-07
5.658845060689307696e-07
5.797391361092689619e-07
5.903973682093150505e-07
5.976256001831750163e-07
6.012438443297961661e-07
6.011308469050347279e-07
5.972267357352069923e-07
5.895346692332283068e-07
5.781225864898719777e-07
5.631219465140118269e-07
5.447270761991938951e-07
5.231921668248667144e-07
4.988272958338802282e-07
4.719942297835828421e-07
4.430999886853782446e-07
4.125907126637714458e-07
3.809439796372872107e-07
3.486606373031356031e-07
3.162565842251455899e-07
2.842535623552510425e-07
2.531703782885648862e-07
2.235137338429085683e-07
1.957693215131586163e-07
1.703934015073757609e-07
1.478046323816339576e-07
1.283767456489499913e-07
1.124318721972523834e-07
1.002348150989003622e-07
9.198835874306454115e-08
8.782963442352491297e-08
