3.000529099E+1
2.972032738E+1
2.941958809E+1
2.911961365E+1
2.882787514E+1
2.853378677E+1
2.824155045E+1
2.794131279E+1
2.768124580E+1
2.736759949E+1
2.705181122E+1
2.680239868E+1
2.648941040E+1
2.613147163E+1
2.578305817E+1
2.549752998E+1
2.530210876E+1
2.499694252E+1
2.462201309E+1
2.430716324E+1
2.399915504E+1
2.372105980E+1
2.339535141E+1
2.310138130E+1
2.283442879E+1
2.250862694E+1
2.222178268E+1
2.194528389E+1
2.162332916E+1
2.134238434E+1
2.103375816E+1
2.074072647E+1
2.045359421E+1
2.014415741E+1
1.983402443E+1
1.954815674E+1
1.927399635E+1
1.894600868E+1
1.863100433E+1
1.834039116E+1
1.804160118E+1
1.772202682E+1
1.743194389E+1
1.714077377E+1
1.683661842E+1
1.653231239E+1
1.625218010E+1
1.597877884E+1
1.566431332E+1
1.536278439E+1
1.508214378E+1
1.476156330E+1
1.445765114E+1
1.415682793E+1
1.386386871E+1
1.355420685E+1
1.323237801E+1
1.293552494E+1
1.266312790E+1
1.232813931E+1
1.202663612E+1
1.174108410E+1
1.143459320E+1
1.112372589E+1
1.078886986E+1
1.052865791E+1
1.020874119E+1
9.875782967E+0
9.709449768E+0
9.327573776E+0
9.029237747E+0
8.699475288E+0
8.408267021E+0
8.204354286E+0
7.861889362E+0
7.486759663E+0
7.295635223E+0
6.981761456E+0
6.548277378E+0
6.372925758E+0
6.055107117E+0
5.743469715E+0
5.470555305E+0
5.128710747E+0
4.880634785E+0
4.542645454E+0
4.245264053E+0
3.955976486E+0
3.676196337E+0
3.362381697E+0
3.039001703E+0
2.723306894E+0
2.387813568E+0
2.108296394E+0
1.901317477E+0
1.471328139E+0
1.257562280E+0
9.602448940E-1
6.641885638E-1
3.449310958E-1
5.175086111E-2
-2.380612791E-1
-5.505443811E-1
-8.440778852E-1
-1.171385169E+0
-1.485637903E+0
-1.777010441E+0
-2.088794947E+0
-2.316757441E+0
-2.603937626E+0
-2.923225880E+0
-3.236141205E+0
-3.498752594E+0
-3.832606554E+0
-4.136696339E+0
-4.454660416E+0
-4.746914387E+0
-5.061692238E+0
-5.387216568E+0
-5.680600166E+0
-5.996148109E+0
-6.307806969E+0
-6.596426487E+0
-6.910780430E+0
-7.097065449E+0
-7.429444313E+0
-7.710744381E+0
-8.014081001E+0
-8.352618217E+0
-8.650777817E+0
-8.944207191E+0
-9.257991791E+0
-9.611375809E+0
-9.919402122E+0
-1.013418579E+1
-1.044864559E+1
-1.074012566E+1
-1.107505512E+1
-1.137953377E+1
-1.170700073E+1
-1.202963638E+1
-1.223375034E+1
-1.250897312E+1
-1.282103252E+1
-1.311763287E+1
-1.345641327E+1
-1.379395676E+1
-1.407411098E+1
-1.436429787E+1
-1.464135361E+1
-1.496972847E+1
-1.525935268E+1
-1.551824951E+1
-1.591111279E+1
-1.619323921E+1
-1.653949165E+1
-1.671446991E+1
-1.701469421E+1
-1.742129135E+1
-1.759216309E+1
-1.791413498E+1
-1.824253273E+1
-1.855811310E+1
-1.886253166E+1
-1.917589951E+1
-1.945187378E+1
-1.978514862E+1
-2.009847832E+1
-2.038749313E+1
-2.067236328E+1
-2.100297737E+1
-2.128248215E+1
-2.163542747E+1
-2.189803505E+1
-2.213960457E+1
-2.245630455E+1
-2.276201630E+1
-2.302909660E+1
-2.336441994E+1
-2.363902855E+1
-2.396843147E+1
-2.427525902E+1
-2.458772850E+1
-2.487222862E+1
-2.515822983E+1
-2.547499084E+1
-2.569797707E+1
-2.600908661E+1
-2.633444786E+1
-2.663864136E+1
-2.694102287E+1
-2.722662163E+1
-2.753259087E+1
-2.782017517E+1
-2.810001183E+1
-2.845569801E+1
-2.874700356E+1
-2.904612350E+1
-2.935986328E+1
-2.967718315E+1
-2.995625114E+1
