-7.462519073E+1
-6.854238129E+1
-6.660109711E+1
-7.724710083E+1
-7.450171661E+1
-7.527859497E+1
-7.674501038E+1
-7.063707733E+1
-7.088154602E+1
-7.586576843E+1
-6.921235657E+1
-8.108790588E+1
-7.244834137E+1
-7.014488983E+1
-7.152224731E+1
-6.811322021E+1
-6.853833771E+1
-6.205020905E+1
-7.712747955E+1
-6.957792664E+1
-6.641474915E+1
-6.962013245E+1
-6.996276093E+1
-7.144908905E+1
-6.576624298E+1
-6.803444672E+1
-5.900745010E+1
-6.754676819E+1
-6.772660065E+1
-6.586946106E+1
-6.487453461E+1
-5.898143005E+1
-7.721183777E+1
-6.352697372E+1
-6.597142792E+1
-6.406135559E+1
-6.776535034E+1
-6.505062866E+1
-6.317906189E+1
-6.380105972E+1
-6.122276306E+1
-6.531607056E+1
-6.220665359E+1
-6.249773026E+1
-6.171073914E+1
-5.812888336E+1
-6.402608490E+1
-6.167795181E+1
-6.097092819E+1
-6.228169250E+1
-6.188918304E+1
-6.129373169E+1
-6.066410828E+1
-6.097674179E+1
-6.025780487E+1
-6.022397232E+1
-6.101344299E+1
-6.217570877E+1
-6.225489044E+1
-6.077834702E+1
-6.347339249E+1
-6.157596588E+1
-6.063515472E+1
-6.125794601E+1
-6.104645538E+1
-6.140767670E+1
-5.997698975E+1
-6.064546204E+1
-5.901458359E+1
-5.973954773E+1
-6.275819397E+1
-5.863021851E+1
-6.092570877E+1
-5.739895630E+1
-6.543019867E+1
-5.782010651E+1
-6.098392868E+1
-5.808286285E+1
-6.076474762E+1
-5.961474991E+1
-5.939014053E+1
-6.201718521E+1
-5.734396744E+1
-6.344302750E+1
-5.673405075E+1
-6.382710648E+1
-5.685482788E+1
-6.090682220E+1
-5.921981430E+1
-6.012115097E+1
-5.902638245E+1
-5.885781479E+1
-6.035683441E+1
-5.883161545E+1
-6.265837097E+1
-5.871066666E+1
-6.041638947E+1
-5.660344696E+1
-5.793984604E+1
-5.678284836E+1
-5.765882492E+1
-5.694239807E+1
-5.778251266E+1
-5.796534348E+1
-5.867982483E+1
-5.953920746E+1
-5.917803574E+1
-5.950892639E+1
-5.845466995E+1
-5.895293045E+1
-5.805491638E+1
-5.896380997E+1
-5.847748184E+1
-5.845545578E+1
-5.822523117E+1
-5.605000687E+1
-5.954887009E+1
-5.475671768E+1
-6.011634064E+1
-5.390551376E+1
-5.869882202E+1
-5.262784195E+1
-5.688895416E+1
-5.398840714E+1
-5.476307297E+1
-5.776079559E+1
-5.178432083E+1
-5.954197311E+1
-5.112821198E+1
-6.805135345E+1
-5.079113770E+1
-6.080154800E+1
-5.134394073E+1
-5.707265091E+1
-5.327027893E+1
-5.313776779E+1
-5.464752579E+1
-5.198790359E+1
-6.028818130E+1
-5.130666351E+1
-6.481250000E+1
-5.094262314E+1
-6.007463837E+1
-5.243716049E+1
-5.577492142E+1
-5.382457733E+1
-5.345516968E+1
-5.472701263E+1
-5.324618530E+1
-5.614079666E+1
-5.418246841E+1
-5.550697327E+1
-5.439733887E+1
-5.409186935E+1
-5.408200073E+1
-5.400230026E+1
-5.439931107E+1
-5.461952209E+1
-5.449694443E+1
-5.379883957E+1
-5.546897888E+1
-5.230410767E+1
-5.827133179E+1
-5.088279343E+1
-5.972929382E+1
-4.986024475E+1
-5.455859756E+1
-4.972047043E+1
-5.076179886E+1
-5.090090561E+1
-4.739468765E+1
-5.357017899E+1
-4.495562363E+1
-5.637482452E+1
-4.411178970E+1
-5.105068588E+1
-4.415216446E+1
-4.778832245E+1
-4.472791290E+1
-4.513883972E+1
-4.592713928E+1
-4.358545685E+1
-4.884242249E+1
-4.284028625E+1
-5.071631241E+1
-4.309844971E+1
-5.110402679E+1
-4.430389404E+1
-4.919900513E+1
-4.643315506E+1
-4.742782211E+1
-5.056327057E+1
-4.717035675E+1
-5.785215378E+1
-4.790934753E+1
-6.322794342E+1
-4.983909988E+1
-5.470495224E+1
-5.175423813E+1
-5.256500244E+1
-5.301105499E+1
-5.294999695E+1
-5.270997238E+1
-5.346228409E+1
-5.312612915E+1
-5.106705093E+1
-5.754539490E+1
-4.723364639E+1
-6.233758545E+1
-4.456017303E+1
-4.819544601E+1
-4.154401779E+1
-4.194250870E+1
-3.947330093E+1
-3.756798553E+1
-3.712459564E+1
-3.413814545E+1
-3.479768372E+1
-3.188620186E+1
-3.230576324E+1
-2.996438217E+1
-3.016945267E+1
-2.793869781E+1
-2.761991119E+1
-2.738397408E+1
-2.655008888E+1
-2.552105713E+1
-2.405811501E+1
-2.485748482E+1
-2.443722343E+1
-2.396393585E+1
-2.201399994E+1
-2.250244331E+1
-2.249358368E+1
-2.265195847E+1
-2.143835449E+1
-2.085737801E+1
-2.131664658E+1
-2.121328545E+1
-2.131524658E+1
-2.017502975E+1
-2.036525917E+1
-1.956764603E+1
-2.029835510E+1
-2.051020622E+1
-2.047793961E+1
-1.998725891E+1
-1.967244339E+1
-2.062174797E+1
-2.059070969E+1
-2.058578110E+1
-1.901018143E+1
-2.012570953E+1
-2.014420700E+1
-2.034314919E+1
-1.974816513E+1
-1.991406631E+1
-2.137945938E+1
-2.105601883E+1
-2.128572845E+1
-2.065513229E+1
-2.161725616E+1
-2.183967209E+1
-2.204860115E+1
-2.166654587E+1
-2.242065811E+1
-2.309334183E+1
-2.346207809E+1
-2.367622757E+1
-2.404546928E+1
-2.519424438E+1
-2.545868301E+1
-2.619865990E+1
-2.635193634E+1
-2.827778816E+1
-2.864068222E+1
-2.940569305E+1
-2.984712410E+1
-3.203565598E+1
-3.303994370E+1
-3.414454269E+1
-3.557703781E+1
-3.639762115E+1
-4.038939667E+1
-3.907841873E+1
-4.765038300E+1
-4.154936218E+1
-5.250088882E+1
-4.617403412E+1
-4.903442001E+1
-5.134180832E+1
-4.878239059E+1
-5.163274765E+1
-5.039417267E+1
-4.953025818E+1
-5.116697311E+1
-4.948863983E+1
-4.834879303E+1
-5.180424881E+1
-4.546371841E+1
-6.022925949E+1
-4.352153015E+1
-5.326567841E+1
-4.338879395E+1
-4.593981171E+1
-4.460207367E+1
-4.232584381E+1
-4.855287170E+1
-4.055053711E+1
-5.518764496E+1
-4.003493118E+1
-4.960870743E+1
-4.070435333E+1
-4.427592087E+1
-4.276255798E+1
-4.165816116E+1
-4.627511215E+1
-4.062289429E+1
-5.339793015E+1
-4.041667175E+1
-5.322472382E+1
-4.129585648E+1
-4.692103195E+1
-4.338216019E+1
-4.416912842E+1
-4.734394836E+1
-4.296849823E+1
-5.523262787E+1
-4.305500412E+1
-5.659922409E+1
-4.416897964E+1
-5.014029694E+1
-4.612752533E+1
-4.719204330E+1
-4.860347748E+1
-4.618845367E+1
-5.008526993E+1
-4.654706192E+1
-4.923399353E+1
-4.763700485E+1
-4.797793579E+1
-4.883689880E+1
-4.770815277E+1
-4.899745178E+1
-4.823567200E+1
-4.804333878E+1
-4.920316315E+1
-4.733085251E+1
-4.948411942E+1
-4.709208298E+1
-4.849558258E+1
-4.799112320E+1
-4.683657074E+1
-4.997312927E+1
-4.564932251E+1
-5.233593369E+1
-4.515602875E+1
-5.174131775E+1
-4.552510834E+1
-4.863182068E+1
-4.690984726E+1
-4.631753159E+1
-4.944548798E+1
-4.494403076E+1
-5.309071350E+1
-4.434857178E+1
-5.366926956E+1
-4.465933990E+1
-5.082035828E+1
-4.582838821E+1
-4.788631058E+1
-4.760154724E+1
-4.619657516E+1
-4.942084503E+1
-4.561753082E+1
-5.030123520E+1
-4.566706467E+1
-4.925922012E+1
-4.640539932E+1
-4.784032059E+1
-4.704063797E+1
-4.711280060E+1
-4.777450180E+1
-4.669870377E+1
-4.737499619E+1
-4.689197159E+1
-4.690127945E+1
-4.679250336E+1
-4.681737900E+1
-4.711461258E+1
-4.676303482E+1
-4.644085693E+1
-4.694350815E+1
-4.636684036E+1
-4.684411240E+1
-4.641369247E+1
-4.675638580E+1
-4.671257401E+1
-4.579872131E+1
-4.733074188E+1
-4.559015656E+1
-4.765259552E+1
-4.528052521E+1
-4.757397461E+1
-4.565034485E+1
-4.641489029E+1
-4.604941940E+1
-4.576389313E+1
-4.709221649E+1
-4.469580841E+1
-4.775636673E+1
-4.465344620E+1
-4.748630524E+1
-4.446392059E+1
-4.716696167E+1
-4.512029266E+1
-4.572859192E+1
-4.569446182E+1
-4.531020355E+1
-4.620974350E+1
-4.461013031E+1
-4.667892838E+1
-4.484683609E+1
-4.598465729E+1
-4.472760010E+1
-4.584756088E+1
-4.520961761E+1
-4.508666229E+1
-4.537911987E+1
-4.522260666E+1
-4.519802475E+1
-4.480384445E+1
-4.534619522E+1
-4.520900345E+1
-4.489286041E+1
-4.486432648E+1
-4.508263779E+1
-4.486874008E+1
-4.473508072E+1
-4.497919083E+1
-4.524972153E+1
-4.457631302E+1
-4.463813782E+1
-4.501238632E+1
-4.463009644E+1
-4.481760788E+1
-4.428670883E+1
-4.538482666E+1
-4.384439468E+1
-4.509517288E+1
-4.409996796E+1
-4.518845749E+1
-4.394575500E+1
-4.446924591E+1
-4.437992477E+1
-4.374200821E+1
-4.450558090E+1
-4.339593506E+1
-4.493837357E+1
-4.320074844E+1
-4.464746094E+1
-4.328070831E+1
-4.431138611E+1
-4.342707062E+1
-4.387603378E+1
-4.392057419E+1
-4.332612228E+1
-4.379224777E+1
-4.294551849E+1
-4.364011383E+1
-4.267260361E+1
-4.324010468E+1
-4.275055313E+1
-4.292192459E+1
-4.268304062E+1
-4.262109375E+1
-4.274101257E+1
-4.235344696E+1
-4.258023071E+1
-4.219680786E+1
-4.220196915E+1
-4.199240112E+1
-4.195723724E+1
-4.182792282E+1
-4.166342163E+1
-4.165142059E+1
-4.152769470E+1
-4.151443100E+1
-4.131141281E+1
-4.118881226E+1
-4.115196609E+1
-4.096096039E+1
-4.092730331E+1
-4.079880142E+1
-4.073080826E+1
-4.073344040E+1
-4.052815628E+1
-4.046057129E+1
-4.017583466E+1
-4.024954605E+1
-4.006193924E+1
-4.013948441E+1
-4.001145172E+1
-3.994688797E+1
-3.985155487E+1
-3.971512604E+1
-3.965647507E+1
-3.941390991E+1
-3.940851974E+1
-3.919773102E+1
-3.911352158E+1
-3.884261322E+1
-3.876786423E+1
-3.853454590E+1
-3.824117279E+1
-3.789246750E+1
-3.756903076E+1
-3.723566055E+1
-3.696328354E+1
-3.684757233E+1
-3.669844055E+1
-3.663168335E+1
-3.641586304E+1
-3.622274017E+1
-3.599761963E+1
-3.580771637E+1
-3.558166885E+1
-3.534218979E+1
-3.511238480E+1
-3.488528442E+1
-3.469779587E+1
-3.462881088E+1
-3.484361649E+1
-3.507499695E+1
-3.519488144E+1
-3.518468857E+1
-3.507502747E+1
-3.488082886E+1
-3.468948364E+1
-3.443980408E+1
-3.413282776E+1
-3.393231583E+1
-3.375151443E+1
-3.364202881E+1
-3.345319748E+1
-3.317111588E+1
-3.293821335E+1
-3.276187515E+1
-3.268707657E+1
-3.279531097E+1
-3.326422119E+1
-3.362173080E+1
-3.369563293E+1
-3.374119186E+1
-3.397850418E+1
-3.449591827E+1
-3.492220688E+1
-3.495284271E+1
-3.495867157E+1
-3.511848831E+1
-3.539868927E+1
-3.567018509E+1
-3.587935257E+1
-3.609749603E+1
-3.643550491E+1
-3.693422318E+1
-3.750220871E+1
-3.810728455E+1
-3.868822861E+1
-3.944976425E+1
-4.025492096E+1
-4.113261414E+1
-4.221306610E+1
-4.324588013E+1
-4.423381042E+1
-4.536191559E+1
-4.683476257E+1
-4.817840195E+1
-4.961182785E+1
-5.128016663E+1
-5.295793152E+1
-5.574085999E+1
-5.800191498E+1
-6.122560120E+1
-6.621988678E+1
-7.345866394E+1
-7.715513611E+1
-6.970163727E+1
-6.307476807E+1
-5.969430923E+1
-5.664962006E+1
-5.455399323E+1
-5.277344894E+1
-5.149576950E+1
-5.048352051E+1
-4.936231995E+1
-4.861089706E+1
-4.807823944E+1
-4.742659760E+1
-4.677932358E+1
-4.630382156E+1
-4.600232315E+1
-4.563986206E+1
-4.527346802E+1
-4.483560944E+1
-4.447843933E+1
-4.414612579E+1
-4.382980728E+1
-4.364679337E+1
-4.333154678E+1
-4.299816895E+1
-4.278939438E+1
-4.264324188E+1
-4.252575302E+1
-4.235262299E+1
-4.231073761E+1
-4.220897675E+1
-4.214067078E+1
-4.205389404E+1
-4.200182724E+1
-4.184743500E+1
-4.175942612E+1
-4.160557938E+1
-4.138436508E+1
-4.139074707E+1
-4.122343063E+1
-4.126850128E+1
-4.096233749E+1
-4.092565536E+1
-4.071371841E+1
-4.069746399E+1
-4.051562119E+1
-4.034222412E+1
-4.023049545E+1
-3.995626068E+1
-4.003697586E+1
-3.968540573E+1
-3.976464844E+1
-3.926792526E+1
-3.915229797E+1
-3.877913666E+1
-3.858700943E+1
-3.834291840E+1
-3.805949402E+1
-3.797842026E+1
-3.759012604E+1
-3.754210663E+1
-3.718523407E+1
-3.720241165E+1
-3.704590988E+1
-3.697825241E+1
-3.683294678E+1
-3.648593903E+1
-3.634189606E+1
-3.610450363E+1
-3.602944946E+1
-3.583423615E+1
-3.561608124E+1
-3.547461319E+1
-3.517370224E+1
-3.513068008E+1
-3.477307510E+1
-3.466099548E+1
-3.451525879E+1
-3.424158859E+1
-3.425169754E+1
-3.375937653E+1
-3.398372269E+1
-3.332412338E+1
-3.354920959E+1
-3.302684402E+1
-3.299477386E+1
-3.276387787E+1
-3.224301910E+1
-3.247162247E+1
-3.147687912E+1
-3.212469482E+1
-3.080417633E+1
-3.150899506E+1
-3.016056061E+1
-3.063394928E+1
-2.958110237E+1
-2.950988579E+1
-2.906666756E+1
-2.842173576E+1
-2.859511948E+1
-2.736772537E+1
-2.782422256E+1
-2.627991867E+1
-2.664063454E+1
-2.532224846E+1
-2.538505173E+1
-2.445409203E+1
-2.408836937E+1
-2.357316017E+1
-2.278933144E+1
-2.258300018E+1
-2.165834808E+1
-2.156389427E+1
-2.080717468E+1
-2.063175964E+1
-2.017268562E+1
-1.986902428E+1
-1.974688721E+1
-1.935276985E+1
-1.939618492E+1
-1.908133698E+1
-1.913826561E+1
-1.907266998E+1
-1.914340973E+1
-1.933423233E+1
-1.933134651E+1
-1.970177078E+1
-1.971540070E+1
-2.009269142E+1
-2.028793526E+1
-2.063085365E+1
-2.104491043E+1
-2.131868553E+1
-2.182637596E+1
-2.208175278E+1
-2.270556450E+1
-2.308710289E+1
-2.360113335E+1
-2.411832237E+1
-2.459115219E+1
-2.518943787E+1
-2.559532166E+1
-2.618145180E+1
-2.648763084E+1
-2.689445877E+1
-2.728885460E+1
-2.769256783E+1
-2.824718094E+1
-2.867651176E+1
-2.929294395E+1
-2.987741661E+1
-3.050717545E+1
-3.122901344E+1
-3.175914574E+1
-3.242615509E+1
-3.292637634E+1
-3.364802170E+1
-3.418321228E+1
-3.467193604E+1
-3.521875000E+1
-3.554182434E+1
-3.624420929E+1
-3.650773239E+1
-3.715348053E+1
-3.759371948E+1
-3.803428650E+1
-3.863737869E+1
-3.887866592E+1
-3.958232880E+1
-3.974341202E+1
-4.053370667E+1
-4.073650360E+1
-4.133893967E+1
-4.182422256E+1
-4.232424164E+1
-4.317724991E+1
-4.353131866E+1
-4.435750198E+1
-4.429180527E+1
-4.466197205E+1
-4.458235168E+1
-4.457576752E+1
-4.479248428E+1
-4.449798965E+1
-4.481570435E+1
-4.456576157E+1
-4.482567215E+1
-4.492201614E+1
-4.497619629E+1
-4.524708176E+1
-4.510075760E+1
-4.540611267E+1
-4.513525391E+1
-4.544673920E+1
-4.557660294E+1
-4.569113922E+1
-4.579333496E+1
-4.578971863E+1
-4.613949585E+1
-4.591418457E+1
-4.621265030E+1
-4.614344025E+1
-4.629221725E+1
-4.622653198E+1
-4.600349426E+1
-4.620500946E+1
-4.598101044E+1
-4.622855377E+1
-4.593024826E+1
-4.620592117E+1
-4.620483398E+1
-4.629658890E+1
-4.623423004E+1
-4.609217834E+1
-4.618548584E+1
-4.596833420E+1
-4.588706589E+1
-4.567744064E+1
-4.584548950E+1
-4.591637802E+1
-4.593018341E+1
-4.608366013E+1
-4.603888702E+1
-4.608201599E+1
-4.614131927E+1
-4.632704163E+1
-4.657025909E+1
-4.673114777E+1
-4.701773071E+1
-4.714566803E+1
-4.721803284E+1
-4.735811234E+1
-4.744860077E+1
-4.766911697E+1
-4.786013794E+1
-4.798799133E+1
-4.801589203E+1
-4.801335526E+1
-4.807954407E+1
-4.806155777E+1
-4.835375595E+1
-4.839716721E+1
-4.842665863E+1
-4.850254440E+1
-4.868878174E+1
-4.891646576E+1
-4.898560715E+1
-4.936729431E+1
-4.940464401E+1
-4.953991699E+1
-4.959530258E+1
-4.986782455E+1
-5.009472275E+1
-5.022531128E+1
-5.030697250E+1
-5.046702576E+1
-5.051185608E+1
-5.050754166E+1
-5.039313507E+1
-5.044142151E+1
-5.032112122E+1
-5.036982346E+1
-5.031678391E+1
-5.019272995E+1
-4.998981094E+1
-4.968530273E+1
-4.939845276E+1
-4.914245224E+1
-4.871702576E+1
-4.842813492E+1
-4.825674438E+1
-4.801191711E+1
-4.770356750E+1
-4.733734894E+1
-4.692743683E+1
-4.653103256E+1
-4.619182205E+1
-4.599428940E+1
-4.600729370E+1
-4.598781967E+1
-4.578630066E+1
-4.578661728E+1
-4.575924683E+1
-4.577807999E+1
-4.575392914E+1
-4.560306931E+1
-4.547918320E+1
-4.526777267E+1
-4.521181870E+1
-4.504090881E+1
-4.514815903E+1
-4.516546631E+1
-4.516878510E+1
-4.515338516E+1
-4.505745697E+1
-4.498102188E+1
-4.492018127E+1
-4.482400131E+1
-4.491009521E+1
-4.487954330E+1
-4.489960861E+1
-4.469349289E+1
-4.453755951E+1
-4.441124344E+1
-4.425414276E+1
-4.409623718E+1
-4.382247925E+1
-4.350023270E+1
-4.309648132E+1
-4.297040176E+1
-4.294600677E+1
-4.287081528E+1
-4.268191910E+1
-4.256982040E+1
-4.243894196E+1
-4.220475388E+1
-4.180695343E+1
-4.175292206E+1
-4.161488342E+1
-4.147724915E+1
-4.134841537E+1
-4.107793045E+1
-4.085744858E+1
-4.037635803E+1
-4.001580429E+1
-3.970410919E+1
-3.950506973E+1
-3.919129181E+1
-3.882726288E+1
-3.858983612E+1
-3.834988403E+1
-3.833708191E+1
-3.816303253E+1
-3.819918442E+1
-3.825199127E+1
-3.831084824E+1
-3.844796371E+1
-3.839519501E+1
-3.863063049E+1
-3.864523697E+1
-3.894583130E+1
-3.920858765E+1
-3.950384903E+1
-3.989904404E+1
-4.008906174E+1
-4.081122208E+1
-4.112895584E+1
-4.188465881E+1
-4.246752167E+1
-4.302935410E+1
-4.381291199E+1
-4.410564804E+1
-4.492118454E+1
-4.479572678E+1
-4.559564590E+1
-4.566183853E+1
-4.619293213E+1
-4.673044586E+1
-4.680792999E+1
-4.772520447E+1
-4.761441422E+1
-4.893980789E+1
-4.887122345E+1
-4.952712631E+1
-4.987166977E+1
-4.994565964E+1
-5.135755157E+1
-5.110119247E+1
-5.283625793E+1
-5.227951431E+1
-5.353031540E+1
-5.366145706E+1
-5.372063065E+1
-5.534979248E+1
-5.435772705E+1
-5.689700317E+1
-5.570463562E+1
-5.752741241E+1
-5.735570526E+1
-5.703882980E+1
-5.950431061E+1
-5.731592941E+1
-6.064930725E+1
-5.867359543E+1
-5.926326370E+1
-5.952113724E+1
-5.748669434E+1
-6.100706863E+1
-5.757033920E+1
-5.950437164E+1
-5.828104019E+1
-5.750552368E+1
-5.941017532E+1
-5.607709122E+1
-5.901812744E+1
-5.557164764E+1
-5.702166748E+1
-5.586092377E+1
-5.500996399E+1
-5.626746750E+1
-5.385971451E+1
-5.606192780E+1
-5.334254837E+1
-5.476390457E+1
-5.345034027E+1
-5.325939178E+1
-5.366429520E+1
-5.205359268E+1
-5.346189117E+1
-5.148499680E+1
-5.265341568E+1
-5.163063812E+1
-5.163166809E+1
-5.199974060E+1
-5.063650894E+1
-5.191661453E+1
-5.021705627E+1
-5.129588699E+1
-5.027746201E+1
-5.022111511E+1
-5.057381058E+1
-4.935342407E+1
-5.093570709E+1
-4.892943192E+1
-5.042924500E+1
-4.915602493E+1
-4.957846069E+1
-4.974866486E+1
-4.876870728E+1
-5.042915344E+1
-4.845631790E+1
-5.063470840E+1
-4.869017029E+1
-4.996870041E+1
-4.910646057E+1
-4.888826752E+1
-4.991542816E+1
-4.840279007E+1
-5.066136932E+1
-4.831071091E+1
-5.047865677E+1
-4.870367813E+1
-4.954219437E+1
-4.953338623E+1
-4.867096329E+1
-5.044760895E+1
-4.818822098E+1
-5.086153793E+1
-4.851159286E+1
-5.017552948E+1
-4.933754349E+1
-4.909301376E+1
-5.053154755E+1
-4.820486450E+1
-5.141730499E+1
-4.785233688E+1
-5.090794373E+1
-4.816752243E+1
-4.935510254E+1
-4.912247849E+1
-4.783063507E+1
-5.056663513E+1
-4.690863037E+1
-5.154891205E+1
-4.668352890E+1
-5.066102600E+1
-4.716942978E+1
-4.871287537E+1
-4.832232666E+1
-4.715067673E+1
-4.983815765E+1
-4.628639603E+1
-5.044361115E+1
-4.623598862E+1
-4.935110855E+1
-4.684646988E+1
-4.761317825E+1
-4.805887985E+1
-4.625689316E+1
-4.936277771E+1
-4.545532227E+1
-4.959770584E+1
-4.560726547E+1
-4.803765106E+1
-4.642317200E+1
-4.652775192E+1
-4.759854889E+1
-4.532155609E+1
-4.868647766E+1
-4.484737778E+1
-4.864715576E+1
-4.527642822E+1
-4.718252182E+1
-4.630034637E+1
-4.591381454E+1
-4.771532059E+1
-4.519594955E+1
-4.878123856E+1
-4.494102859E+1
-4.832060623E+1
-4.557595062E+1
-4.705541992E+1
-4.662075424E+1
-4.592374802E+1
-4.783380890E+1
-4.518964386E+1
-4.849650955E+1
-4.503032684E+1
-4.790774918E+1
-4.555883408E+1
-4.668158340E+1
-4.631552887E+1
-4.554321671E+1
-4.714538574E+1
-4.489399338E+1
-4.768134308E+1
-4.488263702E+1
-4.711687851E+1
-4.535597992E+1
-4.624021149E+1
-4.604603958E+1
-4.544334412E+1
-4.685363388E+1
-4.511478424E+1
-4.699362946E+1
-4.521694946E+1
-4.668090820E+1
-4.565124512E+1
-4.603924179E+1
-4.620752716E+1
-4.554798508E+1
-4.657902145E+1
-4.537160492E+1
-4.662807465E+1
-4.561165237E+1
-4.636798477E+1
-4.602707291E+1
-4.603097534E+1
-4.650540543E+1
-4.577153778E+1
-4.672951889E+1
-4.586561966E+1
-4.678339005E+1
-4.613417053E+1
-4.662096405E+1
-4.660156631E+1
-4.640647888E+1
-4.687084579E+1
-4.627180481E+1
-4.685762024E+1
-4.616269684E+1
-4.651441956E+1
-4.614127350E+1
-4.630975723E+1
-4.641857147E+1
-4.614770508E+1
-4.646513367E+1
-4.595192337E+1
-4.623910522E+1
-4.589688110E+1
-4.609893417E+1
-4.603623962E+1
-4.592087173E+1
-4.610485840E+1
-4.577841568E+1
-4.602952576E+1
-4.571504974E+1
-4.592603302E+1
-4.586399460E+1
-4.585965347E+1
-4.594967270E+1
-4.567081070E+1
-4.592734528E+1
-4.561552429E+1
-4.584146881E+1
-4.561339569E+1
-4.553218842E+1
-4.542206573E+1
-4.521048737E+1
-4.532020187E+1
-4.508769226E+1
-4.522161102E+1
-4.500359726E+1
-4.504155731E+1
-4.491135406E+1
-4.488936234E+1
-4.501165390E+1
-4.494430542E+1
-4.514011383E+1
-4.514064407E+1
-4.533152390E+1
-4.545350647E+1
-4.559850311E+1
-4.576960373E+1
-4.576858521E+1
-4.589568710E+1
-4.593585587E+1
-4.615846252E+1
-4.635512161E+1
-4.651668930E+1
-4.674356461E+1
-4.677689743E+1
-4.694316101E+1
-4.691951752E+1
-4.703249741E+1
-4.715963364E+1
-4.733372879E+1
-4.750990295E+1
-4.764695740E+1
-4.778770828E+1
-4.779985809E+1
-4.791541290E+1
-4.798566437E+1
-4.812438202E+1
-4.818265915E+1
-4.825920868E+1
-4.832490540E+1
-4.829841232E+1
-4.846298599E+1
-4.847493362E+1
-4.855920029E+1
-4.844798660E+1
-4.842943954E+1
-4.834949875E+1
-4.825931549E+1
-4.819012833E+1
-4.813024139E+1
-4.802238846E+1
-4.778345871E+1
-4.764255905E+1
-4.743049240E+1
-4.735828400E+1
-4.728084183E+1
-4.715554810E+1
-4.702748108E+1
-4.687205124E+1
-4.681112671E+1
-4.670168686E+1
-4.681319046E+1
-4.680805206E+1
-4.686557388E+1
-4.674676895E+1
-4.659357834E+1
-4.641115189E+1
-4.627145004E+1
-4.629611969E+1
-4.614034653E+1
-4.610678482E+1
-4.586640930E+1
-4.573571396E+1
-4.559733582E+1
-4.553993225E+1
-4.555578232E+1
-4.541308212E+1
-4.540894699E+1
-4.525121689E+1
-4.527464294E+1
-4.525986099E+1
-4.527689743E+1
-4.531808853E+1
-4.519577789E+1
-4.515800476E+1
-4.503834915E+1
-4.515106964E+1
-4.525104141E+1
-4.529047012E+1
-4.531261063E+1
-4.517900467E+1
-4.511721420E+1
-4.497765732E+1
-4.504989243E+1
-4.514678574E+1
-4.511443329E+1
-4.512835693E+1
-4.507333374E+1
-4.513296509E+1
-4.516230774E+1
-4.524494934E+1
-4.533781433E+1
-4.534785461E+1
-4.531691742E+1
-4.529136276E+1
-4.539544678E+1
-4.544213104E+1
-4.548166275E+1
-4.547974014E+1
-4.539117050E+1
-4.532823181E+1
-4.533184052E+1
-4.543242645E+1
-4.560808182E+1
-4.556661224E+1
-4.554232025E+1
-4.555353546E+1
-4.569074249E+1
-4.588576126E+1
-4.607985306E+1
-4.632346725E+1
-4.639601517E+1
-4.647090912E+1
-4.665081787E+1
-4.682508469E+1
-4.686313629E+1
-4.686699677E+1
-4.696895981E+1
-4.699443054E+1
-4.699298477E+1
-4.697038651E+1
-4.703406906E+1
-4.691270447E+1
-4.663070297E+1
-4.647424316E+1
-4.635365295E+1
-4.636474991E+1
-4.637142563E+1
-4.648763657E+1
-4.649744797E+1
-4.630904007E+1
-4.614263153E+1
-4.607329941E+1
-4.613875580E+1
-4.619214249E+1
-4.625336075E+1
-4.626885605E+1
-4.623848724E+1
-4.635990906E+1
-4.653042221E+1
-4.676293945E+1
-4.671010208E+1
-4.664596558E+1
-4.664806366E+1
-4.671553040E+1
-4.686034012E+1
-4.700525665E+1
-4.731954193E+1
-4.757789230E+1
-4.761976624E+1
-4.766915131E+1
-4.787612915E+1
-4.818777084E+1
-4.845512009E+1
-4.873802185E+1
-4.899309158E+1
-4.920232010E+1
-4.936987305E+1
-4.962928772E+1
-4.985165405E+1
-4.994165802E+1
-4.997656631E+1
-4.998176956E+1
-5.009485626E+1
-5.009914780E+1
-5.030667877E+1
-5.048176575E+1
-5.056086731E+1
-5.054554749E+1
-5.050863266E+1
-5.060496902E+1
-5.078525925E+1
-5.100980759E+1
-5.132659912E+1
-5.152461624E+1
-5.169763565E+1
-5.185453033E+1
-5.220791626E+1
-5.253158569E+1
-5.289633179E+1
-5.315152359E+1
-5.345785904E+1
-5.369977188E+1
-5.412524033E+1
-5.450317001E+1
-5.493189621E+1
-5.507176208E+1
-5.510859680E+1
-5.519326782E+1
-5.517402649E+1
-5.558305740E+1
-5.558524323E+1
-5.614929581E+1
-5.605660248E+1
-5.632040405E+1
-5.629777145E+1
-5.642463303E+1
-5.683879089E+1
-5.666627884E+1
-5.743492508E+1
-5.682830811E+1
-5.754910278E+1
-5.700455475E+1
-5.731559753E+1
-5.719461060E+1
-5.705905533E+1
-5.732935333E+1
-5.660170364E+1
-5.760840225E+1
-5.652730942E+1
-5.788882446E+1
-5.676649475E+1
-5.744882965E+1
-5.695440292E+1
-5.664620209E+1
-5.730516052E+1
-5.623207855E+1
-5.796096802E+1
-5.623405075E+1
-5.827474976E+1
-5.637940979E+1
-5.779976273E+1
-5.683934402E+1
-5.696868515E+1
-5.779822540E+1
-5.639450073E+1
-5.873014069E+1
-5.596343613E+1
-5.909484100E+1
-5.613561249E+1
-5.849996185E+1
-5.649453735E+1
-5.704509354E+1
-5.754198837E+1
-5.603963470E+1
-5.904251862E+1
-5.563931274E+1
-5.985417175E+1
-5.559160233E+1
-5.904135895E+1
-5.592526245E+1
-5.739393234E+1
-5.707835770E+1
-5.597690964E+1
-5.900702667E+1
-5.559186554E+1
-6.017940521E+1
-5.577122879E+1
-5.975478745E+1
-5.610861588E+1
-5.825189209E+1
-5.761574554E+1
-5.676996231E+1
-5.974207687E+1
-5.642721939E+1
-6.065005875E+1
-5.638504791E+1
-6.090307236E+1
-5.691936111E+1
-5.914723587E+1
-5.853125381E+1
-5.784079742E+1
-6.050171661E+1
-5.781371689E+1
-6.217306900E+1
-5.777330780E+1
-6.219004822E+1
-5.804266357E+1
-6.042027283E+1
-5.949576950E+1
-5.921794128E+1
-6.076128769E+1
-5.830555725E+1
-6.133860397E+1
-5.753259659E+1
-6.115674591E+1
-5.755716705E+1
-5.928153992E+1
-5.846229172E+1
-5.821229172E+1
-5.918637085E+1
-5.735657501E+1
-5.968493271E+1
-5.673672867E+1
-5.899248886E+1
-5.693992615E+1
-5.785983276E+1
-5.785952759E+1
-5.750563049E+1
-5.894528198E+1
-5.727578354E+1
-5.971276855E+1
-5.740830231E+1
-5.934803391E+1
-5.803183365E+1
-5.861568832E+1
-5.897964478E+1
-5.827129364E+1
-5.959543228E+1
-5.756420135E+1
-5.929848480E+1
-5.762044525E+1
-5.870878983E+1
-5.799472046E+1
-5.804412079E+1
-5.829658127E+1
-5.749667740E+1
-5.868727112E+1
-5.724015427E+1
-5.857205963E+1
-5.745524216E+1
-5.797645950E+1
-5.789726257E+1
-5.779801559E+1
-5.837239456E+1
-5.752960968E+1
-5.874685669E+1
-5.758763885E+1
-5.836401367E+1
-5.760107422E+1
-5.779019928E+1
-5.795370865E+1
-5.758884048E+1
-5.828769302E+1
-5.742986298E+1
-5.830112457E+1
-5.733401108E+1
-5.776870346E+1
-5.730764389E+1
-5.729092789E+1
-5.741690063E+1
-5.683997726E+1
-5.750632095E+1
-5.667244339E+1
-5.728334045E+1
-5.666032791E+1
-5.683943558E+1
-5.655995178E+1
-5.631392288E+1
-5.660606766E+1
-5.594266891E+1
-5.647033310E+1
-5.591240311E+1
-5.615863037E+1
-5.589458847E+1
-5.592161560E+1
-5.596083450E+1
-5.562501144E+1
-5.598282242E+1
-5.544708633E+1
-5.571724319E+1
-5.527524567E+1
-5.541198730E+1
-5.524286270E+1
-5.501346588E+1
-5.509981537E+1
-5.467534256E+1
-5.484779739E+1
-5.443243027E+1
-5.451089096E+1
-5.428751755E+1
-5.430250549E+1
-5.432607651E+1
-5.414422607E+1
-5.440048981E+1
-5.406386948E+1
-5.430610275E+1
-5.420648575E+1
-5.438729477E+1
-5.436531448E+1
-5.437853241E+1
-5.447447968E+1
-5.441279984E+1
-5.462539291E+1
-5.454375458E+1
-5.475920105E+1
-5.480732346E+1
-5.488505173E+1
-5.496503067E+1
-5.504587173E+1
-5.521028519E+1
-5.512781143E+1
-5.537821579E+1
-5.534199905E+1
-5.548435211E+1
-5.554158020E+1
-5.557251740E+1
-5.575079727E+1
-5.566513443E+1
-5.595096970E+1
-5.591822052E+1
-5.612409210E+1
-5.625818634E+1
-5.631987762E+1
-5.658310318E+1
-5.659804916E+1
-5.680673218E+1
-5.688202667E+1
-5.698993301E+1
-5.697666550E+1
-5.712475586E+1
-5.719543076E+1
-5.727699661E+1
-5.739558792E+1
-5.722908783E+1
-5.747798920E+1
-5.730492020E+1
-5.724529266E+1
-5.733074188E+1
-5.727537155E+1
-5.729889679E+1
-5.704156113E+1
-5.702542114E+1
-5.686774445E+1
-5.671213150E+1
-5.647395325E+1
-5.639191818E+1
-5.622629547E+1
-5.616744232E+1
-5.610501099E+1
-5.590127182E+1
-5.584028625E+1
-5.570239258E+1
-5.560713577E+1
-5.554849625E+1
-5.538959122E+1
-5.538382339E+1
-5.522024155E+1
