9.777483096450579515e-08
8.515015052625292078e-08
7.963779878845855095e-08
1.423933282893182598e-07
1.826610555442777339e-07
1.308753998143303324e-07
9.502860416136896440e-08
1.443115300203062033e-07
1.697790369659734454e-07
1.197698721969570561e-07
1.045678060580586803e-07
1.542744601711568738e-07
1.621368548880488148e-07
1.258714520956277709e-07
1.485382722177061654e-07
2.001759869456012787e-07
1.683327279742024687e-07
9.048598555442981516e-08
7.391048264145910267e-08
9.242931738345042405e-08
7.871524873308662095e-08
6.051182254007732169e-08
5.258557882742195374e-08
1.744006127273031426e-08
8.122650366153920408e-09
1.025920149454398397e-07
2.015738243986206127e-07
1.667008344335594901e-07
7.172984171512872833e-08
4.223654797360885331e-08
3.474332582876624816e-08
3.468291470258793502e-08
1.684075057404396868e-07
3.716063519363531821e-07
3.553241121217423202e-07
1.194897255859350958e-07
3.680614182340952338e-09
7.492824924394074837e-08
6.657549689081819609e-08
1.129594865324797435e-08
2.180088031533552657e-07
5.598070531024606903e-07
5.605326573370036590e-07
2.243613077327403648e-07
1.370614910928811165e-08
4.145309817920915500e-08
3.786390487041453401e-08
1.502479896040703240e-08
2.462008177709034458e-07
7.101079707343587109e-07
1.129260603248249110e-06
1.354310753299898831e-06
1.312650355260560419e-06
9.355998343948865682e-07
4.374866917011497822e-07
1.970864784627325991e-07
1.574015102114680137e-07
9.902008292142818413e-08
1.151124610488000239e-06
6.225919905393383773e-06
1.668011433560694039e-05
2.724604588361497493e-05
2.769939268617383426e-05
1.527287838024275017e-05
2.451229732942442097e-06
5.504346709925591757e-07
1.554230510142773980e-06
2.105104359368689351e-05
2.041299781670241284e-04
8.584872598041770955e-04
2.267760095592047040e-03
4.366901019988016740e-03
6.599587138996217822e-03
8.179567808145219582e-03
8.579838820296541851e-03
7.825587235723987373e-03
6.368140719950846768e-03
4.724258448600837310e-03
3.220715830320020935e-03
1.983475688599961508e-03
1.050362167258445806e-03
4.373895345023182698e-04
1.210636163649236348e-04
1.432045796471321691e-05
6.568463899906741039e-07
1.034393482297967839e-06
1.017787373021814338e-06
1.455136677844447261e-05
3.755170084977128446e-05
4.725291824533359836e-05
3.407178900202606676e-05
1.305442684004514332e-05
1.690097483040730216e-06
5.646154446476676227e-07
9.268125590151362577e-07
2.865735682094586784e-07
2.317727078768498624e-06
7.138972526782557049e-06
9.847997050566052298e-06
7.627265687258425891e-06
3.136391130790503198e-06
3.829954433044050743e-07
1.894635026480541365e-07
6.775684811339207734e-07
5.988226063751256285e-07
6.932710680644516598e-07
1.823159199682479308e-06
3.076446082061494987e-06
2.855471575399500477e-06
1.292192497781106769e-06
1.105002405274995755e-07
1.412721332183199119e-07
4.836004717256984725e-07
3.640001653480177205e-07
3.039386802097733044e-07
8.557706512020282354e-07
1.447475963551175835e-06
1.279678189854793863e-06
5.451754163243088613e-07
4.529637470762220076e-08
8.625648886610406443e-08
3.033553244634162415e-07
3.363896568516349627e-07
2.815592557080450964e-07
4.418009482929983810e-07
7.805750641010953481e-07
8.569578345488240362e-07
4.629896895538233626e-07
4.586806414275697225e-08
1.000731948917312608e-07
4.028782257558734996e-07
4.162082654661869748e-07
2.185736774722233582e-07
3.297855185667328418e-07
7.331662474888723560e-07
8.419072107545082995e-07
4.596428735030410596e-07
6.860854848126938090e-08
5.352067426294560440e-08
2.326240340634100213e-07
3.031439740393216148e-07
2.763799927315007383e-07
3.048183176220309619e-07
3.975857245117452804e-07
4.420215550812469896e-07
3.493482946296012775e-07
1.517275576257211597e-07
2.431365855236346483e-08
1.266147368718042879e-07
3.705955227382140473e-07
4.878689580169685771e-07
3.707387394023884823e-07
1.837625510463714423e-07
1.085727545641771437e-07
1.520556457454869892e-07
2.316674548500723248e-07
2.887168527093773577e-07
2.929024978566983749e-07
2.511623374004813474e-07
2.102989984492050659e-07
1.859680101372306909e-07
1.460165381266714428e-07
1.063439967646136516e-07
1.371672640437291659e-07
2.305820871168220869e-07
2.843092804228287010e-07
2.525066784140316592e-07
1.910036548094728824e-07
1.437201875223055119e-07
1.114829663458067748e-07
1.178108691497892235e-07
1.736610615734495824e-07
2.120140663852387467e-07
1.839964565426653046e-07
1.586970183636656755e-07
2.034375757773066957e-07
2.514412145838990819e-07
2.172101053306068139e-07
1.460980587121782224e-07
1.229995668690573559e-07
1.330733345559142188e-07
1.277878312655269899e-07
1.251628392582923398e-07
1.434395300745399135e-07
1.399874888627668934e-07
1.009823535752611098e-07
8.852322134146227340e-08
1.320308505001423940e-07
1.746462015965297580e-07
1.769084745030200818e-07
1.726892035188059735e-07
1.841927244762556484e-07
1.783364203621079393e-07
1.424759522611788996e-07
1.234689112379344137e-07
1.618631360832251580e-07
2.394989623018617245e-07
3.027203374976122739e-07
3.040054180882026350e-07
2.304888376873079290e-07
1.197236025618595916e-07
3.696069849474520023e-08
2.520687623789360269e-08
8.488081003452599252e-08
1.838088008356270836e-07
2.656315803817008833e-07
2.809871783535678151e-07
2.389861251640383297e-07
1.911628434343518933e-07
1.512090093664122855e-07
9.313411289121994429e-08
3.953155079009274726e-08
6.158425568189711378e-08
1.636427271724154562e-07
2.552833167807347836e-07
2.657223616406610604e-07
2.101943613813106701e-07
1.371967611810748794e-07
8.658019667812689603e-08
8.285683325073162736e-08
9.363405479415150300e-08
4.903380087039112814e-08
1.679268662138004795e-09
1.908998990737502320e-07
8.169256853653393536e-07
1.811893075461050983e-06
2.935628019009498625e-06
3.974712519462355078e-06
4.699577914959565512e-06
4.786185123996854807e-06
4.054398905616109147e-06
2.767182991025616583e-06
1.489938626163471276e-06
6.312256652973040311e-07
2.296577106049280455e-07
1.317412391099614814e-07
2.024266980615389617e-07
3.475953061217026815e-07
4.715956272712508465e-07
4.931340188394767115e-07
3.882214369401098370e-07
2.087688434056657781e-07
5.676736741306974751e-08
1.510725259278426728e-08
9.648919290501394693e-08
2.648224829632946931e-07
4.688493288509714027e-07
6.270353632494643811e-07
6.413221651535285797e-07
4.914485164361149110e-07
2.765576859736637933e-07
1.109995278193535974e-07
2.388582796361098916e-08
1.521069741274939352e-09
5.644613231677758077e-08
1.894748225436882775e-07
3.432507407559005574e-07
4.597424680517833777e-07
5.385851996876988589e-07
5.882020926014693125e-07
5.703469446536719488e-07
4.507997048556595262e-07
2.763048980806033761e-07
1.634057444510322317e-07
2.309148284918199249e-07
5.502731679009953157e-07
1.109387256079415965e-06
1.782332306515594831e-06
2.354148327479116682e-06
2.623927556906377339e-06
2.530875485716940646e-06
2.223971231042785058e-06
2.024674050306969357e-06
2.283636448354727352e-06
3.199449914228031677e-06
4.697055248753674426e-06
6.424666500512511373e-06
7.882915713448343097e-06
8.666669394048237793e-06
8.720676252222684999e-06
8.440037113872612422e-06
8.515363536271070556e-06
9.583708079798716083e-06
1.184853437534474581e-05
1.486969080060710556e-05
1.771037736785643378e-05
1.944206940125755225e-05
1.970277380590909443e-05
1.892688974373441289e-05
1.812882038054104038e-05
1.839302944731073457e-05
2.030054508022675910e-05
2.356694104887635752e-05
2.715683839094308426e-05
2.984809728982241092e-05
3.086335530443307064e-05
3.023088142309804635e-05
2.882396415612183179e-05
2.806245589518065607e-05
2.921936850201366562e-05
3.261177956426968770e-05
3.728996730656008887e-05
4.150852367661120611e-05
4.362416817190582519e-05
4.291423387864570099e-05
4.002019872455122549e-05
3.676175492829879775e-05
3.520865000457034966e-05
3.648446516013703731e-05
4.014091001697829553e-05
4.445982225291757786e-05
4.735417003835923480e-05
4.742353025142897707e-05
4.479936134060273932e-05
4.125948312357014734e-05
3.926680889236115317e-05
4.041796459791760282e-05
4.437123134654597081e-05
4.895110160693763216e-05
5.134860833933789905e-05
4.980419530504605422e-05
4.481787472435342382e-05
3.895921943610687632e-05
3.523587148440452213e-05
3.518163587912759939e-05
3.801553747419708071e-05
4.125570592414189950e-05
4.223490038309180364e-05
3.968302543069496377e-05
3.454819753350841214e-05
2.946430535650715384e-05
2.706154269166179528e-05
2.821848936484787582e-05
3.145873914398811754e-05
3.389826397384137477e-05
3.314162761258143924e-05
2.890021445863231816e-05
2.321478335897497562e-05
1.909177653840183933e-05
1.849530706378448261e-05
2.104034825852891649e-05
2.421917146462014751e-05
2.505721602441804389e-05
2.214871172325357676e-05
1.659575562629204951e-05
1.115033914247791007e-05
8.369409589436451326e-06
9.178407373508335425e-06
1.246467454932259775e-05
1.564322128530881850e-05
1.612626674893666783e-05
1.312751921046131204e-05
8.343544488503175106e-06
4.658790864519995300e-06
4.002191994686989413e-06
6.178954623350205645e-06
9.198961803349683968e-06
1.055638508661733345e-05
8.890169989428728590e-06
5.102102952194418143e-06
1.756726569689913818e-06
1.069711003828863773e-06
3.422437503355095515e-06
7.397680462253027357e-06
1.053918988669900947e-05
1.048860728798579188e-05
6.852708279694621770e-06
2.379916417189523216e-06
1.406883979759243955e-06
7.229308285461014470e-06
2.203398131537993531e-05
4.822469093950572139e-05
8.653415886669480535e-05
1.324073542491173395e-04
1.778720988883642472e-04
2.185736682488831318e-04
2.552616008167332327e-04
2.856130855121967612e-04
2.985870812233957995e-04
2.824604720045216250e-04
2.378970251417046253e-04
1.789685339552679112e-04
1.214491632747497543e-04
7.368859174046517063e-05
3.819582623966540650e-05
1.618692227518028206e-05
7.144615937678016694e-06
6.686124899488471230e-06
8.548962817671791912e-06
8.772205478655251368e-06
6.911822962082804789e-06
4.180398178935163112e-06
1.811758137871443838e-06
6.252386428277508274e-07
7.233933881275243861e-07
1.372701839269996626e-06
1.675176501629247921e-06
1.349401879118779311e-06
7.060220038045589880e-07
1.754346087731458560e-07
6.248345246269001653e-08
4.238755073120670167e-07
9.406697889217118623e-07
1.134239126120892701e-06
8.574243418958757604e-07
4.038904127922088567e-07
1.107217619858755542e-07
6.948001014645303618e-08
2.153487909287249711e-07
4.385050319065029201e-07
5.732404356793019011e-07
4.943695500345271354e-07
2.749711706278673434e-07
1.138485155047901354e-07
1.084159436677947682e-07
2.037193718142408295e-07
3.148504780288492313e-07
3.826076631032751827e-07
3.591376781347945132e-07
2.498835774040574437e-07
1.375544809100463053e-07
9.442495321740677038e-08
1.118096390600978155e-07
1.491057110489219983e-07
1.819204272011521841e-07
1.782265043242465671e-07
1.162985943401624471e-07
5.052631363653620963e-08
6.534138223457723684e-08
1.430179966890384618e-07
1.748019854105042255e-07
1.216206005590893701e-07
6.214588559996291189e-08
5.959950529182296275e-08
8.217950816533911145e-08
8.556357137296371097e-08
8.172513015990215914e-08
8.834707001528197593e-08
8.519555684366378911e-08
5.852191265829910207e-08
3.383743691099826868e-08
3.629531655697144767e-08
5.848859193984534547e-08
8.113761350894840932e-08
9.091879655849830361e-08
7.552935471924496555e-08
3.674452074870911954e-08
7.084224993909996589e-09
1.900305074200161044e-08
5.929897402377993925e-08
8.409711987267869297e-08
7.460201822528274012e-08
5.014831562222443208e-08
3.184660921113672473e-08
2.169332468696558275e-08
1.673756930148803910e-08
1.996271807964922872e-08
3.203418923022655761e-08
4.485207181593837737e-08
4.732730229177307963e-08
3.517818748820201983e-08
1.727387374554780787e-08
1.052428625564878156e-08
2.134414077421357180e-08
3.528414087217783345e-08
3.451855204896703000e-08
2.095894238027625957e-08
1.057816882837382169e-08
1.057871590386508287e-08
1.559026440130247616e-08
2.095878789152213937e-08
2.545562094243371330e-08
2.510365439321160997e-08
1.773973667091194145e-08
1.047227501820925892e-08
1.185910415946853774e-08
2.024675616284869913e-08
2.740791813302317592e-08
2.827285494259427881e-08
2.201878992794267497e-08
1.164749105818738427e-08
6.176911747572598439e-09
1.282746372402221195e-08
2.424644472190019104e-08
2.572653004029003046e-08
1.677801660609844044e-08
1.103261270359603624e-08
1.345455495258765418e-08
1.457355479865806890e-08
9.935129654815754630e-09
7.676693206604522349e-09
1.245080612437576479e-08
1.763881002078483424e-08
1.772299736879055666e-08
1.481934696867903936e-08
1.074710583619901926e-08
5.279246173222277157e-09
2.506537137937534319e-09
6.537827708658209533e-09
1.195665803020143715e-08
1.042919265659004833e-08
4.405911236573526612e-09
2.775212911656384831e-09
6.327301887253683233e-09
8.737390560735077535e-09
8.174381260511623495e-09
7.427285680210426155e-09
6.364813810775544153e-09
3.572830350252376180e-09
1.640777608054123057e-09
3.188887658018718443e-09
5.801883701934369894e-09
6.980281732890694594e-09
9.388284065554246148e-09
1.573087489013920493e-08
2.262877975358403341e-08
2.442032295055519950e-08
2.068125118115490894e-08
1.698917017085578214e-08
1.889797529880944419e-08
2.597782471467668690e-08
3.291099438960907053e-08
3.773191679232376716e-08
4.498074165651442992e-08
5.560329413059413633e-08
5.985287855459583550e-08
5.035618425755856243e-08
3.635635315516720606e-08
3.140792065364663673e-08
3.236175347427465785e-08
2.658942049233423678e-08
1.474305109336272243e-08
8.010124603151690754e-09
7.376887894902024159e-09
5.020305543689843013e-09
2.051620488995953185e-09
5.251199316208749693e-09
1.063473424217100460e-08
9.589034091354089849e-09
6.015719951527282263e-09
8.556570305777797483e-09
1.266780184873932898e-08
9.295108169449195408e-09
3.283659714782912945e-09
4.379492544826032962e-09
8.882805745619113488e-09
8.380741043430525036e-09
6.582826245388246553e-09
9.873888042324062848e-09
1.229904201212749346e-08
7.146877863016978346e-09
1.872352466011599053e-09
5.095966888954398348e-09
1.044420806389651855e-08
8.498388456838586650e-09
3.179978814261786600e-09
2.499704733935872737e-09
4.267799350642167902e-09
3.045201703289477591e-09
8.976866331683042088e-10
1.568815312033199772e-09
3.342061838535451769e-09
4.111173354024923769e-09
4.669076815823567228e-09
4.190182282104567015e-09
1.608526942855164890e-09
9.173867919423108029e-10
5.226084793981742908e-09
8.962127747909406523e-09
6.707711438358922049e-09
3.942022077338472514e-09
7.148794265172188767e-09
1.078530764000372571e-08
7.183863564465123617e-09
1.360679804897243033e-09
2.309854487875944721e-09
7.340303882588359280e-09
8.243147360234599424e-09
5.554717369197675021e-09
4.635473422914698123e-09
4.880343619031198331e-09
3.447493920904747139e-09
2.552542348041949217e-09
4.175165602112635012e-09
4.706172548111666272e-09
1.954679493500271133e-09
8.861208054041802270e-11
2.007935016936650071e-09
4.180799123368059927e-09
3.351757376270912972e-09
1.444342213450759204e-09
9.568849280676104961e-10
1.737880968212867373e-09
3.424169206536783550e-09
5.399687516155415586e-09
5.107901633111700987e-09
1.871198983676821045e-09
5.276792134355420109e-11
2.974793032816776919e-09
7.036082895882960025e-09
7.181256390941259491e-09
4.368046649321958184e-09
2.769439370193210974e-09
3.563352916692330018e-09
5.371863934417371148e-09
6.765575103595182756e-09
5.916129661012860797e-09
2.354137068892536967e-09
2.026216854430663808e-11
3.057054990747212931e-09
8.522282557900294546e-09
9.558109327145141527e-09
5.378051668496179699e-09
1.491508553312862184e-09
7.827539153344074886e-10
1.082635368523533425e-09
7.609970433084794720e-10
4.651130610139086670e-10
2.301277232168740340e-10
3.217901785024607887e-11
1.477454003588129103e-09
4.593354040668488359e-09
5.773873426151357548e-09
3.113337916463099119e-09
4.008379406795563854e-10
1.676140145098362000e-09
5.184591976215584087e-09
6.513246601828623545e-09
4.639835312230825845e-09
1.844246404031127202e-09
4.956617813563628865e-10
2.005335222389561247e-09
6.028944348209466036e-09
9.322538644577412046e-09
8.325343951538545739e-09
3.835493764836775012e-09
5.209586099256342291e-10
1.291288093912892652e-09
4.281904440686192845e-09
5.564488541683775553e-09
3.488863304446159179e-09
5.136162398585065494e-10
7.542444195825897899e-10
4.660125076996530893e-09
7.589110636979358940e-09
6.399619326503614243e-09
4.988284012213941403e-09
8.253077036348298946e-09
1.291283530301811570e-08
1.151951889838014917e-08
4.621976263818573920e-09
8.179407430760764124e-10
4.080287335087847406e-09
8.897109552142590892e-09
9.619379562390926716e-09
7.322832583471139723e-09
5.095119035610900616e-09
3.121206337301231073e-09
1.390298884258774768e-09
1.853157120753848602e-09
4.722171000890851132e-09
6.611789575797637282e-09
5.041965524582477207e-09
1.844488805727488452e-09
1.144729967978824479e-10
2.514919573702313477e-10
7.548077772095621806e-10
1.049355214682726675e-09
1.792004518886587897e-09
3.180935069376390747e-09
4.180936884654690474e-09
3.632770746347912695e-09
1.960898931155368771e-09
1.233683919168339907e-09
2.740969692789166545e-09
4.889677053637191636e-09
4.875695096047404830e-09
2.429015034022176421e-09
2.615159268152056538e-10
3.747926244198614419e-10
1.583213917844956115e-09
1.651550276979055293e-09
5.320116342530895631e-10
2.514788140013008069e-11
8.868714594989499739e-10
1.865846649635089573e-09
1.718407297419184114e-09
8.232320399367718117e-10
2.062147610647315421e-10
4.312036769418708947e-11
4.468675279710746633e-13
1.771030542985445595e-10
6.544269176821734533e-10
8.550247298841387644e-10
4.492286808695021420e-10
1.340736589199021701e-10
4.016574850341579593e-10
5.315772309058368082e-10
1.001730130416003630e-10
2.452164270476815789e-10
1.763435858176171622e-09
3.206679565969366715e-09
2.818625619078874567e-09
1.246623641174485488e-09
3.383067251020762418e-10
3.359508159949624893e-10
2.788584533944670400e-10
1.187375585029320107e-10
4.017348336346047555e-10
7.722684884072577917e-10
6.138267640304909706e-10
3.034291917302896492e-10
3.613959774715329751e-10
3.995752555727394287e-10
1.344898487962543798e-10
1.797518547593211421e-10
7.447145532620012301e-10
9.534414412188321985e-10
4.187821745226912431e-10
4.383240203128899449e-12
2.225209988548284964e-10
4.433208816458653220e-10
3.396139925396278240e-10
4.744016208462715431e-10
9.180372872828842485e-10
9.276573015815775487e-10
4.231458155018879609e-10
2.021550653165151207e-10
4.307092867507574665e-10
4.390570474261808630e-10
1.164184830743123361e-10
5.470639670391653393e-11
3.232867816519732628e-10
4.278300398627172617e-10
3.464551335179165093e-10
4.417387832381048632e-10
6.113791035037960763e-10
5.116055321761009465e-10
2.576288738345520668e-10
1.654024080390291854e-10
2.840138572258640253e-10
6.127208219420427126e-10
1.098517144760181777e-09
1.273660921483244944e-09
8.133610399755273986e-10
3.675315746412257712e-10
7.021905948665519809e-10
1.297731140167509178e-09
1.134543695424116089e-09
4.408830840133752296e-10
1.992903711157708335e-10
4.763981238974959921e-10
7.162832407079822223e-10
9.245435155838026088e-10
1.136458033232039432e-09
8.228532550141496796e-10
2.484384173135642995e-10
8.447130471493267586e-10
2.635551901335363828e-09
3.290161485932972089e-09
1.671422030223691506e-09
1.199237997138035803e-10
9.702635586849981568e-10
3.036998083111490627e-09
3.925942826873149940e-09
3.535651732831211287e-09
2.855191161575653893e-09
1.721955585796352828e-09
2.998742467113758464e-10
3.091118388438014827e-10
2.179407253492229136e-09
3.387061301204782448e-09
2.148470563184284023e-09
3.591812100367676173e-10
4.186437316711121844e-10
1.547790727034598690e-09
1.686039096368288567e-09
8.198937946357016953e-10
1.767722166183247073e-10
3.109396042820739319e-11
8.330529664572063780e-11
3.080328248220052504e-10
3.846869921117106516e-10
6.489386968971810890e-11
3.441113175268447922e-10
2.056137882116970215e-09
3.602195221433444482e-09
2.826089988846942761e-09
7.131536470272550383e-10
3.415331045478248569e-10
2.808158773193161235e-09
6.822247091317567352e-09
1.079151670881450419e-08
1.249906285668009156e-08
9.450726107307108487e-09
3.420010309786324355e-09
1.393656619225196424e-09
6.903835023703478019e-09
1.348452126749142730e-08
1.266811178669606436e-08
5.809887910851386480e-09
1.408699943300257339e-09
2.734267093620691935e-09
5.129227555619734101e-09
4.637094389427961669e-09
2.540397528841446692e-09
1.139946280100429395e-09
6.339271522312993570e-10
8.261387464538932757e-10
1.824766803192375475e-09
2.855702055255126620e-09
3.343978743630870046e-09
4.361678730802100605e-09
6.412554972555099867e-09
7.411109918439873793e-09
5.584556054320206326e-09
2.574024113844027086e-09
1.084541493652351557e-09
1.357051363322189821e-09
2.202236208063535350e-09
3.358005523099135528e-09
4.679718431081586093e-09
5.149034037938426608e-09
4.590006236415330671e-09
4.348545323049921707e-09
4.906257855807215400e-09
5.023026135782962868e-09
4.260456824511525250e-09
3.920760673870763863e-09
4.540133173182739093e-09
4.820952850823074139e-09
3.849359040325254754e-09
2.270704732334039202e-09
9.434869047123890754e-10
5.110298369378590078e-10
2.104889612683572303e-09
5.964339332108339262e-09
9.492350858096715218e-09
9.351000026818648474e-09
5.710871076583733731e-09
2.148452348265570881e-09
1.159211640138422717e-09
1.834754253561330596e-09
2.163336998212829936e-09
1.678361642909714354e-09
1.258009329820036099e-09
1.588447239151236735e-09
2.430620525180669264e-09
2.909277432228418403e-09
2.380082806314196743e-09
1.172453330712502118e-09
2.388908790879980959e-10
2.338897304087026823e-11
1.390880666549414105e-10
1.682189242658170111e-10
1.720518286754017444e-10
3.108724088032727428e-10
4.837225171838262960e-10
4.944650514774181140e-10
3.099788328941138929e-10
1.400337406751810510e-10
3.180644183689087391e-10
9.116304923163306002e-10
1.486724671330690549e-09
1.566692405642817725e-09
1.198933693534248914e-09
7.246113260268500715e-10
2.926807043841065489e-10
2.561556260676894360e-11
1.861516152964241597e-10
6.341377982377699416e-10
7.008100711819373711e-10
2.338638445396801644e-10
1.053978881004763638e-10
9.514977283749688338e-10
2.051281267588791722e-09
2.234559566659889078e-09
1.387179253160906857e-09
3.986294626305170362e-10
4.314456613149656423e-11
3.788714798860684148e-10
8.881740300212667176e-10
9.769853819126755130e-10
6.287197582671950063e-10
4.444738386010487393e-10
6.919217631381627790e-10
8.071477530914059274e-10
3.964117717282860512e-10
2.308514901026156876e-11
2.279142581074978401e-10
5.537947723120165044e-10
4.311042627072142797e-10
2.030093322787748147e-10
3.371721648036895290e-10
4.835556332506073313e-10
2.602364124507458063e-10
9.456893669750394336e-11
3.689007241133923660e-10
6.187757056835833024e-10
4.320749666046318284e-10
2.440884988156111793e-10
4.511204774023936148e-10
6.337208376244375542e-10
3.969300579483019492e-10
1.318024459976488455e-10
2.721276307555322540e-10
5.468730739072297280e-10
5.307565384438354830e-10
2.988031250197761364e-10
1.269783305677648456e-10
9.497830324051170762e-11
2.521720053227090652e-10
7.008525184266954141e-10
1.336999902395653818e-09
1.837655984815445710e-09
1.953915419399595169e-09
1.645630906055200013e-09
1.064309817135423539e-09
5.159837003508136582e-10
2.241588918946147196e-10
1.149673231397692936e-10
6.878861829583626643e-11
1.796005522003903333e-10
4.185728044502621940e-10
4.341534782171477831e-10
1.892438713851996865e-10
2.815517744860201304e-10
9.829685263704198097e-10
1.545447796892066333e-09
1.232026579019290737e-09
4.483310688609561681e-10
3.447116078105049695e-11
3.765527955127312105e-11
3.131085487475270168e-11
4.430540965604296608e-11
2.930483328556086182e-10
5.179544255512240813e-10
4.065752957025738000e-10
2.231411820392238336e-10
3.275538503699912271e-10
5.153593389188137522e-10
4.305876779478221967e-10
2.060060789853944069e-10
1.760811927209954543e-10
3.232604803898735868e-10
4.245345380031634512e-10
4.481654103516506489e-10
5.034756441822378105e-10
6.119221919686023086e-10
6.908361777830667336e-10
6.299806179180726330e-10
3.880831092925023581e-10
1.124700109036094190e-10
1.987894331448090895e-11
8.042734318610817845e-11
7.210586895972099283e-11
1.038058576319535746e-12
1.078653638772523398e-10
3.935505702100452557e-10
5.546914241009538467e-10
4.703878520378201367e-10
3.421459488972311421e-10
2.914506966150156099e-10
2.178792455449396584e-10
9.040532903747464165e-11
1.310807304930811961e-11
2.416346197330348209e-12
1.170945425537740502e-11
1.133801094385864170e-10
3.711376970692349971e-10
6.288226815671967084e-10
6.719876486693408614e-10
4.955548076279243835e-10
2.513910525622995544e-10
7.322463407645712459e-11
4.346045409284022008e-11
1.586083075281258898e-10
2.940558147545712582e-10
3.679988747636680099e-10
4.648373352862284677e-10
6.063117570250842497e-10
5.891110014162049188e-10
3.146701041158039086e-10
4.564424792799073524e-11
2.517149497223966907e-11
1.016595024878990276e-10
5.983988967841067126e-11
2.945086338956394035e-11
1.942843370660314401e-10
3.773345351373351085e-10
3.126092032575685902e-10
1.056905368374564170e-10
5.243678572121318687e-11
1.698606996119415917e-10
2.326706125619180855e-10
1.564347518531229149e-10
7.203751563701288604e-11
8.047187689112392757e-11
1.361595168683188667e-10
1.652744911338095983e-10
1.730316355583093442e-10
1.979296293187060670e-10
2.152637035426011559e-10
1.622302228489465041e-10
6.917022816276385845e-11
5.675852894252763676e-11
1.429549768999749732e-10
1.991087484518126929e-10
1.948363806780220606e-10
2.880000429223621651e-10
5.209600391213188128e-10
6.567818340535762214e-10
5.184181741397282255e-10
2.681040607530430264e-10
1.465288053292921607e-10
1.636225270132645821e-10
2.349604016757645820e-10
3.688620585442636906e-10
5.253157258533638605e-10
5.380124614350826598e-10
3.581613030860202340e-10
1.663728602911736369e-10
1.271455055202461520e-10
2.273694572324998705e-10
3.891742394865154116e-10
5.253551297457877026e-10
5.059624612826259235e-10
2.995612682438015909e-10
8.639252442746840150e-11
2.273306161845507012e-11
2.691437148516238375e-11
1.089929022554595922e-11
1.090773780598419920e-10
4.010431844477601760e-10
6.261796908047698776e-10
5.027969763098612086e-10
1.791410204223093154e-10
5.148245293454278154e-11
2.147916247531866146e-10
3.703603083667767930e-10
2.842926633282738645e-10
1.246003572108246414e-10
2.175639830249207302e-10
5.461618654973515859e-10
7.058515773584816436e-10
4.633563424571600916e-10
1.248825898296850581e-10
9.202269427360747495e-11
2.766297816999778136e-10
3.254419849281957257e-10
2.170132611380323760e-10
2.120119864572743050e-10
4.489271334927180809e-10
1.042494144132658056e-09
2.215845365159168870e-09
3.715623513684061194e-09
4.489672596067209346e-09
3.745209061632202799e-09
2.070450628708059000e-09
7.507090366993169697e-10
2.468421819542420005e-10
1.037598983610964728e-10
2.064230258678859810e-11
1.143366416939317509e-10
3.058816478134872147e-10
2.920665580603079253e-10
9.683838868754050374e-11
2.854722876661786687e-11
1.456042400296808543e-10
2.307646151287714919e-10
1.867961055284084143e-10
9.961525943621125084e-11
3.572835208657344757e-11
1.202940502553951653e-11
2.878345689531671829e-11
3.598694414760818637e-11
1.973003073016614370e-11
7.026940289099330318e-11
1.822426302869120045e-10
1.773366364673481039e-10
4.098817608202071493e-11
2.449469255672794174e-11
1.751717209873814430e-10
1.965332985020460504e-10
3.499110988707828638e-11
5.487581882700159094e-11
3.296893033983654195e-10
4.067067732425875186e-10
1.357318095312365439e-10
2.835485933135520342e-11
3.657344551296610067e-10
6.533163272915774743e-10
4.475443168718984327e-10
7.932027689210341598e-11
5.076257126902093152e-11
2.634906211241780622e-10
3.336652448558422826e-10
2.388367728760825451e-10
2.100725002625199847e-10
2.769683876486934481e-10
2.753810749513808214e-10
1.529728890827900485e-10
3.348462484468925765e-11
1.881397966040476159e-11
4.821080858744587563e-11
2.066077547271621143e-11
2.683444297576124467e-11
2.523924426905466552e-10
5.706697802262213939e-10
5.884993293341900186e-10
3.173583785318969449e-10
3.109116648584783803e-10
7.566887384637945682e-10
1.017217568497143170e-09
6.211450251941739659e-10
8.481944709898314136e-11
6.398787532679974862e-11
3.127801641708100006e-10
2.638746578743001119e-10
4.248912647569434775e-11
6.802865738845597436e-11
1.972827823193400867e-10
1.018657524909694431e-10
3.934391300964891345e-12
2.455644466006153491e-10
5.786786904607000697e-10
5.963142638696544425e-10
4.377280472727886181e-10
4.358833593539163387e-10
4.906281405962558534e-10
3.561856363040592641e-10
1.563577184173895254e-10
1.240608606670592690e-10
1.726999797654817305e-10
1.173058992440772927e-10
1.910755352878699896e-11
1.558511255187339513e-11
6.948750521545323784e-11
9.397417973570515296e-11
1.124549438753720520e-10
1.635701247211994707e-10
2.050965875457678185e-10
1.770956526413837867e-10
8.093063953177032336e-11
8.417711183870663439e-12
9.578771115830374775e-11
3.462652246118883687e-10
5.393747811064867938e-10
4.815139174788393268e-10
2.737671342911459026e-10
1.377390088025110656e-10
9.438642122922304895e-11
4.011960944161588333e-11
1.133544606520142469e-13
6.472910696618755835e-11
1.935791954462193496e-10
2.703756408111475432e-10
2.438729715875357872e-10
1.342593249788731108e-10
4.339241663162786854e-11
1.283390106031990277e-10
3.629202421604659525e-10
4.585004614153266564e-10
2.886333314509566457e-10
1.607296934917768856e-10
3.197010522041850929e-10
4.896102450030323235e-10
3.391090536399575562e-10
6.280115443822629061e-11
1.850374375001410914e-11
1.341107668379172931e-10
1.612643121824268019e-10
1.551141083755451043e-10
2.316763917806708178e-10
2.314651622476281376e-10
6.822132157373778949e-11
1.477782944470143515e-11
2.369357410819268647e-10
4.514472658084368488e-10
4.086329905644934301e-10
2.980650244578409095e-10
3.460308478279190496e-10
4.124417360186412324e-10
2.935621764948389664e-10
8.742236559785372712e-11
7.787065927575946984e-12
8.546722498703448418e-11
2.070615509907218290e-10
2.669642031007249086e-10
2.262184141342097158e-10
1.419577074520993584e-10
1.045894878905710353e-10
1.000272177397438400e-10
7.223388882490591852e-11
1.064377630144994461e-10
3.026409824231051705e-10
5.048879983006811821e-10
4.711687038029584580e-10
2.624691793890291914e-10
1.321881337084672047e-10
1.209000908161575303e-10
9.921231963626397978e-11
7.342276821017169009e-11
1.091256336338518385e-10
1.229818566037414579e-10
5.552427445199712075e-11
3.588786025257411726e-11
1.259925301709270210e-10
1.784918319665470776e-10
1.416458258071395615e-10
1.593804054872154467e-10
2.272583305166376278e-10
1.642952423198356626e-10
2.860564631602141822e-11
8.559311145689965225e-11
2.848020520157700531e-10
2.860182018101666966e-10
7.622877512189986384e-11
2.644545392777305031e-11
2.533270325600487713e-10
4.325527329934262043e-10
3.397560473912862316e-10
1.358056770679772112e-10
3.270226613966396986e-11
4.133523467707012857e-11
1.170745983984239441e-10
2.658793249139584386e-10
4.347312604379170528e-10
4.847367829133507456e-10
3.475606180259499170e-10
1.376315278115690034e-10
4.610201915594322020e-11
1.036884799569444680e-10
1.347248421378900174e-10
5.936418860718378908e-11
8.767403840664366687e-11
3.558190549170430865e-10
5.678643217832023121e-10
4.093876643917425695e-10
1.069650507206227332e-10
6.049797101764061805e-11
1.670655415803740635e-10
1.198111185333012386e-10
7.195392694623333089e-11
2.891276687860271740e-10
4.868718644907833032e-10
3.040508636090856424e-10
5.530179665936988897e-11
1.856100702735222308e-10
4.133433686013233116e-10
2.736970015061938638e-10
2.397198782333152690e-11
1.280874334891460482e-10
3.587234404696358754e-10
2.765235280606062436e-10
6.783087286585926708e-11
1.014406176009685463e-10
2.110257748564443212e-10
1.361801761834266158e-10
8.815855542486108991e-11
2.590175810262636246e-10
3.772863161301746695e-10
2.479267066389775735e-10
1.104188216531767500e-10
1.108971309575009378e-10
7.267110736571270994e-11
1.292676988826203549e-12
1.305596931199038719e-10
3.656640568836664721e-10
3.626039540652165366e-10
1.568867738687989179e-10
7.439084446753655437e-11
1.423601821582287962e-10
1.732989939919626087e-10
1.910168388403173266e-10
2.590295977343289970e-10
2.399415246789371046e-10
1.447599809759813971e-10
2.416070423963482353e-10
4.892858217172381850e-10
4.739340757916435815e-10
1.750437790047428349e-10
8.018900270503832404e-11
3.115981561815268377e-10
4.129652187846624842e-10
2.060429181105127882e-10
7.762228952978201045e-11
2.311657571019339723e-10
3.742967154502736335e-10
2.945243360945483499e-10
1.375542543622603300e-10
4.939543345920691852e-11
2.156818026299826206e-11
5.352465411762906191e-11
1.210505622479931286e-10
1.295942413040465717e-10
1.081032470707498440e-10
1.832380132339228664e-10
2.742390269304456539e-10
1.934864725743574607e-10
4.591678394542752775e-11
7.515178867011867761e-11
2.001127936163263526e-10
1.909698309719851505e-10
1.314101589861202548e-10
2.108976245048235086e-10
3.061242078668037309e-10
2.387044014382296527e-10
1.398071095772405570e-10
1.609064504495480503e-10
1.965599753853410377e-10
1.869944270379489996e-10
2.449295472546706396e-10
3.078033996507459512e-10
1.952075990980634836e-10
6.678637612602791792e-11
2.184200287813749662e-10
4.770871811980393931e-10
4.536177196194014906e-10
2.444750770204193543e-10
2.084068163839620971e-10
2.912768358453896655e-10
2.344756575678382630e-10
1.274065927189842509e-10
1.475713658861223431e-10
1.618667307874205916e-10
9.525632962242395204e-11
1.802498963894822203e-10
4.272393209540880947e-10
4.606878449721424740e-10
2.056613079019234658e-10
6.306351839187217676e-11
1.860947552022813438e-10
2.908464872732544403e-10
2.787383452390610709e-10
3.230734525731739236e-10
3.669052943360843233e-10
2.398696451096828469e-10
1.138057787191184723e-10
1.919431966498778813e-10
2.598489155113275507e-10
1.367263807143840736e-10
9.989014467115131337e-11
3.139269427693718296e-10
4.323044240091695723e-10
2.583542506661211569e-10
1.315888796503566821e-10
2.520194618016480722e-10
3.429326081273765910e-10
2.828367655712194879e-10
3.187902777476882100e-10
4.633366869023322841e-10
4.274982796302488827e-10
2.274917646628605811e-10
1.602450296327351194e-10
2.350606505499644857e-10
2.535939759162150514e-10
2.542252420768480165e-10
3.360362553167589154e-10
3.622249744895600789e-10
2.706603059306092478e-10
2.577731484058501835e-10
3.594373170056456342e-10
3.594030119647862764e-10
2.602758787567578321e-10
2.711656200548045775e-10
3.343394112363654722e-10
2.638657144501552404e-10
1.845315597814608505e-10
2.488805604966254212e-10
2.677592026877710102e-10
1.612664356325865216e-10
2.351540809861736056e-10
5.233567811632885669e-10
5.710495176147518496e-10
2.869515396855276047e-10
1.596101275250817749e-10
3.168752930834693341e-10
3.339354874911395468e-10
1.589707650876597581e-10
1.905132852771056598e-10
3.909872346673027865e-10
3.747376174276803496e-10
2.423478834341344689e-10
3.115263350657155898e-10
3.785803048571316018e-10
2.120855580026982334e-10
1.801418601963402093e-10
4.855541083260505698e-10
6.048173229201387856e-10
2.977290251036178796e-10
1.421736011566712034e-10
3.830834478537615087e-10
4.737876082838724518e-10
2.950393613272214148e-10
4.363623274142553451e-10
8.777893036818397496e-10
8.956149083487890153e-10
5.080329192847774898e-10
4.690419395577839957e-10
7.838693287188879133e-10
7.736606802399286210e-10
4.683048488802446962e-10
4.479828977722471851e-10
6.222217790754644859e-10
5.247805718897443369e-10
3.328690073563850916e-10
4.295276105480697813e-10
5.963279877970662284e-10
5.481994610040463059e-10
4.902045636105412880e-10
5.444201901500949066e-10
5.166873882283148442e-10
4.806555390359513512e-10
6.223021222873444852e-10
6.458153412833155810e-10
3.537618334399151159e-10
2.666890768360635971e-10
6.284278163500206499e-10
7.505106821691092643e-10
3.596011459333305933e-10
2.585836388955299200e-10
6.997885063122697009e-10
7.748452197259062320e-10
2.517233493180560883e-10
8.530798341580020278e-11
4.792088658502177504e-10
5.679229651608318423e-10
3.384547988590704371e-10
5.754922753970582191e-10
9.588038707643695946e-10
6.365464462959126635e-10
2.159959437600266471e-10
6.857216011008997222e-10
1.267128875209828838e-09
8.630833430753926574e-10
3.092515892963888927e-10
6.940484671346258909e-10
1.153521990392952292e-09
7.010097391080401043e-10
2.149318136123230408e-10
4.974353447804944263e-10
6.790342832974034355e-10
2.917791422959641199e-10
3.343021389625641308e-10
9.807950675127097994e-10
1.046416194622130349e-09
5.113223096944831160e-10
5.946933277155221430e-10
1.111247894566685463e-09
8.655229047967184423e-10
3.187127493829979434e-10
7.080375505842673541e-10
1.405003411222157183e-09
1.209873512138155180e-09
8.337485416435548863e-10
1.231394029321630820e-09
1.452087716166840982e-09
7.449939639933935845e-10
3.346932323328284896e-10
8.730876453829528651e-10
1.017089133355000002e-09
3.209306637358299120e-10
2.790051605109546332e-10
1.176408464513620654e-09
1.406957648779912675e-09
7.375562090343998691e-10
6.572742673849243718e-10
1.224749025981606376e-09
1.134616589663563172e-09
6.162513522810808543e-10
8.745218030160734461e-10
1.490264273475099054e-09
1.417058234364596416e-09
1.164668091809757073e-09
1.421915469948331890e-09
1.442311325220350125e-09
8.261302570321899477e-10
5.521813957057929536e-10
8.801094028212041057e-10
9.070262814066661192e-10
7.705328767731262789e-10
1.323034822710502636e-09
1.845117437656966769e-09
1.214962751124982754e-09
3.803536245795438385e-10
6.147100223108672074e-10
1.074855609701663286e-09
8.880190734225895417e-10
1.082491154325600399e-09
1.995713085314520868e-09
2.060708427332124404e-09
1.092038369059062679e-09
8.939497792702108589e-10
1.461586447416807820e-09
1.058962514051004807e-09
3.315527065202628004e-10
1.289407755466783215e-09
2.766027741384413391e-09
2.271186715361814010e-09
9.417484518072056961e-10
1.207921801648255864e-09
1.918187071748968712e-09
1.143350797755853242e-09
5.115186859102256606e-10
1.657912037616782955e-09
2.491223643685997551e-09
1.526170743458901952e-09
1.029065693102278720e-09
2.107857064553371535e-09
2.300154094695135043e-09
8.892200311302078752e-10
4.658021660376923004e-10
1.441538870787965943e-09
1.490931128851986435e-09
9.288249138582308951e-10
1.932066661989842457e-09
3.235420926006293200e-09
2.335145035970450834e-09
8.791785191571993032e-10
1.420568092619370143e-09
2.218245462098536025e-09
1.242491200714978409e-09
6.935786670027657142e-10
2.167411864221864166e-09
2.964928991981402244e-09
1.673794701100085608e-09
1.027414350027515763e-09
1.971957847896761791e-09
1.912446312077196361e-09
7.411372110599023633e-10
1.196932223354018536e-09
2.769067049729502555e-09
2.663710370238691538e-09
1.718594065141632522e-09
2.239656794050268020e-09
2.756235920083998960e-09
1.537864744955457404e-09
9.395278098912242254e-10
2.436573303914938524e-09
3.142600698599462972e-09
1.917717651837495649e-09
1.828394534671585276e-09
3.268429640358926595e-09
2.847642383872447025e-09
8.820297838926837924e-10
1.075688573405600265e-09
2.692402395789203041e-09
2.248135292192705217e-09
1.152090444082769318e-09
2.476277511988615735e-09
3.852573152016694701e-09
2.357152994791639486e-09
9.622695009958843809e-10
2.287206757943219590e-09
3.130250696209267244e-09
1.703110718110024470e-09
1.552624908280261639e-09
3.466852012100509294e-09
3.442752984068046093e-09
1.510700344462288504e-09
1.812179503910921814e-09
3.452217759620314013e-09
2.494886401868777550e-09
9.982879629166302413e-10
2.816493268295104190e-09
4.899210955940785490e-09
3.378412520885734016e-09
1.494615233339128579e-09
2.278375288378702893e-09
2.485512420026037224e-09
9.689780150249875194e-10
1.806546724470598537e-09
4.486395260884148247e-09
3.894126270064054596e-09
1.468819134312073459e-09
2.373265299361520136e-09
4.046640346294752088e-09
2.156831398746034638e-09
1.173196862440502010e-09
4.582029796641906121e-09
5.853811565047638071e-09
2.314261760974687814e-09
1.926758542724858031e-09
5.671870143243430997e-09
4.449134994761072954e-09
2.301334787333320241e-10
3.604973910660148090e-09
9.033662905082313594e-09
4.757941582949129066e-09
8.959699055227799560e-10
9.489143559587466735e-09
1.376763042126337172e-08
2.821051675130637471e-09
4.752324313437537584e-09
2.865769312383376083e-08
2.732205082067416616e-08
3.098639993456349292e-10
6.330073924886297666e-08
2.853633946435447552e-07
5.118166646976608130e-07
