2.998502922E+1
2.981962967E+1
2.952103424E+1
2.908987045E+1
2.881881332E+1
2.860608673E+1
2.821705818E+1
2.787246323E+1
2.759632683E+1
2.729285431E+1
2.710295486E+1
2.671713257E+1
2.641797447E+1
2.609388733E+1
2.577769852E+1
2.550510597E+1
2.531184578E+1
2.487665749E+1
2.468787956E+1
2.436941528E+1
2.409619713E+1
2.378206062E+1
2.345438004E+1
2.315330887E+1
2.286932945E+1
2.256217003E+1
2.227184677E+1
2.195606613E+1
2.163796043E+1
2.134303284E+1
2.103790092E+1
2.073657990E+1
2.040726280E+1
2.013316536E+1
1.981989288E+1
1.952426529E+1
1.920961380E+1
1.888826180E+1
1.858019447E+1
1.829389191E+1
1.799860573E+1
1.771551895E+1
1.750675011E+1
1.709306908E+1
1.677133369E+1
1.661097717E+1
1.619902611E+1
1.590982056E+1
1.557075882E+1
1.539203072E+1
1.505128193E+1
1.479478168E+1
1.437195683E+1
1.415972710E+1
1.387127590E+1
1.353591824E+1
1.327115154E+1
1.295656872E+1
1.263959980E+1
1.233181858E+1
1.200625038E+1
1.182539463E+1
1.140879059E+1
1.111785793E+1
1.077302361E+1
1.047662163E+1
1.026502895E+1
9.984870911E+0
9.593235970E+0
9.260583878E+0
9.096541405E+0
8.754669189E+0
8.449645996E+0
8.147806168E+0
7.855312347E+0
7.517354012E+0
7.228261471E+0
6.930444717E+0
6.607141018E+0
6.320444584E+0
6.021247864E+0
5.713960171E+0
5.427956581E+0
5.117727280E+0
4.905425072E+0
4.474166393E+0
4.217701912E+0
3.977942944E+0
3.642176390E+0
3.351997852E+0
3.052377224E+0
2.753734350E+0
2.431762695E+0
2.146795511E+0
1.823038459E+0
1.544564724E+0
1.236592412E+0
9.006681442E-1
6.825487018E-1
3.819915056E-1
7.991997898E-2
-2.369028330E-1
-5.228936076E-1
-8.455224633E-1
-1.154449940E+0
-1.443136573E+0
-1.786485195E+0
-2.085761547E+0
-2.385003805E+0
-2.715044975E+0
-2.950418711E+0
-3.238169909E+0
-3.550307035E+0
-3.852507353E+0
-4.214058876E+0
-4.497134209E+0
-4.729526520E+0
-5.023308754E+0
-5.343153000E+0
-5.666502953E+0
-5.999185562E+0
-6.311905861E+0
-6.502673149E+0
-6.812726498E+0
-7.114687920E+0
-7.448742867E+0
-7.746319771E+0
-8.058403969E+0
-8.379031181E+0
-8.683541298E+0
-8.897480965E+0
-9.197713852E+0
-9.522542000E+0
-9.863537788E+0
-1.018315125E+1
-1.048353004E+1
-1.078734589E+1
-1.098953056E+1
-1.133388901E+1
-1.162947369E+1
-1.198041439E+1
-1.225794506E+1
-1.260977650E+1
-1.291427422E+1
-1.321524811E+1
-1.343555355E+1
-1.374931526E+1
-1.408572102E+1
-1.439278603E+1
-1.471511936E+1
-1.501548290E+1
-1.530590153E+1
-1.548219967E+1
-1.581902313E+1
-1.612527847E+1
-1.642315674E+1
-1.675256348E+1
-1.708029556E+1
-1.736834717E+1
-1.765676689E+1
-1.796505737E+1
-1.830216599E+1
-1.857092667E+1
-1.878286934E+1
-1.921595383E+1
-1.942158127E+1
-1.982310486E+1
-1.999650383E+1
-2.031105614E+1
-2.064744759E+1
-2.092994308E+1
-2.124007797E+1
-2.154322243E+1
-2.182184982E+1
-2.215416527E+1
-2.246776962E+1
-2.276204681E+1
-2.306758499E+1
-2.337757111E+1
-2.367146492E+1
-2.398725700E+1
-2.427998543E+1
-2.457927132E+1
-2.481935883E+1
-2.520247459E+1
-2.537866402E+1
-2.568516159E+1
-2.601216316E+1
-2.630213165E+1
-2.662101173E+1
-2.693765640E+1
-2.723420906E+1
-2.752656555E+1
-2.784852982E+1
-2.815053368E+1
-2.847765541E+1
-2.878566742E+1
-2.911497498E+1
-2.931038857E+1
-2.963364792E+1
-2.992259407E+1
