3.828782229894933477e-08
3.807816806795659890e-08
3.897534121630586020e-08
4.095107985290673950e-08
4.394115185549286221e-08
4.784749308049534081e-08
5.254147115697801715e-08
5.786816353163721984e-08
6.365150444397690571e-08
6.970012652939493284e-08
7.581369973633827428e-08
8.178955404994393779e-08
8.742936303335880591e-08
9.254566550843379248e-08
9.696800600227057149e-08
1.005484903614551493e-07
1.031665737357715428e-07
1.047329234344506242e-07
1.051922302972059085e-07
1.045248799708865307e-07
1.027474349699222073e-07
9.991191666574572936e-08
9.610391640612996882e-08
9.143960671723003543e-08
8.606176052732762353e-08
8.013491672000885132e-08
7.383985831697058728e-08
6.736759429245099704e-08
6.091305133203412006e-08
5.466868789246213086e-08
4.881824449468127595e-08
4.353084010995898142e-08
3.895561065390949779e-08
3.521706393776224665e-08
3.241130026844804219e-08
3.060321866266094940e-08
2.982479367578146139e-08
3.007446955077581778e-08
3.131768029838606334e-08
3.348846547209614365e-08
3.649211898517894341e-08
4.020876340520023333e-08
4.449772235638517175e-08
4.920253162876624160e-08
5.415640742136133665e-08
5.918798781631605131e-08
6.412713762010259980e-08
6.881062004250074288e-08
7.308745079872115498e-08
7.682373972350995364e-08
7.990687105843867976e-08
8.224888354029757767e-08
8.378893794045411005e-08
8.449481583895018216e-08
8.436338977197788127e-08
8.342007180167314974e-08
8.171728604201805696e-08
7.933200898228433716e-08
7.636249561569366593e-08
7.292431222392037783e-08
6.914582013561504193e-08
6.516329612389682041e-08
6.111584574894267699e-08
5.714030579070682666e-08
5.336632708862757643e-08
4.991179262619178133e-08
4.687874761925573040e-08
4.434997696231435211e-08
4.238634271500334394e-08
4.102498178418567906e-08
4.027840467033824296e-08
4.013452640652947553e-08
4.055762555058882739e-08
4.149017316609354764e-08
4.285546804661062090e-08
4.456097082014284226e-08
4.650220404847631822e-08
4.856708323108468057e-08
5.064049961629181444e-08
5.260899015888458231e-08
5.436533123810168978e-08
5.581286657210838830e-08
5.686942453066741933e-08
5.747067563847475249e-08
5.757280002214826172e-08
5.715438495526559314e-08
5.621745870858977308e-08
5.478763260886979748e-08
5.291335617642766513e-08
5.066428671140797206e-08
4.812884966631486994e-08
4.541106982524216536e-08
4.262678201369713004e-08
3.989936582196391466e-08
3.735515724546410612e-08
3.511867668868491651e-08
3.330789303248855602e-08
3.202963874370235249e-08
3.137538705464523440e-08
3.141752551493121533e-08
3.220624794690691969e-08
3.376721888617584577e-08
3.610005126685734494e-08
3.917769659474446602e-08
4.294676262761726551e-08
4.732873481823606480e-08
5.222210036548586407e-08
5.750529595030359709e-08
6.304035504410777632e-08
6.867718150262061084e-08
7.425829100013455820e-08
7.962381868335261854e-08
8.461671927039656324e-08
8.908786819869088187e-08
9.290099098635697231e-08
9.593721922173384414e-08
9.809906070038845227e-08
9.931377912818509991e-08
9.953590941516614440e-08
9.874895568126387651e-08
9.696615983615328941e-08
9.423025921094113182e-08
9.061234184259224189e-08
8.620978122855422721e-08
8.114327005249935430e-08
7.555314683332332380e-08
6.959508056512884937e-08
6.343521373837993192e-08
5.724503326622340295e-08
5.119600646258910349e-08
4.545426263202060380e-08
4.017544437796550011e-08
3.549987470799679009e-08
3.154826414113454586e-08
2.841801645153434348e-08
2.618031408512793055e-08
2.487804633984280462e-08
2.452463368602753999e-08
2.510381225704890714e-08
2.657036501024502520e-08
2.885175831715799892e-08
3.185065361868016077e-08
3.544819704642324287e-08
3.950795327202839009e-08
4.388040481809526727e-08
4.840780225620950896e-08
5.292926231005054181e-08
5.728593069498999566e-08
6.132600163956157696e-08
6.490952140194668671e-08
6.791271367127356955e-08
7.023178406049404800e-08
7.178605223818473345e-08
7.252026941071289558e-08
7.240613739628162539e-08
7.144294842052709239e-08
6.965728696366447874e-08
6.710190148850751087e-08
6.385374536566402937e-08
6.001121423712248214e-08
5.569079163548963354e-08
5.102308391814153159e-08
4.614849003792491560e-08
4.121260105605356504e-08
3.636145522504347869e-08
3.173688291644525614e-08
2.747200021290718019e-08
2.368706885990158211e-08
2.048581799188276795e-08
1.795233198713476811e-08
1.614863018044042350e-08
1.511298781181754939e-08
1.485903680182104083e-08
1.537568617228563194e-08
1.662784211120214575e-08
1.855788334366707696e-08
2.108786130999159776e-08
2.412230825583338922e-08
2.755158242514643955e-08
3.125562588899979185e-08
3.510798227575235684e-08
3.897999062945712844e-08
4.274495131525669389e-08
4.628218359777928747e-08
4.948082684409281876e-08
5.224322874090890389e-08
5.448787482088751921e-08
5.615174630788178949e-08
5.719199699207152270e-08
5.758697635822120881e-08
5.733654305798937351e-08
5.646162441795235939e-08
5.500315612088767834e-08
5.302031938879796301e-08
5.058825229082523238e-08
4.779527473965986802e-08
4.473969113167284631e-08
4.152637799196188775e-08
3.826316277165949075e-08
3.505720833153209790e-08
3.201148032905343571e-08
2.922140879993561758e-08
2.677186605039200512e-08
2.473456489728212413e-08
2.316593543936174319e-08
2.210555588279694805e-08
2.157517435891261446e-08
2.157836434512474229e-08
2.210076444771366521e-08
2.311095077985436540e-08
2.456185171582857008e-08
2.639266396341106743e-08
2.853121766589121150e-08
3.089664323697423958e-08
3.340232286472626809e-08
3.595896398262947815e-08
3.847771136051526088e-08
4.087318124118786013e-08
4.306635389919849040e-08
4.498713452725543174e-08
4.657662422520997369e-08
4.778893675574730466e-08
4.859253483814371444e-08
4.897108797236214592e-08
4.892371572441717285e-08
4.846476889895457439e-08
4.762305014228747148e-08
4.644054665856291480e-08
4.497076268858362536e-08
4.327660346620935633e-08
4.142803804853678550e-08
3.949951262542482200e-08
3.756724526644611521e-08
3.570652527010830583e-08
3.398901859657270960e-08
3.248029364050990454e-08
3.123755706499896507e-08
3.030771175064880316e-08
2.972578813195470960e-08
2.951382655739673398e-08
2.968017179756431400e-08
3.021929390705824633e-08
3.111206346079514587e-08
3.232648974433352580e-08
3.381891723612115096e-08
3.553555744185318426e-08
3.741440086090619070e-08
3.938736409971240503e-08
4.138262616578563009e-08
4.332706010713366757e-08
4.514871790701359549e-08
4.677918048961974804e-08
4.815583055390397085e-08
4.922387099785626532e-08
4.993805556158338126e-08
5.026411845007299191e-08
5.017973781729658067e-08
4.967516609730661535e-08
4.875339083742652669e-08
4.742986661647215943e-08
4.573187145647713029e-08
4.369739846999253479e-08
4.137378197040863310e-08
3.881599180724330530e-08
3.608469972471992245e-08
3.324421482142885368e-08
3.036027079734610897e-08
2.749786377422471005e-08
2.471912267868746877e-08
2.208132216074894434e-08
1.963509513491644741e-08
1.742292355879469464e-08
1.547790645545487446e-08
1.382291139315686282e-08
1.247008267035755267e-08
1.142073792205818484e-08
1.066565968603535664e-08
1.018573858664134950e-08
9.952979855625475897e-09
9.931804659937247232e-09
1.008060923916103860e-08
1.035352061283530265e-08
1.070229513601269622e-08
1.107826665467303591e-08
1.143430795370184474e-08
1.172671134324010586e-08
1.191693022176116417e-08
1.197313076174304498e-08
1.187147076292636424e-08
1.159710003524525600e-08
1.114481909957880801e-08
1.051938361567202324e-08
9.735452936954680588e-09
8.817158668614593502e-09
7.797343799942973189e-09
6.716472034394866652e-09
5.621254856476849525e-09
4.563047316822937333e-09
3.596052833358973463e-09
2.775418275149464697e-09
2.155268660339467861e-09
1.786754602551873982e-09
1.716177309657114583e-09
1.983256241492467333e-09
2.619593999769328776e-09
3.647395744641274936e-09
5.078482419826852537e-09
6.913631904889175113e-09
9.142276852836597349e-09
1.174255501470476668e-08
1.468173035642656598e-08
1.791695850389431594e-08
2.139637761513869867e-08
2.506048512254061034e-08
2.884378032058475137e-08
3.267656271923848722e-08
3.648690397602021628e-08
4.020267605525260967e-08
4.375358581632433616e-08
4.707319052588421867e-08
5.010072792005473989e-08
5.278283965729312861e-08
5.507503462397006919e-08
5.694287802814134278e-08
5.836291922622810252e-08
5.932319486613042028e-08
5.982347481885726112e-08
5.987511087371263267e-08
5.950053989981374719e-08
5.873250859954370013e-08
5.761290281173661086e-08
5.619141270118963882e-08
5.452393345172971261e-08
5.267081128812576607e-08
5.069497308838242831e-08
4.866004799028696306e-08
4.662841624958550331e-08
4.465941119109459516e-08
4.280760386811384145e-08
4.112126569209832916e-08
3.964108535891849326e-08
3.839907673070963766e-08
3.741784129332663304e-08
3.671010229747987881e-08
3.627856082639818126e-08
3.611606014519449333e-08
3.620608222087016041e-08
3.652346922153143150e-08
3.703545701310897027e-08
3.770289713069873268e-08
3.848165319664516922e-08
3.932415519804924850e-08
4.018096925091284532e-08
4.100245237571329307e-08
4.174034922672722536e-08
4.234931016535142298e-08
4.278831835820325316e-08
4.302188327241519803e-08
4.302109908770494162e-08
4.276443924271963622e-08
4.223830001871893888e-08
4.143731492269714634e-08
4.036433550339206527e-08
3.903021924987397804e-08
3.745333672515618806e-08
3.565886007978221554e-08
3.367784910897075596e-08
3.154620114274122259e-08
2.930342186529657533e-08
2.699136849219541853e-08
2.465292568149005397e-08
2.233068788323193198e-08
2.006570639962448468e-08
1.789628656108802997e-08
1.585694492735011976e-08
1.397750122432706515e-08
1.228235307415269246e-08
1.078994648274336516e-08
9.512463857929000183e-09
8.455707328656948457e-09
7.619210119948791641e-09
6.996538277281796107e-09
6.575776315905909219e-09
6.340178598297356126e-09
6.268943528563534147e-09
6.338100363600415920e-09
6.521458913236389478e-09
6.791592270074978230e-09
7.120822325775180463e-09
7.482158186873647446e-09
7.850175987980689170e-09
8.201796032923355799e-09
8.516937601372391296e-09
8.779038876945132545e-09
8.975408775982078609e-09
9.097428841632200114e-09
9.140584457533444505e-09
9.104337679851309756e-09
8.991849540392141247e-09
8.809575990120928652e-09
8.566737222922849471e-09
8.274712642729080631e-09
7.946367893742865342e-09
7.595350368461774139e-09
7.235388748575634470e-09
6.879608484826164437e-09
6.539915053310675804e-09
6.226452633246858099e-09
5.947167577909953878e-09
5.707492485224497140e-09
5.510169073908826270e-09
5.355204333789424329e-09
5.239979561088445648e-09
5.159495205641585954e-09
5.106746818444255940e-09
5.073221276599074929e-09
5.049482449595277251e-09
5.025837763311367811e-09
4.993052898614340056e-09
4.943074039247658324e-09
4.869758714750491420e-09
4.769542601447661668e-09
4.642058803522998650e-09
4.490645571451534379e-09
4.322734218885727541e-09
4.150110099132137284e-09
3.988998141070679180e-09
3.860002484446232891e-09
3.787863611837720635e-09
3.801048462760329813e-09
3.931191626371196672e-09
4.212372884035616523e-09
4.680285530578457244e-09
5.371281555277644087e-09
6.321359427599967630e-09
7.565095034975274924e-09
9.134556402879891787e-09
1.105826353674201296e-08
1.336016983151334436e-08
1.605877333567526478e-08
1.916632436788476090e-08
2.268816925732818785e-08
2.662232427672663247e-08
3.095915311782928947e-08
3.568134612315760929e-08
4.076404739891344085e-08
4.617517003812171981e-08
5.187603788304745409e-08
5.782203698904976495e-08
6.396363879464902840e-08
7.024744275639782347e-08
7.661730901409780429e-08
8.301578589481303818e-08
8.938527900361730279e-08
9.566956153305555992e-08
1.018150420189297924e-07
1.077719371006640328e-07
1.134956414201794094e-07
1.189475198212996260e-07
1.240959948788753308e-07
1.289171377191581926e-07
1.333950224083992762e-07
1.375222282331587215e-07
1.412995540250580650e-07
1.447360670083539531e-07
1.478485452466633328e-07
1.506606878528663881e-07
1.532025517165688146e-07
1.555091843250037878e-07
1.576197974663919408e-07
1.595761374519823588e-07
1.614214408718200773e-07
1.631989163754567680e-07
1.649502225802246257e-07
1.667144507611929982e-07
1.685264979559479502e-07
1.704162516725512468e-07
1.724074597149269498e-07
1.745167673235187835e-07
1.767534356788690189e-07
1.791185487587235741e-07
1.816051753269721779e-07
1.841982726616884271e-07
1.868748051635485276e-07
1.896045935866559081e-07
1.923505957710102708e-07
1.950701463094234246e-07
1.977158352892211258e-07
2.002365025373701310e-07
2.025788753096861513e-07
2.046884457561082609e-07
2.065112008644682731e-07
2.079947900353807349e-07
2.090896390998298099e-07
2.097505583971937019e-07
2.099373855473876334e-07
2.096164089070943993e-07
2.087607155124706801e-07
2.073512239400650673e-07
2.053769533726604450e-07
2.028351040199231773e-07
1.997314986560679236e-07
1.960799953876619937e-07
1.919025434223547459e-07
1.872285133322571923e-07
1.820938935868173566e-07
1.765408584229988109e-07
1.706164728744171143e-07
1.643720560048864825e-07
1.578619937132078450e-07
1.511425545850399547e-07
1.442711263990557659e-07
1.373048489967805129e-07
1.302999109788378250e-07
1.233105099757844737e-07
1.163879388942554408e-07
1.095801041621085793e-07
1.029306748750515719e-07
9.647882911939093666e-08
9.025881722360348866e-08
8.429968709265603078e-08
7.862537123218013509e-08
7.325453871503945382e-08
6.820089587482873641e-08
6.347335780761535582e-08
5.907632672016178196e-08
5.501019973126108769e-08
5.127167787294975701e-08
4.785434348486212648e-08
4.474909553698354451e-08
4.194460104549632791e-08
3.942784555966169486e-08
3.718448164886556760e-08
3.519931430477727476e-08
3.345657369705696865e-08
3.194028197946754155e-08
3.063446605511463182e-08
2.952332075172744220e-08
2.859139429198064544e-08
2.782360326793004136e-08
2.720531657228371820e-08
2.672232324837903765e-08
2.636077249183830043e-08
2.610715958942327300e-08
2.594819618937030047e-08
2.587077901344826224e-08
2.586189630057717877e-08
2.590854842201308488e-08
2.599775470132068830e-08
2.611648710825173061e-08
2.625173290625534656e-08
2.639052347406351021e-08
2.651999533823236275e-08
2.662754942786345377e-08
2.670093842576801170e-08
2.672847863330910069e-08
2.669921295261147266e-08
2.660308527147368970e-08
2.643118594533267884e-08
2.617589268460798146e-08
2.583110596840682799e-08
2.539235862368146806e-08
2.485699650282215765e-08
2.422425945941327224e-08
2.349532548484214604e-08
2.267337171214942863e-08
2.176349977025472238e-08
2.077270230410401974e-08
1.970972421834272403e-08
1.858488418140806369e-08
1.740990404874905980e-08
1.619763085604629271e-08
1.496179948208184437e-08
1.371672720793959755e-08
1.247700025415544842e-08
1.125718837142508874e-08
1.007151347137689346e-08
8.933577247761049588e-09
7.856077952174669612e-09
6.850559995976461947e-09
5.927216210218527058e-09
5.094701448819534107e-09
4.360015507410861466e-09
3.728415127773542313e-09
3.203376656744268566e-09
2.786614150421051306e-09
2.478129315020992139e-09
2.276315681794531159e-09
2.178092852735595837e-09
2.179074512987386805e-09
2.273768125980637835e-09
2.455786785898585225e-09
2.718082392372770361e-09
3.053180274292680011e-09
3.453412791428376091e-09
3.911154014469308506e-09
4.419031378054437425e-09
4.970134237294890213e-09
5.558187293621821415e-09
6.177716693093581855e-09
6.824181612901913618e-09
7.494078531066340554e-09
8.185037654288223173e-09
8.895872026902864515e-09
9.626632359052641672e-09
1.037862720946252776e-08
1.115442629178627558e-08
1.195787822083943860e-08
1.279408476524800422e-08
1.366941079509312997e-08
1.459146876979754007e-08
1.556910247565476753e-08
1.661240964266021716e-08
1.773271848315491877e-08
1.894262342502174238e-08
2.025598991538164314e-08
2.168795717081570311e-08
2.325498802314619927e-08
2.497484378245453651e-08
2.686662525872715131e-08
2.895075204380177703e-08
3.124891680762316819e-08
3.378408400050106659e-08
3.658035995573639043e-08
3.966294649096919315e-08
4.305793551250819355e-08
4.679218990319077215e-08
5.089310431540359491e-08
5.538831323114741977e-08
6.030547894268378203e-08
6.567186932821807585e-08
7.151409216107970356e-08
7.785768403975764862e-08
8.472666159313437404e-08
9.214324331743477009e-08
1.001273064598753683e-07
1.086961387264412838e-07
1.178640276451895962e-07
1.276418517179409848e-07
1.380369827225904084e-07
1.490528404555378196e-07
1.606889312127326208e-07
1.729406766312647796e-07
1.857992727536146255e-07
1.992520143704505883e-07
2.132821139773964562e-07
2.278692062986917627e-07
2.429895209184674575e-07
2.586160654073958372e-07
2.747194054725892479e-07
2.912676790579163392e-07
3.082274853407680617e-07
3.255642316119494947e-07
3.432424183826250365e-07
3.612266276181223523e-07
3.794814032964908216e-07
3.979721956610709179e-07
4.166655032087614117e-07
4.355288688079139542e-07
4.545316971220353150e-07
4.736446090220828255e-07
4.928401978751692488e-07
5.120921077956295831e-07
5.313755227780501005e-07
5.506665381655812118e-07
5.699413629694056476e-07
5.891766225467282296e-07
6.083478076077104091e-07
6.274294838928140504e-07
6.463942550552128728e-07
6.652116423398300283e-07
6.838483562726175452e-07
7.022665318830474817e-07
7.204241300434917417e-07
7.382740193431754780e-07
7.557631010313609829e-07
7.728331283839203670e-07
7.894193298620632676e-07
8.054515728794588913e-07
8.208541183232403234e-07
8.355455015990706953e-07
8.494403239962861036e-07
8.624486436874351559e-07
8.744781517807658497e-07
8.854347699135318592e-07
8.952233516531593062e-07
9.037503509569168658e-07
9.109238263960231230e-07
9.166564785514743921e-07
9.208657321274618778e-07
9.234766357141895714e-07
9.244228419369683092e-07
9.236475069229425524e-07
9.211059806619609563e-07
9.167655096113024975e-07
9.106076038782935051e-07
9.026283027807126081e-07
8.928382368306530769e-07
8.812642796560623304e-07
8.679481885717699815e-07
8.529477046809556809e-07
8.363355577404784920e-07
8.181982604329330404e-07
7.986363315812489787e-07
7.777617569977526811e-07
7.556977202594683321e-07
7.325764826801425845e-07
7.085371880242837802e-07
6.837250067995107840e-07
6.582880102003938420e-07
6.323761449373069035e-07
6.061387785781388054e-07
5.797223826223877566e-07
5.532694936747871473e-07
5.269160024300119578e-07
5.007903424124280144e-07
4.750117036278577194e-07
4.496885562528453715e-07
4.249183358939831542e-07
4.007859869312027983e-07
3.773641104405050086e-07
3.547124783816627959e-07
3.328778920784864203e-07
3.118949734560243898e-07
2.917861587173161318e-07
2.725629468823000040e-07
2.542263573998648132e-07
2.367684096446696766e-07
2.201731498361080819e-07
2.044178295106257518e-07
1.894745538219177461e-07
1.753113130080581928e-07
1.618935955861668837e-07
1.491855455507749556e-07
1.371510809836499722e-07
1.257551776591985839e-07
1.149645891125110708e-07
1.047488097824976815e-07
9.508059757141846830e-08
8.593635048999784810e-08
7.729647393253970699e-08
6.914529684791856304e-08
6.147106260195430860e-08
5.426558957891238607e-08
4.752381229412402058e-08
4.124329594405145139e-08
3.542349895415306708e-08
3.006509994097377156e-08
2.516918716540139281e-08
2.073645056212782275e-08
1.676643137895862750e-08
1.325674423868035383e-08
1.020243031807080685e-08
7.595351442607059922e-09
5.423736911167078861e-09
3.671835283424674637e-09
2.319717587611640623e-09
1.343238016632510374e-09
7.141402840606015890e-10
4.003260868495945491e-10
3.662679421253584270e-10
5.735620148516771211e-10
9.816052245091297376e-10
1.548376861662616751e-09
2.231306580940604328e-09
2.988202603643346044e-09
3.778213468642798317e-09
4.562804534344379996e-09
5.306708383577264972e-09
5.978841561094337539e-09
6.553146260647990282e-09
7.009338578694929018e-09
7.333557573121300473e-09
7.518868112331147340e-09
7.565640652631935003e-09
7.481767255489868536e-09
7.282721033433309593e-09
6.991472044515667100e-09
6.638229601727747051e-09
6.260058045276641321e-09
5.900344686549524355e-09
5.608149266027625343e-09
5.437462177075562243e-09
5.446365913989357533e-09
5.696153102360690933e-09
6.250399857805286805e-09
7.174028108613627040e-09
8.532392447046654293e-09
1.039038645015271144e-08
1.281162899364318651e-08
1.585770424504546406e-08
1.958752462919506553e-08
2.405678737850378943e-08
2.931754157736959675e-08
3.541792629348386941e-08
4.240197378452931350e-08
5.030961840699748738e-08
5.917678409218234922e-08
6.903556722466764215e-08
7.991463091961238719e-08
9.183953196424696780e-08
1.048332975920604942e-07
1.189169434232763898e-07
1.341099878945080656e-07
1.504311870463231952e-07
1.678989447448050393e-07
1.865320289684266798e-07
2.063500118911624424e-07
2.273735823783407663e-07
2.496251242016726023e-07
2.731286497220881569e-07
2.979101847206420571e-07
3.239976476589123069e-07
3.514205229474456265e-07
3.802099522537717848e-07
4.103978566752370635e-07
4.420168793331501197e-07
4.750991822622509394e-07
5.096761549966467789e-07
5.457773533446504411e-07
5.834292640470961510e-07
6.226549353919990015e-07
6.634721910171386577e-07
7.058932746419258725e-07
7.499235533641679509e-07
7.955601398242663819e-07
8.427918304502736216e-07
8.915972473539515990e-07
9.419450370970286137e-07
9.937929004322356108e-07
1.047086624127195203e-06
1.101760915192303555e-06
1.157737934372912938e-06
1.214928552130595780e-06
1.273232089797277366e-06
1.332536080700411717e-06
1.392718294122956254e-06
1.453645795719015924e-06
1.515177381358938597e-06
1.577164011377540704e-06
1.639449199557320560e-06
1.701872067474621742e-06
1.764266640919751886e-06
1.826465131641203771e-06
1.888298633354200385e-06
1.949597652984087001e-06
2.010195657023351914e-06
2.069928019031472747e-06
2.128635529755971680e-06
2.186164372242675641e-06
2.242368251000011054e-06
2.297106542402183747e-06
2.350249315463306080e-06
2.401675190820922540e-06
2.451272499960950850e-06
2.498940349768096733e-06
2.544585595195519880e-06
2.588127407063897458e-06
2.629493905263631170e-06
2.668622484303525350e-06
2.705460052646644550e-06
2.739958937296692812e-06
2.772081038626902357e-06
2.801793538633049204e-06
2.829069575862226608e-06
2.853883686742360652e-06
2.876215937502636327e-06
2.896047378942107750e-06
2.913359883637672855e-06
2.928136085447498411e-06
2.940354942527965452e-06
2.949996374412828507e-06
2.957037105598727827e-06
2.961451145772980731e-06
2.963210460952812219e-06
2.962281347330995690e-06
2.958630002700339253e-06
2.952219311779819762e-06
2.943010335906404807e-06
2.930963983777926366e-06
2.916038459114717033e-06
2.898195712750435782e-06
2.877399201267084454e-06
2.853616196797583981e-06
2.826820148321832720e-06
2.796988884730076738e-06
2.764111308615200744e-06
2.728185600010446299e-06
2.689221623637461961e-06
2.647243181894343209e-06
2.602286223007093637e-06
2.554404766610842661e-06
2.503668735826719445e-06
2.450165532693978932e-06
2.394001270988820781e-06
2.335298217817383933e-06
2.274199028505782051e-06
2.210863569376477520e-06
2.145469013363696651e-06
2.078209519437881492e-06
2.009292584150425605e-06
1.938941226318303147e-06
1.867389760130449662e-06
1.794882432892569832e-06
1.721671733266056249e-06
1.648014037983628158e-06
1.574170170910318274e-06
1.500400798998573281e-06
1.426964354317451993e-06
1.354114834893679163e-06
1.282097712168001717e-06
1.211149883357410782e-06
1.141495784190753253e-06
1.073345702999296582e-06
1.006894195611159109e-06
9.423173162607438344e-07
8.797730491196797120e-07
8.193990863646417662e-07
7.613124213043565933e-07
7.056091594748878009e-07
6.523636516506866425e-07
6.016299793899580850e-07
5.534416761142544242e-07
5.078127809233267054e-07
4.647390641678189955e-07
4.241988221747723464e-07
3.861551954695115788e-07
3.505572771115238578e-07
3.173420205438887792e-07
2.864361492114930321e-07
2.577576854677525772e-07
2.312182769547211641e-07
2.067246239624598496e-07
1.841802844859397545e-07
1.634870020191264216e-07
1.445463973221555219e-07
1.272609378665019733e-07
1.115349819633526828e-07
9.727558198541392996e-08
8.439293893937762412e-08
7.280092435263915887e-08
6.241711782579921753e-08
5.316280876607389152e-08
4.496282027887954875e-08
3.774513908714645486e-08
3.144057405394816364e-08
2.598221746693586922e-08
2.130494816225738768e-08
1.734493661518884305e-08
1.403917614282758465e-08
1.132515076826417414e-08
9.140572734987466856e-09
7.423299292258923690e-09
6.111423788909210682e-09
5.143557419863987162e-09
4.459341335924640149e-09
4.000161537197800567e-09
3.710093857150146675e-09
3.537061439201445202e-09
3.434186474345679684e-09
3.361328387958588224e-09
3.286761306478596360e-09
3.188970507524403934e-09
3.058523272635190832e-09
2.899966504026383095e-09
2.733716243534791477e-09
2.597874198344387188e-09
2.549934232294862607e-09
2.668326146787970042e-09
3.053747283500868243e-09
3.830248916451244449e-09
5.146026209488789285e-09
7.173889026663665381e-09
1.011138652561990062e-08
1.418055365658122486e-08
1.962730304636142354e-08
2.672041843990277063e-08
3.575018673089955425e-08
4.702668454759808524e-08
6.087767785330571975e-08
7.764632629780688185e-08
9.768852695103698278e-08
1.213700882518022843e-07
1.490637645054909539e-07
1.811459990255301513e-07
2.179939475524696490e-07
2.599821729206332482e-07
3.074795488891358839e-07
3.608463283248355200e-07
4.204309384080827141e-07
4.865678065368077962e-07
5.595746215901460205e-07
6.397504123344014146e-07
7.273730869483708097e-07
8.226987598357294247e-07
9.259599571630654004e-07
1.037364837376173727e-06
1.157096856897120899e-06
1.285313352504666620e-06
1.422147050545325640e-06
1.567705179107426948e-06
1.722070038237498450e-06
1.885299901188229712e-06
2.057427785523138010e-06
2.238464600503859407e-06
2.428398004020416749e-06
2.627193285666308847e-06
2.834794389503907339e-06
3.051121472189548464e-06
3.276074771684473271e-06
3.509531835172833678e-06
3.751347657685607058e-06
4.001354874429009401e-06
4.259359063336421669e-06
4.525142932798394173e-06
4.798461248858752412e-06
5.079040013612522748e-06
5.366575841190691181e-06
5.660729059873913036e-06
5.961128934648244175e-06
6.267366838567296613e-06
6.578995457951710087e-06
6.895528543845433089e-06
7.216433038528075752e-06
7.541137041485947567e-06
7.869022734392195790e-06
8.199427375785713369e-06
8.531645220065286659e-06
8.864920371366620340e-06
9.198459337141491227e-06
9.531425266948823316e-06
9.862942260204330213e-06
1.019210077499633929e-05
1.051795231921185424e-05
1.083952744605008334e-05
1.115583187223113452e-05
1.146585436546177795e-05
1.176857555824160506e-05
1.206296418501157508e-05
1.234799965225965561e-05
1.262266907157417950e-05
1.288597733649725737e-05
1.313695762484605651e-05
1.337466745865799419e-05
1.359821338506263157e-05
1.380674676612213613e-05
1.399947349628617851e-05
1.417566351542884809e-05
1.433464435219974551e-05
1.447582481943376461e-05
1.459868727630335605e-05
1.470279444115358457e-05
1.478779550800875780e-05
1.485341545489012353e-05
1.489947533076272046e-05
1.492587980491332059e-05
1.493261973832672623e-05
1.491977389964912300e-05
1.488749392135023081e-05
1.483602038244335436e-05
1.476566626990226317e-05
1.467681888276339301e-05
1.456992243833235489e-05
1.444549140402414781e-05
1.430409225130058990e-05
1.414634059769235475e-05
1.397289799759561315e-05
1.378445401587073003e-05
1.358173779625009009e-05
1.336550025828487165e-05
1.313651133662910150e-05
1.289555724178454144e-05
1.264342469429251599e-05
1.238091254656640659e-05
1.210881684125924587e-05
1.182792997436156233e-05
1.153904003752578410e-05
1.124291881957190494e-05
1.094033425391429302e-05
1.063203934935719330e-05
1.031877368916342056e-05
1.000126497173242807e-05
9.680220737273451275e-06
9.356340972928465499e-06
9.030310295134632008e-06
8.702800735953641938e-06
8.374474230404401419e-06
8.045976684124625059e-06
7.717949077427493592e-06
7.391021264176404878e-06
7.065814278189308144e-06
6.742942004268939490e-06
6.423005824372346485e-06
6.106602582071153683e-06
5.794318431179011301e-06
5.486729268899926974e-06
5.184400405458979581e-06
4.887880718526261539e-06
4.597706856469627602e-06
4.314396579572890011e-06
4.038447133987043189e-06
3.770333030541692280e-06
3.510499924731363647e-06
3.259365886090878378e-06
3.017314981061122665e-06
2.784694736734151577e-06
2.561813400013530174e-06
2.348934865596201739e-06
2.146278925273549069e-06
1.954016664095401895e-06
1.772268868348000201e-06
1.601104647288244497e-06
1.440539006885633352e-06
1.290534129854927928e-06
1.150998010787297065e-06
1.021785345925854016e-06
9.026988761602691180e-07
7.934904865230926176e-07
6.938646948751930620e-07
6.034809110734851083e-07
5.219572873714004442e-07
4.488743964416177070e-07
3.837804008188024322e-07
3.261955731105229014e-07
2.756177012723201933e-07
2.315276941480609973e-07
1.933951635970787933e-07
1.606845811810800812e-07
1.328610098437705409e-07
1.093960518052003809e-07
8.977366506676861232e-08
7.349573473769744446e-08
6.008760179548989093e-08
4.910314294275361802e-08
4.012963935075209183e-08
3.279229559896569503e-08
2.675837325303892706e-08
2.174102449708153024e-08
1.750269893546560990e-08
1.385823648094018707e-08
1.067762884776214197e-08
7.888475908738622583e-09
5.478206141380405641e-09
3.496062407779928098e-09
2.054935374119284789e-09
1.333081755032193841e-09
1.575780058818848506e-09
3.096977427107810674e-09
6.280969063411468234e-09
1.158415553475423958e-08
1.953691306397050591e-08
3.074558334067362613e-08
4.589463832044846444e-08
6.574897097444593185e-08
9.115633577233550388e-08
1.230499219632401349e-07
1.624509032731197078e-07
2.104711940530180369e-07
2.683159862098196505e-07
3.372862438057536451e-07
4.187810368255412808e-07
5.142992207907246544e-07
6.254413345637758016e-07
7.539103380705948105e-07
9.015119851646973292e-07
1.070154536196386892e-06
1.261846711716261086e-06
1.478696292757918115e-06
1.722905997583841280e-06
1.996768920681371943e-06
2.302662903554993983e-06
2.643041705738426303e-06
3.020428336182361747e-06
3.437403473940833066e-06
3.896594133746251158e-06
4.400661288959665705e-06
4.952282624563831367e-06
5.554140766245468212e-06
6.208903637020582400e-06
6.919206934387274183e-06
7.687636216423125959e-06
8.516702125374248910e-06
9.408826755268128478e-06
1.036631797830370701e-05
1.139134916459531650e-05
1.248593970081310735e-05
1.365192596921986961e-05
1.489095173524779797e-05
1.620444042406176936e-05
1.759358014004980887e-05
1.905929434771181147e-05
2.060224040628594658e-05
2.222278325702710993e-05
2.392098356474138619e-05
2.569658897184944326e-05
2.754900759836185738e-05
2.947732203235284694e-05
3.148026724327137308e-05
3.355622929207355021e-05
3.570324782918020580e-05
3.791899377238207845e-05
4.020080212341780484e-05
4.254565428847829591e-05
4.495018825359160423e-05
4.741071260242565069e-05
4.992318701448695471e-05
5.248327423436804830e-05
5.508632444676057600e-05
5.772739527646579950e-05
6.040127525938853131e-05
6.310246408997106297e-05
6.582524196563481228e-05
6.856365258252848909e-05
7.131153025231871977e-05
7.406253002079658994e-05
7.681010469245933719e-05
7.954758925971327859e-05
8.226817983958519193e-05
8.496496577409692029e-05
8.763096439396903361e-05
9.025909342177891636e-05
9.284226878927924877e-05
9.537337864793663715e-05
9.784531960706391405e-05
1.002510353920211275e-04
1.025834849976743900e-04
1.048357526174183737e-04
1.070010172910855565e-04
1.090725930203209615e-04
1.110439708762009272e-04
1.129087838536441536e-04
1.146609266992294009e-04
1.162945216583035035e-04
1.178039611648534611e-04
1.191839515899868084e-04
1.204294745875394691e-04
1.215359121209558263e-04
1.224990070971199098e-04
1.233149049374339531e-04
1.239801946702255933e-04
1.244918644050743857e-04
1.248474239154409777e-04
1.250448569043243168e-04
1.250826554704814601e-04
1.249598522327832392e-04
1.246759660886063927e-04
1.242311131393946191e-04
1.236259466777455090e-04
1.228616944247374547e-04
1.219400941477186075e-04
1.208634893665824382e-04
1.196347578912998624e-04
1.182573189061018328e-04
1.167351353973105098e-04
1.150726367387767344e-04
1.132747913143711390e-04
1.113470220876243080e-04
1.092951963110527167e-04
1.071256107060080640e-04
1.048449049077536838e-04
1.024601115988804510e-04
9.997856502081301183e-05
9.740787794895961003e-05
9.475591524248258796e-05
9.203070609993500308e-05
8.924047709703634946e-05
8.639356281492897730e-05
8.349837799852502409e-05
8.056338780413606099e-05
7.759702821530430213e-05
7.460772940777152696e-05
7.160383766969006733e-05
6.859359059102166994e-05
6.558509155911269807e-05
6.258624552560185716e-05
5.960477869277577460e-05
5.664817749742972184e-05
5.372367144367109674e-05
5.083821571141413438e-05
4.799844479724578526e-05
4.521069089366756925e-05
4.248094066392336834e-05
3.981482591891107769e-05
3.721761386482136060e-05
3.469417648528606499e-05
3.224900671688043835e-05
2.988618981688674159e-05
2.760939921569408474e-05
2.542189161598522578e-05
2.332648794501781224e-05
2.132558586711177879e-05
1.942114193270950479e-05
1.761467046947555692e-05
1.590724197758866084e-05
1.429947321339355287e-05
1.279153742302272861e-05
1.138315645709567284e-05
1.007360432249773583e-05
8.861711471501532446e-06
7.745866014769845788e-06
6.724027812142420969e-06
5.793734460066148368e-06
4.952115872473894993e-06
4.195911597185091482e-06
3.521489507444748017e-06
2.924873591699266952e-06
2.401771093207525706e-06
1.947607116011086154e-06
1.557563956349186192e-06
1.226624917520485127e-06
9.496255580623458014e-07
7.213087616170997099e-07
5.363866899519476732e-07
3.896084913834976987e-07
2.758337103315684668e-07
1.901120190937565331e-07
1.277681713037137429e-07
8.449275830020011980e-08
5.643813036376176073e-08
4.031937548899981887e-08
3.351977412212242354e-08
3.420048488954105479e-08
4.141393215878350684e-08
5.522039044006805268e-08
7.680730187041369115e-08
1.086107109539493493e-07
1.544383182053234450e-07
2.195935977245072175e-07
3.110003064606226747e-07
4.373271380148418768e-07
6.091116337297977381e-07
8.388831160082805732e-07
1.141284192327488798e-06
1.533189769198932506e-06
2.033824701134485158e-06
2.664877784699095234e-06
3.450613148406746800e-06
4.417978650854005873e-06
5.596708631684496427e-06
7.019426705059914739e-06
8.721740787476682728e-06
1.074233561715284156e-05
1.312306170540024941e-05
1.590901356285480482e-05
1.914861454620306341e-05
2.289368538144730125e-05
2.719951253089635370e-05
3.212491267941414028e-05
3.773227639047874524e-05
4.408763316989581344e-05
5.126068197081207754e-05
5.932482697763451392e-05
6.835720847017734208e-05
7.843869373761586626e-05
8.965391701312289726e-05
1.020912504150087657e-04
1.158427906884768575e-04
1.310043388703293341e-04
1.476753079092041267e-04
1.659587268193260100e-04
1.859611182846326622e-04
2.077924116812720720e-04
2.315658467082475243e-04
2.573977567327935903e-04
2.854075260473784548e-04
3.157173331697259383e-04
3.484519645365521923e-04
3.837386187844173732e-04
4.217065241186923391e-04
4.624868492066104846e-04
5.062122762490988163e-04
5.530167026038823336e-04
6.030349384637049811e-04
6.564021306703682378e-04
7.132536551109903674e-04
7.737245037928364893e-04
8.379489589919406891e-04
9.060598607084236616e-04
9.781885306786889875e-04
1.054464019929322481e-03
1.135012671745599163e-03
1.219957710876639484e-03
1.309418341155712965e-03
1.403509801677054651e-03
1.502342477663689028e-03
1.606021484236467558e-03
1.714646302667099291e-03
1.828309760642020257e-03
1.947098350922767595e-03
2.071091264584221450e-03
2.200360093156478788e-03
2.334968610533427833e-03
2.474971694791869726e-03
2.620416044607719840e-03
2.771339189125648569e-03
2.927769397566614817e-03
3.089725690596245751e-03
3.257216742148444106e-03
3.430242102700123592e-03
3.608791208405621835e-03
3.792843550770801965e-03
3.982368959715707965e-03
4.177326480712682637e-03
4.377666162917482132e-03
4.583328040920403579e-03
4.794242563837074027e-03
5.010331137492721881e-03
5.231504921918148261e-03
5.457667183616820780e-03
5.688712175218543082e-03
5.924525773362974285e-03
6.164986220329960777e-03
6.409962750697495437e-03
6.659318462421473517e-03
6.912908993744995741e-03
7.170583292956726924e-03
7.432184479693776553e-03
7.697548204646780662e-03
7.966505979914065283e-03
8.238883561828207885e-03
8.514501784019991998e-03
8.793177473663293595e-03
9.074721479019658144e-03
9.358942418091757698e-03
9.645644718523197630e-03
9.934629483517348064e-03
1.022569544026480370e-02
1.051863662483674966e-02
1.081324654552959057e-02
1.110931588872403515e-02
1.140663343515319582e-02
1.170498706448624276e-02
1.200416114114819487e-02
1.230394112008944239e-02
1.260411097376764634e-02
1.290445420748809711e-02
1.320475496922624697e-02
1.350479520731148395e-02
1.380435974767291185e-02
1.410323350891317003e-02
1.440120265963160638e-02
1.469805586847124437e-02
1.499358129051253131e-02
1.528757210581391073e-02
1.557982355952396321e-02
1.587013516152355891e-02
1.615830754359661239e-02
1.644414831327105711e-02
1.672746894175277180e-02
1.700808612402996897e-02
1.728582319235311832e-02
1.756050676910676095e-02
1.783197288587510046e-02
1.810006361699107585e-02
1.836462840913961544e-02
1.862552542674913991e-02
1.888261791162341649e-02
1.913578038143297702e-02
1.938489491217740626e-02
1.962985229454384389e-02
1.987055316986561376e-02
2.010690400862134505e-02
2.033882320984400222e-02
2.056623696099610030e-02
2.078908011278649340e-02
2.100729701131068619e-02
2.122083706691917093e-02
2.142966064474586749e-02
2.163373451127095087e-02
2.183303240820320262e-02
2.202753558364783926e-02
2.221722802554216072e-02
2.240210214298312200e-02
2.258215391966570881e-02
2.275738328054318846e-02
2.292779443782454185e-02
2.309339097131353491e-02
2.325418140876837556e-02
2.341017430410892095e-02
2.356137858251765652e-02
2.370780389948325129e-02
2.384945581819099270e-02
2.398634145867017953e-02
2.411846475973628695e-02
2.424582701741523696e-02
2.436842746869855719e-02
2.448625880967171542e-02
2.459931306712352314e-02
2.470757726338276491e-02
2.481103431025168463e-02
2.490966396053218707e-02
2.500343882359147563e-02
2.509233051881422719e-02
2.517630584882265404e-02
2.525532808966922740e-02
2.532935832226848594e-02
2.539835196079346866e-02
2.546226510647142324e-02
2.552105118466764522e-02
2.557466252403403986e-02
2.562305193312400253e-02
2.566616961117866927e-02
2.570396948587597499e-02
2.573640613774033983e-02
2.576343734644326658e-02
2.578502114626304506e-02
2.580112194129920850e-02
2.581170748649403573e-02
2.581675038306870465e-02
2.581622946624196474e-02
2.581012682437637540e-02
2.579843337910367809e-02
2.578114573762934486e-02
2.575826729634694834e-02
2.572980919683319836e-02
2.569578713398885592e-02
2.565622620423287439e-02
2.561115750498952140e-02
2.556061872787450742e-02
2.550465459590236378e-02
2.544331342458334283e-02
2.537665119685856424e-02
2.530472794055695779e-02
2.522760785594860278e-02
2.514535931301353083e-02
2.505805129093008690e-02
2.496575680632492564e-02
2.486854925385855591e-02
2.476650226466770716e-02
2.465968948514794812e-02
2.454818114696896703e-02
2.443204709818796311e-02
2.431135339098766668e-02
2.418616215485844614e-02
2.405653144822514355e-02
2.392251225807496759e-02
2.378415142047215700e-02
2.364148874782426302e-02
2.349455719394914072e-02
2.334338304356237473e-02
2.318798359112851301e-02
2.302837017761498462e-02
2.286454606423986638e-02
2.269650706896678485e-02
2.252424224617568388e-02
2.234773236485508574e-02
2.216695315424761087e-02
2.198187398014193536e-02
2.179245897723526559e-02
2.159866821043113921e-02
2.140045690524125521e-02
2.119777883215962985e-02
2.099058567374668602e-02
2.077882851533539854e-02
2.056245932232395393e-02
2.034143072294336552e-02
2.011569932234294825e-02
1.988522551515208708e-02
1.964997507795257156e-02
1.940992069114981511e-02
1.916504198029478703e-02
1.891532847736254741e-02
1.866077957086665837e-02
1.840140589997385501e-02
1.813723062282085463e-02
1.786828940975001764e-02
1.759463277881151422e-02
1.731632589552587614e-02
1.703344950701063745e-02
1.674610071205347855e-02
1.645439266360705990e-02
1.615845608901471039e-02
1.585843873992637265e-02
1.555450586009650416e-02
1.524683955676421968e-02
1.493563961755111844e-02
1.462112262038009480e-02
1.430352172534015906e-02
1.398308629988914177e-02
1.366008086181821554e-02
1.333478506726624123e-02
1.300749242633054102e-02
1.267850951404949841e-02
1.234815504748144367e-02
1.201675849001052586e-02
1.168465937254557080e-02
1.135220574173424757e-02
1.101975295898142797e-02
1.068766241283783565e-02
1.035629995080364005e-02
1.002603476817262758e-02
9.697237773259309926e-03
9.370280194012262781e-03
9.045532149931307178e-03
8.723361107591410396e-03
8.404130595240109913e-03
8.088198681398360915e-03
7.775916613634759229e-03
7.467627470890924463e-03
7.163664828426041450e-03
6.864351538425362761e-03
6.569998494425516658e-03
6.280903497065204975e-03
5.997350172363760668e-03
5.719606993769550500e-03
5.447926323204647578e-03
5.182543587994600451e-03
4.923676517834887911e-03
4.671524461013208326e-03
4.426267858916947337e-03
4.188067681004427507e-03
3.957065085117210217e-03
3.733381109588736115e-03
3.517116457813961906e-03
3.308351462756184240e-03
3.107145981852339842e-03
2.913539552625180138e-03
2.727551560123612790e-03
2.549181496150124213e-03
2.378409392309699215e-03
2.215196171568902753e-03
2.059484252266343979e-03
1.911198147434783586e-03
1.770245141815144198e-03
1.636516114695210329e-03
1.509886277962605404e-03
1.390216126340235473e-03
1.277352366025682031e-03
1.171128895327304062e-03
1.071367888033096212e-03
9.778807901766469694e-04
8.904694690933217648e-04
8.089273125233177467e-04
7.330404029654057421e-04
6.625886026955687784e-04
5.973467375942733207e-04
5.370857247017964825e-04
4.815736898882521082e-04
4.305770983497108294e-04
3.838617910980461644e-04
3.411940567026394504e-04
3.023416292871160932e-04
2.670746449040287368e-04
2.351665690688240233e-04
2.063950272944571455e-04
1.805426205350374241e-04
1.573976562782512638e-04
1.367548165942298970e-04
1.184157705143876421e-04
1.021896922980032466e-04
8.789373411788482934e-05
7.535341447586090837e-05
6.440293666887036625e-05
5.488544276551396406e-05
4.665318511043676022e-05
3.956764325171236899e-05
3.349956849777619030e-05
2.832896650429891686e-05
2.394502332985932053e-05
2.024596931349221398e-05
1.713889742557527323e-05
1.453953062796805925e-05
1.237194649475781620e-05
1.056826484585007417e-05
9.068298849522128492e-06
7.819180517844617187e-06
6.774960925431545458e-06
5.896191803318646589e-06
5.149493878870328492e-06
4.507114383520778502e-06
3.946481272225880891e-06
3.449756065805857579e-06
3.003390182982957252e-06
2.597688771456484006e-06
2.226384166170270490e-06
1.886223671057027592e-06
1.576573030453499820e-06
1.299038359563961624e-06
1.057108573566807005e-06
8.558192612544999585e-07
7.014399604928868576e-07
6.011850172311754366e-07
5.629487232846436964e-07
5.950649235523222862e-07
7.060906777122733529e-07
9.046138728783937221e-07
1.199083848648187883e-06
1.597664189710273525e-06
2.108106875113320980e-06
2.737645870694543730e-06
3.492909677411791738e-06
4.379850781570127985e-06
5.403690567609976180e-06
6.568879184969098647e-06
7.879066323861376179e-06
9.337084649527649477e-06
1.094494210312895226e-05
1.270382214559257874e-05
1.461409313677900949e-05
1.667531925070776081e-05
1.888628015281870723e-05
2.124499161177702996e-05
2.374873317248261882e-05
2.639407049956900040e-05
2.917688650535316168e-05
3.209240996503363825e-05
3.513524411233329500e-05
3.829940229362729161e-05
4.157833073069170147e-05
4.496494422009234384e-05
4.845165562437624840e-05
5.203040671398200684e-05
5.569269692554067571e-05
5.942962614083151501e-05
6.323190102430927256e-05
6.708989783062940338e-05
7.099368300198130946e-05
7.493302806367187891e-05
7.889748654830007631e-05
8.287638031913012221e-05
8.685888226018691888e-05
9.083403675527302430e-05
9.479077397762891396e-05
9.871800659248289279e-05
1.026046053683439226e-04
1.064395014867599573e-04
1.102117056195767175e-04
1.139103197583186987e-04
1.175246518378757985e-04
1.210441763263202323e-04
1.244586521686733200e-04
1.277581347982461115e-04
1.309329796040025699e-04
1.339739545198005070e-04
1.368722441275747772e-04
1.396194446377596143e-04
1.422076919212302611e-04
1.446295842461895549e-04
1.468783084163459277e-04
1.489476253878461325e-04
1.508318466375123011e-04
1.525259598894300201e-04
1.540255229168846691e-04
1.553267853248100207e-04
1.564266525180822199e-04
1.573226416470999503e-04
1.580130001265774118e-04
1.584965725257278036e-04
1.587729147295572404e-04
1.588422380310549036e-04
1.587053476175507172e-04
1.583637525927743294e-04
1.578195128586898572e-04
1.570753455062904170e-04
1.561345544953627045e-04
1.550009577438288516e-04
1.536789893544951674e-04
1.521735357778159880e-04
1.504900352890663239e-04
1.486343997477823750e-04
1.466129366910075662e-04
1.444324441366168362e-04
1.421000447722277392e-04
1.396232782509964233e-04
1.370100201531589991e-04
1.342684036617320200e-04
1.314069055634547165e-04
1.284341848861298406e-04
1.253591658695645472e-04
1.221909570475829146e-04
1.189387748192662612e-04
1.156120178738790705e-04
1.122201144678279500e-04
1.087725931099503215e-04
1.052790034373534626e-04
1.017488429920898591e-04
9.819161775397760618e-05
9.461670152242767642e-05
9.103339268873984985e-05
8.745083921078500918e-05
8.387797082607352712e-05
8.032354596888362480e-05
7.679602763906754964e-05
7.330362781296437529e-05
6.985424083987687633e-05
6.645538541512817051e-05
6.311424175204414339e-05
5.983754970883721627e-05
5.663164585103551483e-05
5.350241140380502218e-05
5.045522986801230368e-05
4.749502097730377511e-05
4.462616697483505040e-05
4.185254912374618768e-05
3.917751620774874129e-05
3.660386305954434514e-05
3.413386790096931345e-05
3.176925028358921669e-05
2.951121269751267456e-05
2.736043267934325362e-05
2.531706416466860573e-05
2.338078186255855925e-05
2.155076959735879058e-05
1.982576879162004332e-05
1.820409216776469624e-05
1.668364466896970244e-05
1.526197368311706936e-05
1.393628087560001194e-05
1.270347435505981307e-05
1.156019666661212642e-05
1.050285710721791977e-05
9.527682051692551571e-06
8.630739112763788891e-06
7.807986023140122382e-06
7.055302386505967507e-06
6.368522720776036691e-06
5.743478980455578923e-06
5.176024894561168606e-06
4.662073804299027258e-06
4.197623940006308988e-06
3.778782644457164297e-06
3.401794456575919711e-06
3.063056273262332920e-06
2.759138958918867748e-06
2.486799668222365333e-06
2.242992004400014869e-06
2.024877134930847854e-06
1.829825855013491455e-06
1.655423534524047523e-06
1.499468583348014353e-06
1.359968936737944923e-06
1.235138712350665996e-06
1.123389054257042748e-06
1.023320732487171677e-06
9.337128772142844811e-07
8.535107868644258325e-07
7.818143610451553012e-07
7.178634737526266743e-07
6.610252338168360668e-07
6.107796231766425036e-07
5.667054457099511112e-07
5.284676927577873446e-07
4.958038699198208560e-07
4.685126090526433018e-07
4.464421640039193614e-07
4.294800160585124638e-07
4.175443841116001773e-07
4.105756974652253514e-07
4.085304509959214446e-07
4.113754816326198847e-07
4.190834254048441099e-07
4.316300482668877168e-07
4.489914695171600762e-07
4.711434971766988039e-07
4.980610323701258023e-07
5.297181114595148822e-07
5.660893614601133992e-07
6.071511070521019224e-07
6.528826534184625414e-07
7.032688992318113713e-07
7.583012090799051167e-07
8.179800454573525555e-07
8.823161718432268138e-07
9.513313430946705273e-07
1.025060347840949116e-06
1.103549978413760274e-06
1.186860255775266969e-06
1.275063310346444072e-06
1.368241429193490830e-06
1.466487141054697473e-06
1.569898947001960975e-06
1.678580634789548590e-06
1.792637523104113536e-06
1.912171976690115512e-06
2.037282343896903248e-06
2.168056215383683618e-06
2.304569372453212808e-06
2.446880947640895884e-06
2.595028189620715285e-06
2.749026543398521484e-06
2.908862366350272127e-06
3.074493992571129513e-06
3.245847961747394483e-06
3.422815111731283294e-06
3.605254114680760182e-06
3.792985257381888754e-06
3.985795542174998858e-06
4.183437282531609708e-06
4.385626524627710773e-06
4.592051077228797077e-06
4.802365519361849014e-06
5.016200684615275288e-06
5.233164266717799337e-06
5.452840892341266414e-06
5.674803962649437993e-06
5.898610440528382876e-06
6.123813464896896355e-06
6.349963180017267646e-06
6.576606522908798169e-06
6.803301030717224589e-06
7.029607134984558321e-06
7.255101915518181366e-06
7.479377961934144262e-06
7.702040788527681468e-06
7.922722741236869995e-06
8.141070919296701175e-06
8.356760527033237402e-06
8.569490357159491572e-06
8.778976720980358024e-06
8.984966615406824071e-06
9.187220734899729339e-06
9.385526159598916554e-06
9.579688523058829750e-06
9.769522854722566873e-06
9.954866586705397914e-06
1.013555865981018199e-05
1.031145262654100605e-05
1.048240691196620961e-05
1.064827418499514484e-05
1.080891578806237134e-05
1.096417889096566866e-05
1.111391174848982418e-05
1.125795400003191836e-05
1.139612651496746862e-05
1.152824889060686534e-05
1.165411655325104972e-05
1.177351956496960734e-05
1.188623442919259165e-05
1.199201570092432334e-05
1.209061731861237374e-05
1.218177062862711668e-05
1.226520699477439952e-05
1.234065140964937155e-05
1.240781593463817793e-05
1.246642428313977725e-05
1.251619051279443390e-05
1.255684434616988890e-05
1.258812567425761022e-05
1.260977875488758271e-05
1.262157831670817471e-05
1.262330778660260718e-05
1.261478532701320751e-05
1.259585767042591182e-05
1.256639351857484576e-05
1.252630900998743014e-05
1.247554425899061145e-05
1.241408803916668909e-05
1.234196959221407273e-05
1.225925003200535123e-05
1.216604545255906481e-05
1.206250125944290139e-05
1.194881414528874741e-05
1.182522142518111765e-05
1.169199023203246864e-05
1.154943756341980044e-05
1.139790300521028054e-05
1.123776775460598000e-05
1.106944217220887699e-05
1.089335364961683614e-05
1.070996398205496222e-05
1.051974205789494604e-05
1.032318064240363956e-05
1.012078365186700496e-05
9.913054252871902333e-06
9.700510599698170013e-06
9.483660430960857412e-06
9.263016710111607525e-06
9.039086256313699183e-06
8.812359601104017334e-06
8.583326094618326055e-06
8.352451961045719223e-06
8.120195589834940466e-06
7.886998586592361264e-06
7.653278227694827862e-06
7.419442321560564875e-06
7.185871341288975670e-06
6.952933408205690111e-06
6.720977874324874086e-06
6.490330248293156373e-06
6.261306383651375593e-06
6.034198286832430627e-06
5.809288077791739762e-06
5.586843367220910325e-06
5.367113761528323334e-06
5.150343403299740029e-06
4.936759413929620298e-06
4.726583779403117710e-06
4.520029442543871170e-06
4.317297285308223793e-06
4.118584856824698340e-06
3.924082473090472113e-06
3.733970103818143009e-06
3.548425528386763762e-06
3.367615021052323680e-06
3.191700591930499149e-06
3.020835856638686552e-06
2.855162627630130949e-06
2.694816294432711906e-06
2.539917622443339372e-06
2.390577474261913021e-06
2.246892802688501809e-06
2.108943409551593429e-06
1.976795456602864583e-06
1.850494905317241527e-06
1.730070823709677979e-06
1.615532338977993795e-06
1.506866418688730612e-06
1.404040759382553290e-06
1.306999538227623120e-06
1.215666513906275950e-06
1.129943705209509376e-06
1.049710871289139174e-06
9.748287579153486878e-07
9.051374176430230679e-07
8.404598317741663215e-07
7.806024901383271720e-07
7.253565964021380685e-07
6.745019285318408344e-07
6.278072394666981585e-07
5.850343295685352096e-07
5.459399182094276230e-07
5.102778420506652700e-07
4.778030045363728092e-07
4.482727152932895306e-07
4.214504663461996784e-07
3.971079472745890806e-07
3.750270664140772856e-07
3.550030480904535711e-07
3.368453831787597218e-07
3.203803712836709998e-07
3.054521424441181281e-07
2.919234630180588465e-07
2.796772047828690856e-07
2.686159808281973779e-07
2.586629000867202384e-07
2.497610194490645474e-07
2.418725308334351572e-07
2.349784658905272627e-07
2.290768760798606823e-07
2.241819785017149936e-07
2.203222713210318227e-07
2.175384943751173989e-07
2.158821844165729007e-07
2.154130146402011558e-07
2.161971827859200879e-07
2.183050507186478899e-07
2.218088070180241589e-07
2.267809420756066628e-07
2.332917048643500400e-07
2.414078381547492482e-07
2.511907340841895465e-07
2.626947389863934913e-07
2.759665490668514705e-07
2.910435224171851226e-07
3.079535913218059266e-07
3.267145265420413692e-07
3.473333432609330828e-07
3.698070983730322599e-07
3.941221733223965480e-07
4.202555740565060621e-07
4.481752207029010851e-07
4.778402328276490653e-07
5.092029508613073988e-07
5.422086433979283331e-07
5.767977997886638935e-07
6.129067916113440774e-07
6.504683141447847173e-07
6.894140205893278862e-07
7.296737605993683246e-07
7.711782007008408139e-07
8.138590326136316346e-07
8.576487756303838994e-07
9.024834127656631584e-07
9.483003890390009137e-07
9.950410709985308368e-07
1.042649955063209441e-06
1.091073387206349448e-06
1.140261977583765941e-06
1.190167064329778315e-06
1.240743000879341704e-06
1.291945347389504217e-06
1.343728606092888758e-06
1.396048709595606926e-06
1.448858196929663962e-06
1.502108799291606583e-06
1.555749065952784787e-06
1.609721634163185704e-06
1.663966431814269250e-06
1.718415124893558084e-06
1.772994686450806818e-06
1.827625069274771633e-06
1.882216616533330148e-06
1.936674609099941133e-06
1.990893493719360386e-06
2.044761963396806217e-06
2.098161089863983634e-06
2.150962226697646207e-06
2.203033188997280100e-06
2.254232438250366514e-06
2.304415776939314184e-06
2.353434940658365567e-06
2.401135923989516754e-06
2.447366598680098236e-06
2.491970636818951499e-06
2.534795456687000360e-06
2.575690889688664520e-06
2.614507512567823629e-06
2.651105130323063544e-06
2.685345992801373545e-06
2.717103342702261727e-06
2.746259614825535785e-06
2.772704259375001851e-06
2.796341280046411525e-06
2.817086935489908856e-06
2.834867073800333953e-06
2.849625611369211968e-06
2.861315925349522735e-06
2.869909095033239585e-06
2.875390621808587178e-06
2.877756866764419093e-06
2.877022976847100775e-06
2.873213210822137095e-06
2.866368603188855656e-06
2.856542828868890231e-06
2.843797943370258473e-06
2.828211706008143996e-06
2.809867309634468209e-06
2.788860522842429575e-06
2.765295110312068817e-06
2.739278318173758316e-06
2.710927765115148605e-06
2.680361215684349061e-06
2.647703409809781765e-06
2.613081549161541787e-06
2.576621020280224804e-06
2.538452074516751854e-06
2.498700238796939542e-06
2.457493021611603704e-06
2.414955880198995783e-06
2.371208542048939149e-06
2.326371591591984385e-06
2.280557902709355571e-06
2.233879266426883721e-06
2.186443037649582038e-06
2.138349187787900038e-06
2.089696742335159415e-06
2.040576354149693150e-06
1.991076724433730143e-06
1.941281900439135271e-06
1.891268976614604683e-06
1.841114179963734942e-06
1.790886490021161838e-06
1.740653610613508483e-06
1.690479742755680600e-06
1.640423730211123067e-06
1.590544536503046770e-06
1.540895720523888474e-06
1.491530709603702345e-06
1.442500844536040616e-06
1.393853764283935290e-06
1.345638075028097383e-06
1.297898512773312914e-06
1.250680361701854848e-06
1.204027642700367642e-06
1.157981622163050247e-06
1.112584604391129321e-06
1.067875706929228963e-06
1.023894411957365982e-06
9.806788868070917965e-07
9.382646198488180283e-07
8.966874088712862389e-07
8.559797710477668703e-07
8.161737423490922980e-07
7.772994095237540670e-07
7.393837558077653567e-07
7.024530078647075032e-07
6.665297415109823534e-07
6.316351028268452707e-07
5.977876498530969650e-07
5.650024945092344455e-07
5.332931786157293922e-07
5.026694984758936752e-07
4.731392985705684423e-07
4.447076654876492191e-07
4.173763873546637252e-07
3.911454698747888738e-07
3.660116137721843592e-07
3.419696589987824610e-07
3.190120838795724406e-07
2.971287164254804407e-07
2.763079246563437589e-07
2.565355974608474480e-07
2.377962512314436047e-07
2.200727234766216434e-07
2.033460201819211766e-07
1.875961773888416327e-07
1.728015713691076762e-07
1.589396887650374041e-07
1.459869078981529497e-07
1.339183868487189324e-07
1.227086219101380057e-07
1.123309627430449453e-07
1.027580989728009924e-07
9.396189016294195715e-08
8.591327614071281076e-08
7.858262974749858257e-08
7.193944219258578678e-08
6.595265255565574747e-08
6.059056856867032372e-08
5.582085739158289289e-08
5.161084471866080404e-08
4.792739971759856497e-08
4.473726395047593932e-08
4.200713415055061357e-08
3.970380517241532666e-08
3.779454693794463232e-08
3.624720429255028322e-08
3.503062447209377715e-08
3.411491480600129864e-08
3.347173530654733328e-08
3.307477730460255223e-08
3.290000031874751445e-08
3.292612613907926990e-08
3.313496439702232894e-08
3.351172775917456555e-08
3.404549365125797047e-08
3.472938678637251411e-08
3.556097628032648254e-08
3.654245816897513634e-08
3.768077443715624433e-08
3.898785358988326125e-08
4.048049957284374944e-08
4.218048836810090599e-08
4.411439243926863256e-08
4.631330327879188146e-08
4.881269258427674547e-08
5.165184188445189543e-08
5.487353853100136519e-08
5.852345466968301498e-08
6.264941897820826947e-08
6.730092234561891315e-08
7.252810002265546265e-08
7.838114359798182985e-08
8.490935643957225164e-08
9.216012989279442250e-08
1.001783029221456146e-07
1.090051615509306014e-07
1.186773835835208229e-07
1.292265962353340092e-07
1.406781079629242881e-07
1.530506274879374937e-07
1.663554527938395245e-07
1.805956364764562589e-07
1.957661464255250611e-07
2.118527930195456837e-07
2.288326942376852769e-07
2.466739301386197344e-07
2.653351663173069130e-07
2.847667441337831590e-07
3.049098922122772833e-07
3.256981683545956095e-07
3.470576272959715827e-07
3.689068994979533718e-07
3.911592669647552813e-07
4.137219859274797714e-07
4.364986428378516080e-07
4.593896066014585476e-07
4.822922994667661226e-07
5.051040232103967622e-07
5.277210086231352662e-07
5.500413661213873910e-07
5.719654093913862654e-07
5.933957090823120199e-07
6.142402590218411809e-07
6.344108239411855252e-07
6.538260634665766487e-07
6.724113170884136003e-07
6.900980757059697451e-07
7.068270920203773593e-07
7.225457518449683180e-07
7.372110379323453892e-07
7.507885539976808872e-07
7.632512604342146850e-07
7.745823109679437837e-07
7.847714543632654178e-07
7.938177188355204238e-07
8.017277301243427335e-07
8.085138291170713333e-07
8.141966532277454610e-07
8.188008529121726596e-07
8.223575988320103764e-07
8.249024825587028644e-07
8.264733363594877639e-07
8.271127507396483031e-07
8.268635432821694073e-07
8.257713110055204377e-07
8.238822928481831045e-07
8.212412625406812861e-07
8.178942093628966502e-07
8.138839756757978777e-07
8.092530532557058869e-07
8.040417151949664102e-07
7.982862514384005791e-07
7.920219430604934799e-07
7.852791268816774492e-07
7.780863017499042913e-07
7.704686634673805087e-07
7.624467702032615807e-07
7.540397800367334799e-07
7.452619995385773131e-07
7.361262054507364193e-07
7.266425356004849343e-07
7.168175030427868409e-07
7.066573281511476806e-07
6.961648768968914910e-07
6.853429934205687186e-07
6.741935909990450569e-07
6.627168473477848909e-07
6.509144031058598821e-07
6.387865439296794584e-07
6.263353171091086847e-07
6.135636563692443434e-07
6.004746002525402132e-07
5.870741554310541269e-07
5.733686160445728463e-07
5.593672908682891615e-07
5.450815594103730619e-07
5.305240277797432322e-07
5.157109350816654711e-07
5.006595866861284161e-07
4.853906063557138771e-07
4.699269088968537116e-07
4.542927928006046794e-07
4.385158565735357373e-07
4.226245980952697248e-07
4.066501875314679592e-07
3.906254103315766825e-07
3.745837548271630055e-07
3.585608720823165570e-07
3.425924307936924499e-07
3.267154606468889073e-07
3.109673501223923502e-07
2.953850079626950248e-07
2.800059374934890275e-07
2.648664331516437724e-07
2.500025708925784322e-07
2.354493431426870208e-07
2.212399648315953379e-07
2.074066495581906851e-07
1.939792049239535096e-07
1.809857577440277807e-07
1.684520888619381928e-07
1.564011332690059162e-07
1.448535514361737337e-07
1.338267433162998028e-07
1.233353996441172087e-07
1.133910741005601649e-07
1.040019032099021487e-07
9.517306463075051740e-08
8.690619324435563417e-08
7.919984516914109891e-08
7.204931709013699516e-08
6.544658641094201546e-08
5.938073476723977222e-08
5.383771519983058410e-08
4.880079668579742907e-08
4.425060828643089237e-08
4.016527056797386250e-08
3.652080812128242407e-08
3.329130265603784422e-08
3.044911135430173472e-08
2.796531504910262942e-08
2.580985939134334877e-08
2.395201393368833447e-08
2.236063852556221334e-08
2.100447800910193565e-08
1.985260230300200366e-08
1.887462451347421931e-08
1.804112376379948503e-08
1.732391764403149603e-08
1.669633029415860982e-08
1.613355532785168368e-08
1.561282430529607432e-08
1.511371715780825465e-08
1.461833116113095702e-08
1.411142306853951283e-08
1.358061315458076170e-08
1.301640575778592522e-08
1.241231351669210730e-08
1.176484548998274701e-08
1.107346097619845922e-08
1.034056104419945017e-08
9.571321805620024050e-09
8.773602069613305364e-09
7.957737565092979727e-09
7.136309706169470813e-09
6.323935971897461355e-09
5.536952626632431429e-09
4.793148477417286517e-09
4.111430006671936393e-09
3.511481937711023239e-09
3.013446579273860157e-09
2.637558908444314849e-09
2.403822608745920492e-09
2.331670790460245854e-09
2.439645113011589123e-09
2.745110694335219901e-09
3.263971329973070908e-09
4.010441123309573292e-09
4.996835386559731661e-09
6.233392055679422449e-09
7.728170051188124405e-09
9.486935395261345417e-09
1.151315652004565063e-08
1.380800498240853213e-08
1.637037740265887435e-08
1.919706083485119639e-08
2.228278724819582405e-08
2.562049557956455221e-08
2.920151784974005190e-08
3.301575350566815438e-08
3.705207938470076056e-08
4.129845705161016122e-08
4.574239672154469922e-08
5.037119721516522978e-08
5.517212633317294510e-08
6.013295788756805575e-08
6.524193884784342171e-08
7.048831669324453073e-08
7.586244829475717402e-08
8.135580410593033191e-08
8.696148641804026966e-08
9.267386728523344196e-08
9.848904926321754812e-08
1.044046954976170396e-07
1.104197307668786616e-07
1.165347598283180490e-07
1.227512809263457194e-07
1.290720473328181620e-07
1.355005894992821230e-07
1.420406134153553048e-07
1.486963707243582399e-07
1.554714950586672476e-07
1.623693733588752000e-07
1.693924735352106925e-07
1.765415770542422109e-07
1.838162839511732432e-07
1.912136365350692145e-07
1.987287171125009421e-07
2.063539828729656123e-07
2.140785392412344964e-07
2.218890144251593540e-07
2.297681608250065912e-07
2.376959008610760067e-07
2.456488498558698167e-07
2.535997949320619674e-07
2.615191035720769507e-07
2.693734091327793106e-07
2.771272117372292489e-07
2.847426437636732580e-07
2.921791825769392441e-07
2.993955893664408866e-07
3.063486369758922438e-07
3.129951873871615230e-07
3.192920887091119484e-07
3.251959917434600774e-07
3.306656293878661889e-07
3.356604192145087784e-07
3.401427742800295469e-07
3.440779077488986473e-07
3.474335325466361891e-07
3.501821813547192931e-07
3.522994912805059765e-07
3.537664432893649688e-07
3.545688567772755064e-07
3.546967819438358324e-07
3.541465795111826461e-07
3.529187930434858530e-07
3.510200811585757432e-07
3.484623095158628077e-07
3.452615826094201719e-07
3.414399344618678930e-07
3.370228676299397862e-07
3.320408984074387054e-07
3.265283314601934042e-07
3.205220473678505551e-07
3.140628258377597613e-07
3.071927879422429295e-07
2.999566319975004114e-07
2.924003129627824525e-07
2.845698144884735511e-07
2.765122468510262580e-07
2.682734892874152295e-07
2.598992758974737676e-07
2.514340315908262132e-07
2.429198592148914370e-07
2.343975749163586190e-07
2.259047850519452198e-07
2.174769610753027377e-07
2.091466024775522776e-07
2.009425711879904728e-07
1.928910016396174552e-07
1.850146844173934159e-07
1.773326148519916831e-07
1.698610803004690434e-07
1.626125547976520896e-07
1.555968181055612578e-07
1.488206574303613795e-07
1.422877016328620006e-07
1.359994887147116795e-07
1.299547407962549213e-07
1.241504220374243298e-07
1.185816314025614683e-07
1.132415859253140837e-07
1.081225738192993227e-07
1.032154481606238755e-07
9.851053149006019643e-08
9.399756665385937397e-08
8.966572362553377007e-08
8.550436419821359047e-08
8.150262573394605646e-08
7.765011742666585931e-08
7.393684320231689839e-08
7.035316084640233729e-08
6.689033301549681422e-08
6.354013552108943993e-08
6.029534017068407473e-08
5.714958153161423701e-08
5.409725278519702636e-08
5.113386030140590921e-08
4.825564367870823144e-08
4.545987412153399884e-08
4.274467555664703968e-08
4.010887424619529920e-08
3.755219507836630738e-08
3.507490713155626199e-08
3.267797958093715623e-08
3.036288347466578012e-08
2.813142344200011368e-08
2.598582041836195132e-08
2.392840511952822815e-08
2.196167808577967009e-08
2.008812436900651280e-08
1.831006014601341461e-08
1.662965245812943171e-08
1.504868730997973809e-08
1.356858727268371162e-08
1.219027659628681183e-08
1.091408007513372991e-08
9.739737126685781709e-09
8.666272739707120060e-09
7.692029908872385499e-09
6.814621310779308393e-09
6.030913847984673077e-09
5.337088585922393678e-09
4.728630405602219003e-09
4.200417565284552681e-09
3.746774833249804119e-09
3.361552082017884356e-09
3.038250083450261607e-09
2.770110822921469982e-09
2.550265333175633023e-09
2.371860461929122602e-09
2.228195752160032975e-09
2.112884107813856513e-09
2.019980905120725032e-09
1.944140056222249731e-09
1.880743195960788196e-09
1.826019932863968700e-09
1.777171274218255766e-09
1.732451255795979418e-09
1.691254114788609399e-09
1.654163372076880866e-09
1.622978136094998305e-09
1.600729574818074427e-09
1.591649546928474941e-09
1.601135936787707808e-09
1.635678463415241854e-09
1.702760810487439245e-09
1.810755932602732199e-09
1.968779390923186369e-09
2.186549887256633773e-09
2.474222190041548246e-09
2.842208220657639794e-09
3.301016643156829927e-09
3.861056795183672761e-09
4.532485688640080291e-09
5.325039092640803809e-09
6.247865158023235001e-09
7.309424913143719696e-09
8.517335542459494022e-09
9.878321609832203726e-09
1.139813625875120872e-08
1.308148712182894190e-08
1.493209759228372405e-08
1.695262978325234292e-08
1.914481279430307834e-08
2.150947727695029378e-08
2.404657540098855744e-08
2.675542443073581801e-08
2.963465291284390191e-08
3.268248959633028103e-08
3.589683692110413331e-08
3.927529296227829104e-08
4.281551266449788412e-08
4.651503780456255497e-08
5.037166090333608768e-08
5.438340429016538450e-08
5.854840901597396001e-08
6.286532154163883177e-08
6.733285923044950395e-08
7.195017149790596827e-08
7.671661868928133461e-08
8.163143880766652080e-08
8.669412890650676648e-08
9.190367733301253172e-08
9.725893556860407222e-08
1.027581952356180485e-07
1.083986558113229209e-07
1.141768873884072269e-07
1.200877813314220581e-07
1.261250647809175457e-07
1.322807881808755119e-07
1.385447234947137769e-07
1.449049468365855392e-07
1.513473490343806776e-07
1.578550694787900770e-07
1.644094669248365462e-07
1.709888947915719390e-07
1.775698291352718594e-07
1.841265150848414199e-07
1.906305460764559226e-07
1.970523252022322901e-07
2.033598346890951534e-07
2.095202572341255632e-07
2.154997713796945695e-07
2.212632693233327358e-07
2.267762605334267099e-07
2.320035727180806249e-07
2.369113512634749971e-07
2.414668755970872333e-07
2.456382776628130929e-07
2.493966773588745316e-07
2.527146641220781691e-07
2.555684258234792993e-07
2.579373860705274434e-07
2.598037354996339047e-07
2.611545197073562750e-07
2.619797692950554865e-07
2.622744917127005802e-07
2.620379785016596105e-07
2.612730303004923390e-07
2.599877785577061600e-07
2.581934585580598835e-07
2.559061003714515892e-07
2.531455011317297687e-07
2.499341739221796048e-07
2.462988334024218895e-07
2.422679710037630596e-07
2.378732384207739845e-07
2.331482381573391302e-07
2.281273675509188015e-07
2.228470458979115311e-07
2.173433578069937667e-07
2.116532427006715837e-07
2.058133367134198453e-07
1.998589349079360872e-07
1.938251045370612504e-07
1.877446514002222430e-07
1.816492528703521102e-07
1.755685471265936266e-07
1.695293764355755721e-07
1.635568971420202510e-07
1.576730065503139247e-07
1.518974921429464034e-07
1.462474431256550264e-07
1.407368107842709265e-07
1.353775335642772390e-07
1.301784094935943060e-07
1.251462397656086704e-07
1.202855094783619776e-07
1.155981852994718171e-07
1.110847932119719227e-07
1.067436143353404982e-07
1.025717421273270157e-07
9.856491125667950842e-08
9.471740560358712892e-08
9.102300376107619414e-08
8.747435422720460390e-08
8.406386975452013331e-08
8.078359325021069696e-08
7.762511533066138893e-08
7.458033627860982053e-08
7.164092248094866352e-08
6.879900830738892698e-08
6.604704312228535868e-08
6.337767725149062644e-08
6.078433999523076715e-08
5.826074190095224055e-08
5.580140044047517137e-08
5.340146310022193910e-08
5.105656611771171123e-08
4.876325756685298095e-08
4.651854708351818218e-08
4.432028763761684718e-08
4.216698845246666263e-08
4.005766223759667103e-08
3.799212119572587762e-08
3.597058010173922842e-08
3.399391752880597426e-08
3.206348721276601448e-08
3.018096144048535750e-08
2.834851693620192790e-08
2.656849112579786025e-08
2.484353885268023068e-08
2.317644825307057714e-08
2.156998734716436433e-08
2.002700125335196663e-08
1.855012790314069568e-08
1.714187902480205449e-08
1.580448098576404124e-08
1.453974806210977172e-08
1.334913459737106865e-08
1.223353426123465143e-08
1.119333740522505316e-08
1.022833554074427173e-08
9.337660608785763195e-09
8.519851331122999870e-09
7.772765832843342848e-09
7.093672082027835475e-09
6.479249339568892379e-09
5.925621237750975942e-09
5.428477119323896736e-09
4.983100912302234318e-09
4.584517213490683971e-09
4.227581969832538404e-09
3.907091678694486106e-09
3.617946722903540198e-09
3.355247456480151513e-09
3.114458869672908123e-09
2.891527199332115947e-09
2.682994873886606582e-09
2.486137455906862708e-09
2.299037618917300504e-09
2.120688775867700951e-09
1.951047429885545218e-09
1.791066639050695500e-09
1.642726993256588363e-09
1.509008594301524751e-09
1.393868239624252052e-09
1.302169517177909966e-09
1.239590079740270666e-09
1.212519942800703695e-09
1.227915759920742622e-09
1.293158705344390475e-09
1.415883491786507579e-09
1.603795802586017943e-09
1.864497806910552674e-09
2.205299430816338311e-09
2.633028341466700831e-09
3.153874402723045225e-09
3.773206446695921080e-09
4.495452005734692679e-09
5.323969822962944612e-09
6.260933182832882160e-09
7.307304971684647407e-09
8.462744634241754291e-09
9.725654286871273391e-09
1.109318582834852860e-08
1.256125301928909951e-08
1.412470660969881497e-08
1.577733367767865203e-08
1.751209939032297300e-08
1.932126432904102551e-08
2.119648073758837021e-08
2.312913281035426061e-08
2.511033014736984330e-08
2.713127319412653222e-08
2.918336537227220575e-08
3.125827042448999350e-08
3.334830721769482322e-08
3.544629232084710617e-08
3.754591182141977497e-08
3.964169589369307131e-08
4.172891676951347362e-08
4.380393668754481498e-08
4.586380063447899119e-08
4.790654313850128544e-08
4.993096729412301085e-08
5.193635029418527117e-08
5.392273332651775793e-08
5.589027806794625214e-08
5.783954307648027606e-08
5.977112612911896960e-08
6.168525802892051954e-08
6.358212938345193229e-08
6.546112778172893424e-08
6.732120678396913801e-08
6.916052758172766762e-08
7.097608174334915537e-08
7.276419169114867660e-08
7.451976823265742524e-08
7.623689724771349495e-08
7.790859820605055552e-08
7.952657902488943068e-08
8.108198805472184278e-08
8.256475936849126562e-08
8.396444959829076133e-08
8.527012889437268859e-08
8.647026218300790391e-08
8.755366574318044132e-08
8.850889468859895621e-08
8.932523449843230525e-08
8.999262726547731857e-08
9.050157108389587803e-08
9.084412677174906572e-08
9.101323221430444790e-08
9.100367538791083268e-08
9.081191600777938138e-08
9.043587165087488535e-08
8.987580121219121260e-08
8.913345633869829468e-08
8.821288541669416942e-08
8.712006823279317220e-08
8.586252917692217189e-08
8.445000295219165005e-08
8.289343646183697857e-08
8.120557662776550184e-08
7.940045191153042102e-08
7.749286712472958362e-08
7.549887648822650205e-08
7.343475625995336308e-08
7.131744050830277486e-08
6.916397680411904415e-08
6.699103332917675776e-08
6.481528469499253127e-08
6.265251128795823219e-08
6.051799500162897148e-08
5.842608570873162496e-08
5.638984023929571400e-08
5.442142307769111981e-08
5.253143086880881481e-08
5.072932554272409704e-08
4.902317498765026079e-08
4.741946075760962466e-08
4.592352857855950509e-08
4.453912984607914589e-08
4.326889431388809738e-08
4.211421162426025154e-08
4.107515480294244547e-08
4.015094685276287632e-08
3.933962921726725746e-08
3.863852511940467639e-08
3.804417633356774498e-08
3.755229423325880377e-08
3.715819169697089520e-08
3.685647864513804130e-08
3.664147569875757946e-08
3.650713850787157983e-08
3.644698014494678823e-08
3.645445516381360394e-08
3.652263297424329080e-08
3.664457062325415171e-08
3.681321360510914599e-08
3.702129209684171183e-08
3.726169194222921715e-08
3.752711332265929652e-08
3.781044835379044488e-08
3.810468537569200569e-08
3.840281100839009872e-08
3.869821102600126906e-08
3.898433550017748611e-08
3.925511319851161701e-08
3.950487328336176790e-08
3.972826253813582154e-08
3.992067677399178070e-08
4.007792134849869749e-08
4.019664051611728214e-08
4.027422512503653812e-08
4.030870787771740041e-08
4.029911922412766139e-08
4.024535859331105283e-08
4.014804889392400167e-08
4.000889765498647875e-08
3.983025318772363514e-08
3.961542537555550362e-08
3.936846221946690557e-08
3.909391051971600090e-08
3.879707111620052529e-08
3.848346713867739998e-08
3.815906387087696575e-08
3.782996522924386950e-08
3.750210883411173287e-08
3.718145047547897873e-08
3.687340728327407168e-08
3.658304219378363278e-08
3.631476573000174588e-08
3.607205759687219072e-08
3.585768045521042797e-08
3.567320200258098491e-08
3.551925167396509683e-08
3.539533165473633458e-08
3.529966095071999329e-08
3.522951367559100918e-08
3.518089191613874981e-08
3.514892412359941977e-08
3.512782919181916433e-08
3.511090785973566479e-08
3.509101853955279967e-08
3.506038082758147716e-08
3.501108566337279071e-08
3.493515416228998169e-08
3.482460189796935065e-08
3.467196118940512851e-08
3.447010900628582683e-08
3.421276941904624982e-08
3.389454044499771791e-08
3.351090450694977209e-08
3.305865821926192494e-08
3.253564683186839129e-08
3.194112889351862069e-08
3.127566564653753287e-08
3.054099012815083606e-08
2.974025319644044489e-08
2.887762474677194510e-08
2.795847032053512992e-08
2.698909780479735216e-08
2.597650334635977130e-08
2.492845258824749590e-08
2.385302206648616604e-08
2.275864954943860125e-08
2.165383894899725592e-08
2.054689522642195033e-08
1.944595047405522200e-08
1.835858224637105856e-08
1.729185971367411960e-08
1.625213971416482485e-08
1.524491356594349265e-08
1.427489138670727595e-08
1.334579854955902373e-08
1.246050459641069039e-08
1.162097743821365455e-08
1.082828468124277551e-08
1.008276763670771833e-08
9.384009440952565198e-09
8.731035103898449455e-09
8.122379528535691381e-09
7.556178219805123061e-09
7.030364101504712850e-09
6.542704110980245490e-09
6.090979123013622665e-09
5.673052577313498816e-09
5.286935210553052449e-09
4.930904484660080906e-09
4.603494274843374086e-09
4.303568391663269879e-09
4.030302765803969761e-09
3.783153860772058062e-09
3.561858753792921676e-09
3.366339744530346474e-09
3.196669195732508258e-09
3.052973653994004758e-09
2.935335120111894887e-09
2.843728455293804529e-09
2.777901296321200349e-09
2.737317699359992064e-09
2.721073966298080241e-09
2.727829850161606723e-09
2.755792034935385738e-09
2.802664744686257281e-09
2.865675152140545810e-09
2.941586614802473291e-09
3.026733584138982009e-09
3.117116366792349349e-09
3.208458959719717110e-09
3.296342401863772909e-09
3.376313453759206005e-09
3.444001175980185100e-09
3.495282133134756986e-09
3.526380918640385086e-09
3.534031387787589476e-09
3.515583760048724838e-09
3.469096411948795624e-09
3.393453051122272170e-09
3.288389903222095158e-09
3.154562514863280329e-09
2.993539387511415088e-09
2.807768525297749513e-09
2.600551575738028911e-09
2.375933028756630222e-09
2.138616092154011359e-09
1.893818593080656044e-09
1.647114321617600826e-09
1.404282674589821461e-09
1.171114205535994341e-09
9.532447794539637075e-10
7.559716273436586125e-10
5.840839036845710029e-10
4.417176558059683390e-10
3.322184945653405582e-10
2.580425440034994295e-10
2.206808705249176552e-10
2.206200678977480915e-10
2.573414130473419972e-10
3.293526968727490208e-10
4.342609406332364934e-10
5.688773867300824115e-10
7.293520347881737653e-10
9.113422629998654260e-10
1.110191751013422818e-09
1.321137352496880282e-09
1.539515353107002713e-09
1.760963363323779167e-09
1.981631008719500901e-09
2.198360401644490034e-09
2.408838543595826746e-09
2.611746416846049224e-09
2.806831368866110760e-09
2.994980831887833891e-09
3.178222706691924081e-09
3.359674879965415646e-09
3.543485736819762872e-09
3.734671325563961709e-09
3.938968679292363539e-09
4.162611389106542523e-09
4.412068973248967965e-09
4.693810978965485914e-09
5.013980831453756965e-09
5.378140374037164162e-09
5.790967644773978755e-09
6.255962234186504784e-09
6.775243270457151863e-09
7.349279605758435159e-09
7.976771177552001406e-09
8.654511434276855973e-09
9.377296168375697661e-09
1.013799550517634878e-08
1.092754094433603335e-08
1.173513718094563776e-08
1.254843411892751899e-08
1.335374492853044176e-08
1.413646256406001176e-08
1.488131002377760839e-08
1.557285049767754836e-08
1.619587586866586243e-08
1.673579609730020619e-08
1.717921004090519495e-08
1.751419352198633595e-08
1.773083454149628663e-08
1.782154338616994290e-08
1.778130510729848439e-08
1.760806138176658113e-08
1.730272872360185247e-08
1.686942222652062073e-08
1.631539793205122078e-08
1.565091308123671417e-08
1.488916892458960577e-08
1.404590812449209597e-08
1.313918034499997756e-08
1.218886566660615225e-08
1.121615211379642450e-08
1.024308785682173719e-08
9.291910183228953697e-09
8.384532463197687510e-09
7.541910354240370362e-09
6.783440894114940994e-09
6.126468789079191255e-09
5.585728593143533685e-09
5.172958139165319628e-09
4.896521714832048681e-09
4.761133346610365959e-09
4.767727753411081235e-09
4.913364795091362550e-09
5.191316179664518043e-09
5.591216194189172500e-09
6.099316355586205924e-09
6.698894789901271704e-09
7.370673425749983983e-09
8.093400906963713114e-09
8.844441375285196301e-09
9.600398158085469100e-09
1.033784902670991129e-08
1.103396191726796191e-08
1.166723028654176330e-08
1.221808604930850919e-08
1.266944973964442608e-08
1.300732258528676692e-08
1.322112355232218243e-08
1.330409644192816613e-08
1.325349001709484903e-08
1.307061796368914251e-08
1.276091345703615607e-08
1.233368589962236783e-08
1.180193011242320687e-08
1.118190682559618477e-08
1.049263001658330822e-08
9.755361110290142998e-09
8.992890858298312937e-09
8.228904270809092017e-09
7.487223980162407057e-09
6.791056798373839152e-09
6.162313796783029213e-09
5.620875064948340886e-09
5.183996833335867653e-09
4.865739487763828257e-09
4.676497875525387361e-09
4.622678493118067762e-09
4.706440152445972844e-09
4.925620186320975688e-09
5.273758063013146247e-09
5.740251227409895466e-09
6.310680444113622398e-09
6.967195638318186415e-09
7.689075788030375166e-09
8.453341410539658385e-09
9.235435139732903762e-09
1.001001949326224621e-08
1.075171424850536735e-08
1.143593991384037244e-08
1.203967987943724237e-08
1.254219479170672354e-08
1.292575699917166435e-08
1.317617569047744526e-08
1.328334418436912805e-08
1.324158123732566411e-08
1.304983870126678501e-08
1.271185350121012013e-08
1.223602528642195529e-08
1.163527319569118876e-08
1.092666551503023577e-08
1.013092351799576119e-08
9.271870967696953124e-09
8.375681451555539837e-09
7.470135319234578192e-09
6.583753561298369443e-09
5.744906663065049286e-09
4.980948025368377897e-09
4.317326635108694865e-09
3.776753494242608377e-09
3.378461417760727010e-09
3.137524733045487849e-09
3.064327794622737093e-09
3.164148319522345423e-09
3.436892626608474330e-09
3.877006950758623361e-09
4.473530135762377050e-09
5.210339756664333575e-09
6.066545311919152801e-09
7.017031140683948732e-09
8.033169503100359922e-09
9.083613374968301680e-09
1.013523854355504397e-08
1.115413102398440020e-08
1.210661675566972413e-08
1.296035937471948476e-08
1.368537512565741735e-08
1.425508075753197184e-08
1.464721898101439083e-08
1.484468086904166785e-08
1.483625827666836754e-08
1.461716264228966508e-08
1.418945788774335145e-08
1.356225280071494921e-08
1.275170361462626760e-08
1.178086366492395965e-08
1.067926678084240094e-08
9.482382891571368474e-09
8.230849558727725153e-09
6.969547420590855807e-09
5.746556343471386988e-09
4.611958589215558559e-09
3.616585265811722798e-09
2.810685761854236260e-09
2.242580528936599360e-09
1.957332615370076954e-09
1.995456201336786407e-09
2.391716372871750074e-09
3.174038565783498909e-09
4.362562550537976210e-09
5.968874759600001092e-09
7.995424319059355741e-09
1.043516452150428218e-08
1.327141167398557247e-08
1.647793044784972965e-08
2.001927511681312636e-08
2.385132603587572081e-08
2.792208154269365478e-08
3.217262698742677844e-08
3.653827864352638824e-08
4.094992086444732961e-08
4.533541008309622206e-08
4.962112820731949883e-08
5.373355004987574716e-08
5.760082761830582333e-08
6.115439199660432310e-08
6.433043779645916894e-08
6.707136628948195000e-08
6.932705947064680124e-08
7.105599957535884973e-08
7.222621682001510133e-08
7.281599774323885079e-08
