3.001228142E+1
2.982229424E+1
2.960959816E+1
2.943453979E+1
2.926118851E+1
2.908813095E+1
2.883933640E+1
2.868593216E+1
2.837795067E+1
2.819105721E+1
2.800857544E+1
2.782252312E+1
2.763454437E+1
2.746513557E+1
2.726366043E+1
2.706145096E+1
2.690440178E+1
2.672080231E+1
2.640623283E+1
2.621173668E+1
2.602634239E+1
2.583885574E+1
2.563747215E+1
2.546645164E+1
2.524658585E+1
2.506702614E+1
2.487564468E+1
2.466943932E+1
2.450380898E+1
2.418667603E+1
2.398728371E+1
2.382241821E+1
2.361854553E+1
2.343801498E+1
2.319580078E+1
2.300053406E+1
2.286079216E+1
2.265253258E+1
2.245527077E+1
2.228200340E+1
2.199256134E+1
2.178981209E+1
2.158593369E+1
2.141046524E+1
2.117935181E+1
2.101971054E+1
2.081081581E+1
2.061137390E+1
2.042095184E+1
2.026649284E+1
2.005780983E+1
1.987362480E+1
1.966341782E+1
1.945574188E+1
1.928115463E+1
1.908275032E+1
1.887170410E+1
1.871340752E+1
1.848268509E+1
1.828912926E+1
1.798052788E+1
1.782355690E+1
1.762468910E+1
1.740309143E+1
1.720815659E+1
1.703266716E+1
1.686670876E+1
1.665966606E+1
1.646837997E+1
1.625803947E+1
1.610711098E+1
1.589553070E+1
1.561056709E+1
1.542658234E+1
1.522821426E+1
1.501308727E+1
1.486522484E+1
1.462866306E+1
1.447732735E+1
1.426780128E+1
1.407089806E+1
1.386435318E+1
1.366319752E+1
1.346756935E+1
1.326467228E+1
1.308769608E+1
1.275514412E+1
1.257603168E+1
1.239248466E+1
1.220270729E+1
1.196831131E+1
1.175580692E+1
1.160152435E+1
1.139204502E+1
1.120484066E+1
1.101451683E+1
1.079046154E+1
1.059183407E+1
1.040243340E+1
1.020342922E+1
9.975124359E+0
9.810308456E+0
9.631321907E+0
9.432930946E+0
9.200361252E+0
9.004530907E+0
8.833407402E+0
8.603341103E+0
8.414055824E+0
8.242318153E+0
8.038208008E+0
7.822680473E+0
7.635280132E+0
7.438779831E+0
7.248539925E+0
7.048923016E+0
6.835831165E+0
6.647847176E+0
6.458650112E+0
6.271473885E+0
6.080429077E+0
5.883922100E+0
5.567644596E+0
5.384255409E+0
5.165490627E+0
4.986731052E+0
4.779853344E+0
4.589675903E+0
4.363911152E+0
4.186189651E+0
3.988151073E+0
3.794597864E+0
3.626895428E+0
3.399662495E+0
3.225202322E+0
3.006847858E+0
2.782229900E+0
2.623586416E+0
2.434017181E+0
2.191674948E+0
2.014682055E+0
1.829452395E+0
1.632804632E+0
1.421148539E+0
1.245150208E+0
1.049477458E+0
8.647819161E-1
6.475960016E-1
4.491734803E-1
2.707846463E-1
6.446614116E-2
-1.075871065E-1
-3.990898728E-1
-6.372811198E-1
-7.899953127E-1
-9.845550656E-1
-1.187004805E+0
-1.385429978E+0
-1.572440386E+0
-1.813061714E+0
-1.976274967E+0
-2.199192524E+0
-2.360423088E+0
-2.588371754E+0
-2.753900766E+0
-2.988656044E+0
-3.174463987E+0
-3.370588064E+0
-3.583650589E+0
-3.770207882E+0
-3.983720303E+0
-4.188035965E+0
-4.421841621E+0
-4.616853714E+0
-4.790599346E+0
-4.998991966E+0
-5.198142529E+0
-5.450668335E+0
-5.606878281E+0
-5.839745522E+0
-6.045260906E+0
-6.241502762E+0
-6.456005096E+0
-6.636908054E+0
-6.820241451E+0
-6.998055458E+0
-7.214588642E+0
-7.400993347E+0
-7.597308159E+0
-7.794754982E+0
-7.967360497E+0
-8.182124138E+0
-8.409261703E+0
-8.603229523E+0
-8.780918121E+0
-8.960276604E+0
-9.174139023E+0
-9.392990112E+0
-9.590126991E+0
-9.816919327E+0
-1.002297974E+1
-1.022475815E+1
-1.042377186E+1
-1.063014412E+1
-1.081044865E+1
-1.104653358E+1
-1.124895668E+1
-1.126098728E+1
-1.160795116E+1
-1.179744720E+1
-1.200847054E+1
-1.223698616E+1
-1.241808128E+1
-1.261886787E+1
-1.281629467E+1
-1.306189919E+1
-1.325466537E+1
-1.345184612E+1
-1.365357876E+1
-1.383362961E+1
-1.406453609E+1
-1.426200771E+1
-1.448714066E+1
-1.447988701E+1
-1.474382210E+1
-1.499255180E+1
-1.518785667E+1
-1.539970589E+1
-1.557641792E+1
-1.577614975E+1
-1.598562527E+1
-1.619266891E+1
-1.640626526E+1
-1.656849861E+1
-1.676389694E+1
-1.698496246E+1
-1.716301918E+1
-1.734182167E+1
-1.757993507E+1
-1.774901772E+1
-1.795338058E+1
-1.813948441E+1
-1.835334969E+1
-1.852014351E+1
-1.873519707E+1
-1.891449928E+1
-1.913951492E+1
-1.933186531E+1
-1.952694702E+1
-1.972104263E+1
-1.994269371E+1
-2.025835609E+1
-2.042505264E+1
-2.061541176E+1
-2.081950760E+1
-2.104805946E+1
-2.121319771E+1
-2.138723564E+1
-2.159955788E+1
-2.183724976E+1
-2.199912262E+1
-2.217811584E+1
-2.239444542E+1
-2.262016678E+1
-2.285242271E+1
-2.300155449E+1
-2.319845963E+1
-2.335647202E+1
-2.359573174E+1
-2.377891922E+1
-2.395012474E+1
-2.413217735E+1
-2.434991264E+1
-2.453534126E+1
-2.475493240E+1
-2.496187782E+1
-2.513991356E+1
-2.532412529E+1
-2.555793953E+1
-2.572769737E+1
-2.591164207E+1
-2.611742592E+1
-2.642822456E+1
-2.660402870E+1
-2.682362938E+1
-2.702285194E+1
-2.723413277E+1
-2.742036247E+1
-2.758694649E+1
-2.778815079E+1
-2.800580025E+1
-2.819708824E+1
-2.840907097E+1
-2.857903862E+1
-2.880875397E+1
-2.897895622E+1
-2.919886398E+1
-2.937124443E+1
-2.956213570E+1
-2.977800179E+1
-2.996695137E+1
