4.142028592418257703e-09
4.164601123211792078e-09
4.044385381502572368e-09
3.799072035759528675e-09
3.456520573186089851e-09
3.051747610538220612e-09
2.623283765510326787e-09
2.209271568941379553e-09
1.843702926427287382e-09
1.553179554547212282e-09
1.354524415547218143e-09
1.253481570420098007e-09
1.244625259766205104e-09
1.312468544003948138e-09
1.433631707898056834e-09
1.579815279323768987e-09
1.721235073273138281e-09
1.830127396928286886e-09
1.883927536443722585e-09
1.867764983961040830e-09
1.776000294140926446e-09
1.612641793925689625e-09
1.390612566699433231e-09
1.129973666051877678e-09
8.553321534113230850e-10
5.927575129652631019e-10
3.665857712795333246e-10
1.965003269707336340e-10
9.524072192106370719e-11
6.721010913880655295e-11
1.081387558537906505e-10
2.058288248338256853e-10
3.418712299067693297e-10
4.941054656267202408e-10
6.395029660515957346e-10
7.571050005289627108e-10
8.306434318381680109e-10
8.505171037694271872e-10
8.148818992234945069e-10
7.297279989205592914e-10
6.079482745328350902e-10
4.675301478773266286e-10
3.291137708809682450e-10
2.132373280801462410e-10
1.376263988890513141e-10
1.148742919379381468e-10
1.508057868375326530e-10
2.437255706401065405e-10
3.846368335391292362e-10
5.583903468997240450e-10
7.456061813031059213e-10
9.251140547785032557e-10
1.076596141732247264e-09
1.183095675556742230e-09
1.233077063338083618e-09
1.221785622736440342e-09
1.151748116381387546e-09
1.032366033754060899e-09
8.786686969782094702e-10
7.093966063859187040e-10
5.446650525092733943e-10
4.035043606716673865e-10
3.015807864516150578e-10
2.493722731193201322e-10
2.510101106799041222e-10
3.039104862521321696e-10
3.992208565062791205e-10
5.230073622815840172e-10
6.580235825860658192e-10
7.858375983416234412e-10
8.890600772891427827e-10
9.534141902399611362e-10
9.694156077011821890e-10
9.334847858914652450e-10
8.483841706638216297e-10
7.229519070494031206e-10
5.711809397598798454e-10
4.107594140265543293e-10
2.612389698778037431e-10
1.420264174034473070e-10
7.040235376605330149e-11
5.975671841902582753e-11
1.182011431574454126e-10
2.476754767391627183e-10
4.436166796587286584e-10
6.952076377232764092e-10
9.861755838502066228e-10
1.296068673443191745e-09
1.601905324472076026e-09
1.880067197534312773e-09
2.108291194946119124e-09
2.267609512424416619e-09
2.344088713528600458e-09
2.330228227364748463e-09
2.225898264369488983e-09
2.038720809143423308e-09
1.783834362363378069e-09
1.483023637631175371e-09
1.163244132599382402e-09
8.546231160019535488e-10
5.880698488397305783e-10
3.926737783859656753e-10
2.931043471478844969e-10
3.072450371342645416e-10
4.442916020689493867e-10
7.035194136950162352e-10
1.073875245813006905e-09
1.534478862282612705e-09
2.056034653797195573e-09
2.603061157936128642e-09
3.136759182245843235e-09
3.618262436499503155e-09
4.011966098412261297e-09
4.288608251081774812e-09
4.427795888431768589e-09
4.419718947338488261e-09
4.265878436888491714e-09
3.978759434132138734e-09
3.580493026663369679e-09
3.100664945357657932e-09
2.573515676503452346e-09
2.034845290098411505e-09
1.518957766698194938e-09
1.055964320317307469e-09
6.697094555962648813e-10
3.764959419683703086e-10
1.846783439241950001e-10
9.508138695809336501e-11
1.020989332637687942e-10
1.952515399751306160e-10
3.609391632273369537e-10
5.841247235128114616e-10
8.497238045636267938e-10
1.143549107908775340e-09
1.452753087902544679e-09
1.765815231806341454e-09
2.072208494095235055e-09
2.361950393348898589e-09
2.625264611161793525e-09
2.852570451408986723e-09
3.034953434969679951e-09
3.165173314769135672e-09
3.239158215681701277e-09
3.257799461155478396e-09
3.228774610071960442e-09
3.168041534861485778e-09
3.100644583978494613e-09
3.060505139211698606e-09
3.088968412525564891e-09
3.232036418391190902e-09
3.536381995812036216e-09
4.044445274417932618e-09
4.789067203433651356e-09
5.788257912801170653e-09
7.040750280356863208e-09
8.522965509005490719e-09
1.018793416075307962e-08
1.196650227194753840e-08
1.377095315250062372e-08
1.550085006917856001e-08
1.705069113898805711e-08
1.831865868191864792e-08
1.921563978517290578e-08
1.967357262387677097e-08
1.965218846098610094e-08
1.914341999496176164e-08
1.817287672084789826e-08
1.679820573509259187e-08
1.510438161518155350e-08
1.319642081288853404e-08
1.119020376042877474e-08
9.202394203818778764e-09
7.340491612152037840e-09
5.694051049300639598e-09
4.327993842323458323e-09
3.278642414707925697e-09
2.552836684361474122e-09
2.130093485446801760e-09
1.967444590523809183e-09
2.006269443442763685e-09
2.180227602406659335e-09
2.423299835172303258e-09
2.676960551107759860e-09
2.895664552329466864e-09
3.050066854884537317e-09
3.127726610615878884e-09
3.131384866184795251e-09
3.075232778255389974e-09
2.979864752772647737e-09
2.866762663253195050e-09
2.753225646909853691e-09
2.648562180872002216e-09
2.552184557015440756e-09
2.453940335382779741e-09
2.336690408973666648e-09
2.180785059384087303e-09
1.969782146624937311e-09
1.696535125201291417e-09
1.368657894961285195e-09
1.012414249150799149e-09
6.742302205763530897e-10
4.193203950958170425e-10
3.272782666558594623e-10
4.848955826187638716e-10
9.768685032254033347e-10
1.875382690529825292e-09
3.229794797637739416e-09
5.057703682697273719e-09
7.338634993920103240e-09
1.001131312147789514e-08
1.297514143237930261e-08
1.609604251826638064e-08
1.921628474249821508e-08
2.216748834673869674e-08
2.478551112056035405e-08
2.692574054434619227e-08
2.847708107413439498e-08
2.937312098981954400e-08
2.959914367138768731e-08
2.919404951164119479e-08
2.824690083272257638e-08
2.688822040616922194e-08
2.527695054640585581e-08
2.358429281839654842e-08
2.197620841803370332e-08
2.059637015920849483e-08
1.955149233306806760e-08
1.890063858559140270e-08
1.864970259590899902e-08
1.875176328053096466e-08
1.911325400266106854e-08
1.960535659055119234e-08
2.007930685885901176e-08
2.038396696399653551e-08
2.038361736694225908e-08
1.997398839456648249e-08
1.909466188103075308e-08
1.773637276291160413e-08
1.594239054103068474e-08
1.380372965177091402e-08
1.144878386212234038e-08
9.028531837278670055e-09
6.699102265778491330e-09
4.603766997500065378e-09
2.856556260998953140e-09
1.529556287066224310e-09
6.455135118087348401e-10
1.767958143258430903e-10
5.099244548100990689e-11
1.626462965476076626e-10
3.898420077981612005e-10
6.137434493815142186e-10
7.387505369673373790e-10
7.107872477416815725e-10
5.313724035733216424e-10
2.655450800716303062e-10
4.239053211547297106e-11
4.775237342612365941e-11
5.096429797546898169e-10
1.677756537121764983e-09
3.799247083385056648e-09
7.093461841963297007e-09
1.172853334761221046e-08
1.780263205047219771e-08
2.533218670630386379e-08
3.424868154045989246e-08
4.440457783614599348e-08
5.558792010995963561e-08
6.754407838454062734e-08
8.000207663858205816e-08
9.270254073124652646e-08
1.054236246603680656e-07
1.180018482144852243e-07
1.303447418859410685e-07
1.424336038718159196e-07
1.543155028312130555e-07
1.660848501537588003e-07
1.778567245891975545e-07
1.897345297621868051e-07
2.017759358947942455e-07
2.139614441227501769e-07
2.261695893174794739e-07
2.381624743702395415e-07
2.495845840735945049e-07
2.599754124034890240e-07
2.687966515753857217e-07
2.754712452171364006e-07
2.794316087461304298e-07
2.801715499301846969e-07
2.772978585617932659e-07
2.705752957999484080e-07
2.599603357265065686e-07
2.456199882567870455e-07
2.279323301371485954e-07
2.074691641834570950e-07
1.849610268958741634e-07
1.612480855739529989e-07
1.372206903995655273e-07
1.137559576753700399e-07
9.165572553104130292e-08
7.159197601764936320e-08
5.406483720760614653e-08
3.937665154213034237e-08
2.762448878560045317e-08
1.871093576124024281e-08
1.237148150779436909e-08
8.215028778428734709e-09
5.772767237685468637e-09
4.550060350746932936e-09
4.075822355766289304e-09
3.944520295790253733e-09
3.847029532020240039e-09
3.588164986375546270e-09
3.090463533370440365e-09
2.385603173527557600e-09
1.596416476498767174e-09
9.136048639224990127e-10
5.718769026298975473e-10
8.301613993516289391e-10
1.959859419278672650e-09
4.243816547601569206e-09
7.986999271099089025e-09
1.353793192555058010e-08
2.131804009747812211e-08
3.185442614868239847e-08
4.581034838610966202e-08
6.400728610150225154e-08
8.743256224124345253e-08
1.172276893115845300e-07
1.546539186893550609e-07
2.010342875928966008e-07
2.576734711349132854e-07
3.257596080812878271e-07
4.062550316190492787e-07
4.997833722926869364e-07
6.065238822288498339e-07
7.261218306336185632e-07
8.576254687999522177e-07
9.994549719550033363e-07
1.149411482173940224e-06
1.304726468617768508e-06
1.462150865014734259e-06
1.618081320911898113e-06
1.768711601776293571e-06
1.910205151646653423e-06
2.038872887975573250e-06
2.151345232400206782e-06
2.244728957745215973e-06
2.316731582448237754e-06
2.365754078076539526e-06
2.390939473943785486e-06
2.392181172493270524e-06
2.370084487416372732e-06
2.325896365451448111e-06
2.261403200304494608e-06
2.178808769706836019e-06
2.080605069690498824e-06
1.969439526696272689e-06
1.847997598976656199e-06
1.718901058396041047e-06
1.584632360876688531e-06
1.447481535835381319e-06
1.309522728197849094e-06
1.172611535583561257e-06
1.038399898812336501e-06
9.083626479487742923e-07
7.838247987249481573e-07
6.659870450321418010e-07
5.559398392128887467e-07
4.546632784867337740e-07
3.630114416729523825e-07
2.816806464021991748e-07
2.111673862047354054e-07
1.517202307743098469e-07
1.032941888627663646e-07
6.551534008338468003e-08
3.766478821289337878e-08
1.868850698812623041e-08
7.238415597541123071e-09
1.746914772054253492e-09
5.338074384406385150e-10
1.941125800893883838e-09
4.488010429817813208e-09
7.035096474616638542e-09
8.945903021876071793e-09
1.023189520176666745e-08
1.166820657814078485e-08
1.486856004518370801e-08
2.231057973222063743e-08
3.730613959498340916e-08
6.391555294447478786e-08
1.068085451557708853e-07
1.710791761766498289e-07
2.620249074142195183e-07
3.849031174998641489e-07
5.446791755453349548e-07
7.457804365350956921e-07
9.918703009424882963e-07
1.285651352232861171e-06
1.628708173566590788e-06
2.021392092636738319e-06
2.462751873325240076e-06
2.950502215713059491e-06
3.481032638088731595e-06
4.049445052380487291e-06
4.649614388817310156e-06
5.274271418914259333e-06
5.915089927380621781e-06
6.562793930601665165e-06
7.207272896868873215e-06
7.837711959578914212e-06
8.442751305710171635e-06
9.010658442412360832e-06
9.529550404719573414e-06
9.987646579397361341e-06
1.037357512861162605e-05
1.067669982969461774e-05
1.088749947754189616e-05
1.099795800104071094e-05
1.100195681129835889e-05
1.089565837392618078e-05
1.067782267634381762e-05
1.035007434107123992e-05
9.917060217817343903e-06
9.386501025655013598e-06
8.769088986346274794e-06
8.078263826440572413e-06
7.329837588420511287e-06
6.541489876013749972e-06
5.732159453677031872e-06
4.921340438567897629e-06
4.128345572520922368e-06
3.371554724596750933e-06
2.667697109983612233e-06
2.031207834912343389e-06
1.473684549621882837e-06
1.003483397305600617e-06
6.254636359057295720e-07
3.408946522774233720e-07
1.475220274014641638e-07
3.978641377055903985e-08
9.176302559393787528e-09
4.469451754938462239e-08
1.334148360873880396e-07
2.611057208742298242e-07
4.129011057909941835e-07
5.740027295613878986e-07
7.304050172282387618e-07
8.696371703896760796e-07
9.815254354807683693e-07
1.058978258852278468e-06
1.098799033018383108e-06
1.102529218150684761e-06
1.077314154629120735e-06
1.036782072361841830e-06
1.001907698099732482e-06
1.001824593319104885e-06
1.074531805635700461e-06
1.267435757844700152e-06
1.637652802694369132e-06
2.251997337266514440e-06
3.186583249677444905e-06
4.525966616055276075e-06
6.361785135194708933e-06
8.790857530026353602e-06
1.191275171780106254e-05
1.582682878501277362e-05
2.062885509247465790e-05
2.640726219103974972e-05
3.323918874587199109e-05
4.118650087423188276e-05
5.029188749645154303e-05
6.057533763422066648e-05
7.203111702906123495e-05
8.462544695239968906e-05
9.829513860731516669e-05
1.129470909018040297e-04
1.284590331316204240e-04
1.446813108701850282e-04
1.614399388512170221e-04
1.785404428474317480e-04
1.957728659049011758e-04
2.129173811165712934e-04
2.297503873476796482e-04
2.460510562426935599e-04
2.616074298851881201e-04
2.762226068132136222e-04
2.897200861910788892e-04
3.019485845900626809e-04
3.127852957896337747e-04
3.221384874643877278e-04
3.299485705074653723e-04
3.361878656449010278e-04
3.408594299425078081e-04
3.439941358299532150e-04
3.456473905635555968e-04
3.458947994355471311e-04
3.448273238334625111e-04
3.425465195080750641e-04
3.391591866657316014e-04
3.347729485486961314e-04
3.294919887069253659e-04
3.234138740449702862e-04
3.166266426452121925e-04
3.092074397358719382e-04
3.012218188020470062e-04
2.927239777375659278e-04
2.837580904816620962e-04
2.743597946878297087e-04
2.645587222190472860e-04
2.543810195914156507e-04
2.438522431616563604e-04
2.329996769403744794e-04
2.218548112311493747e-04
2.104551238590395782e-04
1.988452919878235794e-04
1.870779282054777957e-04
1.752132776693657355e-04
1.633186264933609026e-04
1.514669128948494794e-04
1.397350305652047078e-04
1.282015088744663700e-04
1.169442752367926507e-04
1.060382338532526704e-04
9.555296543113295563e-05
8.555075607480978103e-05
7.608480625094676852e-05
6.719805299664888796e-05
5.892237249714301711e-05
5.127834737726527143e-05
4.427539828462360321e-05
3.791244888799925975e-05
3.217888351168343312e-05
2.705577315108224004e-05
2.251729108091461877e-05
1.853214811890339816e-05
1.506506105344895377e-05
1.207810048112139420e-05
9.531891332904602029e-06
7.386633177545351257e-06
5.602896787442801358e-06
4.142235778113360004e-06
2.967602591316492537e-06
2.043614682649403125e-06
1.336698699793015212e-06
8.151654657112936146e-07
4.492452809569856128e-07
2.111204796551487944e-07
7.497882320629756669e-08
1.710047161528019218e-08
1.598185492332609177e-08
5.248760787199689123e-08
1.100146152297473265e-07
1.746458573893862588e-07
2.352693762205340024e-07
2.836381871011620500e-07
3.143506560452834962e-07
3.247374070321481814e-07
3.146477008902451237e-07
2.861388667674007420e-07
2.430793726248429456e-07
1.906849653487050367e-07
1.350133341664391286e-07
8.244596190443695245e-08
3.918840357921508487e-08
1.081771728186565875e-08
1.902723122735217517e-09
1.571719255846809812e-08
5.405861062007752584e-08
1.171776106786889675e-07
2.038154382159097070e-07
3.113388501920430069e-07
4.359572606403506688e-07
5.730006621729566385e-07
7.172346841983336332e-07
8.631913975767296733e-07
1.005488062064083175e-06
1.139119874439597730e-06
1.259704664714264518e-06
1.363669275424349741e-06
1.448375908207114414e-06
1.512176368296102323e-06
1.554409771667050593e-06
1.575339571542188597e-06
1.576043736707290798e-06
1.558275186752396453e-06
1.524292410823257957e-06
1.476688021871632522e-06
1.418214357788007160e-06
1.351621772672099148e-06
1.279521814023947237e-06
1.204272976506997571e-06
1.127897438704990027e-06
1.052033584554191114e-06
9.779141199908049970e-07
9.063783268409268551e-07
8.379052696198761883e-07
7.726667660799250407e-07
7.105963324969983345e-07
6.514613191641230148e-07
5.949396982035936022e-07
5.406895979080520628e-07
4.884094842108664682e-07
4.378864863350247417e-07
3.890261709488123337e-07
3.418674693014195402e-07
2.965791367369684425e-07
2.534412112277067792e-07
2.128149011112963722e-07
1.751023869693196489e-07
1.407034176122997259e-07
1.099711698107640719e-07
8.317268752138309961e-08
6.045772809677870605e-08
4.183817805483940545e-08
2.718026263481928465e-08
1.620996208316315261e-08
8.530507600524254461e-09
3.650299377971962650e-09
1.018091425493842528e-09
6.201906323454403003e-11
2.286353346255859242e-10
1.018296399546564382e-09
2.013750341659062779e-09
2.899575766799782146e-09
3.471133056181315087e-09
3.632825858970401591e-09
3.386529759042135661e-09
2.812051942583439303e-09
2.042154920492242383e-09
1.235134267229715519e-09
5.480113197450563588e-10
1.131311432700963857e-10
2.043694360508891127e-11
3.069133696690179953e-10
9.538067430531283894e-10
1.891325974568896090e-09
3.009701667360063677e-09
4.174824061386081897e-09
5.246283572929082307e-09
6.095458694460835445e-09
6.621483887683120798e-09
6.763246279770271430e-09
6.506165654344609356e-09
5.883208014496665914e-09
4.970218317242684199e-09
3.876418832293106061e-09
2.731340160373288505e-09
1.669869131184219678e-09
8.172074840612909133e-10
2.754313030707791906e-10
1.131049010239767940e-10
3.589456142481386741e-10
1.000040764377775912e-09
1.984569619187589799e-09
3.228484869651011655e-09
4.625196156134046057e-09
6.057045480773781981e-09
7.407212078301484562e-09
8.570788666555916476e-09
9.463892203038952339e-09
1.003000784730046084e-08
1.024315675485401724e-08
1.010775908823654164e-08
9.655572388783812972e-09
8.940224298872655079e-09
8.030160546803997947e-09
7.000915509342161778e-09
5.927511725729663947e-09
4.877820307474051334e-09
3.907402682513975089e-09
3.056215558324264107e-09
2.347298030815244048e-09
1.787310595831963957e-09
1.368650050167212740e-09
1.072720184108242524e-09
8.738599065473490866e-10
7.434515991122613349e-10
6.537571353831333934e-10
5.811322393873210605e-10
5.083775465886450127e-10
4.260983287957000555e-10
3.330658823119150304e-10
2.356578056670500619e-10
1.465301350720609157e-10
8.271582035391853454e-11
6.336174524006300739e-11
1.073197474139133979e-10
2.307908794032289470e-10
4.452019644783026563e-10
7.554688567476802727e-10
1.158772069508402260e-09
1.643948444890000587e-09
2.191567663065011912e-09
2.774730466058054885e-09
3.360594175527633657e-09
3.912566971785736335e-09
4.393068401787559964e-09
4.766708037285794930e-09
5.003637031612160234e-09
5.082840229166919716e-09
4.995042826255613249e-09
4.744939291815469018e-09
4.352478244319326502e-09
3.852944329365268529e-09
3.295736266502620157e-09
2.741780645858326337e-09
2.259695945917500456e-09
1.920940686723619649e-09
1.794276503850160605e-09
1.940009197918000002e-09
2.404491272569981412e-09
3.215399890036285112e-09
4.378263265380099110e-09
5.874594531153040757e-09
7.661899504123113638e-09
9.675618429844303482e-09
1.183290493168495346e-08
1.403800315229891017e-08
1.618876340584871048e-08
1.818377213740553186e-08
1.992955498756232459e-08
2.134714383979547268e-08
2.237759146543791652e-08
2.298586884063085297e-08
2.316288125879489171e-08
2.292553246326895009e-08
2.231472793701007819e-08
2.139170479670446854e-08
2.023289186278457866e-08
1.892382426971775471e-08
1.755268183238469295e-08
1.620385495414505826e-08
1.495218588467230207e-08
1.385818279785969609e-08
1.296457460551583125e-08
1.229442098530793822e-08
1.185074319072388303e-08
1.161770502687221005e-08
1.156307604693420491e-08
1.164174134361458296e-08
1.179995468393002498e-08
1.197992841484178980e-08
1.212443366668831923e-08
1.218111635501385591e-08
1.210617578785689676e-08
1.186728036574855985e-08
1.144549718815801510e-08
1.083619250661787375e-08
1.004892661779410348e-08
9.106333128214890069e-09
8.042183296910644868e-09
6.898732006959602407e-09
5.723578534908135376e-09
4.566279308538972082e-09
3.474907276952986979e-09
2.492838607758585859e-09
1.655947719848616468e-09
9.904178051966041034e-10
5.113110926846239439e-10
2.219823571810591627e-10
1.143737462434763796e-10
1.701531190937075427e-10
3.625942473030615678e-10
6.590409409374820254e-10
1.023746834767806442e-09
1.420851038925541798e-09
1.817242840718025092e-09
2.185068961771362307e-09
2.503684525409654144e-09
2.760883292156994275e-09
2.953319285095199712e-09
3.086113462262180894e-09
3.171690284721749017e-09
3.227996285750238251e-09
3.276271221181219659e-09
3.338603777449180871e-09
3.435519322908441079e-09
3.583809190477385954e-09
3.794821590697210461e-09
4.073339100063769877e-09
4.417130004301906659e-09
4.817192902305505068e-09
5.258620141601099879e-09
5.721969878567595863e-09
6.185000632701896299e-09
6.624552280827866825e-09
7.018423984617400134e-09
7.347043667138064998e-09
7.594801424012051370e-09
7.750971601307604070e-09
7.810136937764829043e-09
7.772174274408308373e-09
7.641810130550766694e-09
7.427850969059885790e-09
7.142214306475493279e-09
6.798832006677673161e-09
6.412586929869189093e-09
5.998331283695841551e-09
5.570072205883275223e-09
5.140373712876415412e-09
4.719959680544615845e-09
4.317519728604157153e-09
3.939696361118798867e-09
3.591186804348559304e-09
3.274948523682112369e-09
2.992445463179302993e-09
2.743916910050727946e-09
2.528654891632099331e-09
2.345263650169456790e-09
2.191918010058983398e-09
2.066605376044631026e-09
1.967358314588656893e-09
1.892477728872114506e-09
1.840725623615272112e-09
1.811485869287828433e-09
1.804862614229343199e-09
1.821701166004213337e-09
1.863519096267356083e-09
1.932329564487367752e-09
2.030372887749112659e-09
2.159763950703459635e-09
2.322090676415306855e-09
2.518011142806882090e-09
2.746891098857394071e-09
3.006535925631586917e-09
3.293068392787864754e-09
3.600968414776292204e-09
3.923306903570708763e-09
4.252148599166019975e-09
4.579097695029207547e-09
4.895945277568232824e-09
5.195328563757954195e-09
5.471356893817872400e-09
5.720107407573943215e-09
5.939937216042997168e-09
6.131582198320933283e-09
6.297992230460007433e-09
6.443949005861297550e-09
6.575470154437059968e-09
6.699070842075951740e-09
6.820973390441849563e-09
6.946313447220603284e-09
7.078467798049531258e-09
7.218539638642411143e-09
7.365067825145737450e-09
7.514002601007434338e-09
7.658921700048318082e-09
7.791474865178421865e-09
7.902026023901584210e-09
7.980388688636668357e-09
8.016631189199927732e-09
8.001838137840876760e-09
7.928779418374518850e-09
7.792452441765290304e-09
7.590422419697755609e-09
7.322996611772950013e-09
6.993195455534489704e-09
6.606558243508906777e-09
6.170827829409461214e-09
5.695515069659463757e-09
5.191422653359536843e-09
4.670127624451384401e-09
4.143466222536687981e-09
3.623049278929486336e-09
3.119798618835210144e-09
2.643540899075242713e-09
2.202644005072405301e-09
1.803713863849672307e-09
1.451363596286761777e-09
1.148059347582624903e-09
8.940649430155208323e-10
6.875029846051273581e-10
5.245413819258546982e-10
3.997199925703183744e-10
3.064107663068166642e-10
2.373986001842950604e-10
1.855525995670089189e-10
1.445410696007294404e-10
1.095342057330519174e-10
7.782762104518686798e-11
4.932031142504023328e-11
2.678608563951327817e-11
1.589088698971245594e-11
2.492979620683445065e-11
6.428254266981022843e-11
1.456148440687559309e-10
2.808804317141534261e-10
4.812022554688025112e-10
7.557279548253628628e-10
1.110564444904992299e-09
1.547890147647236704e-09
2.065337087009926017e-09
2.655705656963688211e-09
3.307048461867844791e-09
4.003133411195318689e-09
4.724241419210035414e-09
5.448253726979596676e-09
6.151925552334639215e-09
6.812245495574350185e-09
7.407784892051868143e-09
7.919900862747721553e-09
8.333739023272132516e-09
8.638934586405277829e-09
8.829982426734056863e-09
8.906283857686374802e-09
8.871847441321659562e-09
8.734738366695206603e-09
8.506298547953375081e-09
8.200231054423815523e-09
7.831643417016684189e-09
7.416096376086374912e-09
6.968740318482929919e-09
6.503602989551249597e-09
6.033026955678542441e-09
5.567312417242892356e-09
5.114530299333994506e-09
4.680504924142153772e-09
4.268948455267606237e-09
3.881692155103424716e-09
3.519008582637530020e-09
3.179970235263039757e-09
2.862825917878216123e-09
2.565374940442534479e-09
2.285305088219422684e-09
2.020495885316348994e-09
1.769261778805559072e-09
1.530532455525331617e-09
1.303965389797034419e-09
1.089979695979714558e-09
8.897133511627459230e-10
7.049064076705029876e-10
5.377114926066884912e-10
3.904486690994697680e-10
2.653180570976487529e-10
1.640957977848158122e-10
8.784128004077179004e-11
3.664508617858237254e-11
9.449090887116374984e-12
3.964348564539979401e-12
1.670639619404803181e-11
4.315664151135418424e-11
7.804601004460164504e-11
1.157435213819097437e-10
1.507192739124103410e-10
1.780404809628139918e-10
1.938525811529633683e-10
1.957941325213678404e-10
1.832989943781607169e-10
1.577464234284775228e-10
1.224344048888104474e-10
8.236854713010699654e-11
4.387688127322064874e-11
1.408041345350391380e-11
2.648820877024332917e-13
9.210775796720261240e-12
4.654499166510813007e-11
1.161766571928320687e-10
2.198723813197487438e-10
3.570133803790022171e-10
5.245583810139218229e-10
7.172174528117178494e-10
9.278194725783899262e-10
1.147837787255576149e-09
1.368026254433425788e-09
1.579102157345660920e-09
1.772419037196365230e-09
1.940565960978024695e-09
2.077845341284758873e-09
2.180598311832075413e-09
2.247351419815568313e-09
2.278794913615428510e-09
2.277600755948843398e-09
2.248114328033208997e-09
2.195963312408753660e-09
2.127620633975570081e-09
2.049967696147971050e-09
1.969897869802191972e-09
1.893978159112396926e-09
1.828194462610127153e-09
1.777774475973162619e-09
1.747083593507110756e-09
1.739579922413715260e-09
1.757799875649216872e-09
1.803361501921369882e-09
1.876960112714489105e-09
1.978347476600018684e-09
2.106294929050167954e-09
2.258539054818468977e-09
2.431734230404183879e-09
2.621424664476345692e-09
2.822061854955634752e-09
3.027093972678876362e-09
3.229132652839031526e-09
3.420217913801799849e-09
3.592166084653105936e-09
3.736988797701733641e-09
3.847361483315689188e-09
3.917094641245203113e-09
3.941570620809140567e-09
3.918109771590128827e-09
3.846211533425271464e-09
3.727659370898981352e-09
3.566456666060860003e-09
3.368598439285027067e-09
3.141698704092086496e-09
2.894489167257049882e-09
2.636247981539215583e-09
2.376195669189308064e-09
2.122918049639616582e-09
1.883870189309298655e-09
1.664995250248504365e-09
1.470499217028994382e-09
1.302787479921523875e-09
1.162564402676026188e-09
1.049077401105709550e-09
9.604675977862996100e-10
8.941848525523626665e-10
8.474183253750517955e-10
8.174893746791846625e-10
8.021675242786508074e-10
7.998731752354883203e-10
8.097500119411562865e-10
8.316059059788209580e-10
8.657330329381890887e-10
9.126388939105433729e-10
9.727238060771347624e-10
1.045950566901141902e-09
1.131553064129286517e-09
1.227820531419563412e-09
1.331993016568813129e-09
1.440282091177484900e-09
1.548020990715243493e-09
1.649934279167396545e-09
1.740495498028281575e-09
1.814342813181151419e-09
1.866703878785115380e-09
1.893787530105781398e-09
1.893104124701937956e-09
1.863676715388434366e-09
1.806124242415450553e-09
1.722611984806386137e-09
1.616669124188334909e-09
1.492901352915471998e-09
1.356622379805396526e-09
1.213444962077667873e-09
1.068873540256596495e-09
9.279324393970795619e-10
7.948684008652805237e-10
6.729471227251254656e-10
5.643590580739673845e-10
4.702361774697802002e-10
3.907670364746618844e-10
3.253928208930135907e-10
2.730551810831235497e-10
2.324660287813329453e-10
2.023683177417645976e-10
1.817589621684231844e-10
1.700520487047889947e-10
1.671678630063730294e-10
1.735411713494293828e-10
1.900523034523796975e-10
2.178910253357474152e-10
2.583702009299538433e-10
3.127104692266818977e-10
3.818178269715175337e-10
4.660773583956988496e-10
5.651820091941376579e-10
6.780123314683939183e-10
8.025789769819474099e-10
9.360312313654256124e-10
1.074734112212989976e-09
1.214406698637309411e-09
1.350312985825009081e-09
1.477494714196647613e-09
1.591027003351369515e-09
1.686285805769070970e-09
1.759205940028837869e-09
1.806515044796830209e-09
1.825930876946169856e-09
1.816304679103979335e-09
1.777702405880098287e-09
1.711419562915331248e-09
1.619920819955858188e-09
1.506713466094386099e-09
1.376155330813732943e-09
1.233211272527841200e-09
1.083175540779077539e-09
9.313746854647242799e-10
7.828775643599657943e-10
6.422300605396693020e-10
5.132369259412283772e-10
3.988081499697686897e-10
3.008795186066549773e-10
2.204146974442526332e-10
1.574845556221814054e-10
1.114144975350018839e-10
8.098273986462052500e-11
6.464670130808285668e-11
6.077262785612580607e-11
6.784228171293492430e-11
8.461363918441507682e-11
1.102177120807484207e-10
1.441809719422733451e-10
1.863719524376405706e-10
2.368801951443275104e-10
2.958436351861322276e-10
3.632485227348523402e-10
4.387289332501854982e-10
5.213944465049330596e-10
6.097125911670255082e-10
7.014645930094704770e-10
7.937876873616682008e-10
8.833035982540055159e-10
9.663241617513702286e-10
1.039116173251975094e-09
1.098195685431671339e-09
1.140623658449039148e-09
1.164267528209217988e-09
1.168000352682308919e-09
1.151816265535782117e-09
1.116845199605609223e-09
1.065268876082729001e-09
1.000143582506874498e-09
9.251508234802194161e-10
8.443044083243459774e-10
7.616438867815669271e-10
6.809486585350383587e-10
6.055031886563018304e-10
5.379338940465950415e-10
4.801336191322117176e-10
4.332738233403466524e-10
3.978965755384374880e-10
3.740680640123067423e-10
3.615664953819444676e-10
3.600763454245614763e-10
3.693584214687032739e-10
3.893710025269697996e-10
4.203246571021376729e-10
4.626614929233457776e-10
5.169633333540938115e-10
5.837991789973281168e-10
6.635372121862217593e-10
7.561455013724858163e-10
8.610130879425639195e-10
9.768188479781015312e-10
1.101469329754697352e-09
1.232122818327843670e-09
1.365298976607378932e-09
1.497069859107964579e-09
1.623313932425039387e-09
1.740005481327930525e-09
1.843514242067244337e-09
1.930876119598447590e-09
2.000010884633822566e-09
2.049861813165819338e-09
2.080440188801195389e-09
2.092777394235716507e-09
2.088781907464790609e-09
2.071024501579652688e-09
2.042473511070736501e-09
2.006206800592957036e-09
1.965137624808197254e-09
1.921773216940954930e-09
1.878035838143807881e-09
1.835158971369481113e-09
1.793662652186639753e-09
1.753410728147907445e-09
1.713729995529299964e-09
1.673578985444583370e-09
1.631741757067943935e-09
1.587021268574836706e-09
1.538415718887219677e-09
1.485252774562861795e-09
1.427275294779810608e-09
1.364671489660989976e-09
1.298052305190842676e-09
1.228382676676213141e-09
1.156883900184103358e-09
1.084916967417610947e-09
1.013867212785342234e-09
9.450430250179566522e-10
8.795985840176306328e-10
8.184900291211757749e-10
7.624621840912767345e-10
7.120655186902522494e-10
6.676948217961755127e-10
6.296390192944345696e-10
5.981334105374391715e-10
5.734012627230176065e-10
5.556789379507827874e-10
5.452189744221108299e-10
5.422695682967807082e-10
5.470349190641936353e-10
5.596201952976893955e-10
5.799711833294928497e-10
6.078174891657853146e-10
6.426278507877263927e-10
6.835870570568211194e-10
7.295971807632126615e-10
7.793068696672536587e-10
8.311666757494030012e-10
8.835048898761722688e-10
9.346191253021216750e-10
9.828715358763697883e-10
1.026780668730444159e-09
1.065100364810654889e-09
1.096877333257340201e-09
1.121485637518448895e-09
1.138631828426734229e-09
1.148334683117258538e-09
1.150882089734599995e-09
1.146769655003339922e-09
1.136631588625586352e-09
1.121167066753502359e-09
1.101072892394902997e-09
1.076987430333844458e-09
1.049450880517188186e-09
1.018883223071935149e-09
9.855832522218410649e-10
9.497428495598387383e-10
9.114761155298847682e-10
8.708575578144950579e-10
8.279631773506124660e-10
7.829115938481563840e-10
7.358969807045476759e-10
6.872125774492211426e-10
6.372614236896741198e-10
5.865528488139119077e-10
5.356871707829934984e-10
4.853280907508692608e-10
4.361677301672995272e-10
3.888873779765701731e-10
3.441176885751361011e-10
3.024033764471314925e-10
2.641743049617265350e-10
2.297267566120301656e-10
1.992160617285247250e-10
1.726609646100290181e-10
1.499597405886157754e-10
1.309157707043701148e-10
1.152708973529668085e-10
1.027435513443459446e-10
9.306856564436770039e-11
8.603598504364300227e-11
8.152577835475408108e-11
7.953649787725752392e-11
8.020608879664006112e-11
8.382369743382263621e-11
9.083217839253366290e-11
1.018210113550969263e-10
1.175102250948018361e-10
1.387259434226756310e-10
1.663682984835712622e-10
2.013730663008879277e-10
2.446677349964054717e-10
2.971236562395347496e-10
3.595057962859544355e-10
4.324216711834571631e-10
5.162726685744420194e-10
6.112094167706296093e-10
7.170951860228879169e-10
8.334804267529194140e-10
9.595920791506091263e-10
1.094339788965805923e-09
1.236343681040430202e-09
1.383981840033583470e-09
1.535459309310732334e-09
1.688895766064381151e-09
1.842426102844734938e-09
1.994311803256910408e-09
2.143049930255111038e-09
2.287474735261371559e-09
2.426841391531950959e-09
2.560880891660131209e-09
2.689824485228474467e-09
2.814384776437208764e-09
2.935697067112357648e-09
3.055220555254096456e-09
3.174601941212913270e-09
3.295517348417777395e-09
3.419494552798192728e-09
3.547736438321127610e-09
3.680958112952615956e-09
3.819249080180687323e-09
3.961981844756908421e-09
4.107765451954157917e-09
4.254458612924667476e-09
4.399241409974365750e-09
4.538739109825481796e-09
4.669200818621132414e-09
4.786708234789359287e-09
4.887410331184627484e-09
4.967764743403694198e-09
5.024765512864753797e-09
5.056152845256223244e-09
5.060576045710562594e-09
5.037710039622170098e-09
4.988314341327810183e-09
4.914227162437394031e-09
4.818306251972147188e-09
4.704305270200494191e-09
4.576704080133664635e-09
4.440497992748227824e-09
4.300958814685470154e-09
4.163376541298055702e-09
4.032804503023698509e-09
3.913808277305512861e-09
3.810240695041216508e-09
3.725051147189885509e-09
3.660136687356116603e-09
3.616251205575113129e-09
3.592967589283657111e-09
3.588704118364938940e-09
3.600812268453039572e-09
3.625720042087706196e-09
3.659131694535661916e-09
3.696263582392847435e-09
3.732110805703525814e-09
3.761726867637666790e-09
3.780497134512175694e-09
3.784397129419474426e-09
3.770209396120384546e-09
3.735693232524037070e-09
3.679694526359311208e-09
3.602187332026261467e-09
3.504253744935163729e-09
3.387995749973814537e-09
3.256395045124503293e-09
3.113130218031721385e-09
2.962363776208181304e-09
2.808520980282762964e-09
2.656067073810249383e-09
2.509302738632177256e-09
2.372185920985851924e-09
2.248185406429379650e-09
2.140173905723067925e-09
2.050353658654935488e-09
1.980216001399511407e-09
1.930527942019898000e-09
1.901338716621335352e-09
1.892004768545424432e-09
1.901224291115669011e-09
1.927083395203481317e-09
1.967113101412476242e-09
2.018358264357431699e-09
2.077465535166388545e-09
2.140788800722125405e-09
2.204517862492584837e-09
2.264828521451239942e-09
2.318050914991984946e-09
2.360846976447252196e-09
2.390390302072689773e-09
2.404528992620305125e-09
2.401920512201170118e-09
2.382122288714576327e-09
2.345624005135236551e-09
2.293817486102871339e-09
2.228895643091277804e-09
2.153688776559225380e-09
2.071447543459654497e-09
1.985588442822504078e-09
1.899427365392577513e-09
1.815920642290535524e-09
1.737441868052703727e-09
1.665614968392736798e-09
1.601219183177785597e-09
1.544178238846710621e-09
1.493630640261244625e-09
1.448076200582031841e-09
1.405581926936949090e-09
1.364024390762407536e-09
1.321345070822182945e-09
1.275788617280744291e-09
1.226101806100833271e-09
1.171672573483440801e-09
1.112595834948765074e-09
1.049663781749931148e-09
9.842823756135138312e-10
9.183283551002231519e-10
8.539645589368169644e-10
7.934354957142667296e-10
7.388679765284833911e-10
6.920965061074843713e-10
6.545322269372153243e-10
6.270860783472573235e-10
6.101498857925127615e-10
6.036331545587746293e-10
6.070445879679439503e-10
6.196049486441787391e-10
6.403738297115158325e-10
6.683732169577585523e-10
7.026922192818156787e-10
7.425626865693119991e-10
7.873982365744781043e-10
8.367971769034527848e-10
8.905137781763126745e-10
9.484064192379373322e-10
1.010375522348084599e-09
1.076301890105293100e-09
1.145997917970757018e-09
1.219179692346088724e-09
1.295463819475973688e-09
1.374390756719552363e-09
1.455468066293255222e-09
1.538227548587249770e-09
1.622285752875561959e-09
1.707396437927249560e-09
1.793487611700373850e-09
1.880672888351742676e-09
1.969235604258752162e-09
2.059585160560408523e-09
2.152188677793623208e-09
2.247488164065835213e-09
2.345809082251054396e-09
2.447273654096339317e-09
2.551728091626869265e-09
2.658690871194294117e-09
2.767331012021703810e-09
2.876474074473281734e-09
2.984638063004201063e-09
3.090093927991093819e-09
3.190942715911040123e-09
3.285205508120206960e-09
3.370912664239371110e-09
3.446188968820531261e-09
3.509327563606245054e-09
3.558847373717554026e-09
3.593536966853686529e-09
3.612479438147183987e-09
3.615064957498017179e-09
3.600992434194358944e-09
3.570264506575161724e-09
3.523177489617684580e-09
3.460313418121962055e-09
3.382530004486159357e-09
3.290953657649118642e-09
3.186973795539124329e-09
3.072236280499880242e-09
2.948638513310647346e-09
2.818319571144537751e-09
2.683648002790493916e-09
2.547204869227864984e-09
2.411760375347131378e-09
2.280246655256349009e-09
2.155722432736031755e-09
2.041332589115568335e-09
1.940261723563079546e-09
1.855681545607553720e-09
1.790695335384042000e-09
1.748278238831087815e-09
1.731218298572816299e-09
1.742061022404329774e-09
1.783061268234108270e-09
1.856149089124235271e-09
1.962911510276865316e-09
2.104595436382517399e-09
2.282132269820510324e-09
2.496181537444770217e-09
2.747190237066525280e-09
3.035455284951759413e-09
3.361178215232338261e-09
3.724495898715918780e-09
4.125469669283967027e-09
4.564021867066688900e-09
5.039804698804009080e-09
5.552001565869672157e-09
6.099065647563008425e-09
6.678409933221639147e-09
7.286081468040196402e-09
7.916448640277326814e-09
8.561950124527349234e-09
9.212948689782429860e-09
9.857733424725383784e-09
1.048270073425232082e-08
1.107274290941921488e-08
1.161183339133464931e-08
1.208379670616424150e-08
1.247321691390217631e-08
1.276641657797406998e-08
1.295243703314032895e-08
1.302391576914507721e-08
1.297778205191082326e-08
1.281568664968532126e-08
1.254410046338807484e-08
1.217405888723948432e-08
1.172053602130008989e-08
1.120149461274719174e-08
1.063667713867213544e-08
1.004623395589211377e-08
9.449316730107138407e-09
8.862753521452135615e-09
8.299938837424420532e-09
7.770042168997210733e-09
7.277610555962699834e-09
6.822610302659886909e-09
6.400894735935387737e-09
6.005055704863073628e-09
5.625568386404770420e-09
5.252109621062847197e-09
4.874917807642859426e-09
4.486049329664366448e-09
4.080409009429241562e-09
3.656452330391549626e-09
3.216495250885090641e-09
2.766614772758027137e-09
2.316162449426147532e-09
1.876961097290853253e-09
1.462283974024640595e-09
1.085736927597133161e-09
7.601708752265437201e-10
4.967397081021243853e-10
3.041978566373674226e-10
1.884958992922029339e-10
1.526927184251622239e-10
1.971614451856521789e-10
3.200291226265135003e-10
5.177624669611764717e-10
7.857966158146109125e-10
1.119103116336811047e-09
1.512606806342948969e-09
1.961388322448227085e-09
2.460642820291134533e-09
3.005406098044814551e-09
3.590096864373824104e-09
4.207954931332171452e-09
4.850478630242278184e-09
5.506967454650682035e-09
6.164272161907674906e-09
6.806830027065715831e-09
7.417028200637399968e-09
7.975901499916919421e-09
8.464119482308518078e-09
8.863185380316407722e-09
9.156733601752712987e-09
9.331793248167045407e-09
9.379887707423819492e-09
9.297842837031034185e-09
9.088213911632062334e-09
8.759274619676465252e-09
8.324557467712193939e-09
7.801987524675376998e-09
7.212685185953624055e-09
6.579556807149639038e-09
5.925807043013271195e-09
5.273512480030180724e-09
4.642388529338362629e-09
4.048850474802910446e-09
3.505439580494065090e-09
3.020639117234630401e-09
2.599062358290085827e-09
2.241956661306928815e-09
1.947934266749212153e-09
1.713824713517462175e-09
1.535537248534319919e-09
1.408830943142459182e-09
1.329911838956931181e-09
1.295804882594363728e-09
1.304483903945309100e-09
1.354776189962611782e-09
1.446088019893291413e-09
1.578018583756935412e-09
1.749940915810560796e-09
1.960626561235919981e-09
2.207979772636118804e-09
2.488925809896635257e-09
2.799471520592837657e-09
3.134929198561847453e-09
3.490267536589127761e-09
3.860534954363793422e-09
4.241288354565387472e-09
4.628958661126247282e-09
5.021094146821131834e-09
5.416437496688124329e-09
5.814817864545487298e-09
6.216864132970089150e-09
6.623570901413886573e-09
7.035771540980062023e-09
7.453584370182903332e-09
7.875906121431733869e-09
8.300021418900589040e-09
8.721384080677779701e-09
9.133607674440243097e-09
9.528675414098275698e-09
9.897356425244505419e-09
1.022978979514232770e-08
1.051617867338592574e-08
1.074752603892689378e-08
1.091633724940036097e-08
1.101722179665015828e-08
1.104733739898293473e-08
1.100663780109181148e-08
1.089790822338247179e-08
1.072659261008181118e-08
1.050043900698910943e-08
1.022900418720615611e-08
9.923069037404314273e-09
9.594020331964139481e-09
9.253250772590813626e-09
8.911621884262148591e-09
8.579021568164876007e-09
8.264034156641566034e-09
7.973726690899214673e-09
7.713542827790788988e-09
7.487286869031118816e-09
7.297175401846914401e-09
7.143933298252401848e-09
7.026913917190917980e-09
6.944228600298903457e-09
6.892878284778988502e-09
6.868886398568967962e-09
6.867438222531080803e-09
6.883035362634875329e-09
6.909673703998026660e-09
6.941052019444967223e-09
6.970812332598331552e-09
6.992807399252466093e-09
7.001383992821270976e-09
6.991663561550183581e-09
6.959799520385483772e-09
6.903187137489714567e-09
6.820604616960430236e-09
6.712268773566479502e-09
6.579794518369681147e-09
6.426058683792287221e-09
6.254975812887959653e-09
6.071203753334469935e-09
5.879804092927008504e-09
5.685885444881552258e-09
5.494261622054555122e-09
5.309152130991135038e-09
5.133949004382680953e-09
4.971066711218728111e-09
4.821881614828442904e-09
4.686761060179391303e-09
4.565171042711649365e-09
4.455846128502295616e-09
4.357000728265645750e-09
4.266557309883958564e-09
4.182370519444647628e-09
4.102426437332207415e-09
4.025002482356830238e-09
3.948779262405084808e-09
3.872900089510202292e-09
3.796982229118584940e-09
3.721085641902795860e-09
3.645649690197393608e-09
3.571409067210988892e-09
3.499300743678413549e-09
3.430370616702563484e-09
3.365689113102352211e-09
3.306279418641050390e-09
3.253060914272801096e-09
3.206808062455077905e-09
3.168121636728253227e-09
3.137411113061581570e-09
3.114883966404770315e-09
3.100539669349359278e-09
3.094167049538234041e-09
3.095342961669067811e-09
3.103434186975915937e-09
3.117602229648074639e-09
3.136812770018809860e-09
3.159851618598585417e-09
3.185346801028564536e-09
3.211799099352942656e-09
3.237619388502926967e-09
3.261172221599360108e-09
3.280824569902506567e-09
3.294996023341893994e-09
3.302210168940434210e-09
3.301143113581811617e-09
3.290667289374062396e-09
3.269888970944136433e-09
3.238175922940156517e-09
3.195175973801903000e-09
3.140823708683243133e-09
3.075335234280076818e-09
2.999191529340646736e-09
2.913109231353274272e-09
2.818002507584610900e-09
2.714936413636973844e-09
2.605075283775809761e-09
2.489630323174358119e-09
2.369808968822703479e-09
2.246772409881653068e-09
2.121603640384473007e-09
1.995289827937694711e-09
1.868720641733412490e-09
1.742703139566403832e-09
1.617990158728424051e-09
1.495320083197915927e-09
1.375461300973113600e-09
1.259255235543240758e-09
1.147651300645731993e-09
1.041726545267646379e-09
9.426863085372502845e-10
8.518424242504889324e-10
7.705696249734965561e-10
7.002437314299239880e-10
6.421673873683524073e-10
5.974927114977597503e-10
5.671501574335403592e-10
5.517936695523976044e-10
5.517707656808693650e-10
5.671229714801340314e-10
5.976193126838211816e-10
6.428203250289645143e-10
7.021662752178280029e-10
7.750795796008810799e-10
8.610680197380425239e-10
9.598154577726531849e-10
1.071246190422495301e-09
1.195552190377573112e-09
1.333176735182267568e-09
1.484751794274216117e-09
1.650994421400549897e-09
1.832570750985169671e-09
2.029941946575885775e-09
2.243209916769360304e-09
2.471979421142933526e-09
2.715256050063678816e-09
2.971392622915312147e-09
3.238093775536417008e-09
3.512483094943282384e-09
3.791226829592255886e-09
4.070708587657984944e-09
4.347237896534403290e-09
4.617275842109386333e-09
4.877657976968644015e-09
5.125797631535894290e-09
5.359849005054407254e-09
5.578824001146682440e-09
5.782651473943528786e-09
5.972178689787248841e-09
6.149120469397919411e-09
6.315957676126363007e-09
6.475802844579271610e-09
6.632238538505534805e-09
6.789141261947862914e-09
6.950502867979520056e-09
7.120250021166144526e-09
7.302075798519687483e-09
7.499279584203558133e-09
7.714618956208950086e-09
7.950177469293006293e-09
8.207241967458811998e-09
8.486203106706318089e-09
8.786475969493712605e-09
9.106449839521341425e-09
9.443478304033500606e-09
9.793907749206526429e-09
1.015316382460670178e-08
1.051589006190262297e-08
1.087614137954094121e-08
1.122763130108642525e-08
1.156400980989082689e-08
1.187917168840220337e-08
1.216756300043507202e-08
1.242446665848706662e-08
1.264624899486018374e-08
1.283053214769148761e-08
1.297629515518875887e-08
1.308388000262257252e-08
1.315490572451172304e-08
1.319210293041392035e-08
1.319906798866886946e-08
1.317997950463298863e-08
1.313928746212042361e-08
1.308140804889365422e-08
1.301045627841770165e-08
1.293002292595106919e-08
1.284303393433593021e-08
1.275168485724820181e-08
1.265745723169923258e-08
1.256120710027032159e-08
1.246331771936623459e-08
1.236388101813679770e-08
1.226290758500685411e-08
1.216052726665330585e-08
1.205716634745620384e-08
1.195369132595552297e-08
1.185149335811924984e-08
1.175253040610577938e-08
1.165931224169339255e-08
1.157483917681238649e-08
1.150250828482359911e-08
1.144598132784078288e-08
1.140904527002144200e-08
1.139545822936513271e-08
1.140879270616345332e-08
1.145228579922546185e-08
1.152868304392440233e-08
1.164009844435642904e-08
1.178787610915728274e-08
1.197246082595807335e-08
1.219328719044436254e-08
1.244867620123808806e-08
1.273576998106365549e-08
1.305049718964744162e-08
1.338758445569771392e-08
1.374062943639255360e-08
1.410222234853301178e-08
1.446414420108582608e-08
1.481761970868305579e-08
1.515362267137592286e-08
1.546322772045571566e-08
1.573796703166209929e-08
1.597020001945421032e-08
1.615344999718210697e-08
1.628269224036165804e-08
1.635458210617755422e-08
1.636758301761806442e-08
1.632201893372337925e-08
1.622002461403404575e-08
1.606540911937587368e-08
1.586344116278255966e-08
1.562058357384848740e-08
1.534417208929285691e-08
1.504209428424774010e-08
1.472246459875338946e-08
1.439332305000546418e-08
1.406238054591261786e-08
1.373679774136252056e-08
1.342303460028942712e-08
1.312674776028554309e-08
1.285274055528040359e-08
1.260496630767283163e-08
1.238655488067922222e-08
1.219988182679292806e-08
1.204664890597138626e-08
1.192797436092124604e-08
1.184449174952404405e-08
1.179643035023618083e-08
1.178369901403740042e-08
1.180594899506536167e-08
1.186261964812170653e-08
1.195297209524388909e-08
1.207608961046287738e-08
1.223087276651326839e-08
1.241601082205022665e-08
1.262993961604254780e-08
1.287079869614491013e-08
1.313637190547561014e-08
1.342404871877762916e-08
1.373079226348180135e-08
1.405312896382590944e-08
1.438717511569295257e-08
1.472867952716782026e-08
1.507311740717159610e-08
1.541580850608574383e-08
1.575206204296868864e-08
1.607734954485046689e-08
1.638746503266696622e-08
1.667869794356219440e-08
1.694797661353388890e-08
1.719297938265831782e-08
1.741221474005051490e-08
1.760503204935512233e-08
1.777160422542921433e-08
1.791285293849494828e-08
1.803033613605099568e-08
1.812610365880499725e-08
1.820254736601305670e-08
1.826222370189001027e-08
1.830770773471835058e-08
1.834145400060797549e-08
1.836568318515298357e-08
1.838231107311581317e-08
1.839288447798213878e-08
1.839857087134236610e-08
1.840016196319275040e-08
1.839809889695346118e-08
1.839252725944788524e-08
1.838334142399782598e-08
1.837026551656692086e-08
1.835293299799937513e-08
1.833097692716817952e-08
1.830414320255510365e-08
1.827238772603858617e-08
1.823600434329886349e-08
1.819573985419294898e-08
1.815289962705697353e-08
1.810944494342034629e-08
1.806803080705422930e-08
1.803202152337849399e-08
1.800543436819570046e-08
1.799281606890151654e-08
1.799906260773927850e-08
1.802914867980978015e-08
1.808783028352030572e-08
1.817930188034969802e-08
1.830684671563135332e-08
1.847252354417590290e-08
1.867688116326794071e-08
1.891878234647604000e-08
1.919532107935813359e-08
1.950186101983009038e-08
1.983221432334860116e-08
2.017891107270731600e-08
2.053359810815721816e-08
2.088749680261897283e-08
2.123190176004762600e-08
2.155867569181957636e-08
2.186072138424995525e-08
2.213234780336533232e-08
2.236956740291395766e-08
2.257025891749769006e-08
2.273420465083500260e-08
2.286302416025520779e-08
2.295996616950666263e-08
2.302964941041346193e-08
2.307772647607266300e-08
2.311051525675684744e-08
2.313464209356542332e-08
2.315666487056164211e-08
2.318276466251015894e-08
2.321846289160929180e-08
2.326838703840132517e-08
2.333610419528276576e-08
2.342396528672794567e-08
2.353303049800486798e-08
2.366301849680475595e-08
2.381229699686175331e-08
2.397793538974150188e-08
2.415576515129406960e-08
2.434052781238480728e-08
2.452605562775927335e-08
2.470550297155364261e-08
2.487164348735187555e-08
2.501716146135126153e-08
2.513500089814078091e-08
2.521869002855427092e-08
2.526263582548400432e-08
2.526238388400093045e-08
2.521475750868303558e-08
2.511794252056425285e-08
2.497144631620197414e-08
2.477595414550382082e-08
2.453311700387566836e-08
2.424523232071251253e-08
2.391493396559600807e-08
2.354486613798227959e-08
2.313740463390144212e-08
2.269445169110211210e-08
2.221735388995309572e-08
2.170689829992055701e-08
2.116346580603671968e-08
2.058726808582730452e-08
1.997866119740150571e-08
1.933851557723162841e-08
1.866854669395939053e-08
1.797163384016853852e-08
1.725203515359709914e-08
1.651548825192448891e-08
1.576919438447408084e-08
1.502164003236944829e-08
1.428232894884120259e-08
1.356140534007067197e-08
1.286921916614735188e-08
1.221588426214801616e-08
1.161083327392033235e-08
1.106245100970874447e-08
1.057777527975799209e-08
1.016229123681815032e-08
9.819828993141764152e-09
9.552526014407720098e-09
9.360872983527106193e-09
9.243790583615645835e-09
9.198722334476116341e-09
9.221730801975107133e-09
9.307557844994333274e-09
9.449678650984680318e-09
9.640329790225310803e-09
9.870534542568694614e-09
1.013015622759776664e-08
1.040797603748757249e-08
1.069185446490632219e-08
1.096896558899469888e-08
1.122612014346342209e-08
1.145018382870464359e-08
1.162854210413142046e-08
1.174962568052341619e-08
1.180342856803911013e-08
1.178199033705794235e-08
1.167979772798118522e-08
1.149408401507784708e-08
1.122496632894992559e-08
1.087545349981866753e-08
1.045129138030977019e-08
9.960672400902121971e-09
9.413845829654737241e-09
8.822634140410171569e-09
8.199935035287650430e-09
7.559217491262922884e-09
6.914056440638102706e-09
6.277737798727917811e-09
5.662927423694964191e-09
5.081436779681586655e-09
4.544057418807604058e-09
4.060458943273320454e-09
3.639136367726655458e-09
3.287376033999635987e-09
3.011242181167665345e-09
2.815561269899190068e-09
2.703906217942737025e-09
2.678587349387042141e-09
2.740651887546336201e-09
2.889916742407786112e-09
3.125039947507784823e-09
3.443644205293555157e-09
3.842500948649390880e-09
4.317761345727041592e-09
4.865235699769914664e-09
5.480691022926048037e-09
6.160143055161318676e-09
6.900120390747190005e-09
7.697853683105681560e-09
8.551390920377115096e-09
9.459606005919997782e-09
1.042210178048346255e-08
1.143902813407319211e-08
1.251080361853657217e-08
1.363781339404495919e-08
1.482008941923111386e-08
1.605702091651183644e-08
1.734715021220021390e-08
1.868803273075724580e-08
2.007624604625195573e-08
2.150750365064811043e-08
2.297688334191552009e-08
2.447913858746028755e-08
2.600909051451068907e-08
2.756198015097930081e-08
2.913384046777290946e-08
3.072176894963722543e-08
3.232408863165728457e-08
3.394041061237055227e-08
3.557148100235839035e-08
3.721895561634208097e-08
3.888501641841132558e-08
4.057189256608011211e-08
4.228137429944998950e-08
4.401423176790789101e-08
4.576976620085915658e-08
4.754540732044952507e-08
4.933643906365104870e-08
5.113594293849494631e-08
5.293481181813614016e-08
5.472206020545134647e-08
5.648525869944456539e-08
5.821112314032302542e-08
5.988629475194830303e-08
6.149806988404877476e-08
6.303529509718712410e-08
6.448917952704519814e-08
6.585403761180978401e-08
6.712799598585091285e-08
6.831339890621523074e-08
6.941719034436302463e-08
7.045103283092378047e-08
7.143123736135092465e-08
7.237860401064355988e-08
7.331794614798070358e-08
7.427766525454016456e-08
7.528916143892930526e-08
7.638619506700553309e-08
7.760431927351796702e-08
7.898012733668655109e-08
8.055067924434502833e-08
8.235282423278886693e-08
8.442250135253741956e-08
8.679394353991774752e-08
8.949887186646681606e-08
9.256533349996744297e-08
9.601657678913038638e-08
9.986965574071514467e-08
1.041338920209876135e-07
1.088093902824479839e-07
1.138853277582332940e-07
1.193386455952496939e-07
1.251329197660598370e-07
1.312176846652136418e-07
1.375285290641686739e-07
1.439876090589620592e-07
1.505052952870586401e-07
1.569825064916657848e-07
1.633138321738585170e-07
1.693915417067413303e-07
1.751096876431554658e-07
1.803688625915767780e-07
1.850807258262967831e-07
1.891721856025371824e-07
1.925891895987568724e-07
1.952991473246141385e-07
1.972927338732589959e-07
1.985842431186009260e-07
1.992106908378295207e-07
1.992299909696118311e-07
1.987175894453561704e-07
1.977628018773709028e-07
1.964643656320103038e-07
1.949257625572960812e-07
1.932508638801275771e-07
1.915394052721390521e-07
1.898835267208256297e-07
1.883647680428758930e-07
1.870518584169174127e-07
1.859995572488930139e-07
1.852477626536363755e-07
1.848217838015300652e-07
1.847329254601951276e-07
1.849795146623932544e-07
1.855485098867920998e-07
1.864168754976920926e-07
1.875536488100200494e-07
1.889219371261314502e-07
1.904811275129879096e-07
1.921892001796714233e-07
1.940054336249775210e-07
1.958926786826436673e-07
1.978201414181528914e-07
1.997657724676819464e-07
2.017183437621041634e-07
2.036792916496322402e-07
2.056633009969594297e-07
2.076985357540483899e-07
2.098255601816287266e-07
2.120951533164569554e-07
2.145653409089797011e-07
2.172969086922492705e-07
2.203487976536715925e-07
2.237728484746113862e-07
2.276085815524709654e-07
2.318787704222162722e-07
2.365852944929609248e-07
2.417069018943880645e-07
2.471982309737754681e-07
2.529905541955153102e-07
2.589946233803268523e-07
2.651044237997799589e-07
2.712029649324897291e-07
2.771686655370452667e-07
2.828821956018587023e-07
2.882336744537028955e-07
2.931285259148123397e-07
2.974931329221034969e-07
3.012787478114390507e-07
3.044638066822108742e-07
3.070549867309725667e-07
3.090857243533222416e-07
3.106140738694887483e-07
3.117188403094231098e-07
3.124947126024816256e-07
3.130471836425606887e-07
3.134862294143590042e-07
3.139208650760661617e-07
3.144534908262730374e-07
3.151747927242164536e-07
3.161591929470043556e-07
3.174615453186144918e-07
3.191137957978239913e-07
3.211235520804755153e-07
3.234732533185846213e-07
3.261204661653455505e-07
3.289998459730421360e-07
3.320253388086298685e-07
3.350945282605376787e-07
3.380936001971695383e-07
3.409032365048405580e-07
3.434057048536249378e-07
3.454912792116931074e-07
3.470656153495724813e-07
3.480560967916154800e-07
3.484171782649330325e-07
3.481348113945407102e-07
3.472279966345326594e-07
3.457493159433466672e-07
3.437827627700752781e-07
3.414394694056819815e-07
3.388521055452446963e-07
3.361667926468616795e-07
3.335351765506167634e-07
3.311057134882021215e-07
3.290153496965331726e-07
3.273827139354140642e-07
3.263018115050384269e-07
3.258386301760583572e-07
3.260293236396300424e-07
3.268804915518965529e-07
3.283718972201763885e-07
3.304597775554600076e-07
3.330823607068819229e-07
3.361655935366591378e-07
3.396291137254496160e-07
3.433925903659444696e-07
3.473805049095239209e-07
3.515272818999406984e-07
3.557810641794590923e-07
3.601067490885340799e-07
3.644881047255843123e-07
3.689297268005841693e-07
3.734571461805150895e-07
3.781173974267231628e-07
3.829782511162671443e-07
3.881265392622158444e-07
3.936660233051809186e-07
3.997127402407355619e-07
4.063901502596309405e-07
4.138221604399742538e-07
4.221247050876513316e-07
4.313968413610750449e-07
4.417097769960921484e-07
4.530972042845490417e-07
4.655457222976128372e-07
4.789869038778419891e-07
4.932927215977889125e-07
5.082728079062058245e-07
5.236772664352546266e-07
5.392030498818243028e-07
5.545046185179353076e-07
5.692094185389427710e-07
5.829346609579064987e-07
5.953079185837425690e-07
6.059874826509096814e-07
6.146818781586843490e-07
6.211681339381029652e-07
6.253044219878521919e-07
6.270401272532187718e-07
6.264196300206223950e-07
6.235805876024195080e-07
6.187480059772639133e-07
6.122215715372605511e-07
6.043614576171008091e-07
5.955706472217917621e-07
5.862761621440428565e-07
5.769114835187643511e-07
5.678982847899704737e-07
5.596324048941983105e-07
5.524716095873921860e-07
5.467266079298589521e-07
5.426548736510724045e-07
5.404580844260510558e-07
5.402798800880532101e-07
5.422071429545570481e-07
5.462714470929231559e-07
5.524511882624824560e-07
5.606750957540378982e-07
5.708241718314200272e-07
5.827359803164907022e-07
5.962086461502638847e-07
6.110057808335638079e-07
6.268636954743608964e-07
6.434978677430010523e-07
6.606129037150718643e-07
6.779126060860539851e-07
6.951107223313856070e-07
7.119429984015868210e-07
7.281760813023541522e-07
7.436173113711340213e-07
7.581209711901228351e-07
7.715915220176442303e-07
7.839848413074330378e-07
7.953032363667794742e-07
8.055899620489756274e-07
8.149197096407666047e-07
8.233872518425767569e-07
8.310968013704486023e-07
8.381487547769296460e-07
8.446308452810159997e-07
8.506102049789643807e-07
8.561284799964174964e-07
8.612019384208162894e-07
8.658218881047649785e-07
8.699612877585994246e-07
8.735822262611991193e-07
8.766449328897378511e-07
8.791189468240871306e-07
8.809905909755066420e-07
8.822722883115330665e-07
8.830081546508452845e-07
8.832769867245812364e-07
8.831940863223657130e-07
8.829070484101190542e-07
8.825923762913629295e-07
8.824484610469573292e-07
8.826874606010455490e-07
8.835260092908671959e-07
8.851773046676401075e-07
8.878400523642933242e-07
8.916912603753945506e-07
8.968781370794761881e-07
9.035112194761530565e-07
9.116584723934027730e-07
9.213397071557819712e-07
9.325255947654498620e-07
9.451309012581179707e-07
9.590160814897132024e-07
9.739870169805509924e-07
9.897973273342239286e-07
1.006152802047207574e-06
1.022718122078784499e-06
1.039125915171286175e-06
1.054988018422191723e-06
1.069908623566354562e-06
1.083497936048921882e-06
1.095390688684629651e-06
1.105256091223786416e-06
1.112815063847132546e-06
1.117851363322640344e-06
1.120220842834904804e-06
1.119857447954381430e-06
1.116775629647504435e-06
1.111069134933265445e-06
1.102906415947249372e-06
1.092522281975543682e-06
1.080211671823396634e-06
1.066313321038469484e-06
1.051201511215579909e-06
1.035273597071516372e-06
1.018939140613938792e-06
1.002610193231647591e-06
9.866929234094776090e-07
9.715805802505936469e-07
9.576476106962185869e-07
9.452438711383570869e-07
9.346931672631850094e-07
9.262843389563200695e-07
9.202699700867780141e-07
9.168611112725203827e-07
9.162226715994161884e-07
9.184688926071379658e-07
9.236591962300949605e-07
9.317947555232879003e-07
9.428161334054070906e-07
9.566014861553947257e-07
9.729701917220164044e-07
9.916802298732881432e-07
1.012434737661119537e-06
1.034885849254738225e-06
1.058640115427423892e-06
1.083264355627189829e-06
1.108291604852863580e-06
1.133226916883007522e-06
1.157552931645964032e-06
1.180734298458952824e-06
1.202227088159655663e-06
1.221478880844706694e-06
1.237939465351562664e-06
1.251067991648861129e-06
1.260342696721469743e-06
1.265272368136297250e-06
1.265409428906787829e-06
1.260364251709898372e-06
1.249820041625883280e-06
1.233547403505458686e-06
1.211416537790705378e-06
1.183412209243893925e-06
1.149634953207240612e-06
1.110308558739827697e-06
1.065777716083166014e-06
1.016502005003982640e-06
9.630454738717341491e-07
9.060624757725699961e-07
8.462807267693722201e-07
7.844827421729032885e-07
7.214862406955249612e-07
6.581284489692703491e-07
5.952455952638949628e-07
5.336612304636904428e-07
4.741737201048892660e-07
4.175467935098781432e-07
3.645020160411281833e-07
3.157124912987337464e-07
2.717969889746243437e-07
2.333137255326366335e-07
2.007530190939585993e-07
1.745295869538382123e-07
1.549717642784740562e-07
1.423118657368830597e-07
1.366755683400093420e-07
1.380725700883536860e-07
1.463895127013413274e-07
1.613863381135604849e-07
1.826970594515607687e-07
2.098355887807620306e-07
2.422065959505718521e-07
2.791223465300086461e-07
3.198216035457902912e-07
3.634933437496498717e-07
4.093007683505502223e-07
4.564050345241255455e-07
5.039868443311962236e-07
5.512644534121325967e-07
5.975070653692477103e-07
6.420431000601127829e-07
6.842634029024285512e-07
7.236193677599588045e-07
7.596210139071923942e-07
7.918267477457158647e-07
8.198392660288463411e-07
8.432996254770944347e-07
8.618845744374491148e-07
8.753074283208543416e-07
8.833228626235415078e-07
8.857354147113409984e-07
8.824109227243909751e-07
8.732888460383531781e-07
8.583987650787028906e-07
8.378671414134158999e-07
8.119289836959027962e-07
7.809307827346681736e-07
7.453286388944947447e-07
7.056803236756822687e-07
6.626314211656285757e-07
6.168962665123262694e-07
5.692348907025893976e-07
5.204270503040483012e-07
4.712480933372236211e-07
4.224408438167700518e-07
3.746953787918523532e-07
3.286301701269217262e-07
2.847786262983282119e-07
2.435808851183492919e-07
2.053807676964075992e-07
1.704273808108025655e-07
1.388805271294214887e-07
1.108187719854923254e-07
8.624971212904968706e-08
6.511967568426766761e-08
4.732433329943466124e-08
3.271772293396397795e-08
2.112008321990705426e-08
1.232426567811998625e-08
6.100867346135062517e-09
2.202399819711114811e-09
3.669058110251103291e-10
3.214469200091309282e-10
1.785823065239086265e-09
4.476775764345331603e-09
8.112755445588177827e-09
1.241920275536161715e-08
1.713413648253889417e-08
2.201374768606885087e-08
2.683764606359844793e-08
3.141340698477246402e-08
3.558011875864971412e-08
3.921071871780150997e-08
4.221297595777851232e-08
4.452938502188999972e-08
4.613547409167846024e-08
4.703753637279050108e-08
4.726942750264711716e-08
4.688891867293526851e-08
4.597379774263228854e-08
4.461790370096733840e-08
4.292722126477372341e-08
4.101610284020525379e-08
3.900359590045914971e-08
3.701009870717760026e-08
3.515371876917648563e-08
3.354712454698314829e-08
3.229429141272748541e-08
3.148743447564415376e-08
3.120417034314010836e-08
3.150501988663308020e-08
3.243137811380306771e-08
3.400407267280770755e-08
3.622257177157095907e-08
3.906511942945995257e-08
4.248926401953375993e-08
4.643345093906193956e-08
5.081905740548553268e-08
5.555295347173269533e-08
6.053041003918290212e-08
6.563820965433977994e-08
7.075783283567102276e-08
7.576862180585782535e-08
8.055085819654613937e-08
8.498863550870163118e-08
8.897304729018440574e-08
9.240438771194848924e-08
9.519509017073076201e-08
9.727209864898995782e-08
9.857912691655713954e-08
9.907863344254182836e-08
9.875339275905509278e-08
9.760752514243926440e-08
9.566684621021540881e-08
9.297832159546879438e-08
8.960914938469430974e-08
8.564396776183921569e-08
8.118225592471263536e-08
7.633456376151301147e-08
7.121838658137883134e-08
6.595384352555114350e-08
6.065944130363641580e-08
5.544819535999921385e-08
5.042433971596995870e-08
4.568074000611059534e-08
4.129738746909977346e-08
3.734019865245797726e-08
3.386105251541956623e-08
3.089811084406672899e-08
2.847653428979696167e-08
2.660932556615503981e-08
2.529811249946216426e-08
2.453373973847224103e-08
2.429661408339733055e-08
2.455680544587491429e-08
2.527417055746160171e-08
2.639826624318703165e-08
2.786877864189187574e-08
2.961626152512507934e-08
3.156349221004690680e-08
3.362749641403921379e-08
3.572222742040810433e-08
3.776178505624459429e-08
3.966396778046428688e-08
4.135388101174376047e-08
4.276724064179479170e-08
4.385334624845887751e-08
4.457675292375790937e-08
4.491839644073221259e-08
4.487539901544446255e-08
4.445987867223872192e-08
4.369687679488398508e-08
4.262165870749851616e-08
4.127670254605836190e-08
3.970870972949526567e-08
3.796590071450069822e-08
3.609609457694824465e-08
3.414505974770190437e-08
3.215604025706869572e-08
3.016970676527533906e-08
2.822461532902466034e-08
2.635787997715928506e-08
2.460578606061573909e-08
2.300409195250089530e-08
2.158782853671198726e-08
2.039047616116106994e-08
1.944267464646927598e-08
1.877023546665405255e-08
1.839215608353110067e-08
1.831855637596122911e-08
1.854898819688976358e-08
1.907137257446864241e-08
1.986177568647911986e-08
2.088513278942591272e-08
2.209690798811154821e-08
2.344552730002993418e-08
2.487550505277521322e-08
2.633054523384001836e-08
2.775679836219609264e-08
2.910554830327863555e-08
3.033521465726254296e-08
3.141247458596955374e-08
3.231245609329103573e-08
3.301808223084780967e-08
3.351875958872178282e-08
3.380864812703854620e-08
3.388507055624631593e-08
3.374677365322933546e-08
3.339309623875928223e-08
3.282361122263144164e-08
3.203852659913371479e-08
3.103972777304152335e-08
2.983227042572264912e-08
2.842604946917925051e-08
2.683732798599134828e-08
2.508981709447712476e-08
2.321502490733594664e-08
2.125188605495536597e-08
1.924520483956168003e-08
1.724358752595186325e-08
1.529663588594290524e-08
1.345188554721064046e-08
1.175181244564276381e-08
1.023125953124182336e-08
8.915584432404431672e-09
7.819734368139497167e-09
6.948322283697851447e-09
6.296703065291591387e-09
5.852738437629209245e-09
5.599148797169572069e-09
5.515975872500178029e-09
5.582863406063685263e-09
5.780839285400665697e-09
6.093378297352852653e-09
6.506642440183922258e-09
7.008927370827958762e-09
7.589459958779067559e-09
8.236858083944734341e-09
8.937432393651788906e-09
9.673839419433287876e-09
1.042424320818276444e-08
1.116224507168544022e-08
1.185766347648310428e-08
1.247812340507450880e-08
1.299128772567766091e-08
1.336745995126144719e-08
1.358220671335293030e-08
1.361875275189014657e-08
1.346957924006074985e-08
1.313733433151481980e-08
1.263468651340295103e-08
1.198323940929131025e-08
1.121163803312434191e-08
1.035312026716789166e-08
9.442836030297330827e-09
8.515276953036313929e-09
7.602128654580970562e-09
6.730772351559396999e-09
5.923613050287311797e-09
5.198097135773936885e-09
4.567474861045954463e-09
4.041938855571825997e-09
3.629903510940894133e-09
3.339108809032749931e-09
3.177278724046600745e-09
3.152147209640976211e-09
3.270781094400910066e-09
3.538256359961387683e-09
3.955902301585728672e-09
4.519335571926562938e-09
5.216717872537740878e-09
6.027524635124323131e-09
6.922151485599183605e-09
7.862554534768508071e-09
8.803987054356837012e-09
9.697739938555364831e-09
1.049464325613797324e-08
1.114894883847220139e-08
1.162223954595414634e-08
1.188668924110985175e-08
1.192754569213191271e-08
1.174431432176787497e-08
1.135056547191924049e-08
1.077236391957135532e-08
1.004550784625221393e-08
9.211915685528726279e-09
8.315605668695951766e-09
7.398749366414947734e-09
6.498330408719417501e-09
5.643640274398391384e-09
4.855070073313686328e-09
4.144117366222596627e-09
3.514574194655889935e-09
2.964624142417954687e-09
2.489465215040024345e-09
2.084010386035192219e-09
1.745219076718856924e-09
1.473680188592354947e-09
1.274188885291070400e-09
1.155232716764116458e-09
1.127440614137700748e-09
1.201275462010938575e-09
1.384314020449184373e-09
1.678570872768840145e-09
2.078316579834827314e-09
2.568781769313067571e-09
3.126019099267262370e-09
3.718032782217787243e-09
4.307097834704331029e-09
4.853057038542767327e-09
5.317120891050031726e-09
5.665801018875365252e-09
5.874392049498766030e-09
5.929574906132437617e-09
5.830787663902981619e-09
5.590173864516986589e-09
5.231103736730771260e-09
4.785450426085904080e-09
4.289959224924775059e-09
3.782205158898054244e-09
3.296556508759810178e-09
2.860764676697773106e-09
2.493493809146550669e-09
2.203102515717731907e-09
1.987772665947154717e-09
1.836905854338458852e-09
1.733542618605894487e-09
1.657432218250650625e-09
1.588306339058185079e-09
1.508917516650258606e-09
1.407410121701816287e-09
1.278780356726482930e-09
1.125246330034662802e-09
9.555576749125600194e-10
7.834089375739172308e-10
6.252438866253327087e-10
4.978113958135345835e-10
4.158506637009850517e-10
3.902435345156205783e-10
4.268817508010684002e-10
5.263774531136650002e-10
6.845949577418026971e-10
8.938704011725138968e-10
1.144662308999106503e-09
1.427326309603712218e-09
1.733693241448086778e-09
2.058172413428050202e-09
2.398188409363776221e-09
2.753876937988968859e-09
3.127089467236613450e-09
3.519907613732999931e-09
3.932868324725544957e-09
4.363301226895097662e-09
4.804030726618791454e-09
5.242731020657083476e-09
5.662098969365810842e-09
6.040890284638566885e-09
6.355730948872778878e-09
6.583492614783996410e-09
6.703916988460972752e-09
6.702193343528170140e-09
6.570987986990156322e-09
6.311823105841120574e-09
5.935457179933579408e-09
5.461253094577626452e-09
4.915591676991100762e-09
4.329528470072056166e-09
3.735993386422976601e-09
3.166891203848286553e-09
2.650463291309949626e-09
2.209253110880793492e-09
1.858839363662109111e-09
1.607526726067535021e-09
1.456895767193694832e-09
1.403080118334100841e-09
1.438506240809596231e-09
1.553777560725105152e-09
1.739377284174238879e-09
1.986908434845915561e-09
2.289678477329417767e-09
2.642551334509017426e-09
3.041148309815172393e-09
3.480521503114925152e-09
3.953648600727303371e-09
4.450019846975434623e-09
4.954661408893526615e-09
5.447859127971861804e-09
5.905748502477759284e-09
6.301803544296914126e-09
6.609111963172311872e-09
6.803178361831541045e-09
6.864965342419657609e-09
6.783607195743993046e-09
6.558593382663442116e-09
6.200918376696924243e-09
5.733022244336763784e-09
5.187425965477952672e-09
4.604144510076665390e-09
4.027124368065863000e-09
3.500087840180944882e-09
3.062249951844299091e-09
2.744435714067010295e-09
2.565985913679537516e-09
2.532917020605293071e-09
2.637477668728380246e-09
2.859179507333425029e-09
3.167163813078491476e-09
3.523609670761031365e-09
3.887767955287456219e-09
4.220138813845156668e-09
4.486299771611300390e-09
4.659999316769398459e-09
4.725096691282127146e-09
4.676318623871724212e-09
4.518729284696969607e-09
4.266109741931579584e-09
3.938526619208339229e-09
3.559462086239892156e-09
3.152908684937042723e-09
2.740807286494906003e-09
2.341130559337862364e-09
1.966797399304265283e-09
1.625492253840128331e-09
1.320260330523815608e-09
1.050752644960579065e-09
8.147945680195767141e-10
6.099916798377853507e-10
4.350760240880577098e-10
2.907590496580540235e-10
1.799513619449982867e-10
1.073223413247525414e-10
7.828690105797941208e-11
9.760577705148830760e-11
1.678507207810389750e-10
2.880172676488918192e-10
4.525459789722148377e-10
6.509577651174668485e-10
8.682175294440202550e-10
1.085831930023013692e-09
1.283576277332109673e-09
1.441648908269428541e-09
1.542980285571665461e-09
1.575410784981899141e-09
1.533410209546699737e-09
1.419149590729636827e-09
1.242734330737219513e-09
1.021562704444821075e-09
7.788674522997595236e-10
5.416017307157338702e-10
3.379093302849203332e-10
1.944652517592210369e-10
1.339810981700594284e-10
1.731424153587640911e-10
3.211798238189403724e-10
5.791998778594351512e-10
9.402993554803980352e-10
1.390400365320218726e-09
1.909664221243481157e-09
2.474288415359863493e-09
3.058466031111668273e-09
3.636291998204814046e-09
4.183432562779597064e-09
4.678418818420358597e-09
5.103542171043480781e-09
5.445236101452611154e-09
5.694145506187214657e-09
5.844870876204989743e-09
5.895547401842023663e-09
5.847370746428678387e-09
5.704170255323667253e-09
5.472098200186372063e-09
5.159463644237524650e-09
4.776690722631597236e-09
4.336402731734086960e-09
3.853437300158620413e-09
3.344877781010967084e-09
2.829897186561370088e-09
2.329406194492561328e-09
1.865464045657802163e-09
1.460452044869735978e-09
1.136042042808755387e-09
9.120210056264439886e-10
8.050529195765959263e-10
8.274810952523969358e-10
9.862481866439661100e-10
1.282053228445062833e-09
1.708802733717875858e-09
2.253424672533462910e-09
2.896082205662680850e-09
3.610802399539821145e-09
4.366511337989807413e-09
5.128443077210415062e-09
5.859855986832515942e-09
6.524034873793431514e-09
7.086332434770256440e-09
7.516313625326966699e-09
7.789726216077903953e-09
7.890202536201197079e-09
7.810536577540480463e-09
7.553403867047254795e-09
7.131420976903098643e-09
6.566486111031594289e-09
5.888389845252707610e-09
5.132823449626784718e-09
4.338761940650835193e-09
3.545633743103230521e-09
2.790360437232715821e-09
2.104606465346016375e-09
1.512499252104201964e-09
1.029058167912726436e-09
6.595069592645939733e-10
3.995550778139544431e-10
2.366279158923011879e-10
1.519162690591419811e-10
1.230176446466074879e-10
1.268600643442096794e-10
1.425679983147500292e-10
1.539202980834296442e-10
1.511025557078603604e-10
1.315397770370659239e-10
9.971245869385916447e-11
6.599216734110642102e-11
4.466439797039917038e-11
5.141855231147631974e-11
1.006617769285176909e-10
2.030406089487181497e-10
3.635319904757061506e-10
5.803866679562103647e-10
8.450907671411039938e-10
1.143365424975935188e-09
1.457072343438059890e-09
1.766756113599339380e-09
2.054452581898740559e-09
2.306338325104713210e-09
2.514834223388867019e-09
2.679765315523322491e-09
2.808437398154176935e-09
2.914518579594603191e-09
3.015866089956265310e-09
3.131576326820118007e-09
3.278667610455530549e-09
3.468877793437134379e-09
3.706063664286263497e-09
3.984615894917172599e-09
4.289221221671796804e-09
4.595983243378931104e-09
4.874947798999264203e-09
5.093650117177198804e-09
5.221276667868724732e-09
5.232884169445824965e-09
5.113094494336663638e-09
4.858735311537358708e-09
4.480023814269663357e-09
4.000078860917982289e-09
3.452764248490187436e-09
2.879137260498182181e-09
2.322844558487253192e-09
1.825178306092523502e-09
1.420340544115054601e-09
1.131583160963192627e-09
9.687330667084033422e-10
9.274362320096296240e-10
9.902226242090659540e-10
1.129245698436668634e-09
1.310317480358642997e-09
1.497696411418334379e-09
1.658936024258056458e-09
1.769166576375371761e-09
1.814191464491560542e-09
1.791989554699945315e-09
1.712426742995628596e-09
1.595236468886795175e-09
1.466575383757405079e-09
1.354663655448847640e-09
1.285147947330505378e-09
1.276880142121741890e-09
1.338699259354065155e-09
1.467735797740481757e-09
1.649461301752643320e-09
1.859500660151717004e-09
2.066953183207644580e-09
2.238751377193866176e-09
2.344434140428133977e-09
2.360648298283854160e-09
2.274724218518610471e-09
2.086828722157502523e-09
1.810317712700881127e-09
1.470303920044667410e-09
1.100570887267070416e-09
7.392825456820711297e-10
4.240794340597638191e-10
1.872418156932696473e-10
5.158760096438362331e-11
2.766545258869416820e-11
1.126167715455498849e-10
2.908413692942649107e-10
5.363494328487733835e-10
8.164390498206486651e-10
1.096168856364380361e-09
1.342983521471999554e-09
1.530846407134642094e-09
1.643316931235326045e-09
1.675174621883692315e-09
1.632410443081760682e-09
1.530645964227204857e-09
1.392264288640662037e-09
1.242732204536935513e-09
1.106646606883713772e-09
1.004144898388376632e-09
9.481600835259511488e-10
9.429101529397505248e-10
9.837951106576141568e-10
1.058658341185143013e-09
1.150162113008014357e-09
1.238863871039732812e-09
1.306482503182489510e-09
1.338845393724504084e-09
1.328028328513042159e-09
1.273415012216997106e-09
1.181510878440784789e-09
1.064592860138319553e-09
9.384481719987087765e-10
8.195991989715111261e-10
7.224869934895592138e-10
6.570835363156614727e-10
6.273230035505311100e-10
6.306078636539310144e-10
6.584419567413216638e-10
6.980890787513042276e-10
7.349485489531160637e-10
7.552419208168695390e-10
7.485462010284646681e-10
7.097364494357755311e-10
6.400003736507678959e-10
5.467444395150852646e-10
4.423994187652280986e-10
3.423215402819070793e-10
2.621473069361789804e-10
2.150471138397276797e-10
2.093696313853749398e-10
2.470893856764150264e-10
3.233550427546758822e-10
4.272484602288649143e-10
5.436590431333174844e-10
6.559816841258063733e-10
7.491933789735796368e-10
8.127790259135704861e-10
8.429890843579339915e-10
8.439755520310056576e-10
8.275667918805990905e-10
8.116167077132277235e-10
8.171286219756467617e-10
8.645630730846222517e-10
9.699008514627303531e-10
1.141108077853304938e-09
1.375624222068867047e-09
1.659363558793691994e-09
1.967525008163159867e-09
2.267182262811621808e-09
2.521426614663322151e-09
2.694493481562745245e-09
2.757165006071442377e-09
2.691639703810963698e-09
2.495096889698804305e-09
2.181338092139805618e-09
1.780143614772595323e-09
1.334302987569045753e-09
8.946366725448285759e-10
5.135906672627109448e-10
2.383040868944208712e-10
1.040789043904891468e-10
1.292149156253148735e-10
3.119926730847745988e-10
6.303078339043579615e-10
1.044095328189894958e-09
1.500285160063764194e-09
1.939661036892196392e-09
2.304700105274592184e-09
2.547332889350343082e-09
2.635480431499246388e-09
2.557490241404476848e-09
2.323766677511383521e-09
1.965346789824778756e-09
1.529586185074773976e-09
1.073540739868312417e-09
6.559699336557354278e-10
3.290979630406762705e-10
1.313163995288731119e-10
8.188915794687854473e-11
1.784347631623703466e-10
3.975712856095527945e-10
6.986394848821863817e-10
1.029974100804855603e-09
1.336810314595395890e-09
1.569663080870674395e-09
1.691936011189710364e-09
1.685618427984143531e-09
1.554199137750677502e-09
1.322345558613522209e-09
1.032326287556782378e-09
7.377193460775734472e-10
4.952792161520612657e-10
3.561705177500467224e-10
3.578697640810606178e-10
5.179571668359484876e-10
8.307559951160577606e-10
1.267366970903109262e-09
1.779146299771665542e-09
2.304182089178921295e-09
2.775828746008132587e-09
3.132114132341342836e-09
3.324622415782375286e-09
3.325555736182230071e-09
3.131919185426353770e-09
2.766188167114994051e-09
2.273329044387284399e-09
1.714579824578273787e-09
1.158876589179637778e-09
6.731757498249212630e-10
3.130586684562543010e-10
1.150323190704785962e-10
9.163180867596735132e-11
2.300618310192205581e-10
4.945771509655347214e-10
8.322488219923077376e-10
1.181256318546840179e-09
1.480464543596762490e-09
1.678846868230609760e-09
1.743330005743594568e-09
1.663882191533350370e-09
1.455032441036560293e-09
1.153616379713086611e-09
8.130427119777580240e-10
4.949481578161679143e-10
2.594981188421992606e-10
1.558093091705939148e-10
2.139655625478845482e-10
4.398695121222043338e-10
8.137521013916462376e-10
1.292618280499495307e-09
1.816293359591198673e-09
2.316204082877998651e-09
2.725577755023086238e-09
2.989520880294508582e-09
3.073432767327500559e-09
2.968443478443564894e-09
2.693002363518657864e-09
2.290320182646941546e-09
1.821996802359091322e-09
1.358770224681501056e-09
9.697369820042488968e-10
7.117236332881387205e-10
6.204187601798773225e-10
7.046796705313819306e-10
9.449483489596988053e-10
1.296097988329903775e-09
1.694354110376786304e-09
2.067297474507183273e-09
2.345455505829434286e-09
2.473724305626378033e-09
2.420801168066900204e-09
2.185143461818627581e-09
1.796393313263989658e-09
1.311922126881203110e-09
8.088771317713552084e-10
3.728183022180311872e-10
8.459143353670300460e-11
7.405202350948575561e-12
1.761113299783417541e-10
5.904141012636891935e-10
1.213195156625094060e-09
1.974391805842518939e-09
2.780047170357462108e-09
3.525343467165609898e-09
4.109789453215412302e-09
4.452342734484967816e-09
4.504180796515576010e-09
4.257109956475906832e-09
3.746188725444015118e-09
3.045960971778942560e-09
2.260650910239115752e-09
1.509540880789855051e-09
9.096084624354395366e-10
5.578941395784083344e-10
5.162584508205649833e-10
8.009067888757530303e-10
1.378436379168494528e-09
2.169247957967201723e-09
3.058092442959754643e-09
3.910441292156842169e-09
4.592460940465850471e-09
4.991690920667100195e-09
5.035379928351408293e-09
4.703576724673489267e-09
4.034778054499193134e-09
3.122936806587440770e-09
2.105873597068333147e-09
1.146421999137623549e-09
4.087865763098412091e-10
3.342872125190867208e-11
1.141813253473691047e-10
6.811515412083221794e-10
1.692299182845162065e-09
3.035443730636162569e-09
4.541006174662990734e-09
6.004219219046340590e-09
7.214067067414193353e-09
7.985060513473795572e-09
8.187298109928829074e-09
7.770231241524443928e-09
6.776176538996612501e-09
5.340877400100214033e-09
3.680059338984400221e-09
2.062994323776683689e-09
7.759331262885230123e-10
8.000841916848901544e-11
1.693327665622948968e-10
1.135441284696016704e-09
2.943825285856386027e-09
5.427076914655181332e-09
8.297227241511955886e-09
1.117744874340496148e-08
1.365061669301221594e-08
1.531980675045773658e-08
1.587371347663790824e-08
1.514875830833101198e-08
1.317936044808456570e-08
1.022863269765540836e-08
6.793584198583335865e-09
3.581596210417435445e-09
1.458199581657888923e-09
1.369654648898588494e-09
4.247091891576792782e-09
1.090163472708909135e-08
2.192160070945236438e-08
3.758336966037264899e-08
5.778666739798517638e-08
8.202290506274111229e-08
1.093820278407586946e-07
1.385993941248094932e-07
1.681399441965341737e-07
1.963128950655209452e-07
2.214065122615459287e-07
2.418304375259194607e-07
2.562515816471253890e-07
2.637101761824958691e-07
