6.984261423E-2
-1.038782373E-1
-7.816682570E-3
8.755677193E-2
1.994589344E-2
-7.965020090E-2
7.051685825E-3
-6.161304563E-2
-6.713556498E-2
-3.555952385E-2
-2.676230669E-2
-3.591804206E-2
5.573470518E-2
-1.626985148E-2
1.749611832E-2
4.784398526E-2
-1.146042626E-2
1.614953205E-2
7.331265602E-3
3.550959378E-2
-5.959349498E-2
-7.310738415E-2
2.128392830E-2
5.953961611E-2
-1.306883059E-2
-4.441265389E-2
5.276260898E-2
-4.972865339E-3
5.689775571E-2
-2.666231617E-2
8.039690554E-2
-1.466999855E-2
1.121321470E-1
-9.722428396E-3
-4.865700006E-2
2.235488221E-2
-7.756223530E-2
1.284654718E-2
-5.669244751E-2
3.474124148E-2
1.924858987E-2
-4.314106330E-2
-3.308606520E-2
6.998667866E-2
-4.300225899E-2
6.233998109E-3
7.025310397E-2
-1.854201034E-2
-1.850254089E-2
2.908321097E-2
-6.020067632E-2
-3.405904165E-3
-6.858016551E-2
1.936502568E-2
-8.718503267E-2
7.029191405E-2
-4.505733401E-2
5.013719201E-2
-2.955283970E-2
4.849524051E-2
-2.790364996E-2
5.303758383E-2
1.068596020E-1
-1.968269609E-2
4.430836707E-4
8.705480956E-3
2.820500173E-2
3.905268759E-2
-4.322592169E-2
-5.807389691E-2
-4.857608676E-2
6.341426075E-2
-4.608815908E-2
6.040203944E-2
-1.676388457E-2
7.567234337E-2
-2.690045163E-2
6.153482944E-2
-2.646496519E-2
6.917491555E-2
1.860456914E-2
-9.633748233E-2
-8.019817621E-2
-6.400098652E-2
-3.363996372E-2
5.833249167E-2
9.640506323E-5
6.087304652E-2
1.252947096E-2
8.634307235E-2
1.041387673E-2
-6.945245713E-2
5.878639594E-2
-5.576950684E-2
4.297272116E-2
-3.482143208E-2
5.460980907E-2
-1.737698726E-2
-2.060633153E-3
2.367248759E-3
3.823960572E-2
-9.743540734E-2
2.915623039E-2
-5.695886910E-2
2.662028000E-2
-3.139938042E-2
5.699643120E-2
-1.789404452E-2
8.696670085E-2
6.310964469E-3
-6.728620827E-2
2.744059823E-2
-4.876488820E-2
-3.551939502E-2
6.009285524E-2
-6.845061202E-3
9.821895510E-2
1.824670844E-2
-5.576753244E-2
-5.175276846E-2
4.296877608E-2
-2.798653580E-2
-1.055761054E-1
-1.191959437E-2
-5.945798010E-2
3.698511422E-2
-3.775142506E-2
-1.619617455E-2
9.097422659E-2
2.148588374E-2
-1.041867584E-1
2.103789896E-2
-3.309132904E-2
7.262788713E-2
-4.785576090E-2
8.442219347E-2
9.301679581E-2
2.350148745E-2
-7.574529946E-2
3.742520511E-2
-3.523850068E-2
7.076292485E-2
-2.175553143E-2
-3.212234005E-2
1.015627235E-1
2.324624732E-2
-5.542940646E-2
6.978669763E-2
7.324098796E-2
-3.311176086E-3
-7.576964051E-2
3.791858256E-2
-5.334275588E-2
3.973222896E-2
-4.080114514E-2
9.868995845E-2
-2.919764724E-3
1.106526777E-1
2.646963485E-2
-6.865910441E-2
5.314283818E-2
-2.403492667E-2
-2.022803947E-2
1.247092430E-2
2.077081800E-2
-6.906498969E-2
4.526593164E-2
-3.231969103E-2
5.624978989E-2
-1.107085273E-1
8.112973720E-2
2.990681864E-2
-3.140201047E-2
5.073384941E-2
-4.734199122E-2
8.609112352E-2
8.311375976E-2
9.133931994E-2
-6.315501034E-2
-8.980781585E-2
-7.162264735E-2
3.566747159E-2
-4.078864679E-2
5.791279301E-2
-2.253045887E-2
-1.072489768E-1
1.336360443E-2
2.186084911E-2
3.633319959E-2
6.117762625E-2
-2.684453689E-2
6.254131347E-2
2.666501142E-2
-6.700268388E-2
3.280326352E-2
-6.355694681E-2
2.900229767E-2
-4.543821886E-2
6.613834947E-2
2.225752361E-2
1.074470505E-1
