2.000193405E+1
1.981376076E+1
1.981907272E+1
1.964027214E+1
1.944857216E+1
1.926824951E+1
1.928788567E+1
1.908671379E+1
1.890829277E+1
1.885595703E+1
1.870585060E+1
1.848584557E+1
1.832318497E+1
1.833778763E+1
1.812766075E+1
1.793537140E+1
1.794246101E+1
1.775417519E+1
1.755633926E+1
1.737483406E+1
1.739372444E+1
1.720339012E+1
1.699728394E+1
1.702274704E+1
1.685828209E+1
1.668032265E+1
1.644701958E+1
1.648967361E+1
1.628898048E+1
1.608137131E+1
1.588288212E+1
1.590954304E+1
1.570700550E+1
1.548548222E+1
1.555084801E+1
1.533684731E+1
1.513238907E+1
1.496120262E+1
1.496072769E+1
1.478592205E+1
1.460130978E+1
1.462760639E+1
1.440756226E+1
1.418461037E+1
1.421435356E+1
1.402029324E+1
1.379840946E+1
1.382407093E+1
1.362171268E+1
1.344780159E+1
1.323626328E+1
1.329158688E+1
1.310403919E+1
1.287934399E+1
1.268264866E+1
1.269355583E+1
1.248829365E+1
1.231280804E+1
1.228793049E+1
1.209942436E+1
1.193697357E+1
1.191423512E+1
1.175089550E+1
1.153930283E+1
1.155853939E+1
1.137011147E+1
1.117598820E+1
1.096582890E+1
1.100644398E+1
1.077402306E+1
1.061600876E+1
1.060258389E+1
1.045508385E+1
1.022520828E+1
1.001299381E+1
1.005704594E+1
9.851315498E+0
9.649619102E+0
9.659309387E+0
9.497668266E+0
9.294328690E+0
9.301062584E+0
9.128618240E+0
8.891885757E+0
8.714597702E+0
8.732503891E+0
8.568733215E+0
8.346566200E+0
8.323778152E+0
8.152535439E+0
7.962957859E+0
7.758518219E+0
7.781457424E+0
7.590469837E+0
7.383144855E+0
7.411634922E+0
7.202454567E+0
7.040846825E+0
7.022649765E+0
6.853515148E+0
6.635816097E+0
6.441501617E+0
6.427768230E+0
6.259079933E+0
6.064160347E+0
6.076762199E+0
5.893112659E+0
5.694280148E+0
5.701181889E+0
5.527798176E+0
5.311771393E+0
5.100158691E+0
5.149528027E+0
4.922747135E+0
4.740550995E+0
4.571968555E+0
4.580604553E+0
4.390609264E+0
4.204954624E+0
4.196739674E+0
4.007609844E+0
3.790376425E+0
3.817126751E+0
3.651259661E+0
3.420378447E+0
3.266374111E+0
3.274105072E+0
3.057393312E+0
3.068031788E+0
2.770261765E+0
2.618594885E+0
2.570013285E+0
2.408154964E+0
2.210678577E+0
2.197973728E+0
2.020823479E+0
1.820368290E+0
1.640854597E+0
1.658644438E+0
1.443417549E+0
1.255572319E+0
1.236330032E+0
1.097609162E+0
8.638149500E-1
8.545842171E-1
7.181125283E-1
4.946620762E-1
4.943298697E-1
3.149522841E-1
9.266025573E-2
-8.832440525E-2
-1.127721518E-1
-2.796159983E-1
-4.682782292E-1
-4.648035765E-1
-6.546472907E-1
-8.751670718E-1
-8.872863650E-1
-1.037242293E+0
-1.271158934E+0
-1.249923348E+0
-1.456819415E+0
-1.633803129E+0
-1.835368156E+0
-1.821798325E+0
-1.992702365E+0
-2.204247952E+0
-2.210735559E+0
-2.378783941E+0
-2.594654799E+0
-2.601442337E+0
-2.788302183E+0
-2.973566771E+0
-2.960963964E+0
-3.170533419E+0
-3.384980202E+0
-3.577453852E+0
-3.583691359E+0
-3.747299433E+0
-3.790308475E+0
-3.980985641E+0
-4.154491901E+0
-4.352570534E+0
-4.337946415E+0
-4.564640999E+0
-4.559835911E+0
-4.739888668E+0
-4.948307037E+0
-5.146418571E+0
-5.132531643E+0
-5.324323177E+0
-5.526062489E+0
-5.526479721E+0
-5.743313789E+0
-5.939632416E+0
-5.918773174E+0
-6.099817753E+0
-6.281354904E+0
-6.301280022E+0
-6.514641285E+0
-6.725577831E+0
-6.684223175E+0
-6.889338493E+0
-7.071535110E+0
-7.272226810E+0
-7.260277271E+0
-7.450900555E+0
-7.649796486E+0
-7.613226891E+0
-7.836901188E+0
-8.024596214E+0
-8.197488785E+0
-8.228756905E+0
-8.398561478E+0
-8.578090668E+0
-8.590420723E+0
-8.785624504E+0
-8.967646599E+0
-8.960013390E+0
-9.173775673E+0
-9.382936478E+0
-9.365435600E+0
-9.579341888E+0
-9.760360718E+0
-9.792740822E+0
-9.977254868E+0
-1.017265415E+1
-1.021331215E+1
-1.039564323E+1
-1.061736774E+1
-1.060220528E+1
-1.080232048E+1
-1.100644684E+1
-1.099638844E+1
-1.122362518E+1
-1.141534710E+1
-1.141015244E+1
-1.162450981E+1
-1.185190773E+1
-1.184815693E+1
-1.202928638E+1
-1.221285057E+1
-1.222672749E+1
-1.242721844E+1
-1.241914654E+1
-1.263026619E+1
-1.281278419E+1
-1.306513596E+1
-1.302943707E+1
-1.318667316E+1
-1.342448425E+1
-1.340550423E+1
-1.361027431E+1
-1.379339695E+1
-1.378747082E+1
-1.398937607E+1
-1.420514965E+1
-1.420319462E+1
-1.437510872E+1
-1.455358410E+1
-1.479645634E+1
-1.479202747E+1
-1.499146938E+1
-1.498811436E+1
-1.516114807E+1
-1.542235279E+1
-1.536444092E+1
-1.556665516E+1
-1.575690460E+1
-1.597832870E+1
-1.598497581E+1
-1.617727280E+1
-1.617413330E+1
-1.637409973E+1
-1.653945923E+1
-1.674504280E+1
-1.675062752E+1
-1.696637344E+1
-1.714867592E+1
-1.714649010E+1
-1.729780769E+1
-1.749500084E+1
-1.768311310E+1
-1.771362114E+1
-1.787688255E+1
-1.808330917E+1
-1.807693481E+1
-1.825430489E+1
-1.843932724E+1
-1.842491531E+1
-1.858911133E+1
-1.881587601E+1
-1.903559303E+1
-1.897790146E+1
-1.919634247E+1
-1.935953331E+1
-1.958202744E+1
-1.954296875E+1
-1.971443748E+1
-1.992701912E+1
-1.992557335E+1
