-8.987031132E-2
-5.056274682E-2
-3.533980623E-2
-2.015502006E-2
-2.922395943E-3
-1.926299743E-2
7.979890332E-3
2.987458557E-2
2.247066051E-2
-4.463081423E-4
-3.164803982E-2
-4.160896689E-2
-3.452409059E-2
-3.180394694E-2
-4.274245352E-3
-4.756437615E-3
-8.413334191E-2
-1.117038280E-1
-8.129018545E-2
-6.867226213E-2
-3.799877316E-2
-4.177868739E-2
-2.478551492E-2
-2.118584700E-2
-2.055169456E-2
2.179703861E-2
2.216604538E-3
2.570720576E-2
-8.734883368E-2
-5.257966742E-2
-2.663205564E-2
-3.331302106E-2
-3.362549096E-2
-4.144582525E-2
-1.723226346E-2
1.601007208E-2
-7.459478453E-3
2.903058380E-2
3.152180091E-2
4.098211601E-2
6.992484629E-2
-4.501720518E-2
-6.596659124E-2
-6.956272991E-4
-8.933027275E-3
7.028003689E-3
7.840429433E-3
2.009851113E-2
2.742612548E-2
4.861101881E-2
5.245671794E-2
3.744099289E-2
1.203162596E-1
-1.313441247E-1
7.156679779E-2
6.563576311E-2
3.049821220E-2
-1.579029113E-2
2.062543668E-2
3.055741638E-2
2.490530536E-2
5.056474824E-3
2.734323964E-2
3.431035951E-2
4.410617054E-2
7.517305017E-2
5.477558076E-2
6.367278844E-2
6.197294593E-2
-1.139135286E-2
9.411995299E-3
1.866574772E-2
1.098816562E-2
3.135273978E-2
2.001957037E-2
5.097066984E-2
4.513765499E-2
4.843537509E-2
7.758598030E-2
7.047216594E-2
-1.146154031E-1
9.494882077E-3
1.206306648E-2
2.766820975E-2
3.537670895E-2
4.959974438E-2
5.369410291E-2
-1.401873976E-1
9.067951143E-2
-1.073529124E-1
-9.501983970E-2
-7.613539696E-2
-7.584528625E-2
-5.442949757E-2
-3.755604848E-2
-5.273294076E-2
-3.071194328E-2
-1.623498648E-2
2.674419375E-4
1.687512361E-2
1.217752974E-2
-6.691189855E-2
-5.828374624E-2
-4.316079617E-2
-5.605829507E-2
-3.012515418E-2
-9.255365469E-3
1.346556935E-2
1.901900582E-2
3.276379406E-2
2.241014130E-2
3.934147581E-2
5.975670367E-2
8.420642465E-2
-5.913432688E-2
-5.207642540E-2
-1.494102646E-2
1.252091955E-2
1.990905404E-2
4.189189896E-2
2.801422961E-2
4.756506160E-2
8.336769044E-2
1.110302731E-1
-5.450909585E-2
-4.958125949E-2
-4.183065519E-2
-4.276083410E-2
1.578246057E-2
2.492898703E-2
5.775294080E-2
7.147272676E-2
8.972039074E-2
-1.082054675E-1
6.954326294E-3
2.398166806E-3
4.902808368E-2
6.833683699E-2
8.635820448E-2
-9.529875964E-2
-6.932615489E-2
-3.369259089E-2
-1.026382577E-2
-4.862349015E-3
5.243299529E-3
3.904150426E-2
5.719246343E-2
-1.293686479E-1
-1.072845012E-1
-9.426925331E-2
-7.020369917E-2
-4.734922573E-2
-4.155765474E-2
1.573706977E-2
3.673513606E-2
4.258788750E-2
3.275129572E-2
7.561379671E-2
8.702195436E-2
1.064859554E-1
-4.416070506E-2
-1.683036448E-3
-6.681260653E-3
-7.888386026E-3
2.626439184E-2
-6.663429737E-2
-3.871383891E-2
-2.087995410E-2
3.724627569E-2
2.507568523E-2
3.870337829E-2
4.495872185E-2
3.519975394E-2
7.835762203E-2
8.290456980E-2
-9.832677245E-2
1.215740368E-1
-6.120058522E-2
-5.595830455E-2
-4.954770952E-2
-4.483695701E-2
-8.790934458E-3
2.529408596E-2
3.534052894E-2
3.541223332E-2
7.065306604E-2
7.710181922E-2
-8.862700313E-2
-9.688413888E-2
-7.189762592E-2
-6.675599515E-2
-1.297870744E-2
1.396486536E-2
2.770504728E-2
4.547183216E-2
8.954935521E-2
5.716023222E-2
-7.519929856E-2
-5.833505839E-2
-7.318697870E-2
-4.842939228E-2
1.240514033E-2
2.188913524E-2
2.152798511E-2
5.412103608E-2
8.136063814E-2
-1.188189611E-1
-9.281215072E-2
-1.895644702E-2
-2.131478116E-2
-1.606329158E-2
3.582666814E-2
2.927529812E-2
3.753703833E-2
5.371712893E-2
-2.265018597E-2
2.840231406E-3
4.451402649E-2
7.252197713E-2
4.741968215E-2
8.469124883E-2
-1.085521430E-1
-4.519481957E-2
-2.783852257E-2
-3.321763501E-2
3.221117426E-3
5.842586514E-3
-2.873975597E-2
4.157153517E-2
1.031560004E-1
-7.447239012E-2
-4.759788886E-2
-1.222482882E-2
-8.035083301E-3
1.527592912E-2
4.983787984E-2
7.660251856E-2
-1.141772866E-1
-5.796996132E-2
-9.383112937E-2
-3.983413056E-2
3.481619759E-3
2.377777733E-2
3.738968447E-2
4.935766011E-2
5.814434960E-2
8.951909095E-2
1.138313338E-1
-4.362522811E-2
-7.846938819E-2
-3.043960035E-2
1.421813108E-2
1.899663918E-2
3.671737760E-2
5.891533196E-2
6.642253697E-2
-1.260255426E-1
-9.252007306E-2
-6.415557861E-2
-5.353813246E-2
-2.298304997E-2
2.094185539E-2
4.183203727E-2
3.930003196E-2
4.887415096E-2
7.874179631E-2
1.177737340E-1
-8.913748711E-2
-8.867700398E-2
-3.561544046E-2
-2.380468510E-2
-1.889132150E-2
3.335321322E-2
2.299824357E-2
4.676842317E-2
8.326506615E-2
7.252723724E-2
-1.051182523E-1
-5.687006190E-2
7.285812497E-2
8.828434348E-2
-1.007883847E-1
-4.915235192E-2
-4.309172556E-2
-4.371863976E-2
1.017113589E-2
1.570286229E-2
4.018482193E-2
4.432325438E-2
1.174335927E-2
5.637872592E-2
6.371752173E-2
-1.190018430E-1
8.669369668E-2
-8.354721218E-2
-7.266992331E-2
-3.173948079E-2
-1.427792944E-2
-3.601934761E-2
3.217634559E-2
2.805962041E-2
