1.253467053E-4	2.162364835E-4	3.911997192E-5
-2.733535075E-4	4.414930999E-8	-2.136995754E-4
1.224192820E-4	-9.026911721E-5	1.860161428E-4
3.042098433E-5	2.114285599E-4	1.106293639E-4
-1.228676556E-4	-2.356762270E-4	4.674930824E-5
-1.926624682E-4	-2.149151260E-4	-1.251292560E-4
-6.847921031E-5	-6.224051322E-5	-6.209793355E-6
2.251364931E-4	2.283851500E-4	2.342322550E-4
1.027714607E-4	1.244801242E-4	1.826481312E-4
6.215747271E-5	6.493306137E-5	4.210816405E-5
2.205855999E-4	2.537241671E-4	1.010220076E-4
-3.062980250E-5	1.315112168E-4	7.628375170E-5
2.267124510E-4	1.991950412E-4	1.718395361E-4
1.910903375E-4	2.515020897E-4	2.088378096E-4
1.502909727E-4	2.451682230E-4	1.986817952E-4
3.244139079E-4	3.022290184E-4	3.083666088E-4
2.573307138E-4	2.871860925E-4	4.019901389E-4
2.626638452E-4	2.721267228E-4	2.587869240E-4
-8.437628276E-5	1.902728400E-5	8.947085917E-6
3.819882986E-4	3.244886757E-4	2.732220746E-4
3.903741890E-4	3.309086896E-4	3.400478163E-4
3.696517379E-4	3.617778711E-4	3.956485016E-4
3.201603831E-4	2.585333132E-4	2.856251376E-4
4.475105088E-4	3.792598436E-4	3.491076350E-4
3.221181978E-4	3.445702896E-4	2.882470144E-4
4.395738069E-4	4.624361172E-4	4.286463081E-4
1.318478375E-3	1.360996743E-3	1.312884851E-3
4.453122965E-4	4.227912286E-4	4.379057791E-4
4.136653442E-4	3.673725296E-4	3.392661747E-4
4.590567842E-4	4.863189824E-4	4.289512872E-4
5.934196524E-4	6.417834084E-4	5.984375603E-4
8.503422723E-4	8.324518567E-4	8.798232302E-4
-4.118609286E-5	4.615965736E-5	9.790833246E-6
6.239290233E-4	5.624548066E-4	6.568480749E-4
5.482770503E-4	5.480087129E-4	5.880662939E-4
4.313663521E-4	4.555874912E-4	4.309462674E-4
5.233616685E-4	5.070295883E-4	4.720063880E-4
2.811026934E-4	3.075955028E-4	2.917375532E-4
8.419559454E-4	8.357851766E-4	8.423431427E-4
4.531783343E-4	4.413174756E-4	4.498209455E-4
9.060434531E-4	9.141808259E-4	8.615340339E-4
3.980320762E-4	4.032006254E-4	4.063802771E-4
7.746511255E-4	7.818913436E-4	7.750130608E-4
5.014048656E-4	4.779973824E-4	5.233465927E-4
9.241187363E-4	9.087065118E-4	8.900538087E-4
9.437325061E-4	9.066996863E-4	9.289795416E-4
7.191210170E-4	7.102546515E-4	7.305085892E-4
8.447039872E-4	8.203079342E-4	8.677639416E-4
9.266579291E-4	9.119847091E-4	8.957526297E-4
6.707576686E-4	5.904067657E-4	5.962479627E-4
6.081478205E-4	5.976223038E-4	6.209566491E-4
5.660663592E-4	5.885936553E-4	6.043722387E-4
8.292178973E-4	8.484383579E-4	8.389913128E-4
8.802246302E-4	8.761819918E-4	9.205411770E-4
8.756456082E-4	8.582412847E-4	8.562043658E-4
8.492377237E-4	8.398860227E-4	8.551493520E-4
5.004158011E-4	4.697649565E-4	5.040930118E-4
7.167432341E-4	7.029609988E-4	7.110834122E-4
2.814272593E-4	2.980366116E-4	3.049796505E-4
1.181700616E-3	1.197715057E-3	1.190617098E-3
1.586418330E-5	1.749525836E-5	3.621242286E-6
1.101237372E-3	1.091865124E-3	1.091420301E-3
6.665341789E-5	1.112770406E-4	9.220112406E-5
1.377251581E-3	1.320800628E-3	1.356460154E-3
2.740434720E-4	2.447316656E-4	2.634124539E-4
1.610986190E-3	1.582419151E-3	1.550378744E-3
4.436528834E-4	4.624509311E-4	4.481755022E-4
1.292425557E-3	1.269249246E-3	1.297649811E-3
4.388339876E-4	4.542948154E-4	4.694347735E-4
9.031495429E-4	8.912651101E-4	8.879601373E-4
6.707793218E-4	6.791858468E-4	6.710289745E-4
9.511134122E-4	9.379420662E-4	9.450800717E-4
1.196433674E-3	1.212274306E-3	1.183892135E-3
1.038419432E-3	1.030376414E-3	1.036684029E-3
7.644916186E-4	7.604480488E-4	7.554906188E-4
7.655283553E-4	7.325258339E-4	7.509271381E-4
7.723690942E-4	8.081030683E-4	7.661095588E-4
6.895354018E-4	7.131356397E-4	6.911812234E-4
8.993974188E-4	9.231853765E-4	9.278112557E-4
7.078786148E-4	7.376069552E-4	7.140749367E-4
1.221753424E-3	1.201554900E-3	1.200853614E-3
4.581431858E-4	4.396889417E-4	4.568484437E-4
1.584905782E-3	1.563925180E-3	1.580830431E-3
-9.713292820E-5	-6.569006655E-5	-8.183226601E-5
1.977840206E-3	1.974906772E-3	1.975678140E-3
-5.334986490E-4	-5.266991211E-4	-5.268245586E-4
2.412954578E-3	2.414128743E-3	2.436072566E-3
-1.744678739E-4	-2.003627887E-4	-1.869914850E-4
1.713133883E-3	1.703827060E-3	1.709281118E-3
1.907636033E-5	-2.166060085E-6	-2.218490590E-5
1.085691270E-3	1.093159313E-3	1.085323747E-3
1.304575359E-3	1.329320832E-3	1.330802101E-3
1.458469633E-4	1.623033459E-4	1.711204823E-4
1.940829563E-3	1.941142487E-3	1.968673430E-3
-9.272490861E-4	-9.539588355E-4	-9.388780454E-4
2.163758967E-3	2.157726325E-3	2.159767319E-3
-5.996723776E-4	-6.045735208E-4	-6.197977345E-4
2.257238142E-3	2.257130807E-3	2.255179686E-3
3.564434883E-4	3.669670550E-4	3.672615276E-4
1.912772888E-3	1.899799914E-3	1.907925587E-3
1.151730074E-3	1.153967110E-3	1.164228073E-3
1.135944971E-3	1.134323538E-3	1.151231234E-3
8.607840282E-4	8.512514178E-4	8.527124301E-4
1.344042947E-3	1.362898503E-3	1.363486168E-3
-2.744056110E-4	-2.711465058E-4	-2.782099764E-4
2.916907659E-3	2.908844035E-3	2.891935408E-3
-2.047346905E-3	-2.047129907E-3	-2.062738873E-3
4.303194117E-3	4.319133703E-3	4.304084461E-3
-3.625926562E-3	-3.643644042E-3	-3.623871598E-3
4.832289182E-3	4.807838239E-3	4.842907190E-3
-1.793206553E-3	-1.812003786E-3	-1.801153063E-3
2.175344889E-5	-6.268955417E-7	6.036673312E-6
5.634534638E-3	5.645846948E-3	5.643844604E-3
-9.333165362E-3	-9.292634204E-3	-9.301540442E-3
1.832683384E-2	1.837173477E-2	1.831665449E-2
-2.296980098E-2	-2.292216197E-2	-2.292891219E-2
3.203427419E-2	3.200419620E-2	3.197724372E-2
-4.227817059E-2	-4.227614030E-2	-4.228031263E-2
5.599988997E-2	5.600919574E-2	5.600437522E-2
-5.839423463E-2	-5.837782845E-2	-5.835891888E-2
7.179638743E-2	7.178758085E-2	7.176165283E-2
-6.967754662E-2	-6.968888640E-2	-6.967607886E-2
7.100141048E-2	7.095182687E-2	7.098395377E-2
-6.889376044E-2	-6.886821240E-2	-6.886074692E-2
7.318636775E-2	7.317785174E-2	7.314866781E-2
-7.506492734E-2	-7.510155439E-2	-7.509676367E-2
7.068248838E-2	7.066547871E-2	7.065830380E-2
-6.504449993E-2	-6.505715847E-2	-6.506642699E-2
5.036602169E-2	5.034154281E-2	5.037960410E-2
-3.506444022E-2	-3.505959362E-2	-3.504282236E-2
1.827079989E-2	1.827702299E-2	1.831173338E-2
1.047525002E-4	1.384798961E-4	1.586065482E-4
-7.061018609E-3	-7.064558566E-3	-7.031430490E-3
2.038895153E-2	2.039441653E-2	2.042320929E-2
-2.212673239E-2	-2.208791673E-2	-2.208824828E-2
3.076744825E-2	3.080025315E-2	3.080639988E-2
-3.109645657E-2	-3.108856641E-2	-3.106233291E-2
3.530478477E-2	3.535315767E-2	3.535085917E-2
-2.992049232E-2	-2.990075946E-2	-2.990767732E-2
3.062861040E-2	3.058923595E-2	3.060698323E-2
-2.213000692E-2	-2.214877494E-2	-2.212396637E-2
2.062359825E-2	2.060595900E-2	2.060783841E-2
-1.360533480E-2	-1.360073034E-2	-1.361117885E-2
1.193472277E-2	1.191764697E-2	1.191475708E-2
-4.828131758E-3	-4.829715006E-3	-4.826201126E-3
5.423265509E-3	5.454051308E-3	5.442791153E-3
1.998293374E-5	2.508181205E-5	1.459885334E-5
2.288657706E-3	2.294278936E-3	2.291124314E-3
1.552727423E-3	1.546306419E-3	1.541749225E-3
1.659835689E-3	1.672706683E-3	1.662767376E-3
1.755377278E-3	1.771356212E-3	1.774778008E-3
2.130204346E-3	2.120545832E-3	2.146800049E-3
1.341755851E-3	1.352776540E-3	1.360489172E-3
1.777782687E-3	1.771416748E-3	1.775597571E-3
2.110919449E-3	2.107511507E-3	2.098256256E-3
6.393253570E-4	6.304354174E-4	6.322140107E-4
3.592041321E-3	3.611199791E-3	3.623771481E-3
-7.879950572E-4	-8.078444516E-4	-7.900448400E-4
5.504581612E-3	5.505259149E-3	5.516955629E-3
-2.858067397E-3	-2.860781970E-3	-2.874968806E-3
6.675178651E-3	6.671820767E-3	6.663567387E-3
-3.505269764E-3	-3.493764438E-3	-3.492786316E-3
7.008579094E-3	7.005949505E-3	7.012978196E-3
-3.119913163E-3	-3.114200663E-3	-3.110930789E-3
5.997921340E-3	6.015163846E-3	5.997046828E-3
-1.581362099E-3	-1.593250083E-3	-1.609516796E-3
4.561747424E-3	4.549574107E-3	4.549632315E-3
6.691004091E-5	4.958512363E-5	6.369795301E-5
2.718255157E-3	2.755410271E-3	2.757182578E-3
1.348305726E-3	1.354125794E-3	1.359951333E-3
1.856605755E-3	1.859554672E-3	1.876070513E-3
2.174364170E-3	2.162402030E-3	2.160429955E-3
1.700108405E-3	1.718794345E-3	1.710481825E-3
2.174042864E-3	2.180670854E-3	2.185035730E-3
1.927277539E-3	1.919902279E-3	1.913265209E-3
1.829192508E-3	1.829622197E-3	1.826755120E-3
2.046437236E-3	2.044360619E-3	2.047404880E-3
1.732827164E-3	1.705155475E-3	1.732591889E-3
2.013100078E-3	1.999280881E-3	2.002367983E-3
2.291381126E-3	2.291713376E-3	2.278283238E-3
1.303795609E-3	1.294918358E-3	1.298177987E-3
2.863048576E-3	2.874114783E-3	2.869632794E-3
5.038792733E-4	4.989596782E-4	5.053412169E-4
3.652024549E-3	3.623269731E-3	3.616228933E-3
2.740806376E-4	2.534572268E-4	2.647805086E-4
3.931404557E-3	3.927060403E-3	3.929866944E-3
2.248027886E-4	2.153897658E-4	1.998346561E-4
3.635260975E-3	3.634565510E-3	3.635224653E-3
2.697968157E-4	2.683410130E-4	2.683682251E-4
3.011433873E-3	3.011015244E-3	3.007662017E-3
1.193647622E-3	1.198063954E-3	1.205518958E-3
2.477190457E-3	2.473945264E-3	2.489305800E-3
1.738494844E-3	1.741851913E-3	1.738058985E-3
2.139549935E-3	2.135648858E-3	2.124775201E-3
1.719570137E-3	1.741569606E-3	1.728340867E-3
1.661080401E-3	1.668045647E-3	1.661589020E-3
1.967173768E-3	1.959341578E-3	1.965467585E-3
2.073788084E-3	2.061186358E-3	2.082922030E-3
2.055156510E-3	2.065014560E-3	2.056879690E-3
2.051051473E-3	2.077451907E-3	2.055356512E-3
2.438398544E-3	2.434701193E-3	2.425639657E-3
1.748433569E-3	1.746221911E-3	1.767567592E-3
1.846325235E-3	1.851588138E-3	1.848874264E-3
1.793797361E-3	1.799204852E-3	1.796712633E-3
2.524496522E-3	2.531105885E-3	2.529830905E-3
1.431310549E-3	1.435957616E-3	1.444919384E-3
2.424259437E-3	2.421866171E-3	2.414632821E-3
1.724767964E-3	1.717571868E-3	1.713935402E-3
2.769542392E-3	2.766328165E-3	2.768946113E-3
1.021328848E-3	1.020057243E-3	1.007603481E-3
2.953583375E-3	2.961872611E-3	2.954678377E-3
1.475832425E-3	1.467960188E-3	1.471807132E-3
2.543559996E-3	2.532026730E-3	2.534389496E-3
1.505211461E-3	1.507264446E-3	1.489257324E-3
2.702501370E-3	2.701380756E-3	2.692523878E-3
1.915317494E-3	1.916380017E-3	1.906988327E-3
1.891667955E-3	1.900098287E-3	1.868905965E-3
2.782219555E-3	2.792883199E-3	2.800010145E-3
2.143106190E-3	2.144149737E-3	2.137332689E-3
2.302008215E-3	2.311238786E-3	2.307875780E-3
2.121088095E-3	2.108142246E-3	2.118451754E-3
2.756586764E-3	2.775486093E-3	2.771886298E-3
2.303798916E-3	2.310975688E-3	2.310911892E-3
2.109899884E-3	2.128162421E-3	2.127107698E-3
2.881219378E-3	2.883709967E-3	2.889099298E-3
2.532503568E-3	2.539188135E-3	2.549208002E-3
2.069283742E-3	2.077765530E-3	2.071782248E-3
2.712651389E-3	2.722875914E-3	2.706942614E-3
2.646292560E-3	2.643880434E-3	2.657090314E-3
2.909864299E-3	2.908894559E-3	2.903943183E-3
2.157737035E-3	2.169218613E-3	2.153555164E-3
3.075452289E-3	3.082353622E-3	3.070492297E-3
2.196406946E-3	2.209663391E-3	2.204125049E-3
2.697953954E-3	2.709429944E-3	2.700673649E-3
2.153866459E-3	2.155169379E-3	2.154228278E-3
2.676455304E-3	2.669172827E-3	2.678326098E-3
1.743032131E-3	1.740953885E-3	1.754015335E-3
2.494567772E-3	2.486189594E-3	2.493491396E-3
2.164045349E-3	2.147429856E-3	2.160639036E-3
2.041056519E-3	2.043100307E-3	2.051342977E-3
2.181897871E-3	2.197998809E-3	2.209889237E-3
1.993023790E-3	2.000960289E-3	1.992790261E-3
2.620310755E-3	2.618032973E-3	2.626411617E-3
1.870657783E-3	1.858215546E-3	1.870513661E-3
2.390599810E-3	2.356177196E-3	2.375213429E-3
1.953937812E-3	1.953279134E-3	1.953039668E-3
2.475998597E-3	2.450052649E-3	2.454551402E-3
2.160370117E-3	2.145832637E-3	2.136256080E-3
2.444024198E-3	2.432878828E-3	2.424316015E-3
2.380640712E-3	2.393484116E-3	2.383328974E-3
2.501480281E-3	2.520930255E-3	2.493628068E-3
2.427462954E-3	2.445216523E-3	2.426177496E-3
2.210170263E-3	2.238310874E-3	2.228825353E-3
1.830364461E-3	1.853522961E-3	1.861289609E-3
1.487912028E-3	1.497718156E-3	1.518581994E-3
9.656422772E-4	9.769636672E-4	9.957886068E-4
6.626391551E-4	6.702621467E-4	6.861389847E-4
3.197400656E-4	3.137010790E-4	3.325240687E-4
1.607164304E-4	1.478293707E-4	1.613316126E-4
3.986557567E-5	1.029677878E-5	2.257091364E-5
-1.923137024E-4	-1.806347136E-4	-2.084982116E-4
2.236514993E-4	2.454169153E-4	2.199420123E-4
2.541836584E-4	2.648440714E-4	2.646589710E-4
2.625494089E-4	2.626563364E-4	2.637087309E-4
4.763341858E-4	4.806184152E-4	4.712730879E-4
4.639396502E-4	4.824993084E-4	4.843234492E-4
5.478552193E-4	5.495495861E-4	5.420371890E-4
7.526788977E-4	7.559770602E-4	7.476588944E-4
7.389186649E-4	7.460210472E-4	7.440664340E-4
9.575425647E-4	9.633236914E-4	9.617854957E-4
9.748926386E-4	9.640711360E-4	9.729228332E-4
1.124492963E-3	1.110397629E-3	1.135987230E-3
1.150531112E-3	1.149494434E-3	1.180845196E-3
1.112243393E-3	1.085627824E-3	1.117581269E-3
1.128297299E-3	1.105484786E-3	1.108773984E-3
1.157570048E-3	1.174611854E-3	1.150754164E-3
1.277152449E-3	1.299608382E-3	1.285520615E-3
1.128217205E-3	1.139451750E-3	1.133791637E-3
1.367272460E-3	1.369985519E-3	1.352895168E-3
1.321069314E-3	1.343687880E-3	1.318737282E-3
1.594755799E-3	1.596417278E-3	1.593619934E-3
1.892801491E-3	1.877421630E-3	1.879216055E-3
1.896674745E-3	1.910420018E-3	1.924674609E-3
2.316449536E-3	2.332333941E-3	2.361333929E-3
2.565760864E-3	2.568488941E-3	2.585192444E-3
2.697197488E-3	2.660210943E-3	2.683609491E-3
2.890214324E-3	2.898649313E-3	2.918736544E-3
2.639945596E-3	2.665804233E-3	2.658967860E-3
2.736292779E-3	2.769854153E-3	2.769916086E-3
2.594039543E-3	2.619990846E-3	2.580847126E-3
2.770091640E-3	2.782684984E-3	2.751864726E-3
2.658016514E-3	2.649567788E-3	2.637047786E-3
2.572750906E-3	2.559382236E-3	2.545874566E-3
2.601027954E-3	2.581683220E-3	2.568491036E-3
2.469281666E-3	2.431423170E-3	2.437272808E-3
2.678872086E-3	2.656005556E-3	2.660347149E-3
2.615536563E-3	2.608169103E-3	2.605294110E-3
2.806277713E-3	2.807384590E-3	2.788743470E-3
2.860216890E-3	2.866812050E-3	2.851743950E-3
3.014165675E-3	3.018203657E-3	3.018963384E-3
3.251984483E-3	3.256958677E-3	3.246348584E-3
3.200776642E-3	3.220413812E-3	3.222558647E-3
3.383992705E-3	3.397742519E-3	3.416608321E-3
3.238638397E-3	3.234934760E-3	3.261188511E-3
3.329028143E-3	3.314034780E-3	3.340490861E-3
3.475486068E-3	3.456047969E-3	3.483762266E-3
3.285635961E-3	3.295463277E-3	3.282973543E-3
3.430128796E-3	3.448737785E-3	3.435899969E-3
3.264435101E-3	3.266562708E-3	3.250128590E-3
3.605074948E-3	3.604321042E-3	3.600554075E-3
3.325960133E-3	3.331579035E-3	3.323053708E-3
3.509271424E-3	3.517407924E-3	3.520891536E-3
3.421798348E-3	3.432373749E-3	3.423425136E-3
3.106792690E-3	3.105495591E-3	3.086338751E-3
3.204449080E-3	3.220600076E-3	3.212501295E-3
2.956870245E-3	2.952051116E-3	2.949644346E-3
3.085799515E-3	3.095801454E-3	3.076177789E-3
3.146664938E-3	3.139201086E-3	3.127754200E-3
3.164252732E-3	3.170270473E-3	3.175000194E-3
3.164411057E-3	3.162933514E-3	3.180097090E-3
2.983955434E-3	2.983843908E-3	2.981479978E-3
3.160370514E-3	3.173426026E-3	3.159580752E-3
3.124567214E-3	3.116733162E-3	3.117212327E-3
3.107072087E-3	3.113810439E-3	3.110780613E-3
3.221213818E-3	3.230009461E-3	3.228015965E-3
3.031419823E-3	3.028945066E-3	3.029553220E-3
3.119494533E-3	3.121411661E-3	3.126587719E-3
2.919394989E-3	2.911591670E-3	2.930384595E-3
2.928409027E-3	2.915086923E-3	2.934799530E-3
2.959634876E-3	2.951901406E-3	2.954545664E-3
3.007785883E-3	2.996194176E-3	3.001145320E-3
3.045639955E-3	3.046506550E-3	3.048340091E-3
3.084038151E-3	3.081356641E-3	3.081726609E-3
2.928367816E-3	2.936618868E-3	2.937108511E-3
3.140165703E-3	3.126643598E-3	3.121067537E-3
2.897048835E-3	2.895993181E-3	2.889341908E-3
3.306682454E-3	3.309721593E-3	3.303995822E-3
2.810366685E-3	2.815179294E-3	2.820276655E-3
3.188326256E-3	3.182538552E-3	3.177251201E-3
2.704127925E-3	2.704142593E-3	2.706883708E-3
2.912169555E-3	2.917835256E-3	2.911155811E-3
2.527645556E-3	2.525463700E-3	2.521282295E-3
2.731387969E-3	2.721928759E-3	2.721160417E-3
2.813974395E-3	2.820648719E-3	2.818455221E-3
2.886522096E-3	2.884507412E-3	2.883787034E-3
3.020404838E-3	3.048010170E-3	3.027070081E-3
2.799765440E-3	2.807155019E-3	2.793557709E-3
2.989104483E-3	3.006475512E-3	2.996172756E-3
2.875761362E-3	2.883100649E-3	2.862273483E-3
2.912817989E-3	2.909881063E-3	2.910249168E-3
3.180429572E-3	3.181347623E-3	3.182757646E-3
2.966450294E-3	2.965222346E-3	2.960269572E-3
3.076506313E-3	3.083782038E-3	3.088240977E-3
3.017505631E-3	3.025004407E-3	3.034138586E-3
2.894017380E-3	2.903937828E-3	2.902138513E-3
3.240182297E-3	3.237250960E-3	3.245015396E-3
2.507761121E-3	2.511354629E-3	2.519174013E-3
3.643788164E-3	3.649708582E-3	3.660113551E-3
2.196051879E-3	2.201725263E-3	2.206248464E-3
3.909982741E-3	3.915938083E-3	3.909637686E-3
1.651488245E-3	1.654263819E-3	1.669224468E-3
4.624769092E-3	4.638157785E-3	4.643130116E-3
1.100043417E-3	1.110496349E-3	1.110214158E-3
5.180295091E-3	5.190319847E-3	5.200605839E-3
7.824121858E-4	7.817434962E-4	7.710397476E-4
5.108296871E-3	5.100658629E-3	5.103647243E-3
8.060182445E-4	8.136470569E-4	8.044841234E-4
5.255811382E-3	5.243872292E-3	5.251638591E-3
1.225087792E-3	1.214334974E-3	1.222749474E-3
4.934956785E-3	4.946131725E-3	4.935896024E-3
1.770711271E-3	1.767832437E-3	1.754426048E-3
4.600745160E-3	4.601826891E-3	4.590741824E-3
2.289199736E-3	2.296316670E-3	2.290214412E-3
3.584478749E-3	3.576544113E-3	3.574120812E-3
3.225255758E-3	3.231588053E-3	3.219445935E-3
3.285912564E-3	3.290163819E-3	3.285143059E-3
3.895098111E-3	3.890677355E-3	3.880418139E-3
2.821741160E-3	2.824709285E-3	2.826669021E-3
4.142155405E-3	4.153693095E-3	4.149065819E-3
2.580242464E-3	2.576919971E-3	2.565335482E-3
4.288752098E-3	4.295350984E-3	4.305866081E-3
2.920376835E-3	2.926897025E-3	2.929162001E-3
4.259804264E-3	4.259064328E-3	4.275570158E-3
3.232255811E-3	3.237751313E-3	3.247090150E-3
4.096362274E-3	4.099295009E-3	4.090248141E-3
3.270415822E-3	3.273897804E-3	3.276491305E-3
4.021272995E-3	4.020124208E-3	4.029705655E-3
3.611111781E-3	3.619529307E-3	3.622964490E-3
3.947818652E-3	3.955286928E-3	3.948704805E-3
3.655191977E-3	3.656343790E-3	3.659324721E-3
3.794323420E-3	3.791329451E-3	3.777787555E-3
3.623764962E-3	3.629967570E-3	3.606596729E-3
3.822885919E-3	3.822617233E-3	3.814536147E-3
3.651948879E-3	3.647326492E-3	3.632551990E-3
3.805849003E-3	3.803349799E-3	3.798527410E-3
3.824053099E-3	3.823848674E-3	3.817814169E-3
3.785390407E-3	3.788901726E-3	3.781642532E-3
3.823606996E-3	3.823084524E-3	3.825610504E-3
3.830432892E-3	3.815564793E-3	3.837774973E-3
3.892530454E-3	3.886929946E-3	3.897837829E-3
3.654689295E-3	3.649849677E-3	3.665999277E-3
3.862954443E-3	3.872777801E-3	3.877083771E-3
3.688450670E-3	3.680754686E-3	3.700761124E-3
3.765459871E-3	3.760320600E-3	3.758955514E-3
3.673025174E-3	3.661778755E-3	3.691516584E-3
4.070491996E-3	4.072038457E-3	4.073922522E-3
3.763533430E-3	3.775347956E-3	3.770315088E-3
4.178592004E-3	4.182681441E-3	4.168239422E-3
3.827143693E-3	3.826048225E-3	3.832745831E-3
4.215343855E-3	4.212116357E-3	4.204495810E-3
3.957072739E-3	3.951554187E-3	3.966492135E-3
4.080503248E-3	4.085525870E-3	4.078582861E-3
4.085252061E-3	4.097084980E-3	4.089743830E-3
3.956248518E-3	3.932138439E-3	3.943157848E-3
4.420454614E-3	4.406872205E-3	4.423579201E-3
4.094239324E-3	4.092910327E-3	4.101078492E-3
4.404930864E-3	4.400468897E-3	4.409315530E-3
4.181339405E-3	4.176570568E-3	4.178891424E-3
4.090519156E-3	4.092874471E-3	4.084501881E-3
4.242137074E-3	4.248754121E-3	4.252582323E-3
3.919509705E-3	3.913430497E-3	3.902523546E-3
4.465020727E-3	4.475752357E-3	4.464083817E-3
4.352768417E-3	4.343280569E-3	4.348553717E-3
4.293365870E-3	4.288877826E-3	4.292716738E-3
4.353957716E-3	4.348473623E-3	4.351384472E-3
4.155676812E-3	4.173922352E-3	4.180519376E-3
4.502304364E-3	4.512637854E-3	4.501879681E-3
3.877972485E-3	3.888768377E-3	3.890875494E-3
4.565590993E-3	4.578812048E-3	4.579242319E-3
4.366448149E-3	4.372594412E-3	4.367623478E-3
4.425697494E-3	4.427725915E-3	4.424578976E-3
4.527037498E-3	4.528352059E-3	4.522399977E-3
4.178411793E-3	4.177984782E-3	4.179063719E-3
4.324815702E-3	4.318077583E-3	4.323753063E-3
4.229947925E-3	4.211497493E-3	4.230191465E-3
4.418808501E-3	4.405711312E-3	4.417260177E-3
4.647617694E-3	4.647267051E-3	4.632698372E-3
4.455308896E-3	4.435736220E-3	4.448493943E-3
4.629582632E-3	4.631944001E-3	4.628408235E-3
4.225417506E-3	4.214024637E-3	4.211924970E-3
4.546183627E-3	4.550769925E-3	4.549059551E-3
4.427014384E-3	4.440024029E-3	4.427811597E-3
4.479117226E-3	4.482926801E-3	4.459826741E-3
4.611487966E-3	4.620985594E-3	4.611690529E-3
4.420821555E-3	4.424427636E-3	4.412679933E-3
4.711904097E-3	4.712641705E-3	4.709752742E-3
4.526787903E-3	4.535833374E-3	4.543862771E-3
4.505469929E-3	4.509562161E-3	4.501882009E-3
4.495668225E-3	4.492485896E-3	4.516412038E-3
4.589960445E-3	4.587019794E-3	4.582436290E-3
4.813857842E-3	4.804499913E-3	4.813363776E-3
4.639812279E-3	4.636278376E-3	4.641011823E-3
4.800872877E-3	4.790632520E-3	4.803130869E-3
4.693232477E-3	4.683203064E-3	4.692952149E-3
4.817926325E-3	4.784126300E-3	4.794432316E-3
5.056591239E-3	5.058580078E-3	5.073017441E-3
5.030553788E-3	5.029753782E-3	5.023474339E-3
5.222192034E-3	5.229860544E-3	5.235244520E-3
4.786062054E-3	4.796164110E-3	4.786472768E-3
4.811588209E-3	4.825046752E-3	4.812663421E-3
4.822160117E-3	4.824948497E-3	4.816634580E-3
5.029542372E-3	5.036072806E-3	5.036092829E-3
5.208514165E-3	5.207359791E-3	5.207621492E-3
5.026708357E-3	5.028486252E-3	5.027567502E-3
5.165137351E-3	5.159788299E-3	5.156908650E-3
5.263464525E-3	5.278972909E-3	5.290636327E-3
5.168366246E-3	5.168605130E-3	5.183812696E-3
5.339186639E-3	5.327329971E-3	5.333122332E-3
5.278923549E-3	5.295389798E-3	5.310161971E-3
5.718889181E-3	5.690229125E-3	5.721788853E-3
5.889066495E-3	5.860712845E-3	5.885434337E-3
5.771426018E-3	5.752487574E-3	5.764493719E-3
5.700426176E-3	5.706940312E-3	5.691689905E-3
5.555074662E-3	5.556382705E-3	5.543027073E-3
5.671817344E-3	5.667090882E-3	5.663551390E-3
5.783818662E-3	5.788400769E-3	5.783457309E-3
5.751256365E-3	5.764157977E-3	5.763314199E-3
6.015095394E-3	6.028294098E-3	6.011793856E-3
5.983802490E-3	5.991339218E-3	5.986739416E-3
6.169901229E-3	6.174189970E-3	6.170142908E-3
5.956547800E-3	5.945544224E-3	5.942377262E-3
5.998711567E-3	5.988857709E-3	6.010942161E-3
6.262539420E-3	6.251142360E-3	6.245531142E-3
6.176242605E-3	6.169672124E-3	6.174763665E-3
6.470261607E-3	6.463586818E-3	6.453804672E-3
6.315865554E-3	6.322793197E-3	6.314123515E-3
6.385250483E-3	6.378463469E-3	6.395014934E-3
6.251958199E-3	6.231460255E-3	6.243543699E-3
6.230691914E-3	6.219535135E-3	6.224843673E-3
6.547228899E-3	6.541734561E-3	6.546873134E-3
6.463141181E-3	6.474459544E-3	6.477996241E-3
6.729988847E-3	6.731743924E-3	6.738447584E-3
6.784207188E-3	6.797526497E-3	6.785416976E-3
6.475859322E-3	6.488872226E-3	6.486415397E-3
6.839291193E-3	6.837261375E-3	6.834823173E-3
6.416053046E-3	6.400371436E-3	6.396079436E-3
7.139198016E-3	7.105422672E-3	7.095565554E-3
6.688148249E-3	6.670320407E-3	6.676226854E-3
7.004885003E-3	6.974959746E-3	6.983248983E-3
6.828414742E-3	6.804510020E-3	6.815717090E-3
6.813858636E-3	6.815912668E-3	6.808794569E-3
6.957192905E-3	6.977020763E-3	6.962095387E-3
6.754794624E-3	6.777219940E-3	6.780961994E-3
7.291663904E-3	7.322504651E-3	7.315044291E-3
7.175558247E-3	7.177033927E-3	7.191523444E-3
7.302941289E-3	7.339421194E-3	7.342077792E-3
7.352938876E-3	7.355228066E-3	7.359245326E-3
7.200804073E-3	7.198000327E-3	7.186361123E-3
7.194787730E-3	7.187286858E-3	7.204429712E-3
7.427224424E-3	7.438233588E-3	7.413567975E-3
7.664909121E-3	7.671745028E-3	7.661125623E-3
8.215446025E-3	8.241003379E-3	8.193677291E-3
8.119367063E-3	8.116478100E-3	8.081729524E-3
8.643561043E-3	8.648639545E-3	8.612760343E-3
8.935724385E-3	8.897659369E-3	8.923824877E-3
8.971021511E-3	8.977377787E-3	8.977747522E-3
9.246077389E-3	9.245188907E-3	9.267852642E-3
9.321310557E-3	9.342857637E-3	9.358415380E-3
9.487566538E-3	9.492073208E-3	9.515039623E-3
9.259434417E-3	9.254049510E-3	9.293868206E-3
8.599872701E-3	8.605734445E-3	8.653952740E-3
8.942164481E-3	8.926567622E-3	8.947273716E-3
7.957027294E-3	7.940201089E-3	7.940767333E-3
8.557310328E-3	8.530262858E-3	8.532291278E-3
7.867173292E-3	7.815832272E-3	7.848081179E-3
8.289378136E-3	8.252305910E-3	8.268849924E-3
7.996039465E-3	7.948211394E-3	7.974145003E-3
7.309909910E-3	7.231953088E-3	7.274981588E-3
7.468518335E-3	7.386494894E-3	7.429906633E-3
5.848650821E-3	5.787248723E-3	5.799708422E-3
6.105584558E-3	6.112366915E-3	6.130504422E-3
4.076967947E-3	4.116620403E-3	4.077207763E-3
3.788962495E-3	3.815426957E-3	3.787241876E-3
3.264827887E-3	3.291921224E-3	3.246547887E-3
2.438654657E-3	2.481946256E-3	2.419487573E-3
3.418200649E-3	3.428769531E-3	3.356267000E-3
1.735423924E-3	1.718041138E-3	1.695460058E-3
2.426243154E-3	2.447509672E-3	2.384702908E-3
1.017924049E-3	1.018719049E-3	9.327677544E-4
1.083254581E-3	1.104560099E-3	1.058351714E-3
3.750258184E-4	3.864460450E-4	4.266405886E-4
-1.079061185E-3	-1.019732910E-3	-1.016907743E-3
-1.187695423E-3	-1.157258521E-3	-1.166126342E-3
-2.916740952E-3	-2.831760328E-3	-2.888736548E-3
-3.105357522E-3	-2.951266244E-3	-3.121131798E-3
-4.192437511E-3	-3.993353341E-3	-4.190220498E-3
-5.753452890E-3	-5.621610209E-3	-5.764103960E-3
-6.505171303E-3	-6.434902549E-3	-6.503319833E-3
-9.898124263E-3	-9.875059128E-3	-9.777536616E-3
-1.103888545E-2	-1.105089951E-2	-1.091957092E-2
-1.283406559E-2	-1.288542710E-2	-1.275624707E-2
-1.235023886E-2	-1.238462329E-2	-1.221212838E-2
-1.247191429E-2	-1.251171436E-2	-1.228761673E-2
-1.369436365E-2	-1.384868287E-2	-1.355421171E-2
-1.311080623E-2	-1.332474593E-2	-1.309709065E-2
-1.438093092E-2	-1.457880996E-2	-1.447933167E-2
-1.337283477E-2	-1.347818132E-2	-1.348731760E-2
-1.446354296E-2	-1.451270562E-2	-1.451095846E-2
-1.478568278E-2	-1.484798174E-2	-1.483674161E-2
-1.516410615E-2	-1.523114648E-2	-1.522182021E-2
-1.469249930E-2	-1.473812852E-2	-1.479337551E-2
-1.562601142E-2	-1.570783928E-2	-1.579990052E-2
-1.393241994E-2	-1.399921253E-2	-1.407111809E-2
-1.701717265E-2	-1.712661982E-2	-1.712766662E-2
-1.310100313E-2	-1.319278218E-2	-1.318687573E-2
-1.659972779E-2	-1.663493365E-2	-1.662128232E-2
-1.147325896E-2	-1.140078157E-2	-1.145927887E-2
-1.360120904E-2	-1.349365525E-2	-1.362424809E-2
-1.081259735E-2	-1.064668316E-2	-1.081467699E-2
-1.044265926E-2	-1.024136972E-2	-1.038960274E-2
-1.089715119E-2	-1.069411356E-2	-1.085840911E-2
-7.440904621E-3	-7.277087774E-3	-7.415228989E-3
-9.592770599E-3	-9.464557283E-3	-9.508796968E-3
-5.610498600E-3	-5.467681214E-3	-5.492742639E-3
-5.846935324E-3	-5.764664616E-3	-5.766451824E-3
-5.515292287E-3	-5.506795365E-3	-5.461974535E-3
-2.395800781E-3	-2.411311259E-3	-2.323949011E-3
-6.552247796E-3	-6.562747061E-3	-6.479026284E-3
-6.406594766E-4	-6.506288773E-4	-5.615234841E-4
-4.685586784E-3	-4.704743624E-3	-4.671031609E-3
-1.102341572E-3	-1.128788339E-3	-1.090511680E-3
5.646412028E-4	5.386722041E-4	5.332156434E-4
-4.718782380E-3	-4.737192299E-3	-4.767728504E-3
6.095208693E-3	6.053523161E-3	6.029439624E-3
-1.012486685E-2	-1.017528027E-2	-1.021216530E-2
1.057508681E-2	1.048243605E-2	1.049493719E-2
-1.246946305E-2	-1.255038846E-2	-1.251981873E-2
1.440164726E-2	1.431811322E-2	1.435734797E-2
-1.312259026E-2	-1.318512484E-2	-1.311184932E-2
1.668439060E-2	1.665248908E-2	1.670230739E-2
-1.407670323E-2	-1.406229008E-2	-1.402868424E-2
1.713752747E-2	1.715592295E-2	1.717323810E-2
-1.244004257E-2	-1.241036132E-2	-1.241378114E-2
1.431405079E-2	1.436168980E-2	1.435113419E-2
-5.022675730E-3	-5.019688047E-3	-4.987144843E-3
8.088378236E-3	8.080711588E-3	8.127014153E-3
2.865920542E-3	2.851373749E-3	2.885848284E-3
7.414996508E-4	7.595414645E-4	7.795093697E-4
9.207295254E-3	9.240742773E-3	9.215918370E-3
-5.190243013E-3	-5.159987137E-3	-5.196237937E-3
1.555345487E-2	1.557920780E-2	1.554105431E-2
-1.011195406E-2	-1.010534912E-2	-1.011234522E-2
1.984735392E-2	1.984144002E-2	1.982422173E-2
-1.275548525E-2	-1.278216764E-2	-1.278651692E-2
1.976733841E-2	1.975252107E-2	1.972632483E-2
-1.079218928E-2	-1.081267744E-2	-1.083745528E-2
1.672489941E-2	1.668918133E-2	1.668293029E-2
-6.144054700E-3	-6.159282755E-3	-6.171359681E-3
1.247009914E-2	1.246915758E-2	1.246243902E-2
-2.181756310E-3	-2.162669785E-3	-2.189003397E-3
7.954585366E-3	7.942101918E-3	7.918065414E-3
5.369574646E-4	5.277064629E-4	5.218581064E-4
5.101995543E-3	5.116217770E-3	5.128153600E-3
2.574351849E-3	2.595265163E-3	2.587724244E-3
4.355513491E-3	4.363738000E-3	4.367205314E-3
3.271435387E-3	3.281253390E-3	3.291296307E-3
3.726494731E-3	3.729652148E-3	3.742937930E-3
2.731980989E-3	2.710101195E-3	2.739300253E-3
3.115156665E-3	3.134916304E-3	3.173646284E-3
2.951324917E-3	2.963288454E-3	2.984628780E-3
3.427975578E-3	3.431745572E-3	3.445122158E-3
3.300813260E-3	3.309854306E-3	3.315791721E-3
3.557810560E-3	3.577526426E-3	3.573755734E-3
2.993090078E-3	2.998698503E-3	2.992911963E-3
3.568934510E-3	3.577703144E-3	3.568854416E-3
2.271179110E-3	2.268973505E-3	2.255799714E-3
4.443819169E-3	4.431224428E-3	4.407193512E-3
2.552928170E-3	2.547368640E-3	2.540348796E-3
4.484433681E-3	4.482369404E-3	4.485228099E-3
2.289269352E-3	2.280942863E-3	2.279758221E-3
4.012143239E-3	4.007170442E-3	4.012404010E-3
2.971904818E-3	2.938715741E-3	2.992557827E-3
3.507071873E-3	3.491179552E-3	3.518708050E-3
4.452998284E-3	4.475309979E-3	4.489566665E-3
3.592528403E-3	3.605613019E-3	3.622295568E-3
4.527411889E-3	4.549357109E-3	4.570530728E-3
3.242085455E-3	3.251931863E-3	3.267295659E-3
4.530025646E-3	4.550170153E-3	4.533920437E-3
4.079735372E-3	4.085413646E-3	4.070164636E-3
4.412178881E-3	4.418785684E-3	4.392516334E-3
5.441584159E-3	5.421370734E-3	5.421548150E-3
4.774658009E-3	4.747339990E-3	4.749609623E-3
5.222079344E-3	5.185323767E-3	5.192072131E-3
4.276246298E-3	4.267581739E-3	4.244546872E-3
4.700217862E-3	4.680515267E-3	4.705142695E-3
4.670578521E-3	4.673650488E-3	4.673972260E-3
4.133788869E-3	4.128579982E-3	4.124325234E-3
5.291582551E-3	5.244106520E-3	5.283285864E-3
4.132626113E-3	4.102722276E-3	4.147149622E-3
4.798276350E-3	4.783414304E-3	4.801162984E-3
3.796071513E-3	3.797972575E-3	3.805730725E-3
4.566563293E-3	4.575770814E-3	4.581016023E-3
4.508173093E-3	4.546720069E-3	4.529498518E-3
4.120558966E-3	4.141982179E-3	4.135238472E-3
4.874952603E-3	4.886130337E-3	4.860581830E-3
4.213576205E-3	4.239283036E-3	4.187018611E-3
4.428151995E-3	4.422056489E-3	4.406439606E-3
3.919032868E-3	3.919187933E-3	3.901769640E-3
4.163067322E-3	4.179199226E-3	4.179318435E-3
4.324030597E-3	4.336773884E-3	4.372404888E-3
3.800526494E-3	3.797661047E-3	3.813145449E-3
4.333656747E-3	4.317455459E-3	4.358067177E-3
3.584743012E-3	3.576498944E-3	3.613270354E-3
3.591801040E-3	3.580570221E-3	3.607145976E-3
3.156056628E-3	3.133563790E-3	3.151794663E-3
3.392428625E-3	3.379724221E-3	3.410147969E-3
3.670674749E-3	3.661310067E-3	3.682145150E-3
3.287558211E-3	3.312233137E-3	3.289427375E-3
3.537842073E-3	3.549633548E-3	3.522504587E-3
2.953392221E-3	2.946999390E-3	2.917879727E-3
3.028984880E-3	3.029088257E-3	2.995828865E-3
2.701485297E-3	2.716916846E-3	2.668041503E-3
2.856715349E-3	2.840327099E-3	2.810557373E-3
3.009066684E-3	2.997637959E-3	2.965262160E-3
2.686957596E-3	2.689798130E-3	2.685061889E-3
2.762940479E-3	2.794969827E-3	2.781106159E-3
2.423023572E-3	2.441268414E-3	2.434606664E-3
2.302701818E-3	2.330144634E-3	2.284543123E-3
2.131420188E-3	2.161555458E-3	2.140067518E-3
1.931912033E-3	1.957745291E-3	1.952891238E-3
1.771387411E-3	1.784749446E-3	1.801163773E-3
1.094794134E-3	1.096575987E-3	1.139271189E-3
5.603629397E-4	5.335620372E-4	6.108239759E-4
-4.148504522E-4	-4.585490096E-4	-4.132988397E-4
-1.047485275E-3	-1.054073684E-3	-1.084895455E-3
-1.999438275E-3	-2.026310191E-3	-2.051176038E-3
-2.733699046E-3	-2.714137081E-3	-2.741540549E-3
-3.686509095E-3	-3.707123687E-3	-3.738383297E-3
-5.346140359E-3	-5.316036753E-3	-5.374229979E-3
-7.696593646E-3	-7.647761144E-3	-7.724577095E-3
-1.018196810E-2	-1.013752818E-2	-1.015657280E-2
-1.361484826E-2	-1.363067236E-2	-1.362885442E-2
-1.711964048E-2	-1.715157926E-2	-1.707970910E-2
-2.178730443E-2	-2.190071344E-2	-2.181367762E-2
-2.698068321E-2	-2.706157602E-2	-2.703026310E-2
-3.357328847E-2	-3.366005793E-2	-3.355300799E-2
-4.091609269E-2	-4.099836200E-2	-4.086602107E-2
-4.893778637E-2	-4.907476157E-2	-4.896892607E-2
-5.754378438E-2	-5.764517561E-2	-5.761549622E-2
-6.570719928E-2	-6.568654627E-2	-6.571939588E-2
-7.457659394E-2	-7.441597432E-2	-7.446635514E-2
-8.215759695E-2	-8.184561133E-2	-8.193653077E-2
-8.915738016E-2	-8.893438429E-2	-8.904033154E-2
-9.378744662E-2	-9.382177889E-2	-9.379426390E-2
-9.754986316E-2	-9.775033593E-2	-9.769916534E-2
-9.956147522E-2	-9.983807802E-2	-9.971063584E-2
-9.989818186E-2	-1.000433415E-1	-1.000537723E-1
-9.841810912E-2	-9.838490188E-2	-9.840238839E-2
-9.425491095E-2	-9.430748224E-2	-9.432254732E-2
-8.901909739E-2	-8.898545057E-2	-8.904655278E-2
-8.211547136E-2	-8.191989362E-2	-8.203784376E-2
-7.469148189E-2	-7.453466207E-2	-7.464149594E-2
-6.661620736E-2	-6.652022898E-2	-6.652931869E-2
-5.861598626E-2	-5.857552588E-2	-5.851818249E-2
-5.010291561E-2	-5.006677657E-2	-5.005807430E-2
-4.162551463E-2	-4.155724496E-2	-4.165243357E-2
-3.383338451E-2	-3.368207067E-2	-3.385106847E-2
-2.625363506E-2	-2.613465115E-2	-2.618547343E-2
-1.928537898E-2	-1.931584254E-2	-1.930940337E-2
-1.238069497E-2	-1.244196296E-2	-1.244529802E-2
-6.363332272E-3	-6.453862414E-3	-6.465259939E-3
-1.551840338E-3	-1.688616117E-3	-1.638777554E-3
2.146706218E-3	2.008115174E-3	2.068334725E-3
5.484234542E-3	5.372202955E-3	5.500911735E-3
8.415456861E-3	8.370007388E-3	8.487991989E-3
1.049578562E-2	1.051855460E-2	1.065355074E-2
1.225236803E-2	1.221121754E-2	1.236542687E-2
1.327377465E-2	1.322756987E-2	1.330547128E-2
1.408724859E-2	1.415169891E-2	1.408303250E-2
1.490681712E-2	1.500358246E-2	1.486217789E-2
1.602240093E-2	1.608097367E-2	1.597063988E-2
1.707047410E-2	1.707402430E-2	1.702013984E-2
1.783223636E-2	1.777997613E-2	1.778840460E-2
1.820044778E-2	1.815276593E-2	1.821751520E-2
1.816183142E-2	1.814245619E-2	1.819783077E-2
1.797464304E-2	1.803020760E-2	1.801177114E-2
1.767383330E-2	1.773724891E-2	1.771780476E-2
1.711512357E-2	1.714219712E-2	1.715043001E-2
1.632396318E-2	1.636746898E-2	1.635938883E-2
1.558811869E-2	1.564635336E-2	1.557026058E-2
1.489937864E-2	1.494784839E-2	1.486932393E-2
1.424791850E-2	1.428165007E-2	1.426861715E-2
1.358750928E-2	1.362557244E-2	1.364193950E-2
1.287860796E-2	1.290827710E-2	1.292175334E-2
1.237340644E-2	1.239879429E-2	1.241075620E-2
1.201749593E-2	1.199432090E-2	1.200536638E-2
1.165976189E-2	1.164868101E-2	1.163695194E-2
1.119227987E-2	1.116650086E-2	1.118692104E-2
1.071332768E-2	1.064186171E-2	1.070031524E-2
1.024866942E-2	1.020266488E-2	1.024215296E-2
9.719246067E-3	9.680259041E-3	9.692175314E-3
9.158792906E-3	9.136503562E-3	9.132691659E-3
8.782308549E-3	8.777938783E-3	8.748511784E-3
8.496155031E-3	8.480305783E-3	8.443675004E-3
8.159899153E-3	8.106072433E-3	8.089203387E-3
7.721568458E-3	7.673876826E-3	7.669223007E-3
7.508522365E-3	7.481676992E-3	7.470785175E-3
7.051754277E-3	7.005643565E-3	7.017854601E-3
6.640082225E-3	6.644690409E-3	6.624793634E-3
6.229112856E-3	6.228902377E-3	6.213469431E-3
5.802744534E-3	5.849721842E-3	5.830183625E-3
5.443917122E-3	5.468370393E-3	5.468836054E-3
4.972388502E-3	4.985753912E-3	4.999969155E-3
4.894120153E-3	4.922392312E-3	4.943653475E-3
4.636542872E-3	4.641369916E-3	4.679483362E-3
4.693521187E-3	4.681040533E-3	4.729582462E-3
4.505207296E-3	4.485913552E-3	4.521226976E-3
4.628818016E-3	4.604059737E-3	4.615444690E-3
4.669364542E-3	4.667024128E-3	4.661854822E-3
4.368252121E-3	4.362365697E-3	4.353059456E-3
4.598039202E-3	4.595587961E-3	4.595370498E-3
4.223941825E-3	4.214875400E-3	4.212542437E-3
4.432737827E-3	4.439152777E-3	4.455699585E-3
4.034945741E-3	4.046485759E-3	4.041179549E-3
4.207190592E-3	4.222539719E-3	4.219697788E-3
4.008782096E-3	4.037340637E-3	4.025205504E-3
3.820154583E-3	3.843885381E-3	3.824996296E-3
3.805899993E-3	3.809616668E-3	3.804898821E-3
3.395173466E-3	3.397524823E-3	3.388171550E-3
3.619255498E-3	3.630389227E-3	3.628791077E-3
2.953060437E-3	2.948524198E-3	2.951676957E-3
3.508950584E-3	3.518177662E-3	3.526762594E-3
2.793670399E-3	2.822374925E-3	2.793198219E-3
2.975262702E-3	2.984686056E-3	2.991914749E-3
2.620125655E-3	2.621918684E-3	2.646502107E-3
2.528649522E-3	2.526179887E-3	2.536194632E-3
2.722575562E-3	2.728738589E-3	2.720956923E-3
1.724947244E-3	1.716457424E-3	1.712766360E-3
2.918331185E-3	2.915302524E-3	2.901328495E-3
1.481697196E-3	1.485542860E-3	1.475209021E-3
2.748699626E-3	2.729996573E-3	2.733882051E-3
1.279680291E-3	1.265229424E-3	1.244841493E-3
2.403482795E-3	2.415199298E-3	2.383754356E-3
1.504175831E-3	1.537197037E-3	1.488020062E-3
1.130324788E-3	1.159179374E-3	1.134612830E-3
1.914270339E-3	1.923145261E-3	1.920501934E-3
1.846491214E-4	1.879089687E-4	1.984707778E-4
2.318748506E-3	2.328650327E-3	2.357197925E-3
-9.012028459E-4	-8.787153638E-4	-8.742280770E-4
2.969198860E-3	2.972279675E-3	2.978815697E-3
-1.727628405E-3	-1.728110947E-3	-1.722304733E-3
3.057424678E-3	3.047534497E-3	3.042018972E-3
-2.062907675E-3	-2.074673539E-3	-2.066277666E-3
2.566665178E-3	2.543977229E-3	2.538867295E-3
-1.766856527E-3	-1.771537820E-3	-1.777907601E-3
1.412390498E-3	1.371083083E-3	1.393263345E-3
-1.168651157E-3	-1.195672550E-3	-1.160736079E-3
5.197413848E-4	4.913118901E-4	5.021077814E-4
-7.593545015E-4	-7.774253609E-4	-7.888830150E-4
-4.546366399E-4	-5.013947957E-4	-4.759169824E-4
-2.612677636E-4	-2.710138215E-4	-2.529268095E-4
-1.280666911E-3	-1.304852311E-3	-1.291365828E-3
-2.480682160E-4	-2.481073607E-4	-2.359717037E-4
-1.665001153E-3	-1.651687082E-3	-1.635868452E-3
-4.147092113E-4	-3.980078618E-4	-3.791594645E-4
-1.726752846E-3	-1.703865128E-3	-1.699549379E-3
-7.239065599E-4	-7.243470754E-4	-7.155824569E-4
-1.482037129E-3	-1.485311193E-3	-1.464609290E-3
-1.112421742E-3	-1.128556672E-3	-1.115404535E-3
-1.204783330E-3	-1.230221358E-3	-1.222898485E-3
-1.393070212E-3	-1.412374550E-3	-1.409695717E-3
-1.115359599E-3	-1.130571007E-3	-1.135668368E-3
-1.540020341E-3	-1.522970619E-3	-1.537496224E-3
-1.180503517E-3	-1.136030885E-3	-1.160889864E-3
-1.451265183E-3	-1.405739575E-3	-1.429395750E-3
-1.372648054E-3	-1.347803394E-3	-1.358004869E-3
-1.355868066E-3	-1.339173061E-3	-1.331657637E-3
-1.498493250E-3	-1.463270513E-3	-1.471411204E-3
-1.266242703E-3	-1.210332732E-3	-1.255594776E-3
-1.639875351E-3	-1.592163811E-3	-1.633299631E-3
-1.305839862E-3	-1.250385074E-3	-1.284981379E-3
-1.620679512E-3	-1.593119814E-3	-1.614913461E-3
-1.263762009E-3	-1.244308893E-3	-1.257827389E-3
-1.459180727E-3	-1.453829114E-3	-1.470540417E-3
-1.304533333E-3	-1.316461130E-3	-1.312501729E-3
-1.358046778E-3	-1.394638559E-3	-1.380244503E-3
-1.325060963E-3	-1.373701263E-3	-1.372482628E-3
-1.228402718E-3	-1.260444289E-3	-1.266159001E-3
-1.182663254E-3	-1.223297440E-3	-1.221624319E-3
-1.024067285E-3	-1.069790451E-3	-1.041514915E-3
-9.965548525E-4	-1.028215513E-3	-9.862397565E-4
-9.438572451E-4	-9.701129748E-4	-9.465272306E-4
-8.826956619E-4	-8.881402318E-4	-8.820025832E-4
-8.778738556E-4	-8.800587966E-4	-8.937548264E-4
-6.520512397E-4	-6.888149073E-4	-6.710811285E-4
-7.897779578E-4	-8.253182168E-4	-7.862838102E-4
-5.747974501E-4	-6.020419532E-4	-5.459155655E-4
-6.720877136E-4	-6.643154775E-4	-6.222835509E-4
-4.726837797E-4	-4.840166075E-4	-4.341900931E-4
-4.160637618E-4	-4.426657106E-4	-4.013797734E-4
-3.386712633E-4	-3.995759762E-4	-3.637591144E-4
-2.276312007E-4	-2.864177513E-4	-2.487602760E-4
-2.588209172E-4	-2.839597000E-4	-2.721090859E-4
-2.374380711E-4	-2.414357004E-4	-2.512116916E-4
-2.819705114E-4	-2.540331916E-4	-2.828564611E-4
-3.587477258E-4	-3.428812488E-4	-3.749922616E-4
-4.200804688E-4	-3.491781245E-4	-4.180136893E-4
-3.533044655E-4	-2.843777183E-4	-3.637630143E-4
-3.156965540E-4	-2.601499727E-4	-3.162021458E-4
-2.709708060E-4	-2.378041390E-4	-2.746870450E-4
-3.214096068E-4	-2.772451553E-4	-3.410153149E-4
-5.156693514E-4	-4.652017960E-4	-5.426047719E-4
-5.985703901E-4	-5.635418347E-4	-6.331304903E-4
-7.305375184E-4	-6.955634453E-4	-7.602898404E-4
-8.679674938E-4	-8.433375042E-4	-8.817421622E-4
-8.405022090E-4	-8.570333594E-4	-8.296562592E-4
-9.183984366E-4	-9.281063103E-4	-8.595123654E-4
-9.810208576E-4	-9.767417796E-4	-9.205634706E-4
-1.151584089E-3	-1.127611380E-3	-1.095043728E-3
-1.198186306E-3	-1.155735226E-3	-1.145730028E-3
-1.314846799E-3	-1.258602715E-3	-1.277556759E-3
-1.328073791E-3	-1.268987427E-3	-1.322617172E-3
-1.350131817E-3	-1.346437028E-3	-1.360471942E-3
-1.404360984E-3	-1.445175032E-3	-1.451344113E-3
-1.528966590E-3	-1.574665308E-3	-1.578836236E-3
-1.560254605E-3	-1.613955013E-3	-1.588355051E-3
-1.684976625E-3	-1.692736056E-3	-1.681181253E-3
-1.837695483E-3	-1.855140319E-3	-1.832949230E-3
-1.800923375E-3	-1.805146225E-3	-1.791927381E-3
-1.820025966E-3	-1.811918570E-3	-1.795711345E-3
-1.863359124E-3	-1.869398984E-3	-1.852442045E-3
-1.875907066E-3	-1.900324249E-3	-1.846962958E-3
-1.943503041E-3	-1.953234430E-3	-1.925625489E-3
-1.967873657E-3	-1.977464184E-3	-1.939987880E-3
-1.949469093E-3	-1.992565347E-3	-1.957406523E-3
-1.899228897E-3	-1.935512293E-3	-1.910912571E-3
-1.870089211E-3	-1.912747161E-3	-1.873591915E-3
-1.842669793E-3	-1.886658487E-3	-1.863328973E-3
-1.864196616E-3	-1.880831434E-3	-1.879483578E-3
-2.062930027E-3	-2.084334381E-3	-2.064760309E-3
-2.076833509E-3	-2.110405592E-3	-2.086915309E-3
-2.161924029E-3	-2.209141385E-3	-2.201230032E-3
-2.189419698E-3	-2.197793918E-3	-2.204615390E-3
-2.251524478E-3	-2.241539536E-3	-2.243990777E-3
-2.476073336E-3	-2.426525811E-3	-2.466018545E-3
-2.707418287E-3	-2.620233223E-3	-2.697949065E-3
-2.846193034E-3	-2.753992332E-3	-2.861742629E-3
-2.958271885E-3	-2.902474720E-3	-2.991035115E-3
-3.101078095E-3	-3.050335217E-3	-3.095126478E-3
-3.217373975E-3	-3.231266513E-3	-3.210883820E-3
-3.239349695E-3	-3.263234161E-3	-3.270761576E-3
-3.392863320E-3	-3.360485425E-3	-3.386746161E-3
-3.606005572E-3	-3.539402736E-3	-3.569524968E-3
-3.761052620E-3	-3.709067591E-3	-3.752358491E-3
-3.850641893E-3	-3.814605530E-3	-3.879441880E-3
-4.069131333E-3	-4.039424006E-3	-4.097478930E-3
-4.228787497E-3	-4.218898248E-3	-4.246614873E-3
-4.334886093E-3	-4.331190139E-3	-4.339409061E-3
-4.632569849E-3	-4.621678498E-3	-4.587789997E-3
-4.918816034E-3	-4.935680423E-3	-4.857853055E-3
-5.419512279E-3	-5.464516114E-3	-5.367795937E-3
-5.778526422E-3	-5.857554730E-3	-5.776486825E-3
-6.031990983E-3	-6.161295343E-3	-6.062431261E-3
-6.446673535E-3	-6.594032515E-3	-6.524370518E-3
-6.972670555E-3	-7.069937419E-3	-6.995479576E-3
-7.639277726E-3	-7.712602615E-3	-7.591670379E-3
-8.158584125E-3	-8.181164972E-3	-8.087730967E-3
-8.732242510E-3	-8.709454909E-3	-8.642314002E-3
-8.969179355E-3	-8.952104487E-3	-8.944964968E-3
-9.144152515E-3	-9.127256460E-3	-9.165567346E-3
-9.119302966E-3	-9.079546668E-3	-9.127801284E-3
-8.917005733E-3	-8.885988034E-3	-8.949958719E-3
-8.898822591E-3	-8.842631243E-3	-8.897751570E-3
-8.741565980E-3	-8.632283658E-3	-8.713486604E-3
-8.699372411E-3	-8.616905659E-3	-8.686657064E-3
-8.330452256E-3	-8.267379366E-3	-8.307155222E-3
-7.979571819E-3	-7.927219383E-3	-7.957592607E-3
-7.395223714E-3	-7.394831628E-3	-7.418612484E-3
-6.817236077E-3	-6.832177285E-3	-6.834132597E-3
-6.299053319E-3	-6.342347711E-3	-6.335210986E-3
-5.565708037E-3	-5.596372765E-3	-5.598468706E-3
-5.095671862E-3	-5.163371097E-3	-5.137328990E-3
-4.409486428E-3	-4.440050106E-3	-4.438842181E-3
-3.944172524E-3	-3.954721149E-3	-3.956613131E-3
-3.420056775E-3	-3.403034061E-3	-3.416420659E-3
-3.191612661E-3	-3.196181031E-3	-3.181289416E-3
-2.898000646E-3	-2.902359003E-3	-2.899682848E-3
-2.598292427E-3	-2.571626334E-3	-2.592190634E-3
-2.568481723E-3	-2.555796877E-3	-2.592020668E-3
-2.168239094E-3	-2.179260831E-3	-2.211638493E-3
-2.170165069E-3	-2.161990851E-3	-2.199673094E-3
-1.800244791E-3	-1.809528447E-3	-1.810589572E-3
-1.762548578E-3	-1.769579831E-3	-1.769169234E-3
-1.430145814E-3	-1.433422090E-3	-1.428810414E-3
-1.324437908E-3	-1.338730799E-3	-1.339275157E-3
-1.183983288E-3	-1.197615173E-3	-1.190911746E-3
-8.616605774E-4	-8.742727805E-4	-8.802461671E-4
-9.299808880E-4	-9.357543895E-4	-9.350838955E-4
-6.938769948E-4	-6.812314386E-4	-6.767433370E-4
-7.646804443E-4	-7.753723185E-4	-7.507045520E-4
-4.630459298E-4	-4.866413656E-4	-4.716575204E-4
-4.433253198E-4	-4.524684045E-4	-4.473799199E-4
-3.115482396E-4	-3.345498408E-4	-3.095130087E-4
-1.846738742E-4	-2.137485280E-4	-1.726858609E-4
-2.702364000E-4	-2.875561768E-4	-2.331087308E-4
4.757851639E-5	5.243956912E-5	9.909752407E-5
-1.308533247E-4	-1.082017989E-4	-1.089847938E-4
2.548614284E-4	2.719975018E-4	2.780655632E-4
5.198163126E-5	7.624227146E-5	5.304433216E-5
2.799629001E-4	3.117544984E-4	2.965898602E-4
2.872797195E-4	3.086730721E-4	2.867944131E-4
2.672992996E-4	2.694885479E-4	2.594487742E-4
5.055061192E-4	4.992181784E-4	4.982918617E-4
2.734183508E-4	2.700513869E-4	2.597189741E-4
6.545791402E-4	6.644164678E-4	6.414231029E-4
3.867216874E-4	3.814132651E-4	3.784717701E-4
7.389704697E-4	7.327346248E-4	7.257726975E-4
5.128264311E-4	5.045738071E-4	5.154458922E-4
7.173538906E-4	7.011350244E-4	6.918250583E-4
7.763482863E-4	7.679047412E-4	7.637371309E-4
6.409190828E-4	6.381096900E-4	6.283710827E-4
1.016457682E-3	1.017089817E-3	1.014396432E-3
6.546528311E-4	6.362170097E-4	6.634237943E-4
1.104390598E-3	1.091343118E-3	1.093548606E-3
7.285556640E-4	7.139285444E-4	7.176387007E-4
1.007333980E-3	1.000481891E-3	9.916650597E-4
8.585833129E-4	8.259920287E-4	8.346090908E-4
8.172392263E-4	8.131082868E-4	8.064003196E-4
1.033578650E-3	1.051071682E-3	1.029572217E-3
6.985283107E-4	7.010829868E-4	6.808200851E-4
1.194936107E-3	1.205913140E-3	1.205993351E-3
6.239765789E-4	6.358115934E-4	6.276849308E-4
1.201215084E-3	1.209994894E-3	1.212139730E-3
7.002405473E-4	6.899227737E-4	6.900096778E-4
1.013315283E-3	1.010295586E-3	1.016233116E-3
8.586496115E-4	8.685910725E-4	8.597590495E-4
7.266931352E-4	7.266282919E-4	7.178105880E-4
1.121459645E-3	1.133518992E-3	1.130109304E-3
5.164776230E-4	5.277608288E-4	5.218627630E-4
1.235899399E-3	1.247798675E-3	1.248991000E-3
4.044983070E-4	3.853077069E-4	4.066978581E-4
1.148724463E-3	1.140122651E-3	1.154714380E-3
5.413158797E-4	5.257665762E-4	5.332553992E-4
8.664649795E-4	8.551411447E-4	8.625967894E-4
8.866957505E-4	8.891651523E-4	9.032270173E-4
4.522248346E-4	4.424103536E-4	4.566785065E-4
1.268208260E-3	1.284128521E-3	1.270163688E-3
1.847639214E-5	1.127535961E-5	1.485600751E-5
1.533811097E-3	1.515002339E-3	1.536634867E-3
-3.027924686E-4	-3.063948825E-4	-2.985589381E-4
1.478703576E-3	1.463541179E-3	1.467540860E-3
-3.289155429E-4	-3.412205260E-4	-3.225129622E-4
1.211254392E-3	1.201266656E-3	1.208414673E-3
-7.470174751E-5	-7.444229414E-5	-7.507412374E-5
7.864695508E-4	7.874838193E-4	7.868742687E-4
1.548415312E-4	1.708125201E-4	1.833004935E-4
3.204260720E-4	3.148912801E-4	3.038988507E-4
4.413126735E-4	4.361569008E-4	4.298677959E-4
-1.153696940E-4	-1.329373627E-4	-1.294146787E-4
6.350470358E-4	6.250197184E-4	6.293025799E-4
-4.393859126E-4	-4.345174821E-4	-4.383861378E-4
6.053545512E-4	6.095637218E-4	6.225883262E-4
-5.262997001E-4	-5.351284635E-4	-5.418111687E-4
3.983526840E-4	4.031204153E-4	3.884966427E-4
-5.332588917E-4	-5.466859438E-4	-5.226940266E-4
1.056124311E-4	1.096348642E-4	9.649901767E-5
-3.918180882E-4	-3.867246560E-4	-4.050040734E-4
-1.759232109E-4	-1.836109877E-4	-1.917928166E-4
-2.926875022E-4	-2.910183684E-4	-2.920152619E-4
-3.596567258E-4	-3.762981796E-4	-3.571377601E-4
-2.805813274E-4	-2.963604347E-4	-2.991566435E-4
-4.905335372E-4	-4.958210629E-4	-4.949005088E-4
-3.342013806E-4	-3.339531540E-4	-3.342393902E-4
-5.058025708E-4	-4.780095769E-4	-4.918509512E-4
-4.270772915E-4	-4.217955284E-4	-4.356492136E-4
-4.636197409E-4	-4.348485672E-4	-4.688596819E-4
-5.268310779E-4	-5.161340232E-4	-5.367869162E-4
-4.648260947E-4	-4.567364231E-4	-4.814761924E-4
-6.097345031E-4	-6.011345540E-4	-6.051952369E-4
-4.770863452E-4	-4.776730784E-4	-4.908681731E-4
-6.208395353E-4	-6.208281266E-4	-6.152223796E-4
-5.260629114E-4	-5.481897970E-4	-5.321025965E-4
-6.217222544E-4	-6.247390411E-4	-6.135717849E-4
-6.170468405E-4	-6.178107578E-4	-6.113494746E-4
-5.850036978E-4	-5.880848621E-4	-5.806265981E-4
-6.327691954E-4	-6.469538203E-4	-6.357440143E-4
-5.897563533E-4	-5.874045310E-4	-5.818055943E-4
-6.283576367E-4	-6.200633361E-4	-6.153276190E-4
-5.191932432E-4	-5.223422195E-4	-5.191261298E-4
-5.393636529E-4	-5.572042428E-4	-5.461013061E-4
-5.628925283E-4	-5.516900565E-4	-5.589534994E-4
-5.434456398E-4	-5.462168483E-4	-5.260398611E-4
-5.606747000E-4	-5.571716465E-4	-5.719377659E-4
-5.438969238E-4	-5.492399796E-4	-5.505272420E-4
-6.085393252E-4	-6.362478598E-4	-5.945030716E-4
-5.570944049E-4	-5.578706041E-4	-5.490610492E-4
-5.967401084E-4	-6.092636031E-4	-5.958494730E-4
-6.114539574E-4	-5.853103939E-4	-5.985683529E-4
-6.343471468E-4	-6.233153981E-4	-6.196397007E-4
-6.839289563E-4	-6.712276372E-4	-6.931560929E-4
-6.720027886E-4	-6.639168714E-4	-6.525874487E-4
-6.896578707E-4	-6.881518057E-4	-6.951848045E-4
-6.711840979E-4	-6.673815660E-4	-6.736472715E-4
-6.947771762E-4	-6.964812055E-4	-7.012279239E-4
-7.127753925E-4	-7.001801860E-4	-7.212611381E-4
-7.501883083E-4	-7.530651637E-4	-7.529593422E-4
-7.763436879E-4	-7.822074112E-4	-7.720122230E-4
-7.867655368E-4	-7.846676162E-4	-7.904315135E-4
-8.369998541E-4	-8.368152194E-4	-8.341376670E-4
-8.260761388E-4	-8.199433214E-4	-8.258693269E-4
-8.677075384E-4	-8.729845867E-4	-8.575079264E-4
-8.659224259E-4	-8.658319130E-4	-8.637359133E-4
-9.070882807E-4	-9.029288194E-4	-9.017028497E-4
-9.113324340E-4	-9.125170764E-4	-9.174172301E-4
-9.749204619E-4	-9.721674141E-4	-9.877822595E-4
-9.894416435E-4	-9.869807400E-4	-9.973577689E-4
-9.993446292E-4	-9.906707564E-4	-1.017863164E-3
-1.102978596E-3	-1.088179997E-3	-1.099094748E-3
-1.095947460E-3	-1.100920606E-3	-1.109533128E-3
-1.136582694E-3	-1.145609771E-3	-1.147358795E-3
-1.180564752E-3	-1.168779680E-3	-1.191148651E-3
-1.241452061E-3	-1.259267679E-3	-1.262865146E-3
-1.273466507E-3	-1.272401307E-3	-1.270042849E-3
-1.323636621E-3	-1.325483201E-3	-1.329213963E-3
-1.390454709E-3	-1.380471513E-3	-1.387367258E-3
-1.443899353E-3	-1.456922619E-3	-1.443643589E-3
-1.477046055E-3	-1.482535037E-3	-1.471676747E-3
-1.547629246E-3	-1.559873926E-3	-1.547652180E-3
-1.621539006E-3	-1.629147679E-3	-1.623321557E-3
-1.602433389E-3	-1.608968014E-3	-1.613516826E-3
-1.604306861E-3	-1.624296769E-3	-1.623652526E-3
-1.687832293E-3	-1.674713916E-3	-1.676940126E-3
-1.695893006E-3	-1.688641612E-3	-1.700076391E-3
-1.615259564E-3	-1.645367010E-3	-1.633831067E-3
-1.663592528E-3	-1.683865907E-3	-1.668927958E-3
-1.743321074E-3	-1.747172326E-3	-1.762831816E-3
-1.764062908E-3	-1.776495017E-3	-1.779208891E-3
-1.754259691E-3	-1.752212527E-3	-1.750201453E-3
-1.780230203E-3	-1.778231584E-3	-1.772409654E-3
-1.804261468E-3	-1.809500973E-3	-1.799616497E-3
-1.763595385E-3	-1.755949110E-3	-1.740459353E-3
-1.825224026E-3	-1.827546977E-3	-1.821779879E-3
-1.892014290E-3	-1.877112198E-3	-1.861746190E-3
-1.918087481E-3	-1.884701313E-3	-1.890904852E-3
-1.862334087E-3	-1.866438542E-3	-1.853976748E-3
-1.950695994E-3	-1.958414214E-3	-1.953087747E-3
-1.954778563E-3	-1.963959541E-3	-1.952106832E-3
-1.950792386E-3	-1.967853401E-3	-1.930377446E-3
-1.978938933E-3	-1.994762104E-3	-2.019982785E-3
-2.103507286E-3	-2.111642854E-3	-2.111540874E-3
-2.116669435E-3	-2.121567959E-3	-2.125727246E-3
-2.101221588E-3	-2.101375954E-3	-2.100198762E-3
-2.172142267E-3	-2.185154939E-3	-2.184252953E-3
-2.170673572E-3	-2.191962441E-3	-2.180753974E-3
-2.234211890E-3	-2.238899469E-3	-2.226532670E-3
-2.177623333E-3	-2.207724610E-3	-2.196684480E-3
-2.358108992E-3	-2.377537079E-3	-2.382496605E-3
-2.378127538E-3	-2.390627516E-3	-2.381703118E-3
-2.390719717E-3	-2.392370021E-3	-2.393923700E-3
-2.422632184E-3	-2.414798830E-3	-2.411624417E-3
-2.445059596E-3	-2.433949383E-3	-2.443159930E-3
-2.468513325E-3	-2.469511703E-3	-2.458677860E-3
-2.432267182E-3	-2.431278117E-3	-2.438601106E-3
-2.521816408E-3	-2.558438573E-3	-2.566650277E-3
-2.501963638E-3	-2.507059835E-3	-2.514716471E-3
-2.605732996E-3	-2.612766344E-3	-2.601769986E-3
-2.596570179E-3	-2.590443939E-3	-2.608834300E-3
-2.673039213E-3	-2.678890945E-3	-2.689011162E-3
-2.663829597E-3	-2.665104112E-3	-2.667590743E-3
-2.670841292E-3	-2.683351515E-3	-2.658889629E-3
-2.741419710E-3	-2.734205453E-3	-2.723260317E-3
-2.734070644E-3	-2.726425882E-3	-2.721203491E-3
-2.800286748E-3	-2.813516650E-3	-2.778181806E-3
-2.681859303E-3	-2.690962283E-3	-2.667651512E-3
-2.812989755E-3	-2.811499638E-3	-2.797243185E-3
-2.705700696E-3	-2.709457651E-3	-2.687991830E-3
-2.810642822E-3	-2.825274365E-3	-2.807344543E-3
-2.787807956E-3	-2.756585134E-3	-2.764736302E-3
-2.782488009E-3	-2.786444267E-3	-2.788254526E-3
-2.792503452E-3	-2.810198814E-3	-2.810549224E-3
-2.657299861E-3	-2.670348389E-3	-2.668327186E-3
-2.737215720E-3	-2.741852775E-3	-2.757376060E-3
-2.574500861E-3	-2.586578485E-3	-2.598317806E-3
-2.748114988E-3	-2.725949511E-3	-2.730557695E-3
-2.642725827E-3	-2.643584739E-3	-2.660388360E-3
-2.715210663E-3	-2.699876670E-3	-2.706921659E-3
-2.732967725E-3	-2.730953041E-3	-2.737739822E-3
-2.732001245E-3	-2.715009032E-3	-2.743690507E-3
-2.832950326E-3	-2.814570442E-3	-2.829881385E-3
-2.726573031E-3	-2.691290341E-3	-2.708391286E-3
-2.837041160E-3	-2.817349043E-3	-2.843329450E-3
-2.708406653E-3	-2.698167926E-3	-2.713328926E-3
-2.903488697E-3	-2.894811099E-3	-2.895005280E-3
-2.796030836E-3	-2.813137136E-3	-2.793649910E-3
-2.911373507E-3	-2.914759098E-3	-2.908518538E-3
-2.903376706E-3	-2.913502278E-3	-2.910377691E-3
-2.868972952E-3	-2.877706429E-3	-2.866374329E-3
-3.007582156E-3	-3.017040202E-3	-3.021602519E-3
-2.852456644E-3	-2.875979291E-3	-2.875514561E-3
-3.144593909E-3	-3.158713924E-3	-3.149746452E-3
-2.895788988E-3	-2.905220026E-3	-2.912035445E-3
-3.139022971E-3	-3.156935563E-3	-3.167409915E-3
-2.967409091E-3	-2.986856969E-3	-2.994296607E-3
-3.051538719E-3	-3.034578636E-3	-3.053320339E-3
-3.145680996E-3	-3.133201972E-3	-3.129884833E-3
-2.965665888E-3	-2.956099343E-3	-2.962274244E-3
-3.263183869E-3	-3.244644497E-3	-3.246376058E-3
-2.978034783E-3	-2.963520819E-3	-2.977318130E-3
-3.376078326E-3	-3.366517369E-3	-3.375518369E-3
-3.060134361E-3	-3.036560724E-3	-3.054784145E-3
-3.311042208E-3	-3.276823089E-3	-3.293118905E-3
-3.186057322E-3	-3.161006607E-3	-3.171948949E-3
-3.225384280E-3	-3.215372562E-3	-3.232703079E-3
-3.439592896E-3	-3.429013072E-3	-3.424295224E-3
-3.216647077E-3	-3.232193878E-3	-3.213377204E-3
-3.664423712E-3	-3.668917110E-3	-3.653365653E-3
-3.213280113E-3	-3.215594916E-3	-3.204516601E-3
-3.790961346E-3	-3.787895432E-3	-3.782531014E-3
-3.270443063E-3	-3.282945370E-3	-3.266665852E-3
-3.796544857E-3	-3.789548995E-3	-3.792773932E-3
-3.499659477E-3	-3.522673389E-3	-3.516191849E-3
-3.628798528E-3	-3.649747930E-3	-3.657084890E-3
-3.741413821E-3	-3.751216689E-3	-3.747273004E-3
-3.365161596E-3	-3.377190093E-3	-3.379291389E-3
-3.945577424E-3	-3.951548599E-3	-3.949782345E-3
-3.126392607E-3	-3.148572054E-3	-3.145309165E-3
-3.947864287E-3	-3.964745905E-3	-3.954555374E-3
-3.003597725E-3	-3.007679479E-3	-3.004328348E-3
-3.713624552E-3	-3.706326708E-3	-3.712690435E-3
-3.017192474E-3	-3.032930661E-3	-3.034533234E-3
-3.379557049E-3	-3.386081895E-3	-3.370538121E-3
-3.260691883E-3	-3.257496981E-3	-3.256755881E-3
-2.994457260E-3	-2.991060494E-3	-2.988256281E-3
-3.443824826E-3	-3.424108494E-3	-3.438709769E-3
-2.602535067E-3	-2.592954086E-3	-2.594431862E-3
-3.469151445E-3	-3.475463949E-3	-3.459423548E-3
-2.333441051E-3	-2.320041880E-3	-2.317092847E-3
-3.355562687E-3	-3.352726810E-3	-3.347557271E-3
-2.251987113E-3	-2.238517627E-3	-2.233476611E-3
-3.174025100E-3	-3.177796490E-3	-3.160925349E-3
-2.440153621E-3	-2.419464057E-3	-2.412891947E-3
-2.865116345E-3	-2.850675955E-3	-2.855345374E-3
-2.667351160E-3	-2.655000426E-3	-2.658491954E-3
-2.437762450E-3	-2.439380623E-3	-2.450395143E-3
-2.765216865E-3	-2.758365823E-3	-2.769936575E-3
-2.129994100E-3	-2.109968802E-3	-2.146895742E-3
-2.828359604E-3	-2.826328622E-3	-2.843651455E-3
-2.082210733E-3	-2.084482228E-3	-2.082546707E-3
-2.810660051E-3	-2.818013774E-3	-2.815454733E-3
-2.125926781E-3	-2.149747917E-3	-2.143878955E-3
-2.609933726E-3	-2.626243979E-3	-2.631701995E-3
-2.226915210E-3	-2.227519872E-3	-2.241493203E-3
-2.313180361E-3	-2.337865066E-3	-2.327147871E-3
-2.377391793E-3	-2.391282935E-3	-2.367657842E-3
-2.161570359E-3	-2.165251877E-3	-2.163105411E-3
-2.476690337E-3	-2.469676314E-3	-2.446850995E-3
-2.133224159E-3	-2.139059128E-3	-2.124780789E-3
-2.481306903E-3	-2.464682097E-3	-2.471271669E-3
-2.107918262E-3	-2.101863967E-3	-2.091583796E-3
-2.366200555E-3	-2.363929758E-3	-2.368510701E-3
-2.178814961E-3	-2.189413644E-3	-2.184475539E-3
-2.328124130E-3	-2.331853146E-3	-2.328429837E-3
-2.378581790E-3	-2.375310054E-3	-2.393643372E-3
-2.336102538E-3	-2.339723753E-3	-2.349424176E-3
-2.557363361E-3	-2.564857947E-3	-2.583264839E-3
-2.381479600E-3	-2.388592344E-3	-2.388348803E-3
-2.659456804E-3	-2.659188351E-3	-2.664539497E-3
-2.488818252E-3	-2.489824547E-3	-2.487503225E-3
-2.695261268E-3	-2.703120466E-3	-2.700530924E-3
-2.645682544E-3	-2.647781977E-3	-2.638735343E-3
-2.700191922E-3	-2.678939840E-3	-2.695671283E-3
-2.748091705E-3	-2.749209991E-3	-2.747772262E-3
-2.720084973E-3	-2.685291460E-3	-2.707106294E-3
-2.808384597E-3	-2.778270282E-3	-2.772675827E-3
-2.673771465E-3	-2.663156949E-3	-2.675409894E-3
-2.744947560E-3	-2.732303925E-3	-2.742884448E-3
-2.659879392E-3	-2.670556074E-3	-2.654368756E-3
-2.735330258E-3	-2.734181471E-3	-2.732662484E-3
-2.764586126E-3	-2.770572435E-3	-2.765160287E-3
-2.841030480E-3	-2.856909996E-3	-2.840024885E-3
-2.879769541E-3	-2.897561295E-3	-2.888981951E-3
-2.872901270E-3	-2.884933725E-3	-2.861189190E-3
-2.891235752E-3	-2.901783912E-3	-2.891224343E-3
-2.896098420E-3	-2.900600201E-3	-2.893392928E-3
-2.967403503E-3	-2.960140351E-3	-2.968358574E-3
-2.960812999E-3	-2.955544740E-3	-2.956045326E-3
-3.043150995E-3	-3.034575842E-3	-3.045251826E-3
-3.039574716E-3	-3.037017537E-3	-3.041919554E-3
-3.032092936E-3	-3.046979429E-3	-3.037193790E-3
-3.034607042E-3	-3.040637355E-3	-3.046517493E-3
-2.967910608E-3	-2.983561484E-3	-2.988407155E-3
-2.973278984E-3	-2.983572194E-3	-2.977882978E-3
-2.917448524E-3	-2.917981474E-3	-2.917443402E-3
-2.932782052E-3	-2.949503018E-3	-2.943523694E-3
-2.912257332E-3	-2.911704360E-3	-2.907879651E-3
-2.899157815E-3	-2.899155254E-3	-2.901536645E-3
-2.876092913E-3	-2.880542539E-3	-2.874281723E-3
-2.797875786E-3	-2.785034711E-3	-2.794869477E-3
-2.770945430E-3	-2.770953812E-3	-2.775733825E-3
-2.679052297E-3	-2.676767763E-3	-2.693968127E-3
-2.671624999E-3	-2.651285147E-3	-2.646682085E-3
-2.627291018E-3	-2.619658830E-3	-2.620252781E-3
-2.570453798E-3	-2.564307535E-3	-2.568882657E-3
-2.543989336E-3	-2.540596295E-3	-2.538795350E-3
-2.485562116E-3	-2.470287494E-3	-2.465172671E-3
-2.434785245E-3	-2.427954227E-3	-2.436554525E-3
-2.344181063E-3	-2.353066579E-3	-2.353348304E-3
-2.251702128E-3	-2.251785249E-3	-2.260262612E-3
-2.217300935E-3	-2.215835266E-3	-2.215860644E-3
-2.149420325E-3	-2.154572867E-3	-2.146105282E-3
-2.086664084E-3	-2.109194873E-3	-2.097908640E-3
-1.994488761E-3	-2.010326367E-3	-1.994010061E-3
-1.894936548E-3	-1.890140120E-3	-1.880869153E-3
-1.826907159E-3	-1.833798829E-3	-1.814136747E-3
-1.740611508E-3	-1.739845262E-3	-1.723131631E-3
-1.703480375E-3	-1.706302981E-3	-1.682026661E-3
-1.632526284E-3	-1.629790640E-3	-1.617620816E-3
-1.518696547E-3	-1.528609660E-3	-1.517183846E-3
-1.439654035E-3	-1.464469125E-3	-1.439078827E-3
-1.352960826E-3	-1.356863882E-3	-1.355058397E-3
-1.284265891E-3	-1.285481965E-3	-1.277837553E-3
-1.201068866E-3	-1.208033878E-3	-1.208553556E-3
-1.127174008E-3	-1.113107428E-3	-1.121154055E-3
-1.047990867E-3	-1.028910978E-3	-1.063849195E-3
-9.000606369E-4	-8.864040719E-4	-9.146194789E-4
-7.690070779E-4	-7.674733060E-4	-7.926130202E-4
-6.695625489E-4	-6.563618663E-4	-6.727547152E-4
-5.607174826E-4	-5.568127963E-4	-5.569260102E-4
-4.594180209E-4	-4.676017852E-4	-4.704922612E-4
-3.292163601E-4	-3.138231405E-4	-3.249848669E-4
-2.055390505E-4	-2.170684893E-4	-2.284355432E-4
-9.646484250E-5	-9.059086733E-5	-1.227065222E-4
1.726690016E-6	-4.254252417E-6	-1.730434997E-5
8.337607142E-5	8.344810340E-5	7.268899935E-5
1.713647362E-4	1.639188122E-4	1.434737787E-4
1.951251179E-4	1.903603843E-4	1.769734954E-4
2.399802615E-4	2.469599422E-4	2.295301820E-4
2.833612962E-4	2.861735993E-4	2.639828599E-4
3.174020676E-4	3.267901484E-4	3.090931859E-4
3.876294068E-4	3.857171396E-4	3.752775374E-4
4.036230966E-4	4.234779626E-4	4.363474145E-4
4.571997270E-4	4.679131962E-4	4.713450617E-4
4.586977011E-4	4.637501552E-4	4.701839061E-4
4.552120517E-4	4.632471537E-4	4.724813916E-4
5.048993626E-4	5.010547466E-4	5.001112004E-4
5.357995396E-4	5.309704575E-4	5.429746816E-4
6.316181389E-4	6.207711995E-4	6.515674177E-4
7.629407337E-4	7.456890307E-4	7.695981767E-4
8.358197520E-4	8.112420328E-4	8.216407150E-4
9.419664275E-4	9.176683379E-4	9.471761296E-4
1.008767053E-3	9.929176886E-4	1.009257161E-3
1.097805216E-3	1.083374489E-3	1.103151706E-3
1.174547011E-3	1.169682713E-3	1.186179696E-3
1.243539271E-3	1.261482132E-3	1.270067063E-3
1.398491091E-3	1.404639101E-3	1.414162340E-3
1.514302916E-3	1.519682934E-3	1.512610586E-3
1.625468722E-3	1.646661898E-3	1.624765689E-3
1.699962420E-3	1.689325552E-3	1.687424956E-3
1.758201048E-3	1.783177722E-3	1.758607337E-3
1.876356197E-3	1.888142433E-3	1.859625569E-3
1.973811537E-3	1.986634918E-3	1.973458333E-3
2.078858670E-3	2.087075263E-3	2.074306598E-3
2.124837134E-3	2.121204743E-3	2.110341564E-3
2.213109285E-3	2.188253915E-3	2.167804632E-3
2.267647069E-3	2.258281689E-3	2.240209607E-3
2.357403282E-3	2.343044849E-3	2.345307730E-3
2.400485100E-3	2.393535338E-3	2.396620344E-3
2.480699215E-3	2.488421276E-3	2.481496893E-3
2.524439711E-3	2.536381595E-3	2.523986856E-3
2.562169218E-3	2.573254053E-3	2.578925574E-3
2.609124174E-3	2.608604031E-3	2.618152183E-3
2.582653891E-3	2.602271037E-3	2.611186123E-3
2.621722873E-3	2.618022729E-3	2.623175504E-3
2.625573659E-3	2.626541769E-3	2.636359539E-3
2.677500481E-3	2.656190889E-3	2.664872212E-3
2.652273746E-3	2.641087864E-3	2.650077455E-3
2.644317457E-3	2.622516593E-3	2.640418010E-3
2.611980075E-3	2.582118846E-3	2.613342600E-3
2.537386026E-3	2.522740047E-3	2.532094484E-3
2.484394470E-3	2.473129192E-3	2.490937477E-3
2.401984297E-3	2.394969109E-3	2.399558900E-3
2.389156027E-3	2.370835282E-3	2.382077510E-3
2.382275648E-3	2.362792380E-3	2.365660155E-3
2.387522720E-3	2.392106690E-3	2.375776647E-3
2.341561485E-3	2.356458921E-3	2.339575673E-3
2.310273936E-3	2.323257970E-3	2.312368713E-3
2.292168094E-3	2.302917652E-3	2.296477789E-3
2.236178378E-3	2.252274193E-3	2.236413071E-3
2.231710823E-3	2.249825280E-3	2.233579522E-3
2.240884118E-3	2.248385223E-3	2.239617053E-3
2.268507844E-3	2.283540322E-3	2.267518314E-3
2.252655104E-3	2.264379058E-3	2.256176202E-3
2.252202947E-3	2.258486347E-3	2.255292377E-3
2.235952765E-3	2.231458435E-3	2.235686639E-3
2.135169692E-3	2.139616990E-3	2.129715402E-3
2.136362717E-3	2.123213140E-3	2.123079496E-3
2.055256628E-3	2.042162465E-3	2.047631657E-3
2.012459794E-3	1.997593790E-3	2.001482528E-3
2.009557327E-3	1.988411648E-3	1.995583298E-3
1.927708858E-3	1.919232891E-3	1.920583309E-3
1.887173974E-3	1.863489859E-3	1.887131133E-3
1.742272987E-3	1.728283358E-3	1.726683811E-3
1.737423358E-3	1.735815662E-3	1.744148089E-3
1.559617347E-3	1.559764030E-3	1.566081541E-3
1.605048426E-3	1.610081643E-3	1.622730051E-3
1.530671259E-3	1.538536861E-3	1.541900681E-3
1.504480839E-3	1.508600195E-3	1.506825909E-3
1.496546436E-3	1.501438557E-3	1.511681941E-3
1.386894146E-3	1.384748262E-3	1.387094264E-3
1.484380569E-3	1.494974131E-3	1.489234273E-3
1.251056325E-3	1.262042671E-3	1.259325189E-3
1.484974986E-3	1.485022367E-3	1.482711057E-3
1.220082399E-3	1.228154521E-3	1.225604676E-3
1.460732776E-3	1.460222760E-3	1.464610570E-3
1.203460619E-3	1.208464499E-3	1.213025418E-3
1.383927418E-3	1.389269251E-3	1.384183415E-3
1.200078754E-3	1.212115865E-3	1.207052963E-3
1.235008240E-3	1.243598061E-3	1.236046082E-3
1.312814304E-3	1.314581255E-3	1.321512158E-3
1.094594132E-3	1.090164878E-3	1.103415387E-3
1.377864508E-3	1.389227342E-3	1.383780502E-3
1.016771537E-3	1.021247706E-3	1.010360080E-3
1.403729781E-3	1.394127961E-3	1.395049621E-3
9.246392874E-4	9.195606690E-4	9.247524431E-4
1.430803910E-3	1.415643375E-3	1.414631610E-3
9.360036929E-4	9.221991058E-4	9.250901057E-4
1.379803172E-3	1.365831122E-3	1.364733907E-3
1.068732236E-3	1.054051914E-3	1.073155203E-3
1.277145464E-3	1.282491256E-3	1.275318209E-3
1.184736262E-3	1.178035047E-3	1.183686662E-3
1.173594268E-3	1.187916961E-3	1.176591963E-3
1.208747854E-3	1.206293353E-3	1.209506765E-3
1.089467667E-3	1.083809999E-3	1.090599224E-3
1.287246938E-3	1.286623068E-3	1.295728609E-3
1.080314862E-3	1.091407612E-3	1.075608190E-3
1.306821359E-3	1.304337406E-3	1.289408188E-3
1.119867200E-3	1.134173712E-3	1.119029941E-3
1.240005484E-3	1.252414775E-3	1.252341899E-3
1.114454353E-3	1.126916031E-3	1.123266527E-3
1.186735812E-3	1.201997977E-3	1.180991181E-3
1.163761597E-3	1.161130727E-3	1.156628365E-3
1.123171533E-3	1.119294553E-3	1.119225170E-3
1.207524561E-3	1.223073807E-3	1.224642037E-3
1.121407025E-3	1.108891331E-3	1.112575759E-3
1.200941275E-3	1.202069689E-3	1.214268850E-3
1.082960400E-3	1.096099149E-3	1.114609651E-3
1.139319036E-3	1.157450955E-3	1.147261704E-3
1.093733008E-3	1.092293998E-3	1.098093810E-3
1.135235070E-3	1.125733019E-3	1.132156467E-3
1.150276046E-3	1.144664595E-3	1.149699441E-3
1.117791631E-3	1.115984982E-3	1.119487919E-3
1.169798430E-3	1.172493678E-3	1.176096150E-3
1.120026340E-3	1.113769831E-3	1.104733907E-3
1.140071545E-3	1.140674693E-3	1.133991638E-3
1.106943819E-3	1.102341572E-3	1.095928950E-3
1.142938738E-3	1.144633512E-3	1.140131615E-3
1.127556083E-3	1.126648276E-3	1.125135110E-3
1.151240082E-3	1.160438755E-3	1.136596082E-3
1.148168929E-3	1.152805751E-3	1.149309217E-3
1.117409207E-3	1.135186176E-3	1.131365541E-3
1.128937816E-3	1.134267892E-3	1.138414955E-3
1.116717467E-3	1.110730576E-3	1.106897718E-3
1.114323852E-3	1.117365318E-3	1.120138797E-3
1.099363551E-3	1.107214950E-3	1.101592439E-3
1.121966285E-3	1.120654168E-3	1.134390594E-3
1.130204415E-3	1.119875000E-3	1.120577101E-3
1.116592088E-3	1.126231160E-3	1.118065324E-3
1.112357946E-3	1.113650738E-3	1.097843633E-3
1.077560359E-3	1.065192861E-3	1.068772865E-3
1.059973729E-3	1.073202002E-3	1.054375083E-3
1.046018093E-3	1.043315511E-3	1.036126749E-3
1.048440929E-3	1.058660913E-3	1.034900430E-3
1.035485067E-3	1.046076999E-3	1.042710734E-3
1.047739992E-3	1.051314524E-3	1.052445034E-3
1.043183729E-3	1.044176868E-3	1.050188672E-3
1.032897853E-3	1.025587902E-3	1.033245469E-3
1.014236361E-3	1.021263073E-3	1.016653609E-3
9.987585945E-4	9.869730566E-4	9.980499744E-4
9.762737318E-4	9.810129413E-4	9.871638613E-4
9.831330972E-4	9.725760901E-4	9.859451093E-4
9.709876031E-4	9.620584315E-4	9.721340612E-4
9.597421158E-4	9.546740330E-4	9.535764111E-4
9.540632600E-4	9.552182164E-4	9.516582941E-4
9.404237499E-4	9.443673771E-4	9.409118793E-4
9.214915917E-4	9.206365212E-4	9.221693617E-4
9.118674789E-4	9.059681906E-4	9.144372307E-4
9.107863880E-4	9.154718718E-4	9.222460212E-4
9.083566256E-4	9.021701990E-4	9.203625959E-4
9.012598312E-4	8.979415870E-4	9.056181298E-4
9.122734773E-4	9.102249169E-4	9.028920904E-4
9.103159537E-4	9.126226651E-4	9.116909350E-4
9.002233855E-4	9.020792204E-4	8.968068287E-4
9.240506915E-4	9.204770904E-4	9.304013220E-4
9.280376835E-4	9.300762322E-4	9.336274816E-4
9.289871668E-4	9.445507894E-4	9.402153664E-4
9.652394801E-4	9.618172771E-4	9.662278462E-4
9.626578540E-4	9.743905393E-4	9.615944000E-4
9.754113853E-4	9.833456716E-4	9.780613473E-4
9.870659560E-4	9.937547147E-4	9.928935906E-4
1.013770583E-3	1.014485839E-3	1.014285488E-3
1.021336066E-3	1.021171804E-3	1.018690411E-3
1.049497747E-3	1.047615311E-3	1.035669819E-3
1.042255666E-3	1.046583871E-3	1.048506587E-3
1.066191355E-3	1.041909447E-3	1.059987582E-3
1.084736781E-3	1.070655067E-3	1.076075947E-3
1.098481822E-3	1.086991862E-3	1.092829043E-3
1.088265446E-3	1.097059110E-3	1.094264095E-3
1.107919728E-3	1.108485274E-3	1.094985986E-3
1.106410753E-3	1.108137309E-3	1.104803756E-3
1.076301676E-3	1.085024560E-3	1.074497704E-3
1.085108961E-3	1.091358368E-3	1.080768416E-3
1.063801348E-3	1.057237736E-3	1.064845244E-3
1.065718126E-3	1.062742434E-3	1.061137184E-3
1.049918239E-3	1.056633424E-3	1.034392160E-3
1.054902794E-3	1.046951045E-3	1.055716653E-3
1.030180720E-3	1.046695863E-3	1.054183114E-3
1.045879559E-3	1.043937518E-3	1.049362822E-3
1.042140066E-3	1.043346943E-3	1.041749259E-3
1.015025773E-3	1.030735904E-3	1.025596866E-3
1.052214182E-3	1.048166654E-3	1.061697723E-3
1.042566728E-3	1.044321572E-3	1.042752760E-3
1.076291665E-3	1.094290987E-3	1.086866367E-3
1.077670488E-3	1.084799180E-3	1.096798223E-3
1.104508992E-3	1.099982066E-3	1.098877401E-3
1.101932139E-3	1.100026187E-3	1.100823865E-3
1.105106203E-3	1.093700295E-3	1.086934470E-3
1.109102741E-3	1.114703249E-3	1.111330697E-3
1.094777719E-3	1.093095285E-3	1.093635103E-3
1.134088030E-3	1.131727011E-3	1.132471720E-3
1.106222626E-3	1.112395781E-3	1.099728746E-3
1.140229986E-3	1.123061404E-3	1.140375389E-3
1.104492578E-3	1.101580332E-3	1.098235138E-3
1.125240582E-3	1.120769884E-3	1.121607958E-3
1.108129742E-3	1.106486889E-3	1.107358723E-3
1.102993498E-3	1.102822251E-3	1.100787427E-3
1.112727565E-3	1.120700850E-3	1.112543163E-3
1.083013136E-3	1.073537860E-3	1.086234814E-3
1.128462609E-3	1.114129787E-3	1.124650124E-3
1.087914105E-3	1.089300727E-3	1.091188169E-3
1.128445263E-3	1.115531661E-3	1.120612840E-3
1.096860273E-3	1.099475659E-3	1.089186640E-3
1.110188779E-3	1.116183586E-3	1.106528682E-3
1.127914526E-3	1.125370734E-3	1.122550573E-3
1.113791717E-3	1.116567175E-3	1.114589977E-3
1.140103093E-3	1.149252057E-3	1.148456009E-3
1.124750939E-3	1.129378565E-3	1.141112996E-3
1.151013304E-3	1.159131061E-3	1.158506493E-3
1.127517084E-3	1.141790301E-3	1.144253765E-3
1.157037448E-3	1.162679400E-3	1.178373932E-3
1.157722203E-3	1.151004573E-3	1.163473935E-3
1.179014915E-3	1.177134225E-3	1.183885732E-3
1.192400116E-3	1.198317972E-3	1.194332726E-3
1.191973919E-3	1.201253850E-3	1.191122807E-3
1.248649904E-3	1.241322840E-3	1.235593460E-3
1.189656556E-3	1.198774669E-3	1.206069719E-3
1.231231145E-3	1.229483983E-3	1.240696758E-3
1.220773789E-3	1.221988583E-3	1.220904291E-3
1.234889030E-3	1.226721331E-3	1.226286986E-3
1.246608444E-3	1.240484416E-3	1.238837489E-3
1.247666194E-3	1.237633172E-3	1.232931856E-3
1.309398795E-3	1.288783737E-3	1.295308117E-3
1.252615359E-3	1.241541817E-3	1.245346502E-3
1.300022821E-3	1.284902450E-3	1.298588235E-3
1.282816054E-3	1.273344038E-3	1.283951104E-3
1.306608901E-3	1.289976295E-3	1.297325827E-3
1.292408328E-3	1.279898570E-3	1.278488315E-3
1.292436384E-3	1.273952657E-3	1.282993471E-3
1.352783060E-3	1.340662013E-3	1.355075510E-3
1.290924149E-3	1.273196074E-3	1.274814364E-3
1.352833351E-3	1.356818480E-3	1.359497895E-3
1.312125940E-3	1.319791423E-3	1.306289691E-3
1.380978152E-3	1.378330169E-3	1.374084619E-3
1.319451025E-3	1.317514572E-3	1.316368463E-3
1.353975968E-3	1.351951039E-3	1.354923472E-3
1.413591206E-3	1.409356017E-3	1.401088550E-3
1.347545069E-3	1.343766460E-3	1.333157648E-3
1.443953137E-3	1.449931646E-3	1.459868043E-3
1.359876827E-3	1.373007195E-3	1.349776052E-3
1.496370882E-3	1.498245983E-3	1.496976940E-3
1.359046670E-3	1.367244171E-3	1.363271498E-3
1.500313287E-3	1.487948000E-3	1.488778507E-3
1.424687565E-3	1.437456463E-3	1.434966223E-3
1.460789237E-3	1.454654266E-3	1.452625846E-3
1.475192257E-3	1.476484467E-3	1.478103688E-3
1.409191638E-3	1.393432263E-3	1.404220355E-3
1.534009003E-3	1.528195455E-3	1.533415751E-3
1.359191374E-3	1.341574593E-3	1.350249047E-3
1.522949315E-3	1.513604540E-3	1.519070240E-3
1.346887671E-3	1.344457385E-3	1.351400511E-3
1.488885726E-3	1.489226008E-3	1.488764072E-3
1.352150575E-3	1.350841485E-3	1.338809845E-3
1.400700421E-3	1.419368898E-3	1.417595777E-3
1.415936858E-3	1.415905310E-3	1.425225404E-3
1.295577036E-3	1.291137072E-3	1.303041936E-3
1.446829527E-3	1.449835836E-3	1.445327653E-3
1.255220268E-3	1.247536857E-3	1.247339998E-3
1.428777468E-3	1.426957548E-3	1.437067403E-3
1.169141731E-3	1.187839545E-3	1.180111431E-3
1.401540707E-3	1.395033672E-3	1.403622096E-3
1.192364958E-3	1.188287861E-3	1.193267060E-3
1.324232086E-3	1.305413083E-3	1.318565686E-3
1.244064770E-3	1.235191710E-3	1.249697409E-3
1.203126623E-3	1.189262606E-3	1.203779830E-3
1.319271745E-3	1.306934166E-3	1.309470623E-3
1.119591645E-3	1.116212923E-3	1.115094405E-3
1.341191470E-3	1.341461088E-3	1.341434428E-3
1.069420367E-3	1.059290720E-3	1.062138821E-3
1.334052999E-3	1.330435625E-3	1.326402649E-3
1.034232439E-3	1.038732240E-3	1.038290095E-3
1.262818580E-3	1.261434634E-3	1.263028360E-3
1.069384394E-3	1.079507405E-3	1.081693685E-3
1.193923992E-3	1.191346440E-3	1.180663938E-3
1.158871339E-3	1.153747551E-3	1.143678674E-3
1.113075647E-3	1.108224154E-3	1.099859364E-3
1.183484914E-3	1.187710790E-3	1.189346891E-3
1.019239309E-3	1.023979741E-3	1.004233840E-3
1.186637906E-3	1.190002426E-3	1.188130234E-3
9.795117658E-4	9.931899840E-4	9.723342373E-4
1.207970665E-3	1.196927275E-3	1.194286626E-3
1.018561190E-3	1.027700724E-3	1.010093605E-3
1.157214865E-3	1.166757429E-3	1.164174872E-3
1.047921483E-3	1.046725316E-3	1.047111116E-3
1.091141487E-3	1.102177775E-3	1.107144868E-3
1.076545566E-3	1.083000214E-3	1.093689585E-3
1.066309866E-3	1.063335338E-3	1.064636162E-3
1.129969023E-3	1.120810281E-3	1.121694222E-3
1.066550147E-3	1.057727379E-3	1.062653610E-3
1.174368663E-3	1.158532104E-3	1.166592934E-3
1.089962199E-3	1.082729548E-3	1.092347200E-3
1.164052170E-3	1.159301843E-3	1.186270616E-3
1.106420299E-3	1.110621612E-3	1.119965338E-3
1.159854117E-3	1.171300071E-3	1.172596589E-3
1.142873662E-3	1.144158188E-3	1.147676143E-3
1.181776519E-3	1.172073651E-3	1.175912097E-3
1.196566620E-3	1.204929082E-3	1.206863089E-3
1.209990471E-3	1.206110581E-3	1.196673140E-3
1.237624791E-3	1.245669439E-3	1.248319168E-3
1.230209135E-3	1.221939339E-3	1.219605096E-3
1.268995809E-3	1.280764001E-3	1.264955266E-3
1.247510081E-3	1.261843019E-3	1.253453549E-3
1.309432788E-3	1.298213028E-3	1.301621320E-3
1.297294162E-3	1.300125849E-3	1.286674989E-3
1.308435691E-3	1.312037231E-3	1.310898457E-3
1.315734815E-3	1.329515944E-3	1.322062919E-3
1.311200205E-3	1.324054785E-3	1.330267638E-3
1.343287295E-3	1.336478861E-3	1.333280350E-3
1.328063780E-3	1.341816154E-3	1.325128134E-3
1.369330450E-3	1.358537469E-3	1.364574535E-3
1.355769695E-3	1.353228698E-3	1.357997884E-3
1.384869567E-3	1.395062427E-3	1.380583504E-3
1.374606160E-3	1.365124714E-3	1.372656552E-3
