-8.339125634E-5	-2.082809260E-5	1.330299856E-4
5.150683864E-5	-1.640649134E-5	2.975973803E-5
-1.220722334E-4	-2.505701559E-4	-3.471727250E-4
1.654780644E-4	1.957386412E-4	1.487371774E-4
1.094199324E-4	1.239134435E-4	2.095665150E-5
2.523822768E-4	2.746873652E-4	2.904911817E-4
4.657778481E-5	7.395344437E-5	3.833743176E-5
-1.473852808E-5	7.034718408E-8	3.542416380E-5
3.993401333E-5	-6.176249735E-5	2.304013105E-5
1.282769954E-4	1.830185938E-4	1.682920847E-4
2.505479461E-5	1.861235614E-5	-2.190474879E-5
1.005367230E-4	3.431566483E-6	8.464455277E-6
-6.914894766E-5	2.748415864E-5	-1.599746429E-5
9.716016211E-5	-1.778415390E-5	4.874982196E-8
-8.624152542E-5	-2.824137300E-5	-3.955379725E-5
5.326921746E-5	9.603120270E-5	1.279264397E-4
7.350266242E-5	2.998118725E-5	1.174324188E-5
1.024578232E-3	1.087301411E-3	1.048080274E-3
-1.473210286E-4	-2.357085614E-4	-1.890801359E-4
-1.436357416E-4	-2.340171195E-4	-2.343874949E-4
7.881093188E-5	4.871313649E-5	6.265218690E-5
8.225346392E-5	8.714529395E-5	1.500109793E-4
1.421984234E-5	1.786463872E-5	2.857289655E-5
-3.823268707E-5	1.825065920E-5	-2.452439003E-5
3.374855442E-5	3.776808808E-5	5.884459097E-5
1.073687090E-4	4.271278522E-5	1.307151688E-4
-8.164767642E-4	-8.581137517E-4	-8.220055024E-4
3.787919559E-5	6.860694702E-5	4.839601752E-5
3.981210102E-5	1.967839671E-5	4.737994095E-5
-7.612521586E-6	-1.320271804E-5	-7.301965979E-6
1.570507011E-4	1.006292950E-4	1.053262822E-4
5.554519012E-4	5.885296268E-4	5.603022873E-4
-1.505413966E-4	-1.395760628E-4	-9.378901450E-5
1.236804383E-4	2.077866229E-4	1.962198148E-4
1.726459595E-4	9.465398034E-5	1.831851550E-4
-3.086553988E-5	-1.936603257E-5	-7.907662621E-6
2.403645194E-4	2.684148203E-4	2.364051034E-4
1.808094021E-5	5.895007416E-5	1.086564880E-4
9.774872160E-5	8.571074432E-5	1.023311415E-4
-1.493910531E-5	-8.358865671E-6	4.647851529E-5
1.965719130E-4	1.306167978E-4	1.909421553E-4
1.765925554E-4	1.573218178E-4	1.644042350E-4
9.144697106E-5	7.488093252E-5	9.004065214E-5
3.152596764E-4	3.071325482E-4	2.998573473E-4
8.258010348E-5	7.858825120E-5	7.268730405E-5
3.466537164E-4	3.621953365E-4	3.760822874E-4
-2.238141169E-4	-2.229871752E-4	-2.196765417E-4
3.542318009E-4	3.075214336E-4	3.458385472E-4
-2.464657337E-5	-3.205368921E-5	-1.960997179E-5
4.193243803E-4	4.454252485E-4	3.932943800E-4
3.912693355E-4	3.944044583E-4	4.231503117E-4
3.609067935E-4	3.375217202E-4	3.640155483E-4
2.342320804E-4	2.515742963E-4	2.530329220E-4
2.344128588E-4	2.569288190E-4	2.410233719E-4
3.862484591E-4	3.523408668E-4	3.344419820E-4
4.562444810E-4	4.542935058E-4	4.625478468E-4
3.740227839E-4	4.506589030E-4	4.014499136E-4
5.188323557E-4	5.075254012E-4	5.027680309E-4
3.777311067E-4	3.895912087E-4	3.963381168E-4
3.967861994E-4	3.955492575E-4	3.999299370E-4
5.506888920E-5	2.093254989E-5	1.602022166E-5
2.266889060E-4	2.111559152E-4	1.946401171E-4
4.957355559E-4	4.728031345E-4	4.486506514E-4
-4.183959027E-5	-7.449957047E-5	-5.641675671E-5
8.749618428E-4	8.476002258E-4	8.292004350E-4
-4.067932023E-4	-3.661926894E-4	-3.789044567E-4
1.004710095E-3	1.004736871E-3	1.015281887E-3
-4.860047484E-4	-5.117635592E-4	-5.109577905E-4
1.146616647E-3	1.156176324E-3	1.142329071E-3
-2.840044908E-4	-2.891664626E-4	-2.747425751E-4
8.616403211E-4	8.858206565E-4	8.751144633E-4
-1.722748857E-4	-1.776004938E-4	-1.780805032E-4
8.053014753E-4	8.232466644E-4	8.140641148E-4
1.841004268E-4	2.002626425E-4	1.819123281E-4
4.427105887E-4	4.441101337E-4	4.788817314E-4
4.507311096E-4	4.708414199E-4	4.535402986E-4
5.476779770E-4	5.192503450E-4	5.471308832E-4
4.604638962E-4	4.354001139E-4	4.348301736E-4
4.317332932E-4	4.908616538E-4	4.544077965E-4
3.514619020E-4	3.949382226E-4	3.890498483E-4
3.111582191E-4	3.162736539E-4	3.379523114E-4
4.870699777E-4	5.003623082E-4	4.876436724E-4
8.270065882E-5	9.648624109E-5	9.023283928E-5
1.095148036E-3	1.062578289E-3	1.051136409E-3
-3.482062311E-4	-3.421957954E-4	-3.580284829E-4
2.056140453E-3	2.055591205E-3	2.079134574E-3
-1.553766546E-3	-1.523665967E-3	-1.522857463E-3
2.703703474E-3	2.676352160E-3	2.701111138E-3
-2.615017584E-3	-2.592291683E-3	-2.590076299E-3
3.716310719E-3	3.712765407E-3	3.739528591E-3
-3.012811765E-3	-3.002978396E-3	-2.991922433E-3
4.131651018E-3	4.114109557E-3	4.135137890E-3
-2.843379043E-3	-2.850875026E-3	-2.838460496E-3
3.266426967E-3	3.282790538E-3	3.256910713E-3
-2.182312543E-3	-2.194908448E-3	-2.178017283E-3
2.313437173E-3	2.292769961E-3	2.294116654E-3
-1.054628752E-3	-1.093952567E-3	-1.060430193E-3
1.119894907E-3	1.124849077E-3	1.134872902E-3
-5.135275205E-5	-4.813380656E-5	-3.202553125E-5
6.150764530E-4	6.152449059E-4	5.943250144E-4
6.109500537E-4	5.966059980E-4	6.010501529E-4
5.803160020E-4	5.963636795E-4	6.045331247E-4
6.856570253E-4	6.970168906E-4	6.833888474E-4
5.050931359E-4	5.102900323E-4	5.304536317E-4
1.115484163E-3	1.114714192E-3	1.108399010E-3
-1.495320117E-3	-1.514393254E-3	-1.497576130E-3
3.739811946E-3	3.794712713E-3	3.760167863E-3
-5.792670418E-3	-5.775867961E-3	-5.789331160E-3
9.698201902E-3	9.710300714E-3	9.708793834E-3
-1.367740985E-2	-1.363043860E-2	-1.366302837E-2
1.896333881E-2	1.896784082E-2	1.897693984E-2
-2.310618013E-2	-2.310028300E-2	-2.308187820E-2
3.242895752E-2	3.244994953E-2	3.241037950E-2
-3.410215676E-2	-3.411890566E-2	-3.411234915E-2
4.490851611E-2	4.491411522E-2	4.490305483E-2
-4.116206616E-2	-4.119035974E-2	-4.117007926E-2
4.882190004E-2	4.885271192E-2	4.883128032E-2
-4.363825172E-2	-4.366007075E-2	-4.367164150E-2
4.154922068E-2	4.154267162E-2	4.154295102E-2
-3.985049948E-2	-3.986236826E-2	-3.985350206E-2
3.253876045E-2	3.256830201E-2	3.256059811E-2
-2.012022771E-2	-2.015757188E-2	-2.017899603E-2
2.600400709E-3	2.566919429E-3	2.610834781E-3
2.063326351E-2	2.064642124E-2	2.065285482E-2
-3.706805781E-2	-3.706054389E-2	-3.704245761E-2
5.624660105E-2	5.622796714E-2	5.622893199E-2
-5.571548641E-2	-5.574244261E-2	-5.574397743E-2
6.568556279E-2	6.564518064E-2	6.565733254E-2
-5.673747882E-2	-5.676059425E-2	-5.673705041E-2
6.258361042E-2	6.255323440E-2	6.251756847E-2
-5.847920477E-2	-5.847041309E-2	-5.848758295E-2
6.142039225E-2	6.139711291E-2	6.145634502E-2
-5.889352784E-2	-5.889729038E-2	-5.888745189E-2
5.745246634E-2	5.742857978E-2	5.744694546E-2
-4.811678827E-2	-4.813213274E-2	-4.811020195E-2
3.822102398E-2	3.820367903E-2	3.820979223E-2
-2.846059948E-2	-2.847225592E-2	-2.847318910E-2
1.974529959E-2	1.971185580E-2	1.973198727E-2
-1.258776989E-2	-1.257931069E-2	-1.256166585E-2
7.541299332E-3	7.546205539E-3	7.522476837E-3
-1.283132471E-3	-1.270109788E-3	-1.286760205E-3
-3.645990510E-4	-3.697517095E-4	-3.726926225E-4
4.641324747E-3	4.624105059E-3	4.634793382E-3
-3.563620383E-3	-3.554222174E-3	-3.560734447E-3
4.791860469E-3	4.772151355E-3	4.795399960E-3
-2.784755314E-3	-2.768725157E-3	-2.771746600E-3
2.975401003E-3	2.989378991E-3	2.984022023E-3
-6.460861769E-4	-6.303347182E-4	-6.461467128E-4
1.253459137E-3	1.273765462E-3	1.247855253E-3
5.905070575E-4	5.857358337E-4	5.850357702E-4
6.557573215E-4	6.591766723E-4	6.427137414E-4
4.384988861E-4	4.428286920E-4	4.424758663E-4
1.810337650E-3	1.823135419E-3	1.822956256E-3
-1.065169228E-3	-1.049486105E-3	-1.068038633E-3
3.465982620E-3	3.464446636E-3	3.478375962E-3
-2.369074617E-3	-2.388854744E-3	-2.391257323E-3
4.615719430E-3	4.601199646E-3	4.609898664E-3
-2.806205535E-3	-2.799509093E-3	-2.811747370E-3
4.353872966E-3	4.357859492E-3	4.344238434E-3
-2.017817926E-3	-2.011158271E-3	-2.014188096E-3
3.017925890E-3	3.021222772E-3	3.022287507E-3
-4.881280183E-4	-4.915884929E-4	-4.849416437E-4
1.095761429E-3	1.095565851E-3	1.092864433E-3
1.399536617E-3	1.392834936E-3	1.412046142E-3
-5.243354826E-4	-5.348215345E-4	-5.190062220E-4
2.719100565E-3	2.730228938E-3	2.733379370E-3
-1.230239053E-3	-1.232928713E-3	-1.229774905E-3
2.808921738E-3	2.798712812E-3	2.820770955E-3
-1.030431129E-3	-1.015579212E-3	-1.018967712E-3
2.452274552E-3	2.458275994E-3	2.468215069E-3
-1.851339766E-4	-1.960256195E-4	-1.926187979E-4
1.486644847E-3	1.498998259E-3	1.514426898E-3
4.657632962E-4	4.600317043E-4	4.671353672E-4
8.196263807E-4	8.186463965E-4	8.170300862E-4
8.417961653E-4	8.452985785E-4	8.368432755E-4
8.991367649E-4	8.955796366E-4	8.872562903E-4
9.204760427E-4	9.181612404E-4	9.162878850E-4
1.411632285E-3	1.399290864E-3	1.395354746E-3
4.768154758E-4	4.740544828E-4	4.806485376E-4
1.641313895E-3	1.637727255E-3	1.638447051E-3
1.192209020E-4	1.261944562E-4	1.261715661E-4
1.815253519E-3	1.800778788E-3	1.815269934E-3
2.611910168E-4	2.571102814E-4	2.707897511E-4
1.910726307E-3	1.925102668E-3	1.915359986E-3
8.809790597E-4	8.736859891E-4	8.826361154E-4
1.217222307E-3	1.200659550E-3	1.203613472E-3
1.222739927E-3	1.239142264E-3	1.217972371E-3
5.186493509E-4	5.141458823E-4	4.969700822E-4
1.906501362E-3	1.908912440E-3	1.907958300E-3
2.569597928E-5	1.327143218E-5	2.803475945E-5
2.440409269E-3	2.443902660E-3	2.434952883E-3
-2.723608486E-5	-2.663584928E-5	-3.221849329E-5
2.046412556E-3	2.044386230E-3	2.043539425E-3
2.140145225E-4	2.250623656E-4	2.266765805E-4
1.883674180E-3	1.887452789E-3	1.905789133E-3
9.158769390E-4	8.930918993E-4	9.013066883E-4
1.357455971E-3	1.359914197E-3	1.354311244E-3
1.228806796E-3	1.221155049E-3	1.231459784E-3
1.197256381E-3	1.210613060E-3	1.192928758E-3
8.861116949E-4	8.988290210E-4	8.864029660E-4
9.971321560E-4	9.704402182E-4	9.621189674E-4
1.222665422E-3	1.229240908E-3	1.230551512E-3
1.447514747E-3	1.456490019E-3	1.432846999E-3
1.091825194E-3	1.109513454E-3	1.080245245E-3
1.744083362E-3	1.752611948E-3	1.752157579E-3
1.002513338E-3	1.013381290E-3	9.912740206E-4
7.501704386E-4	7.592226029E-4	7.587272557E-4
1.051908941E-3	1.049306942E-3	1.050172956E-3
1.182636013E-3	1.176357269E-3	1.170663279E-3
1.461886801E-3	1.477057580E-3	1.465233974E-3
5.392174353E-4	5.469151074E-4	5.504776491E-4
2.303670626E-3	2.295316197E-3	2.323135268E-3
5.532493233E-4	5.453694612E-4	5.490357289E-4
1.508709160E-3	1.508745831E-3	1.512914663E-3
1.835479488E-4	2.071020281E-4	2.017137740E-4
2.347249538E-3	2.333368175E-3	2.367092064E-3
5.224264460E-4	5.151570658E-4	5.095841479E-4
1.568722306E-3	1.556479488E-3	1.579629490E-3
1.198790851E-3	1.203336520E-3	1.194334240E-3
1.555783092E-3	1.550458954E-3	1.548454748E-3
8.099752595E-4	8.006115677E-4	7.977546193E-4
1.168464543E-3	1.156446058E-3	1.150136930E-3
1.569921733E-3	1.566787949E-3	1.570626511E-3
1.268788474E-3	1.270923996E-3	1.275814488E-3
1.377767650E-3	1.376288594E-3	1.388802542E-3
1.706214389E-3	1.702068141E-3	1.716864179E-3
1.245276071E-3	1.244262210E-3	1.235114178E-3
1.492785756E-3	1.488830894E-3	1.498955069E-3
1.842243713E-3	1.847152016E-3	1.833318733E-3
1.883891644E-3	1.884970465E-3	1.889665844E-3
1.978308661E-3	1.985396957E-3	1.972832484E-3
1.435597078E-3	1.442479785E-3	1.435471000E-3
2.238073619E-3	2.248456236E-3	2.250934253E-3
1.536587602E-3	1.556414645E-3	1.543924795E-3
2.166138031E-3	2.185911639E-3	2.178867580E-3
1.838209108E-3	1.846633269E-3	1.835181378E-3
2.817654517E-3	2.820037073E-3	2.819886198E-3
1.748758717E-3	1.732064760E-3	1.741385669E-3
2.602424938E-3	2.583926311E-3	2.592902165E-3
1.516872901E-3	1.502263243E-3	1.517624361E-3
2.290770411E-3	2.285533352E-3	2.296990249E-3
1.475865720E-3	1.475054887E-3	1.476839185E-3
2.263698494E-3	2.268897602E-3	2.290459117E-3
1.898071263E-3	1.908751205E-3	1.911688829E-3
2.086724853E-3	2.083896892E-3	2.089140937E-3
1.722795540E-3	1.720866421E-3	1.732099918E-3
2.097007120E-3	2.090297872E-3	2.099625766E-3
2.171003958E-3	2.139446093E-3	2.147509018E-3
2.194521949E-3	2.169164596E-3	2.181883436E-3
2.646350302E-3	2.628040500E-3	2.639429644E-3
2.509805607E-3	2.483966760E-3	2.494955435E-3
3.053702647E-3	3.039938398E-3	3.010893241E-3
3.252316499E-3	3.239215352E-3	3.216073150E-3
3.439503955E-3	3.439214779E-3	3.436061321E-3
3.639555536E-3	3.660966875E-3	3.645746037E-3
3.512304509E-3	3.516572760E-3	3.514252603E-3
3.353315173E-3	3.382680705E-3	3.392229090E-3
2.943666885E-3	2.977147233E-3	2.991454210E-3
2.458769130E-3	2.461378928E-3	2.504897071E-3
2.246757969E-3	2.237937646E-3	2.274642000E-3
1.833470073E-3	1.817709766E-3	1.841212623E-3
1.719471882E-3	1.689485740E-3	1.680609770E-3
1.461065956E-3	1.459544874E-3	1.450716401E-3
1.339981449E-3	1.339114388E-3	1.337145921E-3
1.250674250E-3	1.254232484E-3	1.246983535E-3
1.301590120E-3	1.308192848E-3	1.294036862E-3
1.007937477E-3	1.009227708E-3	1.018479466E-3
9.077321156E-4	9.130761609E-4	9.038109565E-4
8.538104594E-4	8.687353111E-4	8.573114173E-4
8.293168503E-4	8.386597619E-4	8.290144033E-4
9.357499075E-4	9.517749422E-4	9.518890874E-4
7.387346704E-4	7.440990885E-4	7.505913964E-4
5.222865730E-4	5.229602102E-4	5.356170004E-4
6.943341577E-4	6.936935242E-4	7.194103673E-4
5.471572513E-4	5.279441248E-4	5.440057721E-4
5.542990984E-4	5.356009351E-4	5.500929547E-4
5.628152867E-4	5.521311541E-4	5.670149694E-4
4.371854593E-4	4.343653563E-4	4.410065303E-4
3.738529631E-4	4.023080110E-4	3.970682446E-4
1.251068807E-5	-2.598118044E-6	-2.061464511E-5
1.847458916E-4	1.879291522E-4	1.550177549E-4
-1.144584385E-4	-1.130880191E-4	-1.493546879E-4
2.883200250E-5	2.479344039E-5	3.607243343E-6
-8.755981980E-5	-8.651105600E-5	-9.261088417E-5
1.617285743E-4	1.814711432E-4	1.821117621E-4
3.358016256E-4	3.509786911E-4	3.691675083E-4
4.115561314E-4	3.914510016E-4	4.052941222E-4
7.604959537E-4	7.580708480E-4	7.902380312E-4
8.387973648E-4	8.544455632E-4	8.836787893E-4
8.928010357E-4	9.059169679E-4	9.250321309E-4
9.469595389E-4	1.001559081E-3	9.726469871E-4
8.219056181E-4	8.624084294E-4	8.650192758E-4
9.446209879E-4	9.610903217E-4	9.580599144E-4
7.599333767E-4	7.749028737E-4	7.705482421E-4
7.341217715E-4	7.446448435E-4	7.394686108E-4
7.376330905E-4	7.415997097E-4	7.289405330E-4
7.160545210E-4	6.880403962E-4	7.077482878E-4
7.780549931E-4	7.666906458E-4	7.644930738E-4
6.475611008E-4	6.404856103E-4	6.262314855E-4
7.458865875E-4	7.385152276E-4	7.168925949E-4
7.378465380E-4	7.218259852E-4	7.122326060E-4
9.193110745E-4	9.199006599E-4	9.107552469E-4
1.103194663E-3	1.106295967E-3	1.097985543E-3
1.090773265E-3	1.083336305E-3	1.083193580E-3
1.295067021E-3	1.295892871E-3	1.308289124E-3
1.115794876E-3	1.083904412E-3	1.111420104E-3
1.266985317E-3	1.246953732E-3	1.270306879E-3
1.408774406E-3	1.396979322E-3	1.423692331E-3
1.482881955E-3	1.478098216E-3	1.477520214E-3
1.755330828E-3	1.747450675E-3	1.769024762E-3
1.638918533E-3	1.630362938E-3	1.629581791E-3
1.856849412E-3	1.854531001E-3	1.858713222E-3
1.552965958E-3	1.548320171E-3	1.555185998E-3
1.835227245E-3	1.839648234E-3	1.843352336E-3
1.905559911E-3	1.904455479E-3	1.891334658E-3
1.855410053E-3	1.868920401E-3	1.854534377E-3
2.163385507E-3	2.167813014E-3	2.169823274E-3
1.730643329E-3	1.735204714E-3	1.715308055E-3
1.932380255E-3	1.944476156E-3	1.928452635E-3
1.856481074E-3	1.865391852E-3	1.847239793E-3
1.928958111E-3	1.911486266E-3	1.918719150E-3
2.192871878E-3	2.183317905E-3	2.181782387E-3
2.091405448E-3	2.086616121E-3	2.080814913E-3
2.214592882E-3	2.211456886E-3	2.208355814E-3
1.969364239E-3	1.973961014E-3	1.981507055E-3
1.878410927E-3	1.890348503E-3	1.876428956E-3
1.879868447E-3	1.891026855E-3	1.889234176E-3
1.944100135E-3	1.949683297E-3	1.952980761E-3
2.226658631E-3	2.225075383E-3	2.218089532E-3
1.930094324E-3	1.921518939E-3	1.927084406E-3
2.245559590E-3	2.244902775E-3	2.234943677E-3
1.909434795E-3	1.907183672E-3	1.921292976E-3
2.056148835E-3	2.065145411E-3	2.069012029E-3
2.070256509E-3	2.069739625E-3	2.079447964E-3
2.338869963E-3	2.338278573E-3	2.341851592E-3
2.580734203E-3	2.587597817E-3	2.590737073E-3
2.273142571E-3	2.276739106E-3	2.279849024E-3
2.579897642E-3	2.582675312E-3	2.589712618E-3
2.174393274E-3	2.174801193E-3	2.179468982E-3
2.130732406E-3	2.131003421E-3	2.134025563E-3
2.068344969E-3	2.076487057E-3	2.072905190E-3
2.221292583E-3	2.223128686E-3	2.218374750E-3
2.045335714E-3	2.040278632E-3	2.052428667E-3
2.205631230E-3	2.190861851E-3	2.186916769E-3
2.118007280E-3	2.103092382E-3	2.110063564E-3
2.036765683E-3	2.029541181E-3	2.041487023E-3
1.906854799E-3	1.908600098E-3	1.915958594E-3
2.089310205E-3	2.082399558E-3	2.085006563E-3
2.099695848E-3	2.097656485E-3	2.090393798E-3
2.250806196E-3	2.251775470E-3	2.248394070E-3
2.113354625E-3	2.116038464E-3	2.122454112E-3
2.369908849E-3	2.375753131E-3	2.357036807E-3
2.139813965E-3	2.145563718E-3	2.133650705E-3
2.503147582E-3	2.509940183E-3	2.503143623E-3
1.956755063E-3	1.960811205E-3	1.964762341E-3
2.582281595E-3	2.579111606E-3	2.564987866E-3
1.777782105E-3	1.772531308E-3	1.770785428E-3
2.544460353E-3	2.557186177E-3	2.551076002E-3
1.508282498E-3	1.503643231E-3	1.505504013E-3
2.623852808E-3	2.617619466E-3	2.624131506E-3
1.754815341E-3	1.744267298E-3	1.748996787E-3
2.417050069E-3	2.430417575E-3	2.424499020E-3
2.249840181E-3	2.264984185E-3	2.267098287E-3
1.869731932E-3	1.886610407E-3	1.890830463E-3
2.633161377E-3	2.629897324E-3	2.641380997E-3
1.300664037E-3	1.304855919E-3	1.321182935E-3
3.253657836E-3	3.254698589E-3	3.269047244E-3
8.378521306E-4	8.508213796E-4	8.499207906E-4
3.906523343E-3	3.902287455E-3	3.917607013E-3
1.056386172E-4	1.088179270E-4	1.124707705E-4
4.250990227E-3	4.240531940E-3	4.249792546E-3
-2.880110405E-4	-2.947945322E-4	-2.851818281E-4
4.292129073E-3	4.279761110E-3	4.285305738E-3
-1.024065641E-4	-1.015072412E-4	-1.132444013E-4
4.243270960E-3	4.234636668E-3	4.236830864E-3
6.559095345E-5	5.381013762E-5	5.639122173E-5
3.742468776E-3	3.740526736E-3	3.735725302E-3
9.243193199E-4	9.349779575E-4	9.400194394E-4
3.243820742E-3	3.260008059E-3	3.248686902E-3
1.484908746E-3	1.495690201E-3	1.479230472E-3
2.918991493E-3	2.922900254E-3	2.904981608E-3
1.766385627E-3	1.775620156E-3	1.758393249E-3
2.307204530E-3	2.294499427E-3	2.285164082E-3
2.227292629E-3	2.217836445E-3	2.221145900E-3
2.286586910E-3	2.292617923E-3	2.284526592E-3
2.566415351E-3	2.583415480E-3	2.591303783E-3
2.273830352E-3	2.281385474E-3	2.281048568E-3
2.491784282E-3	2.476085443E-3	2.488913247E-3
2.337705577E-3	2.337963320E-3	2.353077987E-3
2.600932261E-3	2.606554190E-3	2.600809559E-3
2.333641285E-3	2.332079923E-3	2.333179815E-3
2.463480690E-3	2.473490546E-3	2.472747117E-3
2.619488863E-3	2.619053470E-3	2.619894221E-3
2.644098364E-3	2.648285590E-3	2.642022911E-3
2.574766055E-3	2.594505204E-3	2.583084861E-3
2.884327434E-3	2.886952134E-3	2.891208744E-3
2.636441495E-3	2.656110097E-3	2.642811975E-3
2.816919005E-3	2.818915993E-3	2.797666937E-3
2.316868864E-3	2.319197403E-3	2.305946080E-3
2.848506672E-3	2.857297426E-3	2.850809367E-3
2.548814518E-3	2.550330013E-3	2.544036135E-3
2.996850293E-3	3.009568667E-3	2.987442305E-3
2.568498487E-3	2.570974873E-3	2.558681183E-3
2.772935200E-3	2.784829587E-3	2.775838599E-3
2.609594725E-3	2.614081604E-3	2.610828029E-3
2.579449210E-3	2.571756486E-3	2.580986358E-3
2.727539977E-3	2.735439921E-3	2.746057929E-3
2.639911603E-3	2.633915748E-3	2.661603736E-3
2.800366143E-3	2.800682327E-3	2.792675747E-3
2.858133055E-3	2.876027720E-3	2.859635279E-3
2.775219735E-3	2.769252518E-3	2.758824266E-3
3.036017064E-3	3.051511711E-3	3.048893530E-3
2.796563320E-3	2.802715870E-3	2.793813357E-3
3.020444885E-3	3.008509288E-3	3.013088601E-3
2.943226835E-3	2.932316158E-3	2.923676278E-3
3.083281219E-3	3.080763621E-3	3.077147761E-3
3.382991534E-3	3.372123465E-3	3.380911890E-3
2.780623967E-3	2.762606367E-3	2.770759165E-3
3.128488548E-3	3.123575822E-3	3.127676435E-3
3.044168931E-3	3.032111097E-3	3.033653367E-3
3.234302159E-3	3.245636355E-3	3.259423887E-3
3.358668881E-3	3.353212262E-3	3.365251934E-3
2.960749203E-3	2.957626246E-3	2.956444398E-3
3.333106870E-3	3.328601131E-3	3.330458188E-3
3.134230617E-3	3.142646980E-3	3.127600765E-3
3.441733541E-3	3.415041137E-3	3.421605797E-3
3.370932071E-3	3.361463547E-3	3.349439939E-3
3.285996616E-3	3.288985696E-3	3.292165464E-3
3.503090004E-3	3.500819439E-3	3.500397550E-3
3.264107974E-3	3.268565750E-3	3.269787878E-3
3.593726782E-3	3.614092246E-3	3.606149927E-3
3.240844468E-3	3.247050336E-3	3.248143243E-3
3.337971633E-3	3.338467795E-3	3.343052929E-3
3.586385632E-3	3.594809910E-3	3.593543079E-3
3.496211721E-3	3.488617251E-3	3.503288608E-3
3.838351229E-3	3.821758088E-3	3.828649875E-3
3.405208234E-3	3.394644707E-3	3.395608393E-3
3.629389917E-3	3.629123792E-3	3.630420426E-3
3.436094848E-3	3.444161499E-3	3.432007739E-3
3.702499904E-3	3.697425593E-3	3.706935560E-3
3.941305913E-3	3.939246293E-3	3.940155264E-3
3.563074861E-3	3.570761299E-3	3.557691351E-3
3.760012100E-3	3.753397381E-3	3.755533136E-3
3.425362287E-3	3.417658387E-3	3.435380990E-3
3.745889058E-3	3.757297760E-3	3.737846855E-3
3.743936075E-3	3.757749218E-3	3.748622956E-3
3.635745263E-3	3.632800886E-3	3.634079592E-3
3.949624952E-3	3.949083388E-3	3.933994565E-3
3.724009264E-3	3.734223312E-3	3.742224071E-3
3.984295763E-3	3.982527647E-3	3.985826392E-3
3.654748900E-3	3.659309819E-3	3.652063431E-3
3.494915087E-3	3.500289749E-3	3.495898796E-3
3.646272002E-3	3.644325072E-3	3.652605461E-3
3.594684880E-3	3.621708136E-3	3.606193699E-3
4.182499833E-3	4.198790994E-3	4.193254746E-3
4.013353959E-3	4.006914794E-3	4.018309526E-3
4.063305445E-3	4.057880491E-3	4.057297017E-3
3.928063437E-3	3.923189826E-3	3.923277836E-3
3.817125922E-3	3.804029198E-3	3.813452320E-3
4.126484040E-3	4.126640968E-3	4.131263122E-3
4.142359365E-3	4.148959648E-3	4.138103686E-3
4.272491205E-3	4.278571345E-3	4.270188976E-3
4.204263911E-3	4.216282628E-3	4.195818678E-3
4.189769272E-3	4.211619031E-3	4.185679369E-3
4.134429153E-3	4.131341353E-3	4.125399049E-3
3.903040197E-3	3.922273405E-3	3.931460436E-3
4.110517446E-3	4.105851054E-3	4.117439501E-3
4.127356224E-3	4.136623815E-3	4.128113389E-3
4.220590927E-3	4.261136986E-3	4.245235119E-3
4.532601684E-3	4.539962858E-3	4.575963132E-3
4.425841384E-3	4.425328225E-3	4.440577701E-3
4.586905241E-3	4.567089956E-3	4.595036153E-3
4.511557985E-3	4.493300803E-3	4.510509316E-3
4.646658432E-3	4.625402857E-3	4.651364405E-3
4.922905006E-3	4.909103736E-3	4.916969221E-3
4.890298937E-3	4.892401863E-3	4.885016009E-3
4.870269448E-3	4.861264955E-3	4.847606644E-3
4.718045238E-3	4.720421974E-3	4.702262115E-3
4.826702643E-3	4.836059175E-3	4.814800341E-3
5.049503874E-3	5.065576173E-3	5.053821020E-3
5.116481800E-3	5.101994146E-3	5.117192399E-3
5.318240263E-3	5.327974446E-3	5.303645972E-3
5.321166012E-3	5.325534381E-3	5.327205174E-3
5.499804392E-3	5.487705115E-3	5.496148486E-3
5.545209162E-3	5.537907127E-3	5.552925169E-3
5.424630828E-3	5.412699189E-3	5.422960501E-3
5.681033712E-3	5.700188689E-3	5.696652923E-3
5.638570525E-3	5.651142448E-3	5.655399524E-3
6.092841737E-3	6.100039929E-3	6.111039780E-3
6.189183332E-3	6.173210219E-3	6.181379315E-3
6.154958159E-3	6.144420709E-3	6.161501631E-3
6.152707618E-3	6.146424916E-3	6.160381716E-3
6.022838410E-3	6.018222310E-3	6.025508512E-3
6.345595699E-3	6.340947933E-3	6.361803040E-3
6.458706222E-3	6.462100893E-3	6.471334491E-3
6.635774858E-3	6.681271363E-3	6.649765186E-3
6.810413674E-3	6.852754392E-3	6.805647165E-3
6.907956209E-3	6.913438439E-3	6.887860596E-3
6.957269274E-3	6.935697049E-3	6.945234723E-3
7.216318510E-3	7.184979971E-3	7.193395402E-3
7.024336606E-3	7.000816520E-3	6.985968910E-3
7.400778122E-3	7.366912439E-3	7.378774229E-3
7.064539939E-3	7.073220797E-3	7.066275459E-3
7.885683328E-3	7.897906005E-3	7.889513858E-3
7.419321686E-3	7.425755262E-3	7.419998758E-3
7.942453027E-3	7.954575121E-3	7.961431518E-3
7.830618881E-3	7.864076644E-3	7.858186029E-3
8.074338548E-3	8.101318032E-3	8.081947453E-3
8.276442066E-3	8.275857195E-3	8.262430318E-3
8.041983470E-3	8.035688661E-3	8.064668626E-3
8.406870067E-3	8.393257856E-3	8.438785560E-3
8.245350793E-3	8.247702383E-3	8.264461532E-3
8.569394238E-3	8.555192500E-3	8.533487096E-3
8.844143711E-3	8.867634460E-3	8.827396668E-3
9.068387561E-3	9.070703760E-3	9.029683657E-3
1.007794496E-2	1.007702760E-2	1.002245490E-2
1.005204115E-2	1.005991269E-2	1.003375463E-2
1.120705437E-2	1.122013479E-2	1.119060628E-2
1.176016778E-2	1.178251579E-2	1.172891352E-2
1.222310960E-2	1.223803870E-2	1.222818159E-2
1.284830924E-2	1.285359170E-2	1.288263220E-2
1.287204958E-2	1.291481499E-2	1.294774655E-2
1.372490264E-2	1.376164425E-2	1.378729567E-2
1.366409846E-2	1.370065939E-2	1.372567285E-2
1.467830408E-2	1.470111962E-2	1.468829252E-2
1.499039866E-2	1.497873664E-2	1.499678381E-2
1.567377150E-2	1.568505540E-2	1.567170955E-2
1.648785546E-2	1.646099985E-2	1.649319753E-2
1.707482338E-2	1.700269245E-2	1.707899198E-2
1.769337244E-2	1.759691909E-2	1.765008457E-2
1.848355867E-2	1.838758402E-2	1.847028919E-2
1.872564666E-2	1.869564503E-2	1.875137538E-2
1.897454076E-2	1.894745231E-2	1.899999753E-2
1.845971495E-2	1.842158660E-2	1.844731905E-2
1.806358993E-2	1.807140559E-2	1.810116880E-2
1.852929778E-2	1.854892634E-2	1.855084300E-2
1.831454597E-2	1.831001602E-2	1.830332913E-2
1.966485009E-2	1.967334561E-2	1.967819594E-2
1.902547665E-2	1.899674349E-2	1.897859760E-2
2.054307796E-2	2.052173205E-2	2.040138096E-2
2.060832642E-2	2.054063044E-2	2.050473541E-2
2.053455636E-2	2.048459463E-2	2.053392120E-2
2.129023708E-2	2.126328275E-2	2.129991725E-2
2.006963268E-2	1.998285204E-2	2.008803003E-2
2.204068750E-2	2.200469561E-2	2.204504609E-2
2.114600874E-2	2.115838416E-2	2.111015096E-2
2.265907079E-2	2.277576923E-2	2.260143124E-2
2.234589867E-2	2.254293114E-2	2.225916460E-2
2.127838694E-2	2.142255753E-2	2.117662504E-2
2.091267891E-2	2.103170753E-2	2.087922022E-2
1.709227264E-2	1.721122116E-2	1.708931848E-2
1.771927811E-2	1.782866567E-2	1.770257950E-2
1.613439620E-2	1.630989462E-2	1.621037535E-2
1.551359147E-2	1.565942541E-2	1.568852179E-2
1.497684885E-2	1.503141876E-2	1.520016324E-2
1.117959805E-2	1.114333328E-2	1.135582849E-2
1.369165629E-2	1.360763330E-2	1.377496216E-2
9.691348299E-3	9.628678672E-3	9.736164473E-3
1.274692081E-2	1.273156703E-2	1.281598397E-2
8.843468502E-3	8.795632049E-3	8.912124671E-3
9.156642482E-3	9.105431847E-3	9.264366701E-3
7.502309047E-3	7.447146345E-3	7.513151970E-3
4.897152074E-3	4.841856193E-3	4.849279299E-3
5.938128103E-3	5.862834863E-3	5.871221889E-3
2.036196180E-3	1.898795483E-3	1.946811448E-3
3.843541490E-3	3.659517970E-3	3.736110637E-3
6.789838662E-4	4.784447374E-4	6.030460936E-4
7.569886511E-4	5.819201469E-4	6.703110412E-4
-5.795525503E-4	-7.092591841E-4	-6.672174204E-4
-2.426432213E-3	-2.474272391E-3	-2.485345118E-3
-1.415815437E-3	-1.386459335E-3	-1.451333868E-3
-2.816633089E-3	-2.767772414E-3	-2.870509867E-3
-1.642106683E-3	-1.571069937E-3	-1.727581955E-3
-1.642139163E-3	-1.559864730E-3	-1.697637141E-3
-3.559121862E-3	-3.443382215E-3	-3.566510743E-3
-1.295144786E-3	-1.154241269E-3	-1.285326201E-3
-5.158579443E-3	-5.093771033E-3	-5.158289336E-3
-7.626365550E-5	-4.232559604E-6	-4.120037920E-5
-4.930641968E-3	-4.850058351E-3	-4.873328377E-3
1.921751653E-3	1.994363731E-3	2.025564900E-3
-5.008660257E-3	-4.956840072E-3	-4.901255015E-3
3.471372416E-3	3.538973862E-3	3.569141729E-3
-7.553224918E-3	-7.488609292E-3	-7.467410527E-3
5.676286295E-3	5.743379705E-3	5.724902265E-3
-8.846839890E-3	-8.770128712E-3	-8.816260844E-3
7.378640585E-3	7.418292575E-3	7.358073723E-3
-6.958664395E-3	-6.958714686E-3	-7.022289559E-3
5.325820763E-3	5.292951129E-3	5.281527061E-3
-2.611307427E-3	-2.675511874E-3	-2.675144002E-3
-1.858474687E-3	-1.924483920E-3	-1.916520996E-3
5.329804961E-3	5.258306861E-3	5.275497213E-3
-1.059711259E-2	-1.066116802E-2	-1.062672585E-2
1.655110717E-2	1.653583348E-2	1.655017212E-2
-1.808321103E-2	-1.809600927E-2	-1.806886122E-2
2.305390686E-2	2.305978723E-2	2.306729741E-2
-2.027447522E-2	-2.028836869E-2	-2.025666274E-2
2.272465453E-2	2.272110246E-2	2.275602147E-2
-1.879124530E-2	-1.881000958E-2	-1.876862906E-2
2.244847454E-2	2.244269475E-2	2.249866351E-2
-1.631203108E-2	-1.631622761E-2	-1.628040150E-2
2.270642668E-2	2.271983959E-2	2.271901630E-2
-1.405026764E-2	-1.401175093E-2	-1.401538402E-2
2.015286312E-2	2.016724087E-2	2.018213086E-2
-1.029389165E-2	-1.028074324E-2	-1.028117072E-2
1.550559141E-2	1.551453955E-2	1.551734749E-2
-3.834901610E-3	-3.824637039E-3	-3.825489664E-3
1.121577434E-2	1.119159441E-2	1.121264044E-2
1.538665965E-3	1.509094727E-3	1.510507194E-3
7.344576530E-3	7.329536602E-3	7.336491253E-3
5.375443492E-3	5.381847732E-3	5.381685682E-3
4.923208151E-3	4.928118084E-3	4.908969626E-3
8.008745499E-3	7.993000560E-3	7.964511402E-3
4.571798258E-3	4.560097121E-3	4.518854897E-3
8.712962270E-3	8.708489127E-3	8.691882715E-3
4.970893729E-3	4.963829648E-3	4.944619723E-3
7.333523594E-3	7.341098972E-3	7.309726439E-3
6.281890906E-3	6.292950828E-3	6.288271397E-3
6.458879448E-3	6.456836127E-3	6.444428116E-3
8.095608093E-3	8.081144653E-3	8.079954423E-3
6.240216084E-3	6.210881285E-3	6.225924939E-3
8.446633816E-3	8.438786492E-3	8.448380977E-3
6.371187046E-3	6.376567762E-3	6.376297213E-3
6.985835731E-3	7.005760446E-3	7.012404036E-3
7.384023163E-3	7.382822223E-3	7.390921935E-3
6.754752249E-3	6.750007160E-3	6.771872751E-3
8.949684910E-3	8.963301778E-3	8.982618339E-3
6.521855947E-3	6.537948735E-3	6.566299591E-3
9.367725812E-3	9.360707365E-3	9.342171252E-3
6.806076504E-3	6.817750633E-3	6.810409483E-3
8.113564923E-3	8.095742203E-3	8.084034547E-3
7.212378550E-3	7.255103905E-3	7.200648077E-3
8.143609390E-3	8.120898157E-3	8.094907738E-3
8.467169479E-3	8.473658003E-3	8.476253599E-3
8.258214220E-3	8.240967058E-3	8.255445398E-3
8.863575757E-3	8.848297410E-3	8.859626018E-3
8.641473949E-3	8.640142158E-3	8.636582643E-3
7.934002206E-3	7.953615859E-3	7.951588370E-3
9.102037176E-3	9.119296446E-3	9.141053073E-3
8.702562191E-3	8.739261888E-3	8.727595210E-3
1.000072062E-2	1.002902165E-2	1.002609078E-2
9.252517484E-3	9.289564565E-3	9.281157516E-3
1.037352066E-2	1.040491275E-2	1.038306952E-2
1.049960963E-2	1.047362480E-2	1.048113685E-2
1.034685783E-2	1.034944784E-2	1.032502763E-2
1.150707714E-2	1.149400137E-2	1.149197761E-2
1.148954220E-2	1.150320470E-2	1.150238793E-2
1.205701102E-2	1.209197659E-2	1.208369620E-2
1.169300266E-2	1.171054319E-2	1.170192566E-2
1.215090696E-2	1.212509070E-2	1.214435324E-2
1.256280765E-2	1.251726132E-2	1.254868042E-2
1.213275455E-2	1.210894156E-2	1.213274617E-2
1.334553678E-2	1.332868636E-2	1.332905143E-2
1.341534685E-2	1.339607779E-2	1.342771761E-2
1.398661081E-2	1.398592163E-2	1.400794461E-2
1.371017750E-2	1.370473299E-2	1.372883841E-2
1.408765186E-2	1.409365237E-2	1.407718658E-2
1.474937517E-2	1.475736033E-2	1.472611446E-2
1.464190986E-2	1.462971326E-2	1.461633947E-2
1.589270867E-2	1.585853286E-2	1.584099047E-2
1.585210301E-2	1.586868986E-2	1.584509760E-2
1.643479615E-2	1.642874815E-2	1.644081995E-2
1.644497365E-2	1.643007435E-2	1.645385474E-2
1.686533913E-2	1.689157262E-2	1.688462310E-2
1.756430790E-2	1.759583876E-2	1.759427041E-2
1.746806316E-2	1.747265086E-2	1.749125496E-2
1.829663478E-2	1.828025095E-2	1.830471493E-2
1.857604459E-2	1.854171418E-2	1.859142072E-2
1.899563521E-2	1.897335052E-2	1.902118139E-2
1.951198652E-2	1.952361129E-2	1.956310682E-2
1.974539645E-2	1.973924413E-2	1.978654601E-2
2.093198523E-2	2.094622329E-2	2.093569003E-2
2.098678239E-2	2.099337801E-2	2.098084800E-2
2.206677757E-2	2.208957262E-2	2.207457274E-2
2.241926268E-2	2.240625769E-2	2.239127643E-2
2.310281619E-2	2.307045087E-2	2.307627164E-2
2.394642867E-2	2.392233908E-2	2.391698770E-2
2.465668507E-2	2.466695756E-2	2.464739978E-2
2.609661594E-2	2.609128505E-2	2.606920525E-2
2.688670158E-2	2.688393742E-2	2.683667466E-2
2.837344818E-2	2.841956168E-2	2.838819288E-2
2.945793793E-2	2.949579619E-2	2.943983488E-2
3.073193505E-2	3.077054396E-2	3.071745858E-2
3.239721432E-2	3.241573274E-2	3.241683170E-2
3.363807127E-2	3.365228325E-2	3.372029588E-2
3.568376228E-2	3.566492721E-2	3.570005298E-2
3.700122610E-2	3.697082773E-2	3.700032458E-2
3.903965652E-2	3.900305182E-2	3.904346749E-2
4.109053314E-2	4.110471159E-2	4.112941027E-2
4.395024851E-2	4.392765835E-2	4.391935468E-2
4.650895670E-2	4.652132839E-2	4.647688940E-2
4.920067638E-2	4.926382005E-2	4.916998371E-2
5.217161030E-2	5.228389055E-2	5.216427520E-2
5.448498204E-2	5.457722768E-2	5.448517576E-2
5.731759965E-2	5.736713111E-2	5.736584961E-2
5.924043059E-2	5.926174670E-2	5.921360478E-2
6.129556149E-2	6.128152832E-2	6.121960655E-2
6.177993864E-2	6.177851185E-2	6.179686263E-2
6.166764721E-2	6.165689602E-2	6.176194549E-2
5.950320512E-2	5.931044370E-2	5.947422236E-2
5.646404251E-2	5.625301227E-2	5.637079477E-2
5.132602528E-2	5.113109574E-2	5.118551105E-2
4.454848543E-2	4.445924237E-2	4.449574277E-2
3.587055951E-2	3.607295454E-2	3.600706905E-2
2.629600465E-2	2.661937661E-2	2.653249912E-2
1.607490331E-2	1.625503972E-2	1.622799970E-2
5.412184633E-3	5.389332771E-3	5.422167946E-3
-5.969707854E-3	-6.118217018E-3	-5.954699591E-3
-1.770558022E-2	-1.785859838E-2	-1.777122542E-2
-2.837014385E-2	-2.850535698E-2	-2.838903479E-2
-3.807733580E-2	-3.826744854E-2	-3.820752352E-2
-4.626011848E-2	-4.639823735E-2	-4.632800445E-2
-5.318068340E-2	-5.316172913E-2	-5.323776603E-2
-5.824270472E-2	-5.816008896E-2	-5.825721845E-2
-6.269027293E-2	-6.262489408E-2	-6.265441328E-2
-6.549203396E-2	-6.551076472E-2	-6.539756805E-2
-6.711219251E-2	-6.706438959E-2	-6.702890992E-2
-6.761222333E-2	-6.754759699E-2	-6.762444973E-2
-6.718295068E-2	-6.699185073E-2	-6.717924029E-2
-6.599514186E-2	-6.583773345E-2	-6.596915424E-2
-6.399412453E-2	-6.385122240E-2	-6.392782927E-2
-6.092984229E-2	-6.078780442E-2	-6.086437032E-2
-5.710029230E-2	-5.703847483E-2	-5.712413043E-2
-5.362596363E-2	-5.363498256E-2	-5.369748548E-2
-5.030484870E-2	-5.039497092E-2	-5.043584853E-2
-4.668436944E-2	-4.679150134E-2	-4.680628702E-2
-4.324270785E-2	-4.327150062E-2	-4.327977449E-2
-3.979475796E-2	-3.981475532E-2	-3.974977508E-2
-3.666288778E-2	-3.676008433E-2	-3.657341748E-2
-3.403405100E-2	-3.414374962E-2	-3.396200389E-2
-3.181384504E-2	-3.182635829E-2	-3.175662830E-2
-2.969964966E-2	-2.963029221E-2	-2.967809886E-2
-2.716677636E-2	-2.714210376E-2	-2.718948759E-2
-2.463096753E-2	-2.462214790E-2	-2.466332726E-2
-2.187553979E-2	-2.191428095E-2	-2.194046229E-2
-1.951681636E-2	-1.960045658E-2	-1.956854574E-2
-1.727462560E-2	-1.734566130E-2	-1.728564128E-2
-1.509137172E-2	-1.511171926E-2	-1.509627234E-2
-1.323240250E-2	-1.320608798E-2	-1.318805944E-2
-1.156154461E-2	-1.157982275E-2	-1.153067499E-2
-1.035836805E-2	-1.035880856E-2	-1.034920849E-2
-9.052413516E-3	-9.046592750E-3	-9.082670324E-3
-7.985787466E-3	-7.976797409E-3	-8.028097451E-3
-7.008309476E-3	-6.970275193E-3	-7.014802191E-3
-6.388577633E-3	-6.339917425E-3	-6.347191054E-3
-5.772876088E-3	-5.720165558E-3	-5.736838095E-3
-5.037232302E-3	-4.999659956E-3	-5.013096146E-3
-4.527395125E-3	-4.470892716E-3	-4.500579089E-3
-3.809946124E-3	-3.770824987E-3	-3.808788024E-3
-3.195063444E-3	-3.139098408E-3	-3.165524453E-3
-2.570096171E-3	-2.574314829E-3	-2.548457589E-3
-2.107231412E-3	-2.100207610E-3	-2.073186450E-3
-1.887738355E-3	-1.869604923E-3	-1.857021824E-3
-1.467055059E-3	-1.464010333E-3	-1.443924149E-3
-1.226931810E-3	-1.211766736E-3	-1.196580008E-3
-8.288669633E-4	-8.141121361E-4	-8.448523004E-4
-5.085318699E-4	-5.061827833E-4	-5.331874127E-4
-8.084170258E-5	-1.245633612E-4	-1.321621676E-4
2.245452633E-4	1.765920606E-4	1.714423706E-4
3.091407416E-4	2.538160770E-4	2.749067498E-4
6.804575096E-4	6.178167532E-4	6.080560852E-4
6.180842756E-4	5.912333727E-4	5.602077581E-4
8.150348440E-4	8.122663130E-4	7.872185670E-4
6.541144103E-4	6.522652693E-4	6.185364327E-4
7.225610316E-4	7.275596145E-4	7.007733802E-4
5.859954399E-4	6.122834748E-4	5.789161660E-4
4.577985965E-4	4.694899835E-4	4.793510016E-4
6.391835632E-4	6.369716139E-4	6.546985242E-4
5.291253328E-4	5.177916610E-4	5.534265656E-4
8.845356642E-4	8.734485600E-4	8.996943943E-4
8.399540675E-4	8.434188203E-4	8.433637558E-4
1.175008481E-3	1.148318988E-3	1.166583854E-3
1.227716100E-3	1.214890042E-3	1.220513601E-3
1.294943620E-3	1.268240623E-3	1.275957213E-3
1.716625295E-3	1.689431723E-3	1.709210337E-3
1.495741773E-3	1.474072109E-3	1.494002412E-3
2.136260271E-3	2.129185712E-3	2.145345788E-3
1.836982672E-3	1.844470855E-3	1.845210325E-3
2.551096724E-3	2.554609673E-3	2.558731474E-3
2.148630330E-3	2.175409347E-3	2.170077525E-3
2.518601250E-3	2.509468468E-3	2.522266237E-3
2.505450975E-3	2.523213858E-3	2.543634735E-3
2.595405327E-3	2.624246292E-3	2.620732645E-3
2.970983274E-3	2.964580897E-3	2.956625307E-3
2.546664793E-3	2.572830534E-3	2.557558706E-3
3.431459656E-3	3.457617015E-3	3.460890846E-3
2.689571120E-3	2.693707822E-3	2.717521507E-3
3.343542339E-3	3.351190127E-3	3.370403778E-3
3.024825128E-3	3.011072287E-3	3.032290610E-3
3.255007556E-3	3.263561754E-3	3.262571990E-3
3.502972657E-3	3.508887719E-3	3.505264875E-3
2.819105750E-3	2.816949505E-3	2.835373860E-3
4.561715759E-3	4.555522464E-3	4.566854332E-3
2.396148164E-3	2.372070681E-3	2.399784746E-3
5.153932609E-3	5.131694023E-3	5.126807373E-3
2.151435008E-3	2.159226220E-3	2.109982539E-3
5.701072514E-3	5.719481502E-3	5.674953572E-3
2.024215413E-3	2.032146789E-3	2.009883523E-3
5.549608730E-3	5.521749146E-3	5.544904619E-3
2.348250709E-3	2.358739031E-3	2.386253793E-3
5.233764648E-3	5.264319014E-3	5.271948408E-3
2.855175640E-3	2.872048644E-3	2.890694421E-3
4.299724940E-3	4.322752822E-3	4.317514598E-3
4.234042484E-3	4.243059084E-3	4.245143384E-3
3.304652171E-3	3.326865612E-3	3.314949339E-3
4.953159951E-3	4.980742931E-3	4.959848244E-3
2.660160651E-3	2.677323297E-3	2.671054564E-3
5.338767543E-3	5.333885550E-3	5.326606799E-3
2.321616979E-3	2.321770880E-3	2.327477094E-3
5.311871413E-3	5.320084281E-3	5.304115359E-3
2.523183823E-3	2.521726070E-3	2.514992608E-3
5.074298941E-3	5.032493267E-3	5.057478789E-3
2.824586118E-3	2.783817006E-3	2.796469489E-3
4.403829109E-3	4.381083418E-3	4.388162866E-3
3.176641883E-3	3.169308184E-3	3.191639669E-3
3.613955807E-3	3.596016439E-3	3.582193982E-3
3.426755778E-3	3.421084257E-3	3.442701651E-3
3.162185429E-3	3.166162642E-3	3.187554888E-3
3.478266299E-3	3.479202045E-3	3.488312708E-3
2.790202387E-3	2.808223478E-3	2.816303400E-3
3.304716665E-3	3.306437051E-3	3.328093560E-3
2.795767039E-3	2.775807632E-3	2.800668590E-3
2.978015691E-3	2.959127072E-3	2.971696202E-3
2.900425345E-3	2.868011128E-3	2.884562593E-3
2.754619811E-3	2.752084518E-3	2.750703134E-3
2.940684324E-3	2.948457608E-3	2.956202021E-3
2.551810350E-3	2.542979550E-3	2.550270874E-3
2.860880690E-3	2.845130861E-3	2.877196064E-3
2.431284636E-3	2.420823555E-3	2.414703136E-3
2.759213559E-3	2.764845034E-3	2.792015672E-3
2.477337141E-3	2.486792393E-3	2.490886720E-3
2.557544503E-3	2.584866248E-3	2.562651644E-3
2.389599336E-3	2.451410517E-3	2.408267232E-3
2.235095715E-3	2.282627625E-3	2.242876915E-3
2.344060922E-3	2.417441923E-3	2.385558328E-3
2.149295760E-3	2.199171344E-3	2.165760612E-3
2.257978544E-3	2.318557352E-3	2.287019277E-3
2.133854432E-3	2.146471292E-3	2.122150036E-3
2.153525362E-3	2.182730008E-3	2.157026436E-3
1.989020966E-3	1.999526517E-3	1.971513033E-3
1.997242449E-3	1.991875470E-3	1.952316379E-3
2.044693334E-3	2.033615950E-3	2.030463889E-3
1.981794834E-3	1.969391713E-3	1.964471769E-3
2.038341481E-3	2.031257842E-3	2.042538254E-3
2.054539276E-3	2.062313724E-3	2.044750145E-3
2.081294078E-3	2.093939576E-3	2.066485817E-3
2.096730284E-3	2.084119013E-3	2.080977196E-3
2.066801535E-3	2.060878323E-3	2.052569296E-3
2.181610325E-3	2.162555465E-3	2.175500151E-3
2.015461680E-3	2.025881317E-3	2.047796035E-3
2.260058420E-3	2.290450968E-3	2.311076038E-3
2.266851719E-3	2.257127548E-3	2.296387684E-3
2.450491535E-3	2.402001293E-3	2.457819413E-3
2.488954226E-3	2.407761756E-3	2.486453857E-3
2.692187205E-3	2.613022923E-3	2.696434502E-3
2.817332512E-3	2.721993951E-3	2.795640845E-3
2.882604022E-3	2.803817857E-3	2.877998631E-3
2.968216548E-3	2.912809839E-3	2.951326547E-3
2.975279000E-3	2.940196311E-3	2.965430962E-3
3.053366905E-3	3.047328675E-3	3.052676562E-3
3.199811792E-3	3.196977777E-3	3.194001270E-3
3.387511708E-3	3.392743412E-3	3.396117128E-3
3.483172273E-3	3.482188331E-3	3.486389760E-3
3.552187467E-3	3.570946632E-3	3.546699649E-3
3.688844852E-3	3.733869176E-3	3.653103253E-3
3.576070536E-3	3.626875347E-3	3.530249000E-3
3.633565735E-3	3.672414925E-3	3.587740008E-3
3.645129269E-3	3.643648000E-3	3.608150641E-3
3.690085141E-3	3.689490492E-3	3.692875151E-3
3.719096072E-3	3.700371832E-3	3.737422172E-3
3.761466593E-3	3.740047337E-3	3.799973754E-3
3.758333158E-3	3.772449680E-3	3.795909928E-3
3.708884586E-3	3.769810544E-3	3.776113270E-3
3.811538219E-3	3.892620327E-3	3.844465362E-3
3.783559427E-3	3.852762748E-3	3.802639432E-3
3.787417430E-3	3.812737297E-3	3.761342494E-3
3.831583308E-3	3.830757923E-3	3.800699022E-3
3.841178957E-3	3.826692002E-3	3.824179294E-3
3.840126563E-3	3.822536673E-3	3.813063959E-3
3.736073151E-3	3.734904807E-3	3.709358862E-3
3.746515140E-3	3.771756776E-3	3.730416531E-3
3.736182349E-3	3.752914025E-3	3.739591455E-3
3.678447101E-3	3.702070331E-3	3.690087469E-3
3.733197227E-3	3.739561187E-3	3.728099400E-3
3.632768523E-3	3.639318980E-3	3.660444869E-3
3.678280860E-3	3.696976230E-3	3.710183315E-3
3.698532004E-3	3.723180387E-3	3.731456352E-3
3.741056658E-3	3.748195246E-3	3.760145046E-3
3.853589296E-3	3.808267880E-3	3.854767885E-3
3.989370074E-3	3.943869378E-3	3.976326901E-3
4.089057911E-3	4.054609220E-3	4.073637072E-3
4.078948870E-3	4.043939523E-3	4.081097897E-3
4.175500013E-3	4.127543420E-3	4.185803235E-3
4.250842147E-3	4.171116278E-3	4.222820047E-3
4.363678861E-3	4.308753647E-3	4.343248904E-3
4.556645174E-3	4.513041116E-3	4.559304100E-3
4.502097610E-3	4.458677489E-3	4.515875597E-3
4.479447380E-3	4.496401176E-3	4.509446211E-3
4.500513431E-3	4.525653552E-3	4.488626495E-3
4.523301497E-3	4.579506349E-3	4.511850420E-3
4.494101275E-3	4.526866134E-3	4.504049197E-3
4.550515674E-3	4.494795110E-3	4.521771800E-3
4.624228925E-3	4.591511562E-3	4.594140220E-3
4.627663177E-3	4.624739755E-3	4.606739152E-3
4.588224459E-3	4.627019167E-3	4.631785210E-3
4.573215265E-3	4.618061706E-3	4.597232211E-3
4.670936614E-3	4.742498510E-3	4.663919564E-3
4.674552940E-3	4.716960713E-3	4.629652947E-3
4.752917681E-3	4.804767203E-3	4.702209495E-3
4.880950786E-3	4.949775524E-3	4.842465743E-3
4.942122847E-3	5.016245879E-3	4.928228911E-3
4.943379201E-3	5.025379825E-3	4.978827666E-3
4.778219853E-3	4.832573701E-3	4.800223280E-3
4.719796591E-3	4.751430359E-3	4.741461482E-3
4.660503007E-3	4.627957474E-3	4.644567613E-3
4.612376913E-3	4.549818113E-3	4.537065513E-3
4.326112103E-3	4.197614267E-3	4.253462423E-3
3.840156132E-3	3.700501751E-3	3.773160744E-3
3.197728423E-3	3.115251893E-3	3.236168064E-3
2.375350799E-3	2.309329575E-3	2.446506172E-3
1.699523535E-3	1.652198960E-3	1.747367322E-3
8.609027136E-4	8.074906073E-4	8.851693710E-4
3.697826178E-4	3.154264123E-4	3.585098311E-4
-2.471118059E-4	-3.064151970E-4	-2.598970605E-4
-7.561741513E-4	-7.831327384E-4	-7.771137170E-4
-1.442487235E-3	-1.434354461E-3	-1.445738832E-3
-2.160485601E-3	-2.101234626E-3	-2.143979538E-3
-2.744637663E-3	-2.655994147E-3	-2.728524385E-3
-3.312354209E-3	-3.235085867E-3	-3.281380050E-3
-3.612288507E-3	-3.559642006E-3	-3.581524827E-3
-4.032331519E-3	-4.001449328E-3	-4.025062546E-3
-4.208242521E-3	-4.192627966E-3	-4.201571923E-3
-4.311640747E-3	-4.312003031E-3	-4.304747097E-3
-4.361676984E-3	-4.383660387E-3	-4.378674552E-3
-4.200176336E-3	-4.206071608E-3	-4.213550128E-3
-4.142472055E-3	-4.157821648E-3	-4.153468180E-3
-3.783602035E-3	-3.780720057E-3	-3.781778039E-3
-3.782090032E-3	-3.787834663E-3	-3.784029745E-3
-3.497204278E-3	-3.507783869E-3	-3.484748071E-3
-3.551178845E-3	-3.556809155E-3	-3.539642785E-3
-3.383549396E-3	-3.357753623E-3	-3.387541976E-3
-3.303429577E-3	-3.303958802E-3	-3.318305826E-3
-3.267472377E-3	-3.241298953E-3	-3.277970944E-3
-3.091765102E-3	-3.082706593E-3	-3.104564734E-3
-3.159619868E-3	-3.163555870E-3	-3.162560752E-3
-2.874308731E-3	-2.885567723E-3	-2.891544718E-3
-2.991393441E-3	-2.979036653E-3	-3.006214043E-3
-2.676463686E-3	-2.684600186E-3	-2.713254187E-3
-2.621848136E-3	-2.622206463E-3	-2.667443594E-3
-2.468559658E-3	-2.447813284E-3	-2.472128021E-3
-2.345549641E-3	-2.329280367E-3	-2.350740135E-3
-2.423208207E-3	-2.408890752E-3	-2.426490420E-3
-2.137707779E-3	-2.134130336E-3	-2.145531122E-3
-2.274289727E-3	-2.281333320E-3	-2.284081420E-3
-1.907597878E-3	-1.946589327E-3	-1.939401031E-3
-2.008088399E-3	-2.032866236E-3	-2.006778261E-3
-1.754723839E-3	-1.787299290E-3	-1.759921550E-3
-1.683207462E-3	-1.729818759E-3	-1.698387321E-3
-1.679408946E-3	-1.702229958E-3	-1.665341784E-3
-1.379546244E-3	-1.395381289E-3	-1.344987773E-3
-1.560048317E-3	-1.565449871E-3	-1.549913315E-3
-1.179226092E-3	-1.161527121E-3	-1.152171404E-3
-1.419805805E-3	-1.399459667E-3	-1.415316015E-3
-9.858744452E-4	-9.819634724E-4	-9.742389666E-4
-1.129988465E-3	-1.112332102E-3	-1.103722258E-3
-9.832829237E-4	-9.785249131E-4	-9.698228096E-4
-8.903293638E-4	-8.682990447E-4	-8.662431501E-4
-9.393839282E-4	-9.370061453E-4	-9.391913190E-4
-6.096978323E-4	-6.107594236E-4	-6.067447830E-4
-8.454711642E-4	-8.505826700E-4	-8.499097894E-4
-4.254516389E-4	-4.094498872E-4	-4.225368903E-4
-6.478974246E-4	-6.251223967E-4	-6.532119005E-4
-2.913142962E-4	-2.760168863E-4	-2.900550899E-4
-2.984387102E-4	-2.897317754E-4	-3.126580268E-4
-2.327405091E-4	-2.199449227E-4	-2.212203544E-4
7.908215048E-5	7.133164763E-5	7.604598068E-5
-1.409988909E-4	-1.667234174E-4	-1.260221761E-4
3.649791179E-4	3.455394763E-4	3.526760265E-4
-1.906317266E-5	-2.643900916E-5	-3.204084715E-5
5.572319496E-4	5.309539847E-4	5.231354735E-4
2.055179066E-4	1.961409725E-4	1.988235745E-4
5.145565374E-4	5.258553429E-4	5.063641001E-4
5.457775551E-4	5.573487724E-4	5.629344378E-4
4.302534508E-4	4.375722783E-4	4.232556385E-4
9.031665977E-4	8.879175875E-4	8.845272241E-4
4.435036390E-4	4.336546408E-4	4.216001544E-4
1.136591309E-3	1.142748748E-3	1.139619970E-3
5.490551121E-4	5.390119040E-4	5.430728197E-4
1.211266383E-3	1.216435572E-3	1.216157572E-3
8.185703191E-4	8.308614488E-4	8.153717499E-4
1.105346717E-3	1.113803824E-3	1.096587512E-3
1.291964669E-3	1.305807498E-3	1.284694416E-3
8.727138629E-4	8.597901324E-4	8.652379620E-4
1.682209317E-3	1.664093812E-3	1.655827276E-3
7.987510180E-4	8.098497638E-4	7.791093085E-4
1.985877752E-3	1.985947136E-3	1.993428916E-3
9.387349710E-4	9.292402538E-4	9.293985204E-4
1.992411679E-3	2.000849461E-3	1.995369559E-3
1.314264257E-3	1.324021840E-3	1.313095214E-3
1.728897681E-3	1.736274571E-3	1.741504413E-3
1.949633122E-3	1.951445709E-3	1.948787016E-3
1.312190783E-3	1.312928507E-3	1.305431710E-3
2.551685786E-3	2.568515250E-3	2.558220411E-3
8.874424384E-4	8.904464194E-4	8.968785405E-4
3.104432486E-3	3.111599246E-3	3.114255611E-3
6.079041632E-4	6.101375911E-4	6.157595199E-4
3.420076566E-3	3.423709190E-3	3.424789291E-3
6.133464631E-4	6.199646741E-4	6.126394728E-4
3.491507145E-3	3.492169548E-3	3.493508091E-3
8.638067520E-4	8.648668299E-4	8.683369961E-4
3.227112349E-3	3.211928532E-3	3.224816406E-3
1.328137121E-3	1.304178964E-3	1.327145263E-3
2.826590789E-3	2.827116987E-3	2.812515479E-3
1.875947113E-3	1.859610202E-3	1.862698700E-3
2.419116674E-3	2.426012885E-3	2.424866427E-3
2.221968956E-3	2.217536326E-3	2.230502432E-3
2.162438119E-3	2.182230819E-3	2.166023245E-3
2.352049109E-3	2.367743524E-3	2.351204632E-3
2.083309926E-3	2.081030048E-3	2.073051641E-3
2.359609818E-3	2.347884700E-3	2.356399084E-3
2.097633667E-3	2.093048999E-3	2.088477137E-3
2.288799733E-3	2.282391302E-3	2.277222928E-3
2.203515964E-3	2.201719210E-3	2.195245121E-3
2.157667885E-3	2.144288737E-3	2.161445096E-3
2.239274792E-3	2.248456236E-3	2.255889587E-3
2.082857303E-3	2.089946764E-3	2.097401302E-3
2.252720762E-3	2.256457927E-3	2.264292445E-3
2.108586486E-3	2.106807195E-3	2.094683936E-3
2.195216483E-3	2.211287851E-3	2.210514620E-3
2.107232111E-3	2.122350270E-3	2.108296845E-3
2.154545626E-3	2.150109038E-3	2.157289302E-3
2.178667113E-3	2.177117625E-3	2.181832446E-3
2.130632056E-3	2.107884968E-3	2.111854963E-3
2.178757451E-3	2.173485002E-3	2.185999183E-3
2.075186931E-3	2.079350874E-3	2.062725835E-3
2.145406324E-3	2.137138508E-3	2.139882185E-3
2.088758163E-3	2.083005616E-3	2.078444930E-3
2.096387791E-3	2.108706627E-3	2.112027491E-3
2.085801447E-3	2.066747984E-3	2.097612014E-3
2.072784817E-3	2.063567983E-3	2.068078844E-3
2.147243125E-3	2.163082128E-3	2.152541885E-3
2.106389729E-3	2.101947321E-3	2.109136665E-3
2.181980759E-3	2.170290332E-3	2.181578195E-3
2.150533255E-3	2.163310302E-3	2.154400805E-3
2.236705739E-3	2.232623985E-3	2.214420587E-3
2.238702727E-3	2.235273365E-3	2.231884981E-3
2.254422987E-3	2.251646947E-3	2.253814135E-3
2.304328373E-3	2.294143895E-3	2.291807672E-3
2.299423097E-3	2.304499969E-3	2.287712181E-3
2.341656713E-3	2.336636186E-3	2.344921697E-3
2.302819164E-3	2.292108024E-3	2.302821726E-3
2.361008897E-3	2.348386217E-3	2.360574203E-3
2.354406286E-3	2.339336323E-3	2.342395950E-3
2.368505346E-3	2.376985969E-3	2.373857191E-3
2.431381494E-3	2.426620806E-3	2.427652478E-3
2.444084268E-3	2.444722690E-3	2.439209726E-3
2.466925886E-3	2.462813864E-3	2.462095348E-3
2.436763141E-3	2.440894023E-3	2.438619267E-3
2.475376939E-3	2.490371000E-3	2.488538157E-3
2.470109612E-3	2.472335007E-3	2.471900079E-3
2.522367518E-3	2.525225282E-3	2.531939652E-3
2.553554950E-3	2.542972565E-3	2.547066193E-3
2.554974519E-3	2.544817748E-3	2.560704481E-3
2.600036096E-3	2.599041210E-3	2.626392292E-3
2.577378647E-3	2.579130931E-3	2.586529590E-3
2.611859469E-3	2.606682712E-3	2.624029294E-3
2.612572396E-3	2.594443504E-3	2.621341497E-3
2.717477735E-3	2.711084438E-3	2.712238347E-3
2.730087610E-3	2.697187476E-3	2.700382145E-3
2.712741261E-3	2.713219495E-3	2.703037579E-3
2.712122630E-3	2.699628472E-3	2.712759422E-3
2.707563806E-3	2.717331750E-3	2.701089252E-3
2.725140890E-3	2.731759567E-3	2.714930801E-3
2.723429352E-3	2.710267203E-3	2.709077671E-3
2.774704946E-3	2.770416671E-3	2.770762891E-3
2.779854229E-3	2.771713771E-3	2.774933586E-3
2.776497742E-3	2.760509960E-3	2.758444520E-3
2.708462067E-3	2.705777762E-3	2.696318086E-3
2.698419383E-3	2.700919518E-3	2.705286024E-3
2.624547575E-3	2.631915500E-3	2.635714365E-3
2.579290885E-3	2.590032294E-3	2.568828873E-3
2.612246433E-3	2.610020805E-3	2.606961876E-3
2.631406067E-3	2.638925565E-3	2.626853529E-3
2.540816553E-3	2.553775441E-3	2.556766151E-3
2.538890811E-3	2.526892815E-3	2.522983123E-3
2.580490662E-3	2.581102541E-3	2.582242480E-3
2.524916083E-3	2.517661080E-3	2.496271161E-3
2.492582891E-3	2.500268631E-3	2.466446487E-3
2.521158895E-3	2.506786725E-3	2.503624186E-3
2.564417897E-3	2.559764544E-3	2.564592985E-3
2.504369477E-3	2.502608346E-3	2.498203889E-3
2.498443006E-3	2.490779851E-3	2.485745121E-3
2.540660324E-3	2.521412680E-3	2.523035742E-3
2.486702753E-3	2.485092496E-3	2.492081607E-3
2.426240128E-3	2.427947009E-3	2.440569922E-3
2.482799813E-3	2.494823420E-3	2.515547210E-3
2.551777754E-3	2.560101217E-3	2.570428653E-3
2.496396424E-3	2.477770206E-3	2.504595090E-3
2.505283337E-3	2.511305735E-3	2.519809641E-3
2.517283894E-3	2.528575482E-3	2.540724352E-3
2.499992028E-3	2.502822084E-3	2.522014081E-3
2.401029225E-3	2.407032065E-3	2.402952639E-3
2.460255055E-3	2.456417773E-3	2.461826662E-3
2.449602354E-3	2.459744690E-3	2.465826925E-3
2.446750645E-3	2.451066393E-3	2.442097059E-3
2.448613290E-3	2.430564025E-3	2.432523761E-3
2.448285464E-3	2.445572522E-3	2.441837685E-3
2.420437057E-3	2.407849999E-3	2.426867373E-3
2.283198060E-3	2.287905198E-3	2.276294399E-3
2.354563214E-3	2.329516690E-3	2.344242763E-3
2.305164700E-3	2.302704612E-3	2.307735849E-3
2.328235656E-3	2.311579185E-3	2.306783572E-3
2.207755810E-3	2.220331458E-3	2.204304561E-3
2.242546529E-3	2.254988067E-3	2.250027610E-3
2.191073261E-3	2.188434126E-3	2.194326604E-3
2.166852355E-3	2.145837294E-3	2.130100038E-3
2.167647006E-3	2.172568813E-3	2.160014352E-3
2.135799266E-3	2.125030383E-3	2.133960836E-3
2.172521548E-3	2.168295207E-3	2.151585883E-3
2.022517147E-3	2.013273304E-3	2.002426190E-3
2.063771477E-3	2.047280781E-3	2.035650657E-3
1.910489867E-3	1.893885899E-3	1.902067685E-3
1.939811511E-3	1.929549500E-3	1.919967704E-3
1.850331202E-3	1.835056930E-3	1.852905727E-3
1.853617840E-3	1.852866379E-3	1.862214063E-3
1.849551336E-3	1.847411739E-3	1.862448524E-3
1.784920576E-3	1.781775616E-3	1.790909679E-3
1.776691061E-3	1.782109146E-3	1.828238950E-3
1.613784581E-3	1.618251670E-3	1.636586036E-3
1.678986708E-3	1.681911992E-3	1.690985635E-3
1.485019107E-3	1.490948722E-3	1.510699280E-3
1.611687359E-3	1.584019396E-3	1.635002205E-3
1.560669392E-3	1.561735291E-3	1.571300323E-3
1.605397440E-3	1.592581393E-3	1.597425435E-3
1.628045924E-3	1.604490913E-3	1.614153851E-3
1.529851812E-3	1.512946910E-3	1.512190676E-3
1.598712872E-3	1.617236296E-3	1.611029962E-3
1.502267551E-3	1.489683171E-3	1.508027432E-3
1.671228674E-3	1.667299191E-3	1.666026656E-3
1.523529529E-3	1.505878055E-3	1.504136017E-3
1.575426548E-3	1.579351723E-3	1.567211351E-3
1.506361645E-3	1.517151017E-3	1.511982409E-3
1.500224695E-3	1.503135078E-3	1.487599337E-3
1.541417441E-3	1.565162325E-3	1.557328040E-3
1.400514855E-3	1.427338342E-3	1.399129746E-3
1.579335425E-3	1.603687298E-3	1.593265799E-3
1.352378284E-3	1.368079800E-3	1.367983990E-3
1.525929430E-3	1.533103175E-3	1.531096641E-3
1.361589064E-3	1.382195158E-3	1.366529963E-3
1.413732534E-3	1.436138991E-3	1.422997331E-3
1.370812766E-3	1.365290023E-3	1.357882400E-3
1.272403169E-3	1.267892076E-3	1.261561527E-3
1.396561507E-3	1.375207561E-3	1.378244371E-3
1.171757700E-3	1.129626762E-3	1.130735152E-3
1.384510542E-3	1.377547393E-3	1.367978170E-3
1.063147327E-3	1.035648864E-3	1.044626813E-3
1.282970770E-3	1.277924166E-3	1.254816656E-3
1.093550585E-3	1.066491590E-3	1.083762269E-3
1.198280836E-3	1.200378174E-3	1.207274501E-3
1.174389618E-3	1.171696582E-3	1.176077756E-3
9.749474120E-4	9.857786354E-4	9.871033253E-4
1.239794423E-3	1.239072299E-3	1.225104672E-3
8.294528234E-4	8.549822960E-4	8.336532046E-4
1.255312935E-3	1.271960093E-3	1.256734249E-3
7.692895015E-4	7.817249862E-4	7.760708104E-4
1.166461851E-3	1.190393115E-3	1.165194437E-3
8.142844308E-4	8.176153642E-4	8.194734110E-4
8.808078128E-4	8.960402920E-4	8.942927816E-4
8.387897396E-4	8.362011868E-4	8.363421657E-4
4.872748686E-4	5.087562022E-4	4.993752227E-4
8.504174766E-4	8.737005410E-4	8.750499692E-4
1.703304588E-4	1.850249682E-4	1.907542173E-4
7.513930323E-4	7.595452480E-4	7.508171257E-4
-3.379494501E-6	6.007638831E-8	7.814452374E-7
5.301336641E-4	5.255619762E-4	5.253318814E-4
-9.904737090E-5	-1.012806024E-4	-1.062627052E-4
9.304402192E-5	8.270330727E-5	1.000262637E-4
-8.472613990E-5	-1.004037113E-4	-9.146668890E-5
-3.473091347E-4	-3.398201952E-4	-3.491305979E-4
5.183025860E-5	5.244404019E-5	6.358270912E-5
-6.517355796E-4	-6.424576859E-4	-6.446835469E-4
2.084555308E-4	1.905328972E-4	1.906697871E-4
-8.597862907E-4	-8.889604942E-4	-8.924761787E-4
8.509608597E-5	6.767657032E-5	5.923261779E-5
-9.500234737E-4	-9.600616759E-4	-9.639360942E-4
-1.708484051E-4	-1.820516918E-4	-1.750141673E-4
-7.292708033E-4	-7.469803095E-4	-7.441029302E-4
-4.723519087E-4	-4.739819560E-4	-4.651685304E-4
-4.097691854E-4	-4.194712383E-4	-4.035207385E-4
-7.608098676E-4	-7.659164257E-4	-7.496451726E-4
-1.669612247E-4	-1.740641746E-4	-1.541393140E-4
-1.029170933E-3	-1.033601351E-3	-1.020239433E-3
-6.550380931E-5	-7.318345160E-5	-5.856035932E-5
-1.115834457E-3	-1.123758499E-3	-1.090963720E-3
-1.440041524E-4	-1.529141737E-4	-1.242206927E-4
-9.232435259E-4	-9.423703887E-4	-9.097903967E-4
-2.893654164E-4	-2.878475934E-4	-2.798599016E-4
-7.029903936E-4	-6.807487807E-4	-6.926518981E-4
-4.678242840E-4	-4.460839846E-4	-4.524469259E-4
-4.728885833E-4	-4.500660580E-4	-4.673821095E-4
-6.704237894E-4	-6.738502998E-4	-6.737232325E-4
-2.784199314E-4	-2.929768525E-4	-2.817658824E-4
-7.875032607E-4	-7.908610860E-4	-8.082776912E-4
-2.171998494E-4	-2.117443364E-4	-2.428125445E-4
-7.422415656E-4	-7.316569681E-4	-7.401942275E-4
-2.877095831E-4	-3.037572606E-4	-3.096506989E-4
-5.652759573E-4	-5.807807320E-4	-5.844477564E-4
-3.601100761E-4	-3.758549283E-4	-3.651467268E-4
-4.012277641E-4	-4.040789208E-4	-3.943816992E-4
-4.712396476E-4	-4.765313934E-4	-4.745097540E-4
-2.260667243E-4	-2.223286137E-4	-2.102238359E-4
-4.518646456E-4	-4.416205920E-4	-4.511272709E-4
-1.494237949E-4	-1.503674721E-4	-1.469132985E-4
-3.899760777E-4	-3.992102284E-4	-3.854695242E-4
-1.485088869E-4	-1.448569819E-4	-1.475276658E-4
-3.144988150E-4	-3.215286997E-4	-3.143235808E-4
-2.132344234E-4	-2.180323791E-4	-2.260973997E-4
-2.669635869E-4	-2.969643683E-4	-2.654691343E-4
-3.094226122E-4	-3.297029471E-4	-3.051720851E-4
-2.927644236E-4	-3.112011473E-4	-3.084796481E-4
-4.685572057E-4	-4.824104835E-4	-4.861866473E-4
-3.837610420E-4	-3.911742242E-4	-3.785362642E-4
-5.394103937E-4	-5.490628537E-4	-5.504576256E-4
-4.567322321E-4	-4.671353672E-4	-4.666243913E-4
-6.446469924E-4	-6.272118771E-4	-6.359605468E-4
-6.205374375E-4	-5.997648113E-4	-6.045424961E-4
-6.627383409E-4	-6.531092804E-4	-6.548569654E-4
-7.196242805E-4	-7.012480637E-4	-7.087641861E-4
-6.306667929E-4	-6.204746314E-4	-6.331778131E-4
-7.228641771E-4	-7.057016483E-4	-7.089885767E-4
-6.865333416E-4	-6.635772297E-4	-6.654277095E-4
-8.074212237E-4	-8.020908572E-4	-8.019127417E-4
-8.206507773E-4	-8.174405084E-4	-8.052738267E-4
-8.952936623E-4	-8.879857487E-4	-8.924396825E-4
-9.417011752E-4	-9.463659371E-4	-9.541322361E-4
-9.954221314E-4	-9.966101497E-4	-9.775146609E-4
-1.095106825E-3	-1.071935869E-3	-1.080829301E-3
-1.124542789E-3	-1.107569435E-3	-1.117252978E-3
-1.237318618E-3	-1.233771094E-3	-1.224333071E-3
-1.317120157E-3	-1.303435653E-3	-1.285401871E-3
-1.431346056E-3	-1.409823424E-3	-1.428261865E-3
-1.505754888E-3	-1.491426374E-3	-1.505442895E-3
-1.610579318E-3	-1.594589092E-3	-1.588555169E-3
-1.669726684E-3	-1.666678814E-3	-1.673342660E-3
-1.712657744E-3	-1.734652091E-3	-1.731327735E-3
-1.788727357E-3	-1.815082040E-3	-1.789309899E-3
-1.884994213E-3	-1.891662600E-3	-1.879120828E-3
-1.967332792E-3	-1.968398225E-3	-1.971466700E-3
-2.047099639E-3	-2.055400982E-3	-2.057544887E-3
-2.158677438E-3	-2.169023734E-3	-2.174791880E-3
-2.216954948E-3	-2.228886122E-3	-2.222408308E-3
-2.274285071E-3	-2.287855372E-3	-2.282458823E-3
-2.328048926E-3	-2.326676156E-3	-2.304675989E-3
-2.390073845E-3	-2.396474360E-3	-2.395195886E-3
-2.458856907E-3	-2.453038469E-3	-2.454207046E-3
-2.502718940E-3	-2.507578582E-3	-2.504601842E-3
-2.643444808E-3	-2.621937776E-3	-2.638983773E-3
-2.700600307E-3	-2.699349308E-3	-2.705119085E-3
-2.784634707E-3	-2.763218246E-3	-2.780282637E-3
-2.802544506E-3	-2.798076719E-3	-2.813993720E-3
-2.822119044E-3	-2.822334412E-3	-2.854074119E-3
-2.912097145E-3	-2.904614666E-3	-2.929557813E-3
-2.952045994E-3	-2.969782567E-3	-2.984818304E-3
-3.019455355E-3	-3.026270773E-3	-3.031371394E-3
-3.056508023E-3	-3.053930588E-3	-3.056863556E-3
-3.101946786E-3	-3.118910827E-3	-3.108099336E-3
-3.161136061E-3	-3.167347750E-3	-3.158075269E-3
-3.165237373E-3	-3.169465577E-3	-3.157510655E-3
-3.230601083E-3	-3.222774249E-3	-3.220189596E-3
-3.215307835E-3	-3.238033270E-3	-3.207824891E-3
-3.254516516E-3	-3.282264341E-3	-3.254196141E-3
-3.323372919E-3	-3.339572810E-3	-3.319007810E-3
-3.355499823E-3	-3.370335791E-3	-3.333925735E-3
-3.435356542E-3	-3.454262158E-3	-3.417581087E-3
-3.450933844E-3	-3.475330304E-3	-3.448092612E-3
-3.486149944E-3	-3.500750754E-3	-3.477768740E-3
-3.497010330E-3	-3.505128901E-3	-3.508378519E-3
-3.465021262E-3	-3.466272959E-3	-3.451168770E-3
-3.494404955E-3	-3.486298723E-3	-3.493476193E-3
-3.518888960E-3	-3.509347327E-3	-3.515224671E-3
-3.533198265E-3	-3.522166517E-3	-3.522118321E-3
-3.495121608E-3	-3.494264325E-3	-3.490432631E-3
-3.424132941E-3	-3.422455397E-3	-3.413690953E-3
-3.378879046E-3	-3.376029432E-3	-3.381191753E-3
-3.303026082E-3	-3.297407180E-3	-3.304695245E-3
-3.238485428E-3	-3.244092688E-3	-3.236904508E-3
-3.210532712E-3	-3.220448270E-3	-3.220642684E-3
-3.161047120E-3	-3.160510678E-3	-3.162451088E-3
-3.159968881E-3	-3.168256721E-3	-3.185783746E-3
-3.101634793E-3	-3.107545665E-3	-3.129621269E-3
-3.084992524E-3	-3.094882704E-3	-3.126831260E-3
-3.055385547E-3	-3.051933367E-3	-3.068239661E-3
-2.984286519E-3	-2.974336501E-3	-2.985851606E-3
-3.005071776E-3	-2.996016992E-3	-3.004470840E-3
-3.012545872E-3	-2.984091872E-3	-2.996763680E-3
-3.036475740E-3	-3.037622664E-3	-3.035530448E-3
-3.085910808E-3	-3.062285017E-3	-3.079277696E-3
-3.109859768E-3	-3.090600483E-3	-3.106045071E-3
-3.116968321E-3	-3.085204167E-3	-3.103675088E-3
-3.091795836E-3	-3.070167964E-3	-3.081858391E-3
-3.114005784E-3	-3.111069323E-3	-3.098504851E-3
-3.096837318E-3	-3.104713280E-3	-3.077107482E-3
-3.069357714E-3	-3.083286341E-3	-3.068189602E-3
-3.065280616E-3	-3.073629458E-3	-3.066328820E-3
-3.033778863E-3	-3.060619812E-3	-3.025522688E-3
-3.017513780E-3	-3.035128582E-3	-2.999073826E-3
-2.975255251E-3	-2.990155714E-3	-2.960288199E-3
-2.902202308E-3	-2.915280638E-3	-2.889704658E-3
-2.868361305E-3	-2.885383554E-3	-2.865213435E-3
-2.823816147E-3	-2.826190088E-3	-2.820120892E-3
-2.771109575E-3	-2.783981618E-3	-2.767979633E-3
-2.698033350E-3	-2.700393088E-3	-2.700859914E-3
-2.574035898E-3	-2.567188116E-3	-2.577484120E-3
-2.498246497E-3	-2.496500034E-3	-2.504765289E-3
-2.431057859E-3	-2.428586595E-3	-2.432082780E-3
-2.371615497E-3	-2.360826358E-3	-2.383650979E-3
-2.276418265E-3	-2.277567284E-3	-2.305589849E-3
-2.161031123E-3	-2.163686324E-3	-2.168600913E-3
-2.068075817E-3	-2.088194946E-3	-2.092408715E-3
-1.927097444E-3	-1.924635959E-3	-1.947579905E-3
-1.862339210E-3	-1.849029330E-3	-1.867954154E-3
-1.715218183E-3	-1.700853929E-3	-1.710143173E-3
-1.620827010E-3	-1.610616804E-3	-1.618646202E-3
-1.517988276E-3	-1.512246323E-3	-1.507302979E-3
-1.397171989E-3	-1.384470845E-3	-1.380697475E-3
-1.270651468E-3	-1.265234314E-3	-1.272273366E-3
-1.131344005E-3	-1.117959036E-3	-1.121063484E-3
-1.039130380E-3	-1.037222566E-3	-1.038830960E-3
-9.430033970E-4	-9.427627665E-4	-9.395712987E-4
-8.728731773E-4	-8.870987804E-4	-8.697698941E-4
-7.764152833E-4	-7.797500584E-4	-7.630288019E-4
-7.013274590E-4	-7.141710375E-4	-7.052284782E-4
-6.688538706E-4	-6.929656374E-4	-6.667925045E-4
-5.790202413E-4	-6.115349825E-4	-5.848173168E-4
-5.566843320E-4	-5.840824451E-4	-5.600360455E-4
-5.112049985E-4	-5.328072002E-4	-5.062726559E-4
-4.864557413E-4	-4.962210078E-4	-4.862856877E-4
-4.531377635E-4	-4.471986322E-4	-4.377450969E-4
-3.801108687E-4	-3.865174076E-4	-3.919314477E-4
-3.232807503E-4	-3.368207254E-4	-3.372645588E-4
-2.785291290E-4	-2.672042174E-4	-2.770460560E-4
-2.547243785E-4	-2.365956898E-4	-2.558828855E-4
-1.711437799E-4	-1.677586260E-4	-1.603168203E-4
-1.452126598E-4	-1.388646924E-4	-1.374455023E-4
-8.710391558E-5	-6.734451745E-5	-7.899330376E-5
-1.931858242E-5	1.132890429E-5	-1.367165396E-6
7.843512140E-5	9.769226017E-5	7.029240805E-5
1.488134731E-4	1.666078751E-4	1.672298822E-4
1.839517645E-4	1.999047236E-4	1.954485051E-4
2.686417138E-4	2.663506602E-4	2.577696287E-4
2.479472023E-4	2.439469681E-4	2.318446204E-4
3.033661342E-4	3.007356427E-4	2.946382156E-4
3.244328545E-4	3.163801157E-4	3.237121564E-4
3.221025399E-4	3.184596135E-4	3.350085171E-4
3.950456739E-4	3.812384384E-4	3.957087174E-4
3.448746284E-4	3.346792364E-4	3.436342813E-4
4.215675872E-4	4.121079110E-4	4.085430410E-4
2.630563686E-4	2.515422821E-4	2.648042864E-4
3.978083842E-4	3.949764941E-4	3.943581833E-4
2.225559292E-4	2.189542283E-4	2.188608050E-4
3.279351513E-4	3.312614863E-4	3.458084830E-4
2.795630135E-4	2.781643125E-4	2.722659556E-4
2.851936733E-4	2.903251734E-4	2.855184139E-4
3.471204545E-4	3.293895861E-4	3.289619344E-4
1.924648095E-4	1.778719306E-4	1.880911295E-4
3.952659899E-4	3.963643976E-4	4.021262575E-4
4.204126162E-5	3.898184514E-5	2.557948028E-5
4.521385126E-4	4.555266059E-4	4.535411717E-4
-1.232032355E-5	-7.460691904E-6	-1.228273959E-5
4.741313169E-4	4.825826036E-4	4.851534904E-4
3.925547935E-5	5.148443961E-5	4.689444177E-5
4.102671810E-4	4.325354821E-4	4.225091252E-4
6.606999523E-5	8.489925676E-5	8.001735841E-5
2.831411257E-4	2.847205906E-4	2.798316418E-4
1.366706420E-4	1.246573374E-4	1.327263453E-4
1.700619468E-4	1.730721415E-4	1.778410806E-4
2.745352976E-4	2.661879407E-4	2.749876294E-4
8.062166307E-5	8.301490016E-5	7.254714728E-5
3.780957777E-4	3.780575062E-4	3.896242997E-4
1.987868245E-6	1.061612875E-5	1.085514123E-5
3.678755602E-4	3.508479276E-4	3.576049930E-4
2.531966493E-5	2.932567440E-5	2.275547740E-5
3.085005155E-4	3.153760917E-4	3.133394639E-4
8.234717825E-5	8.732451533E-5	8.710177644E-5
2.635548299E-4	2.684942156E-4	2.745623642E-4
1.644894219E-4	1.379295572E-4	1.434338628E-4
1.973862090E-4	2.016860235E-4	1.945037948E-4
2.027073933E-4	2.092703071E-4	2.045340807E-4
1.002609279E-4	8.802868979E-5	9.133484855E-5
2.307366085E-4	2.333897282E-4	2.415059425E-4
1.122401882E-4	1.149102391E-4	1.256388059E-4
2.683528000E-4	2.699971956E-4	2.652056864E-4
1.811553666E-4	1.735520200E-4	1.776155405E-4
2.803503012E-4	2.891307522E-4	2.840094385E-4
1.920230861E-4	2.013337798E-4	1.922365336E-4
2.286075905E-4	2.211635874E-4	2.360089420E-4
2.443417616E-4	2.581073495E-4	2.492854546E-4
1.868159598E-4	1.904881647E-4	1.831069094E-4
2.843993134E-4	2.780626819E-4	2.843678230E-4
2.191480307E-4	2.268814424E-4	2.219190937E-4
2.718161850E-4	2.857170475E-4	2.795695618E-4
2.366819972E-4	2.386270353E-4	2.354548487E-4
2.734662266E-4	2.834981133E-4	2.824290423E-4
2.394898329E-4	2.528771874E-4	2.457290830E-4
2.402139653E-4	2.435125352E-4	2.501953277E-4
2.693391871E-4	2.684986102E-4	2.593275858E-4
2.528494806E-4	2.452924382E-4	2.430291934E-4
2.916568192E-4	3.007130581E-4	3.002886369E-4
2.740126802E-4	2.742917859E-4	2.651064133E-4
2.983980230E-4	2.922693384E-4	2.900516265E-4
2.807144483E-4	2.694939321E-4	2.731131390E-4
2.883257403E-4	2.975789830E-4	2.890113101E-4
2.758234623E-4	2.727523970E-4	2.777694026E-4
2.935391676E-4	2.978356788E-4	3.015825932E-4
3.015359980E-4	3.207096306E-4	3.199257480E-4
2.997038246E-4	2.945013985E-4	3.061056777E-4
3.414155217E-4	3.292103938E-4	3.398667322E-4
3.265509440E-4	3.358245594E-4	3.387171018E-4
3.780265106E-4	3.688755678E-4	3.700663510E-4
3.529353708E-4	3.587469109E-4	3.612948931E-4
3.751068434E-4	3.638367925E-4	3.651576117E-4
3.582337522E-4	3.632317239E-4	3.633750021E-4
3.579542099E-4	3.666214179E-4	3.725957940E-4
3.699007793E-4	3.838258272E-4	3.768982424E-4
3.549788671E-4	3.560713085E-4	3.600505879E-4
3.633956076E-4	3.697856155E-4	3.600637428E-4
3.666107077E-4	3.646434925E-4	3.673020692E-4
3.713140613E-4	3.715947096E-4	3.613749286E-4
3.687239659E-4	3.866066691E-4	3.750233445E-4
3.707474098E-4	3.733159101E-4	3.740583779E-4
3.676528577E-4	3.774033976E-4	3.710905730E-4
3.639393835E-4	3.661513911E-4	3.673749452E-4
3.681118542E-4	3.593934234E-4	3.557536111E-4
3.662431263E-4	3.575131996E-4	3.612083383E-4
3.308662854E-4	3.411112120E-4	3.423219896E-4
3.264156403E-4	3.356320085E-4	3.233992611E-4
3.363158612E-4	3.368318139E-4	3.353740613E-4
3.081424511E-4	3.134909784E-4	3.204263630E-4
2.985601895E-4	3.061369935E-4	3.054276167E-4
3.081399191E-4	2.940828272E-4	2.911972115E-4
2.807372948E-4	2.701439080E-4	2.850599703E-4
2.369991271E-4	2.460061223E-4	2.446653671E-4
2.368876740E-4	2.421162208E-4	2.296082821E-4
2.189377556E-4	2.128326450E-4	2.044974099E-4
2.123196609E-4	1.965866250E-4	2.079892001E-4
1.940658985E-4	1.991282916E-4	2.021059190E-4
1.899881754E-4	1.935903565E-4	1.926266705E-4
1.719117863E-4	1.772764517E-4	1.778088335E-4
1.710562065E-4	1.767214708E-4	1.737733255E-4
1.681730355E-4	1.773048425E-4	1.683166483E-4
1.716991683E-4	1.645343727E-4	1.707524498E-4
1.734459511E-4	1.782138133E-4	1.653385843E-4
1.843644131E-4	1.792484836E-4	1.816115255E-4
1.926639525E-4	2.033812925E-4	1.967033168E-4
2.115177340E-4	1.970181474E-4	1.969028817E-4
2.107898763E-4	2.102202707E-4	2.244628704E-4
2.092008945E-4	2.057932870E-4	2.023149282E-4
2.358500642E-4	2.316463942E-4	2.338636114E-4
2.405898267E-4	2.393409522E-4	2.384342806E-4
2.571343794E-4	2.675873402E-4	2.587331401E-4
2.747151884E-4	2.673910640E-4	2.730269625E-4
2.879224776E-4	2.894554636E-4	2.916549565E-4
2.842893591E-4	2.838344371E-4	2.919399703E-4
2.818364883E-4	2.819460060E-4	2.848590957E-4
3.054160043E-4	2.884999849E-4	2.870901662E-4
2.655027783E-4	2.588957723E-4	2.588385832E-4
2.752718865E-4	2.812109306E-4	2.843468974E-4
2.605216287E-4	2.584928297E-4	2.569578937E-4
2.595153928E-4	2.718673786E-4	2.643662738E-4
2.538356057E-4	2.318224579E-4	2.438228257E-4
2.448568703E-4	2.451491018E-4	2.435486094E-4
2.229753445E-4	2.232618717E-4	2.179248841E-4
2.121874422E-4	2.244800125E-4	2.137473493E-4
2.384931577E-4	2.383534884E-4	2.526736644E-4
2.320044441E-4	2.284760558E-4	2.265531366E-4
2.561022702E-4	2.672777628E-4	2.760119387E-4
2.440007374E-4	2.416529314E-4	2.336007747E-4
2.757316397E-4	2.714349539E-4	2.745674865E-4
2.553242957E-4	2.528812911E-4	2.567685151E-4
2.658236772E-4	2.747834951E-4	2.587504860E-4
2.551795042E-4	2.601348388E-4	2.664583153E-4
2.720245684E-4	2.684260835E-4	2.742800862E-4
2.939642873E-4	2.956876415E-4	2.873359481E-4
2.713093709E-4	2.634497068E-4	2.593260724E-4
3.059309092E-4	3.112916020E-4	3.189927374E-4
2.634674020E-4	2.637031139E-4	2.717831812E-4
3.150138073E-4	3.042556345E-4	3.053566907E-4
2.750564890E-4	2.632730466E-4	2.637657744E-4
2.734252485E-4	2.745290112E-4	2.732397988E-4
2.693058923E-4	2.801743685E-4	2.626950154E-4
2.716779127E-4	2.595660626E-4	2.643008775E-4
2.824741532E-4	2.810489968E-4	2.815540938E-4
2.562599257E-4	2.406346903E-4	2.415339404E-4
2.847340074E-4	2.867584117E-4	2.765700920E-4
2.417000651E-4	2.355282923E-4	2.322117361E-4
2.463788551E-4	2.515905362E-4	2.425510320E-4
2.347691188E-4	2.386548440E-4	2.311906283E-4
2.370752918E-4	2.384485852E-4	2.328401461E-4
2.628703951E-4	2.506044111E-4	2.613739343E-4
2.177350252E-4	2.266873198E-4	2.228273661E-4
2.503811265E-4	2.595936530E-4	2.561660658E-4
2.283462964E-4	2.160782024E-4	2.264518407E-4
2.530505590E-4	2.458746603E-4	2.338990598E-4
2.206593927E-4	2.153464447E-4	2.201057941E-4
2.397571661E-4	2.452874323E-4	2.416347852E-4
2.601628948E-4	2.663661726E-4	2.665889333E-4
2.450903703E-4	2.544418094E-4	2.559438290E-4
2.716663003E-4	2.904380672E-4	2.824648982E-4
2.460389805E-4	2.530361817E-4	2.481696138E-4
2.729338012E-4	2.749675186E-4	2.588586358E-4
2.367982961E-4	2.371881565E-4	2.463473065E-4
2.675869328E-4	2.720673219E-4	2.797157795E-4
2.762066433E-4	2.795868786E-4	2.802826639E-4
2.620951855E-4	2.639006998E-4	2.737130853E-4
3.037013812E-4	3.018040443E-4	2.968817716E-4
2.765041718E-4	2.631240059E-4	2.673068084E-4
3.236635530E-4	3.339537652E-4	3.195798781E-4
2.530693891E-4	2.566591720E-4	2.568675263E-4
3.144191287E-4	3.215658653E-4	3.229073191E-4
3.207850677E-4	3.110759426E-4	3.031134256E-4
3.008398344E-4	2.941589628E-4	2.961820574E-4
3.296229406E-4	3.340736730E-4	3.337757662E-4
2.921670384E-4	2.932797652E-4	2.933791257E-4
3.717906075E-4	3.649986465E-4	3.579405311E-4
2.651070536E-4	2.531993377E-4	2.514032531E-4
3.852320369E-4	3.847480111E-4	3.864596365E-4
3.180783533E-4	3.109395038E-4	3.246530832E-4
3.878839489E-4	3.898446739E-4	3.871460794E-4
3.698369255E-4	3.761924745E-4	3.782816930E-4
3.763623536E-4	3.814030206E-4	3.817446122E-4
4.351321841E-4	4.425027873E-4	4.356473219E-4
3.457377607E-4	3.467822680E-4	3.477275313E-4
4.974633339E-4	5.040577962E-4	5.019811797E-4
4.054280871E-4	3.919094743E-4	3.906951461E-4
5.692678387E-4	5.692191189E-4	5.716174492E-4
4.484350211E-4	4.465205711E-4	4.443264042E-4
6.016713451E-4	5.903481506E-4	5.972714862E-4
5.366132245E-4	5.461993860E-4	5.492639611E-4
5.418479559E-4	5.393504980E-4	5.506749731E-4
6.246786797E-4	6.211671862E-4	6.244201795E-4
5.437472137E-4	5.375109613E-4	5.413717590E-4
6.994081778E-4	7.042490761E-4	6.933789118E-4
5.190031952E-4	5.179222208E-4	5.253358977E-4
7.668327307E-4	7.639300893E-4	7.761853631E-4
5.691951956E-4	5.755156162E-4	5.638012080E-4
7.305396721E-4	7.308366476E-4	7.414604188E-4
6.123376661E-4	6.212405860E-4	6.201080396E-4
6.773617351E-4	6.756664370E-4	6.780517288E-4
7.053115987E-4	7.140325033E-4	7.168370648E-4
6.157519529E-4	6.114512798E-4	6.191146676E-4
7.941006916E-4	7.869133842E-4	7.972022868E-4
5.682501360E-4	5.690601538E-4	5.668247468E-4
8.282296476E-4	8.258759626E-4	8.317395113E-4
5.445851129E-4	5.489285686E-4	5.547137116E-4
7.982077659E-4	7.997674984E-4	8.034115308E-4
5.867178552E-4	5.795605248E-4	5.894381320E-4
7.324931794E-4	7.253452786E-4	7.323463215E-4
6.508363294E-4	6.502986071E-4	6.566398661E-4
6.620157510E-4	6.690198206E-4	6.590694538E-4
7.338209543E-4	7.380874013E-4	7.261936553E-4
5.895656650E-4	5.751787103E-4	5.698789610E-4
7.870880654E-4	7.717616390E-4	7.772392128E-4
5.204311456E-4	5.128776538E-4	5.082071293E-4
7.837390294E-4	7.756286068E-4	7.700177957E-4
5.256768782E-4	5.112524959E-4	5.303424550E-4
7.527134148E-4	7.541271625E-4	7.501019281E-4
5.388585851E-4	5.530144554E-4	5.479395622E-4
6.648714771E-4	6.448550848E-4	6.650775322E-4
5.661765463E-4	5.768042756E-4	5.586858606E-4
5.724742077E-4	5.672942498E-4	5.646755453E-4
6.280249218E-4	6.192036672E-4	6.093085976E-4
5.214250996E-4	5.122763105E-4	5.177324056E-4
6.210926222E-4	6.417362601E-4	6.284094416E-4
4.690526112E-4	4.603250127E-4	4.775768321E-4
5.875054048E-4	5.885803839E-4	5.869638990E-4
4.474760208E-4	4.491471918E-4	4.365875502E-4
5.275571602E-4	5.356234615E-4	5.371746374E-4
4.368090886E-4	4.464710364E-4	4.416105512E-4
4.925032263E-4	4.905474489E-4	4.788633087E-4
4.632492492E-4	4.598374362E-4	4.716741096E-4
4.449927947E-4	4.425981024E-4	4.374836280E-4
4.651574418E-4	4.666015448E-4	4.598191881E-4
3.906679922E-4	4.006382951E-4	3.912215470E-4
4.448992258E-4	4.366801295E-4	4.396946169E-4
3.834414820E-4	3.806716122E-4	3.761012340E-4
4.250000056E-4	4.192902998E-4	4.181495751E-4
3.835608077E-4	3.839837445E-4	3.702861140E-4
4.150348541E-4	4.216778907E-4	4.156514769E-4
3.808025795E-4	3.912031534E-4	3.917870927E-4
3.919473675E-4	3.922678297E-4	3.877808049E-4
3.933931293E-4	3.905276244E-4	3.795777448E-4
3.764227149E-4	3.876178234E-4	3.779056133E-4
4.092734889E-4	4.051086144E-4	4.257925611E-4
4.015920567E-4	3.969863756E-4	3.955787979E-4
4.407269880E-4	4.320277367E-4	4.341477761E-4
4.159824748E-4	4.129923182E-4	4.239434493E-4
4.483857483E-4	4.421233898E-4	4.414735304E-4
4.202143464E-4	4.254039668E-4	4.303332826E-4
4.286915937E-4	4.472902219E-4	4.526460834E-4
4.391151015E-4	4.321704328E-4	4.329567018E-4
4.459049087E-4	4.525540862E-4	4.582945257E-4
4.510534927E-4	4.584466806E-4	4.713530943E-4
