2.999631882E+1
2.971851349E+1
2.943509483E+1
2.914443588E+1
2.885237312E+1
2.856929970E+1
2.828521729E+1
2.797512817E+1
2.766855240E+1
2.738333130E+1
2.698497391E+1
2.680108833E+1
2.641665077E+1
2.612192726E+1
2.582690811E+1
2.550546455E+1
2.529726410E+1
2.489472389E+1
2.462839699E+1
2.440546417E+1
2.409628105E+1
2.380286217E+1
2.335700417E+1
2.312328148E+1
2.280220985E+1
2.251109123E+1
2.224050713E+1
2.191527176E+1
2.165520668E+1
2.136634827E+1
2.105708694E+1
2.078654480E+1
2.046937180E+1
2.016309929E+1
1.986153603E+1
1.957024002E+1
1.926387596E+1
1.897956085E+1
1.865897179E+1
1.833898926E+1
1.805141640E+1
1.776568985E+1
1.745191383E+1
1.718412018E+1
1.677907562E+1
1.649850655E+1
1.628253365E+1
1.598116398E+1
1.567433929E+1
1.529031754E+1
1.510383511E+1
1.470280457E+1
1.449542427E+1
1.418226433E+1
1.386576939E+1
1.359909630E+1
1.326438427E+1
1.293591690E+1
1.268035507E+1
1.235533524E+1
1.206100273E+1
1.174440098E+1
1.144802952E+1
1.115485573E+1
1.085039616E+1
1.057451153E+1
1.030369949E+1
9.966445923E+0
9.699507713E+0
9.367628098E+0
9.059405327E+0
8.786390305E+0
8.467169762E+0
8.173862457E+0
7.890405178E+0
7.540295601E+0
7.233011246E+0
6.945529938E+0
6.608391762E+0
6.316979408E+0
6.010610580E+0
5.720362663E+0
5.426328659E+0
5.130870819E+0
4.823528290E+0
4.525695801E+0
4.255371094E+0
3.929998636E+0
3.622765541E+0
3.308761597E+0
3.026878357E+0
2.697336435E+0
2.433460712E+0
2.092270851E+0
1.808968782E+0
1.496023893E+0
1.200168848E+0
9.717411995E-1
6.801127791E-1
3.968894780E-1
8.747915179E-2
-2.212509811E-1
-4.886960983E-1
-8.356963992E-1
-1.236748338E+0
-1.445901394E+0
-1.738445520E+0
-2.053415775E+0
-2.374290228E+0
-2.675674438E+0
-2.959002256E+0
-3.263601065E+0
-3.596048832E+0
-3.870628119E+0
-4.175865650E+0
-4.403605938E+0
-4.705137253E+0
-5.019385338E+0
-5.321761131E+0
-5.604577541E+0
-5.938343525E+0
-6.205890179E+0
-6.550395966E+0
-6.853332996E+0
-7.151057720E+0
-7.436098576E+0
-7.796515465E+0
-8.078113556E+0
-8.386307716E+0
-8.691421509E+0
-8.988944054E+0
-9.314038277E+0
-9.519747734E+0
-9.820481300E+0
-1.011627197E+1
-1.041708374E+1
-1.074781036E+1
-1.108856869E+1
-1.138108730E+1
-1.169759369E+1
-1.197815418E+1
-1.231221008E+1
-1.248298740E+1
-1.292937374E+1
-1.308354759E+1
-1.343852234E+1
-1.373090649E+1
-1.403967762E+1
-1.433882618E+1
-1.466444016E+1
-1.493301678E+1
-1.526495075E+1
-1.559285831E+1
-1.585512352E+1
-1.616625214E+1
-1.646622086E+1
-1.677271271E+1
-1.706656075E+1
-1.738993835E+1
-1.769663239E+1
-1.800482368E+1
-1.819937897E+1
-1.862055397E+1
-1.878825951E+1
-1.910567856E+1
-1.952510452E+1
-1.969606018E+1
-2.000674248E+1
-2.040660095E+1
-2.070685768E+1
-2.088733673E+1
-2.118928909E+1
-2.151762390E+1
-2.182658386E+1
-2.213066673E+1
-2.244833565E+1
-2.271023941E+1
-2.304195976E+1
-2.334454155E+1
-2.365305328E+1
-2.394318581E+1
-2.428502083E+1
-2.454067802E+1
-2.487793350E+1
-2.517182350E+1
-2.547812271E+1
-2.578171921E+1
-2.606127357E+1
-2.637434196E+1
-2.669283295E+1
-2.688459396E+1
-2.719784737E+1
-2.760310364E+1
-2.778639603E+1
-2.811716270E+1
-2.846325874E+1
-2.876114273E+1
-2.906134415E+1
-2.934612083E+1
-2.971187210E+1
-2.997404289E+1
