5.366482545695361033e-09
6.263885466528175990e-09
7.024013125990638313e-09
7.588892293204093934e-09
7.920032012906740029e-09
8.002795181694408499e-09
7.848751189485089932e-09
7.495745372704675611e-09
7.005612152221473388e-09
6.459660326189958976e-09
5.952254234385234759e-09
5.582986814402163432e-09
5.448074897480482400e-09
5.631691519393302071e-09
6.197975893771319307e-09
7.184426196064865462e-09
8.597284433612128987e-09
1.040937316138905092e-08
1.256065179442917411e-08
1.496154084506926103e-08
1.749883305397528836e-08
2.004378945071984291e-08
2.246182451187515529e-08
2.462303508036695862e-08
2.641273555767491648e-08
2.774113534723193870e-08
2.855133839967172249e-08
2.882495813982785636e-08
2.858481526420734222e-08
2.789440755735415003e-08
2.685409499252920312e-08
2.559421063491256567e-08
2.426556486276988671e-08
2.302803589940477010e-08
2.203811649501146327e-08
2.143639891376090780e-08
2.133601538683663970e-08
2.181300415750183532e-08
2.289944522172172491e-08
2.458001125562946387e-08
2.679232601056883439e-08
2.943121863089020054e-08
3.235665716429155238e-08
3.540483453831486725e-08
3.840160563011727093e-08
4.117726427583826137e-08
4.358149150499523234e-08
4.549726051339736696e-08
4.685252667959237141e-08
4.762864959033198910e-08
4.786473514190306936e-08
4.765737127357027787e-08
4.715557807657447174e-08
4.655118151668050835e-08
4.606517032336415538e-08
4.593095616850861741e-08
4.637574061637755858e-08
4.760137303024625647e-08
4.976620523293408654e-08
5.296942085762745429e-08
5.723918609012253240e-08
6.252574542859622447e-08
6.870022325773542477e-08
7.555950436130980192e-08
8.283712063295566765e-08
9.021957412896373058e-08
9.736712339375338737e-08
1.039376565808034479e-07
1.096119752617822203e-07
1.141186708775523236e-07
1.172566661928637592e-07
1.189136344064966678e-07
1.190787480430972774e-07
1.178485027844893633e-07
1.154248969522843443e-07
1.121057393577265421e-07
1.082674293367065620e-07
1.043411661204789764e-07
1.007839894089711023e-07
9.804655443986938554e-08
9.653985701138666421e-08
9.660323429812635826e-08
9.847604242019538448e-08
1.022752017861945499e-07
1.079804686020227464e-07
1.154288567942095122e-07
1.243189661625328894e-07
1.342253561277444205e-07
1.446224111146849175e-07
1.549163751101860620e-07
1.644837008922770824e-07
1.727132967888267567e-07
1.790498878594432957e-07
1.830355773064090330e-07
1.843466983079896162e-07
1.828231337495405946e-07
1.784880450957326242e-07
1.715560498996262256e-07
1.624290976637484502e-07
1.516797862923041717e-07
1.400227218603282440e-07
1.282756263602354593e-07
1.173122015151329731e-07
1.080097970098035367e-07
1.011950830622712522e-07
9.759119506673888675e-08
9.776995300164893118e-08
1.021123518953383735e-07
1.107800667192819736e-07
1.237001795252394297e-07
1.405643862798601733e-07
1.608429765873528407e-07
1.838131558553910839e-07
2.085999364448780436e-07
2.342273664408446248e-07
2.596769057072354559e-07
2.839491223541385886e-07
3.061250864510728551e-07
3.254230466976563013e-07
3.412469850786136409e-07
3.532236423907373693e-07
3.612252329316949771e-07
3.653765100340459063e-07
3.660453479546389354e-07
3.638170290647778577e-07
3.594540887684707064e-07
3.538439733558989021e-07
3.479375768162838768e-07
3.426831168928778869e-07
3.389590114344480937e-07
3.375107078129946435e-07
3.388954891790901268e-07
3.434388373942620468e-07
3.512059525232448752e-07
3.619899568511563302e-07
3.753183972411663310e-07
3.904777832088292941e-07
4.065547032154604701e-07
4.224916014875977495e-07
4.371537294597942010e-07
4.494029393578762456e-07
4.581742134999629595e-07
4.625498949869732278e-07
4.618265557833041443e-07
4.555708767670422762e-07
4.436599212454654050e-07
4.263037301084113005e-07
4.040481777176998302e-07
3.777572653353699842e-07
3.485762528771052357e-07
3.178767134897467468e-07
2.871872085922994379e-07
2.581132207440676822e-07
2.322508420659448126e-07
2.110996398027169429e-07
1.959796368473357765e-07
1.879572685711168479e-07
1.877850326833909404e-07
1.958583502123375858e-07
2.121921889498715008e-07
2.364192727233653445e-07
2.678097002952175951e-07
3.053112576430677106e-07
3.476080502115111092e-07
3.931938294206859628e-07
4.404562955979563660e-07
4.877667662276009832e-07
5.335705369323625350e-07
5.764724372915549599e-07
6.153121203433260476e-07
6.492252543665011904e-07
6.776866942343950869e-07
7.005325368154178408e-07
7.179604754450261679e-07
7.305079662144717348e-07
7.390088266151071481e-07
7.445320106016247344e-07
7.483045228488909034e-07
7.516242631503101874e-07
7.557674117054398252e-07
7.618953101646536695e-07
7.709678257273346708e-07
7.836668839218899583e-07
8.003363790691684184e-07
8.209419172203531431e-07
8.450527769373420894e-07
8.718488484569324711e-07
9.001524102578996462e-07
9.284830747180642339e-07
9.551346452423699731e-07
9.782696732172063686e-07
9.960261688200159069e-07
1.006632639040430311e-06
1.008523034128647869e-06
1.000446962246001112e-06
9.815680266591677168e-07
9.515435137919167193e-07
9.105821001272070766e-07
8.594731318457144692e-07
7.995865023650213231e-07
7.328409039748657134e-07
6.616406017115086786e-07
5.887830620503194204e-07
5.173413135948129497e-07
4.505257344200452614e-07
3.915321009643799988e-07
3.433833634339471732e-07
3.087737452275252894e-07
2.899228847546295648e-07
2.884495437416577096e-07
3.052717762810955765e-07
3.405405528083468297e-07
3.936122855722239792e-07
4.630628248384542957e-07
5.467451087092177598e-07
6.418885788020602781e-07
7.452370901523781041e-07
8.532192136322849656e-07
9.621436373549771843e-07
1.068407786875796583e-06
1.168710849454619520e-06
1.260257147855374009e-06
1.340937957503037293e-06
1.409480982193071692e-06
1.465553592938587466e-06
1.509815137353814653e-06
1.543908918287724921e-06
1.570391569023060944e-06
1.592601369885465793e-06
1.614465696085899975e-06
1.640260284469023235e-06
1.674327829513000473e-06
1.720771519475642061e-06
1.783141845905799868e-06
1.864131215051535725e-06
1.965301184748251657e-06
2.086857257568078041e-06
2.227490331908452186e-06
2.384298954173874688e-06
2.552805696109591510e-06
2.727068335828324659e-06
2.899894190099447453e-06
3.063147078028096762e-06
3.208137548058628741e-06
3.326082258049516726e-06
3.408602686876447085e-06
3.448246965153392881e-06
3.438997766827082535e-06
3.376738307034696528e-06
3.259644706386779658e-06
3.088479352049531744e-06
2.866752577426875855e-06
2.600744746173301503e-06
2.299369118446794586e-06
1.973875638449643413e-06
1.637403660255614982e-06
1.304394782050380545e-06
9.898985111462743729e-07
7.087996767650889518e-07
4.750111454875165766e-07
3.006785221963848553e-07
1.954447567622728773e-07
1.658256515843349133e-07
2.147407185513656280e-07
3.412397433697301705e-07
5.404558949487591077e-07
8.038036485358675948e-07
1.119427547895654658e-06
1.472891254399785309e-06
1.848081390381939625e-06
2.228284653497984682e-06
2.597385096406017241e-06
2.941109285012601525e-06
3.248250207063410788e-06
3.511784456586509259e-06
3.729803095358865159e-06
3.906183324857232113e-06
4.050925404456824220e-06
4.180114775511999154e-06
4.315467467446296001e-06
4.483451751588623876e-06
4.713999226899606208e-06
5.038850808550038220e-06
5.489593268379709266e-06
6.095492766454073754e-06
6.881226609207588013e-06
7.864644970230226436e-06
9.054707889162999659e-06
1.044972017949422903e-05
1.203602380082889329e-05
1.378725158484715305e-05
1.566424579691353815e-05
1.761572449352977800e-05
1.957969081076366144e-05
2.148562356782699067e-05
2.325735873339036572e-05
2.481657055743104103e-05
2.608672910275446955e-05
2.699728919019250329e-05
2.748797219870044312e-05
2.751284129104091105e-05
2.704394122571099977e-05
2.607424487699842050e-05
2.461969941945973270e-05
2.272010599843446216e-05
2.043876608311592639e-05
1.786073433510214760e-05
1.508967957602157748e-05
1.224342267535503782e-05
9.448255651910831450e-06
6.832326565457498922e-06
4.518362625042234824e-06
2.616138321599762665e-06
1.215138073534814868e-06
3.779131188537932315e-07
1.346520181536602398e-07
4.794939897275427822e-07
1.369077370453802153e-06
2.723768062083661922e-06
4.431930952874735498e-06
6.357491535290811831e-06
8.350914221206157421e-06
1.026356144400532083e-05
1.196523491990481791e-05
1.336453763937647265e-05
1.443148062350283723e-05
1.522165446225665148e-05
1.590106925321146798e-05
1.677067024989039614e-05
1.828944329339522726e-05
2.109490707643100433e-05
2.601986154269771728e-05
3.410419658626043091e-05
4.660069592037139989e-05
6.497386791468858023e-05
9.089108076862477414e-05
1.262053006342394017e-04
1.729293001221356911e-04
2.332011949477021519e-04
3.092415975299293743e-04
4.033032762138030075e-04
5.176135783461862554e-04
6.543117158750640658e-04
8.153818229124778572e-04
1.002583790291610181e-03
1.217383612002789425e-03
1.460886484548676355e-03
1.733772102139139555e-03
2.036237869679934608e-03
2.367949580116885788e-03
2.728002084362590469e-03
3.114894097648270108e-03
3.526512365718587668e-03
3.960134429346324689e-03
4.412444752073725954e-03
4.879566040541777512e-03
5.357109787440215987e-03
5.840234105376190116e-03
6.323722536186044720e-03
6.802071372679349866e-03
7.269586678862233545e-03
7.720494854340126042e-03
8.149047209783181686e-03
8.549638110882811642e-03
8.916917192927449956e-03
9.245899247465185627e-03
9.532066295679516091e-03
9.771468089495157980e-03
9.960796128328635105e-03
1.009745868845502575e-02
1.017963286365038307e-02
1.020629943343497742e-02
1.017726781472283459e-02
1.009316658633255606e-02
9.955431813304565017e-03
9.766269699038706426e-03
9.528604286646917554e-03
9.246008704998870051e-03
8.922630629113361203e-03
8.563092274726345418e-03
8.172396877191233019e-03
7.755822177166788074e-03
7.318811477931711287e-03
6.866870487243940252e-03
6.405455205453495365e-03
5.939876915544156297e-03
5.475208794724550562e-03
5.016202580314772785e-03
4.567220491429358452e-03
4.132171678122892496e-03
3.714470337790918598e-03
3.317003577137901064e-03
2.942113628701834623e-03
2.591595988873849048e-03
2.266705661552688867e-03
1.968180084510245519e-03
1.696270021204022201e-03
1.450779865632932869e-03
1.231114934079829710e-03
1.036335083640500983e-03
8.652098147714406672e-04
7.162771194727336537e-04
5.879011749120271850e-04
4.783284979591911662e-04
3.857413587153802541e-04
3.083060666785832266e-04
2.442167602130997811e-04
1.917327200848468528e-04
1.492092561935556014e-04
1.151218437436712011e-04
8.808364145674906279e-05
6.685635169644475165e-05
5.035525183050836592e-05
3.764868328429847491e-05
2.795284308246916610e-05
2.062268810741643791e-05
1.513973864642098202e-05
1.109774448982631323e-05
8.186996169791498610e-06
6.178073271544316401e-06
4.905807752991043648e-06
4.254005264284814709e-06
4.141504836633165003e-06
4.509916596106341036e-06
5.313323697900296396e-06
6.510103632563081438e-06
8.056865362293313347e-06
9.904476261062729529e-06
1.199598137745610236e-05
1.426619118869784895e-05
1.664270189503140937e-05
1.904794227176265312e-05
2.140204289657763326e-05
2.362605624185127470e-05
2.564538380620474316e-05
2.739299947657689840e-05
2.881228313003254284e-05
2.985937721569915707e-05
3.050473608367926034e-05
3.073404362893474180e-05
3.054827060023406008e-05
2.996298484936361651e-05
2.900707948138739228e-05
2.772080270567375940e-05
2.615348585069818946e-05
2.436089693498747109e-05
2.240246955748543016e-05
2.033862006308141343e-05
1.822811693727859162e-05
1.612582675126545927e-05
1.408076810280608785e-05
1.213462087167167579e-05
1.032076017607402125e-05
8.663727598036335284e-06
7.179238033168733220e-06
5.874591177882472083e-06
4.749470359717170683e-06
3.797059190403914452e-06
3.005347924145179794e-06
2.358583567763393059e-06
1.838736266067748362e-06
1.426913604686398292e-06
1.104647837484657612e-06
8.549813241742849520e-07
6.633183934333998464e-07
5.180043360690236680e-07
4.106263754488296802e-07
3.360436453104834447e-07
2.921653625947936416e-07
2.795173815045383843e-07
3.006399336649014274e-07
3.593729220895330564e-07
4.600834739746114878e-07
6.068929663794210660e-07
8.029581642344324042e-07
1.049849732005944982e-06
1.347070638061778126e-06
1.691737667622071784e-06
2.078441788780763468e-06
2.499297212704272311e-06
2.944158878758226864e-06
3.401005852303201982e-06
3.856449228926083460e-06
4.296333600748843797e-06
4.706406453669971680e-06
5.072987237670527946e-06
5.383629569638829296e-06
5.627709569274362241e-06
5.796917662114195546e-06
5.885645008846261964e-06
5.891206992389339095e-06
5.813940952220456252e-06
5.657137239281342518e-06
5.426827318613780894e-06
5.131459456362048363e-06
4.781445160501828901e-06
4.388649807222943037e-06
3.965811743717230373e-06
3.525963743107433081e-06
3.081855082497921956e-06
2.645419054183354248e-06
2.227317680643167380e-06
1.836564044838396951e-06
1.480260600228785135e-06
1.163443447739835109e-06
8.890436306601277799e-07
6.579619470723868190e-07
4.692393130018987115e-07
3.203156027504444898e-07
2.073511431177429837e-07
1.255920201946765968e-07
6.975540314952370633e-08
3.441035434615788970e-08
1.433371125731514125e-08
4.820854663122760287e-09
1.936226766831680630e-09
2.692167921100047291e-09
5.149583706143821399e-09
8.438959054794022528e-09
1.270499297653313884e-08
1.898255806709992187e-08
2.901551985138600715e-08
4.503274506738172747e-08
6.949782396841656486e-08
1.048497111099802002e-07
1.532513897938920409e-07
2.163629627030643828e-07
2.951523852742625600e-07
3.897560725105075077e-07
4.993962547733177895e-07
6.223591228820997014e-07
7.560357868189025056e-07
8.970192118662045501e-07
1.041255014908792621e-06
1.184230619957560826e-06
1.321197422683624533e-06
1.447406911279633190e-06
1.558348350717542175e-06
1.649978664771919951e-06
1.718922187194419348e-06
1.762640747690619389e-06
1.779555302384049330e-06
1.769116771858313191e-06
1.731827850538536666e-06
1.669204353778150169e-06
1.583692682190033645e-06
1.478537780120817547e-06
1.357614622520312887e-06
1.225236542248208746e-06
1.085942214569893170e-06
9.442837612152869432e-07
8.046187138294624180e-07
6.709207717539939676e-07
5.466200903678467314e-07
4.344757413076437089e-07
3.364913546755196866e-07
2.538725010535944772e-07
1.870284741179555561e-07
1.356165628774132285e-07
9.862304564083913477e-08
7.447643421341843201e-08
6.118385893295716210e-08
5.648284348839652710e-08
5.799854130039661303e-08
6.339749750587599985e-08
7.052935928854390536e-08
7.754854329484695275e-08
8.301011681848270659e-08
8.593502923679070163e-08
8.584228564027259875e-08
8.274777777885622413e-08
7.713068846216358012e-08
6.987136916649754011e-08
6.216501228652193572e-08
5.541746188257925124e-08
5.113024349301121564e-08
5.078182185898451950e-08
5.571290086778611990e-08
6.702236472990067828e-08
8.548009437280104292e-08
1.114617894683264866e-07
1.449089133982941812e-07
1.853163083929905928e-07
2.317473032472998232e-07
2.828750278404810040e-07
3.370478430100522970e-07
3.923732928840519824e-07
4.468172747654483068e-07
4.983108686135574131e-07
5.448589779112036518e-07
5.846459632407288326e-07
6.161293088908869431e-07
6.381198283577662928e-07
6.498409258756981515e-07
6.509650339442875696e-07
6.416271737006919361e-07
6.224114388161302749e-07
5.943162377169053921e-07
5.586958166345225549e-07
5.171862242878288910e-07
4.716164582041419280e-07
4.239115687380749822e-07
3.759941180550177840e-07
3.296867647906458550e-07
2.866243725940579142e-07
2.481777713707500304e-07
2.153942453089637031e-07
1.889579759639960797e-07
1.691707378523158905e-07
1.559549859822960566e-07
1.488773153609097222e-07
1.471909903216652627e-07
1.498949033687635744e-07
1.558043642403729225e-07
1.636304127736211335e-07
1.720620924280028749e-07
1.798472115787237271e-07
1.858674247272007697e-07
1.892024914568761351e-07
1.891814540914777427e-07
1.854170859876336031e-07
1.778223922987883922e-07
1.666090272029997559e-07
1.522670774577502475e-07
1.355290076265731884e-07
1.173189721285132922e-07
9.869183056713161126e-08
8.076476023281937870e-08
6.464601441564240883e-08
5.136514639386187389e-08
4.180833582460588763e-08
3.666302614348499616e-08
3.637462472173631228e-08
4.111782656322537536e-08
5.078412085691437260e-08
6.498584048174151742e-08
8.307663317942708403e-08
1.041868047265344328e-07
1.272713872853018753e-07
1.511683614889129295e-07
1.746630236413385774e-07
1.965555359653578754e-07
2.157271150663374535e-07
2.312012910717800902e-07
2.421973752593743977e-07
2.481719928175794985e-07
2.488478858059774314e-07
2.442272394506164463e-07
2.345894134581535829e-07
2.204738969130931653e-07
2.026482774144869715e-07
1.820647011035760988e-07
1.598061066266849849e-07
1.370259299668786657e-07
1.148849771906142913e-07
9.448818213390682046e-08
7.682572220434207946e-08
6.272096502308040542e-08
5.278842314311036073e-08
4.740397359685115206e-08
4.668850841157175799e-08
5.050612345611573296e-08
5.847637106816292780e-08
7.000000715790133139e-08
8.429634230585703183e-08
1.004499821864441315e-07
1.174644072133421549e-07
1.343188247045771694e-07
1.500256346403618765e-07
1.636847636301366220e-07
1.745320077666102821e-07
1.819791747796605691e-07
1.856430452654450060e-07
1.853627578526424318e-07
1.812039465699301967e-07
1.734499851222897795e-07
1.625814478496006204e-07
1.492442364700788197e-07
1.342094728947251365e-07
1.183266924388237809e-07
1.024735380780825543e-07
8.750507632766255872e-08
7.420504782425312789e-08
6.324248493984414744e-08
5.513555233981896533e-08
5.022481238148195511e-08
4.865734741599485246e-08
5.038218865516800164e-08
5.515745880286958502e-08
6.256828034759694175e-08
7.205455526971984719e-08
8.294659618004943779e-08
9.450648785436092615e-08
1.059728953565994232e-07
1.166062486300177775e-07
1.257322201998898307e-07
1.327805468255401451e-07
1.373171728571656317e-07
1.390682640154921165e-07
1.379341603681090253e-07
1.339934105609807153e-07
1.274961200521814424e-07
1.188474322452929040e-07
1.085824765750377824e-07
9.733371865990683820e-08
8.579341613493444584e-08
7.467280486770119976e-08
6.466067098766449718e-08
5.638378257143381123e-08
5.037104886468229181e-08
4.702380240022453780e-08
4.659347641416493732e-08
4.916797404085597802e-08
5.466744060317622855e-08
6.284930667983100666e-08
7.332246228339947095e-08
8.556938978688921241e-08
9.897494910958675183e-08
1.128603025743867295e-07
1.265195855311692533e-07
1.392577811952297537e-07
1.504272261633492717e-07
1.594609063419739658e-07
1.659011240673451520e-07
1.694213427743952550e-07
1.698410861041203732e-07
1.671322666123968826e-07
1.614177877606018557e-07
1.529618976409811321e-07
1.421533757108040291e-07
1.294829421265859739e-07
1.155155695712013648e-07
1.008601757856977471e-07
8.613774274359748310e-08
7.194994986636187451e-08
5.885010353986870176e-08
4.731745596133716712e-08
3.773660977496011166e-08
3.038257426422201299e-08
2.541221551203919730e-08
2.286230612171950284e-08
2.265385173031325738e-08
2.460232870170814262e-08
2.843287431877503306e-08
3.379939717428182118e-08
4.030641592051715197e-08
4.753214987711944793e-08
5.505169194631528671e-08
6.245882809477744311e-08
6.938539938294861187e-08
7.551740958308649778e-08
8.060688443929205646e-08
8.447944585750421789e-08
8.703703544973322365e-08
8.825637551528697788e-08
8.818319442444702390e-08
8.692297893806309152e-08
8.462921191625771484e-08
8.148958773236526099e-08
7.771164169017451169e-08
7.350833263721879545e-08
6.908462814497686232e-08
6.462597169249767537e-08
6.028889534724665683e-08
5.619458093092052913e-08
5.242525585489871340e-08
4.902356806959773006e-08
4.599482858425292054e-08
4.331152435278781777e-08
4.091988163624748503e-08
3.874765922013468238e-08
3.671262442183347724e-08
3.473112126146180323e-08
3.272594558254166551e-08
3.063319814795396863e-08
2.840752476045967424e-08
2.602552841410081833e-08
2.348725523340673039e-08
2.081563725565924575e-08
1.805418854849386337e-08
1.526311130335189449e-08
1.251424344884366050e-08
9.885309010472576135e-09
7.453883418333498084e-09
5.291624197006658840e-09
3.459149440680158750e-09
2.001967930867922511e-09
9.477410344311553744e-10
3.050357661825809523e-10
6.363938548792195797e-11
1.963616023244363291e-10
6.621544307498462763e-10
1.410277062313872894e-09
2.385160511463811961e-09
3.531583496442058990e-09
4.799743142532922306e-09
6.149833387415539167e-09
7.555764813783890663e-09
9.007734871799705810e-09
1.051346143713656915e-08
1.209794108821197114e-08
1.380177676621802660e-08
1.567814427914227475e-08
1.778861161165405164e-08
2.019812972138962994e-08
2.296947355136253520e-08
2.615760484586629953e-08
2.980427805572715391e-08
3.393328811216316585e-08
3.854675669926948822e-08
4.362259779289651743e-08
4.911351371105023740e-08
5.494747360164975652e-08
6.102970570407032919e-08
6.724620514153372088e-08
7.346832050472227924e-08
7.955844770454661035e-08
8.537614781663429816e-08
9.078467713525453361e-08
9.565723928642495968e-08
9.988269127372829143e-08
1.033705448453419186e-07
1.060545828668454034e-07
1.078953747692775274e-07
1.088811624367163698e-07
1.090272533829921199e-07
1.083741784632497953e-07
1.069843203864411233e-07
1.049377826448961839e-07
1.023273386899761070e-07
9.925297600514523652e-08
9.581654161345362590e-08
9.211641034682217398e-08
8.824298065257347740e-08
8.427485225224370951e-08
8.027606031595635505e-08
7.629461493771817259e-08
7.236205013423570933e-08
6.849434479397684978e-08
6.469377116240449888e-08
6.095163106376612286e-08
5.725173456405335788e-08
5.357409084150426004e-08
4.989882500923628827e-08
4.620978577340264540e-08
4.249768946431505753e-08
3.876263728903284862e-08
3.501565358767152423e-08
3.127935142031320786e-08
2.758751328192405946e-08
2.398373749794136808e-08
2.051916800701769171e-08
1.724959785494968729e-08
1.423199533139975105e-08
1.152082249879805435e-08
9.164357991802261451e-09
7.201273119393867827e-09
5.657746303653870477e-09
4.545255177919769915e-09
3.859251527900066645e-09
3.578796288806659932e-09
3.667184579585512077e-09
4.073545031525641839e-09
4.735296061585398144e-09
5.581327304589244946e-09
6.535693394464638498e-09
7.521617948751972322e-09
8.465531547895872452e-09
9.300921200509974780e-09
9.971754570617700339e-09
1.043526072327737779e-08
1.066395242821230350e-08
1.064672168474650324e-08
1.038900042300401001e-08
9.911979148104714634e-09
9.250932747339923295e-09
8.452816358492297580e-09
7.573229864792822312e-09
6.672991071642620783e-09
5.814513445447396305e-09
5.058199804396850117e-09
4.459090468059279579e-09
4.063918724078064370e-09
3.908760604100145946e-09
4.017385674443585160e-09
4.400374115394545717e-09
5.055038110504922633e-09
5.966095592647909681e-09
7.107039086571652939e-09
8.442081197941928148e-09
9.928518680086279767e-09
1.151938524701750104e-08
1.316617330334748833e-08
1.482148604536768378e-08
1.644145319675025916e-08
1.798774826343292543e-08
1.942917199073150083e-08
2.074264106676647266e-08
2.191361921906328506e-08
2.293597942175255494e-08
2.381130717703329978e-08
2.454782069937327827e-08
2.515888020791223272e-08
2.566130352037296525e-08
2.607358557351634626e-08
2.641411161831998922e-08
2.669959538644459518e-08
2.694369600506582477e-08
2.715600524788609789e-08
2.734142158616341092e-08
2.749989562341878137e-08
2.762665804070491935e-08
2.771274146507027706e-08
2.774585560458034660e-08
2.771150092090074144e-08
2.759419288895231048e-08
2.737881971746244807e-08
2.705188289001153639e-08
2.660265168502359709e-08
2.602411829238891758e-08
2.531366125074885945e-08
2.447349154715639843e-08
2.351071968603262808e-08
2.243716227496090351e-08
2.126887673608856876e-08
2.002544000571166918e-08
1.872911831743986722e-08
1.740387158072132859e-08
1.607435209850343203e-08
1.476493043164946169e-08
1.349878920622440799e-08
1.229719637597865410e-08
1.117890896311682827e-08
1.015979549192609086e-08
9.252639868265529693e-09
8.467165350086001554e-09
7.810199360069056159e-09
7.285992325347972033e-09
6.896636715899930554e-09
6.642537384554126004e-09
6.522921398032285887e-09
6.536312892342731412e-09
6.680971990497182606e-09
6.955266521389694365e-09
7.357955422869451455e-09
7.888408696891470620e-09
8.546733609003695350e-09
9.333847111989285136e-09
1.025150388400807794e-08
1.130228502739567338e-08
1.248960513844561401e-08
1.381770053099661206e-08
1.529164540844532712e-08
1.691738625705969544e-08
1.870176320443561535e-08
2.065256688109019356e-08
2.277852325413389409e-08
2.508924038210853439e-08
2.759506888054038458e-08
3.030680764453317365e-08
3.323533337891638699e-08
3.639099918989587417e-08
3.978289659710665762e-08
4.341795925504769746e-08
4.729987102409756649e-08
5.142797953963030992e-08
5.579605431060948595e-08
6.039111423587483104e-08
6.519235508119218074e-08
7.017017060578668140e-08
7.528559335249001733e-08
8.048991190466252411e-08
8.572476859318907162e-08
9.092271691606732534e-08
9.600814628290632635e-08
1.008989165116035281e-07
1.055082313281564705e-07
1.097470313000699878e-07
1.135267241010061241e-07
1.167620006403935260e-07
1.193740362615991301e-07
1.212933793460740757e-07
1.224628012814791819e-07
1.228398291520828551e-07
1.223986722441354998e-07
1.211318839063348635e-07
1.190510573065630282e-07
1.161869520563102917e-07
1.125888714597165030e-07
1.083231666272855518e-07
1.034713386736286360e-07
9.812726304136829863e-08
9.239410311990007110e-08
8.638075180246233273e-08
8.019833927414447662e-08
7.395651578737295521e-08
6.776003560783645505e-08
6.170567820265809207e-08
5.587958393544324612e-08
5.035535106499281751e-08
4.519266321261272252e-08
4.043672753342728594e-08
3.611843572048163500e-08
3.225516992086758264e-08
2.885230693765746962e-08
2.590512309317017538e-08
2.340109681552557790e-08
2.132239615303336759e-08
1.964836079277249700e-08
1.835788893566714524e-08
1.743146876116369779e-08
1.685280199946569610e-08
1.660988867031201840e-08
1.669549020142326916e-08
1.710700569907676296e-08
1.784570289480314785e-08
1.891542405454606684e-08
2.032084799672149443e-08
2.206541660502722972e-08
2.414915096718206766e-08
2.656643707930522138e-08
2.930402215280907078e-08
3.233936823650453675e-08
3.563947078855073198e-08
3.916036814282467670e-08
4.284728182517863036e-08
4.663552999556448938e-08
5.045217570928901873e-08
5.421829260033121649e-08
5.785191424138538454e-08
6.127130451626140402e-08
6.439853787795072959e-08
6.716314232568538869e-08
6.950551603662193771e-08
7.138013248072175393e-08
7.275804101927955374e-08
7.362871253083197918e-08
7.400102293880681222e-08
7.390319893970339451e-08
7.338193288923924219e-08
7.250035170168917094e-08
7.133515662015290250e-08
6.997297330414799352e-08
6.850600589573748374e-08
6.702743716374014311e-08
6.562650043868889378e-08
6.438371151718554580e-08
6.336643611509886668e-08
6.262497008658044247e-08
6.218956028625740012e-08
6.206827005827051693e-08
6.224603354848839056e-08
6.268490714004010469e-08
6.332546886589972923e-08
6.408952282789962440e-08
6.488373202140498030e-08
6.560421709004831354e-08
6.614184021931439230e-08
6.638784929290410579e-08
6.623981315658043226e-08
6.560727227384438250e-08
6.441703717538546640e-08
6.261769218495984122e-08
6.018327932880955758e-08
5.711568379525988634e-08
5.344578012606226939e-08
4.923317936266401438e-08
4.456450841233533203e-08
3.955043023103018673e-08
3.432130542265610788e-08
2.902183858710459661e-08
2.380488215694496382e-08
1.882465742756229474e-08
1.422978355398346561e-08
1.015633517302737836e-08
6.721347075638071879e-09
4.017054007725973971e-09
2.106162721926263984e-09
1.018427969564840982e-09
7.487177285186640682e-10
1.256731075020809996e-09
2.468440712773519913e-09
4.279267034135974256e-09
6.558925737093179650e-09
9.157808669235940618e-09
1.191470390629072616e-08
1.466560043614711657e-08
1.725325690368512259e-08
1.953723596748134368e-08
2.140398736970795799e-08
2.277664492979370931e-08
2.362415737658481066e-08
2.396937442087129019e-08
2.389583433664553000e-08
2.355287715581226622e-08
2.315891929441509971e-08
2.300269075363311036e-08
2.344229910095461287e-08
2.490213996796474264e-08
2.786758251121149292e-08
3.287758103439705551e-08
4.051533803672676398e-08
5.139717866704699976e-08
6.615999406637161866e-08
8.544740463493533527e-08
1.098950660099787432e-07
1.401154491862527200e-07
1.766823031755472151e-07
2.201155286380612558e-07
2.708663422181729842e-07
3.293034102852386088e-07
3.957002111360568913e-07
4.702234973954430664e-07
5.529241677796264148e-07
6.437293961752428455e-07
7.424371858891369191e-07
8.487132524488175846e-07
9.620894516798530236e-07
1.081966079014753048e-06
1.207615066109117225e-06
1.338186468613856417e-06
1.472715848332447298e-06
1.610136181346760367e-06
1.749289421431414612e-06
1.888941028812223277e-06
2.027796262797332104e-06
2.164516027766560155e-06
2.297737480902134608e-06
2.426091937054671980e-06
2.548225118453189593e-06
2.662817821959074549e-06
2.768604159646412772e-06
2.864394199884831237e-06
2.949091213946290868e-06
3.021710249186697523e-06
3.081395454661726356e-06
3.127432997919672864e-06
3.159267510106461519e-06
3.176510811552194262e-06
3.178950852757355439e-06
3.166557935524011295e-06
3.139485199176274291e-06
3.098071666129120811e-06
3.042836497238872661e-06
2.974472882102638957e-06
2.893838722995955951e-06
2.801941727200292878e-06
2.699926758621090776e-06
2.589055407278527342e-06
2.470685844807977332e-06
2.346250636073641428e-06
2.217231012054977918e-06
2.085134289139527004e-06
1.951466626291216843e-06
1.817707984690045484e-06
1.685287599544371979e-06
1.555559208281480933e-06
1.429781008963950797e-06
1.309094875473083393e-06
1.194509832729174288e-06
1.086888523532681977e-06
9.869361718462215449e-07
8.951950970913516806e-07
8.120410567746948280e-07
7.376843612266597326e-07
6.721745897225267671e-07
6.154082329377159457e-07
5.671406953108107608e-07
5.269999327078008070e-07
4.945030484607368282e-07
4.690746762749562377e-07
4.500662403517550733e-07
4.367766749090580228e-07
4.284724278116393983e-07
4.244073630789285845e-07
4.238416020564953538e-07
4.260584797740272103e-07
4.303802240869026539e-07
4.361806411341075250e-07
4.428955896154434611e-07
4.500307505872626409e-07
4.571662779257474059e-07
4.639594512931718148e-07
4.701440368432812027e-07
4.755276470643685862e-07
4.799870381105978868e-07
4.834613064083463671e-07
4.859445056767355496e-07
4.874765769855271110e-07
4.881342124134773830e-07
4.880211382658151886e-07
4.872594086237609984e-07
4.859805068393750255e-07
4.843176758865787137e-07
4.823993061249478969e-07
4.803431569239104371e-07
4.782526123506676000e-07
4.762134916716637339e-07
4.742924922640909838e-07
4.725367902486978968e-07
4.709743011662490351e-07
4.696155103684856005e-07
4.684552366504725237e-07
4.674752130109469485e-07
4.666469235868218003e-07
4.659341651228649461e-07
4.652962260648449635e-07
4.646901466416783466e-07
4.640730177068657081e-07
4.634039031576077419e-07
4.626450176036054787e-07
4.617631974216907242e-07
4.607303224117300370e-07
4.595237770993492001e-07
4.581266750955799346e-07
4.565275898287174626e-07
4.547208738578389454e-07
4.527062902423657431e-07
4.504890174051820090e-07
4.480797219543456887e-07
4.454943905781379348e-07
4.427548819370779377e-07
4.398888687212736215e-07
4.369300932931389410e-07
4.339185434517868526e-07
4.309001700104817764e-07
4.279270006035670025e-07
4.250563425881059746e-07
4.223499521517851853e-07
4.198728210868263593e-07
4.176912808986350028e-07
4.158713288390819854e-07
4.144760445395517678e-07
4.135630652736859337e-07
4.131819295654569684e-07
4.133711372104822844e-07
4.141559301106878341e-07
4.155458069698224615e-07
4.175327847926238864e-07
4.200902654184698580e-07
4.231723456429454208e-07
4.267145218902004752e-07
4.306347055467236161e-07
4.348354184176475907e-07
4.392068520653648865e-07
4.436304137222381260e-07
4.479835119747321070e-07
4.521442380519363464e-07
4.559966763524088182e-07
4.594358985543872852e-07
4.623733573643175313e-07
4.647412248550977705e-07
4.664963392900663891e-07
4.676232449755571370e-07
4.681358392288327291e-07
4.680784091171927181e-07
4.675247586405045515e-07
4.665763254132502717e-07
4.653590271276512502e-07
4.640186499666231118e-07
4.627158475177043402e-07
4.616197728827107099e-07
4.609015092197755880e-07
4.607272912735848561e-07
4.612515388791193476e-07
4.626108887681533512e-07
4.649183537412972598e-07
4.682587517904698947e-07
4.726853363341386175e-07
4.782175012877673645e-07
4.848405456053556116e-07
4.925063589858095859e-07
5.011358704336537108e-07
5.106228638683469019e-07
5.208386727301869201e-07
5.316384584672686696e-07
5.428675576086484105e-07
5.543685205521263416e-07
5.659882176845840902e-07
5.775843434246409553e-07
5.890320285610250983e-07
6.002289303577102773e-07
6.110995784302048747e-07
6.215984670090849100e-07
6.317114021121206795e-07
6.414561549486260785e-07
6.508809753513986116e-07
6.600621465689237063e-07
6.691003682461264274e-07
6.781157716113624925e-07
6.872429743796832532e-07
6.966248918702350931e-07
7.064067523166890564e-07
7.167302203576342414e-07
7.277274871415483196e-07
7.395168033380661394e-07
7.521980318403399344e-07
7.658496101020685358e-07
7.805266360360949739e-07
7.962596918318905411e-07
8.130557225520595423e-07
8.308991744971719477e-07
8.497546016175985720e-07
8.695701758579790713e-07
8.902814395951654578e-07
9.118165399800992426e-07
9.341008287224881004e-07
9.570620418606536214e-07
9.806353927671255914e-07
1.004767845158887110e-06
1.029422989098709943e-06
1.054584268280341788e-06
1.080258030048643686e-06
1.106475812689507736e-06
1.133295226054284923e-06
1.160801178183996100e-06
1.189105125103335303e-06
1.218344266154923285e-06
1.248679283404494789e-06
1.280292732325442495e-06
1.313385633397092087e-06
1.348174260569561129e-06
1.384886613157103546e-06
1.423757941964266788e-06
1.465027560834708168e-06
1.508934210453622643e-06
1.555712184558853420e-06
1.605587631438216574e-06
1.658774288460936073e-06
1.715471159804739127e-06
1.775859012216078089e-06
1.840098173251658580e-06
1.908326949513639760e-06
1.980659767319886444e-06
2.057187923809751106e-06
2.137979269211634761e-06
2.223079650377549716e-06
2.312515253704172420e-06
2.406294681079201626e-06
2.504414072002358475e-06
2.606860770026542385e-06
2.713618738317046282e-06
2.824674540770246240e-06
2.940022319542314518e-06
3.059671568567685608e-06
3.183652157900515130e-06
3.312020312600648216e-06
3.444864028947533616e-06
3.582305994811587928e-06
3.724508550174473089e-06
3.871674108176249152e-06
4.024045578731682185e-06
4.181905153170791584e-06
4.345569386174335544e-06
4.515386259084762823e-06
4.691726729800781757e-06
4.874976539999629784e-06
5.065526707966148262e-06
5.263760643801022080e-06
5.470044995059631111e-06
5.684715661431982490e-06
5.908066099109871370e-06
6.140336254807335803e-06
6.381699801879365726e-06
6.632258138877278363e-06
6.892030919875099668e-06
7.160951391107602923e-06
7.438864293339440840e-06
7.725523212586383022e-06
8.020596976568889307e-06
8.323672474134860690e-06
8.634263181145527695e-06
8.951820186135499600e-06
9.275741517220008887e-06
9.605390573990252640e-06
9.940108346907737592e-06
1.027923084787709199e-05
1.062210172489575028e-05
1.096809289299750932e-05
1.131661588409417462e-05
1.166713595219987314e-05
1.201918449747562090e-05
1.237236447685579021e-05
1.272636300374576209e-05
1.308095176961262129e-05
1.343598957027215830e-05
1.379142235628373147e-05
1.414727538317050118e-05
1.450365392220960940e-05
1.486073128132663978e-05
1.521874062380776466e-05
1.557796578438006130e-05
1.593872541136253214e-05
1.630136880059424254e-05
1.666626006009909561e-05
1.703376882227321392e-05
1.740426208774553698e-05
1.777809086099577487e-05
1.815559135764165897e-05
1.853707498421495222e-05
1.892282660990133260e-05
1.931310481387047310e-05
1.970813685801986622e-05
2.010812939646261142e-05
2.051326661386904869e-05
2.092371658353736342e-05
2.133963869590156331e-05
2.176118411363890974e-05
2.218851169683030183e-05
2.262178878730991926e-05
2.306119919378315003e-05
2.350695067552803049e-05
2.395927336765095323e-05
2.441843334642497285e-05
2.488472865379413279e-05
2.535849195984001244e-05
2.584009182329270984e-05
2.632992365337971750e-05
2.682841652499014582e-05
2.733602114795624370e-05
2.785320512428512055e-05
2.838044713701737306e-05
2.891822080532457237e-05
2.946699634715078847e-05
3.002722316942978359e-05
3.059932144968991472e-05
3.118367389629377165e-05
3.178060787270188542e-05
3.239039796568037505e-05
3.301324961876610437e-05
3.364929374451583547e-05
3.429858281816567273e-05
3.496107784208344591e-05
3.563665813330309310e-05
3.632511168212837076e-05
3.702613779188419297e-05
3.773935160178457185e-05
3.846427889665267617e-05
3.920037503113387833e-05
3.994702258905756629e-05
4.070354136382715925e-05
4.146919931204536897e-05
4.224321192653535714e-05
4.302476589488382326e-05
4.381301858757921154e-05
4.460711164047174407e-05
4.540616876390351245e-05
4.620931786384953083e-05
4.701568679261427830e-05
4.782441038476971352e-05
4.863463629727109378e-05
4.944551612436494495e-05
5.025622189305898880e-05
5.106593479593556420e-05
5.187384626984549690e-05
5.267915855895772680e-05
5.348107093406511829e-05
5.427879383868880567e-05
5.507153550306739424e-05
5.585850319302634930e-05
5.663890564509134571e-05
5.741194233974505732e-05
5.817682339684176421e-05
5.893276229817898435e-05
5.967898497784784683e-05
6.041474093454069915e-05
6.113930125153594958e-05
6.185198814793030342e-05
6.255217613456764481e-05
6.323930915737428391e-05
6.391291849713552078e-05
6.457262567774124337e-05
6.521817552925703444e-05
6.584943806221252088e-05
6.646642423879978070e-05
6.706929999068330002e-05
6.765838263887151047e-05
6.823416539096371230e-05
6.879730818046420613e-05
6.934864066699643803e-05
6.988916191173501745e-05
7.042002132030905040e-05
7.094252700750663064e-05
7.145812027418804886e-05
7.196836254920096012e-05
7.247491973612276307e-05
7.297952912042978324e-05
7.348399510418633608e-05
7.399015316507211171e-05
7.449984839596190142e-05
7.501491383178984524e-05
7.553713400397724510e-05
7.606823956163501915e-05
7.660987292354712395e-05
7.716357074406315550e-05
7.773074836092782236e-05
7.831267159520107401e-05
7.891046094519827217e-05
7.952506848892402689e-05
8.015727242059520862e-05
8.080767420005810064e-05
8.147668347272941198e-05
8.216453499053950752e-05
8.287127813571423481e-05
8.359678614445281654e-05
8.434074935709408565e-05
8.510269921714598790e-05
8.588200393267399918e-05
8.667787957426412821e-05
8.748940157734838943e-05
8.831550183334683395e-05
8.915499483036228815e-05
9.000657435308714979e-05
9.086882432340918556e-05
9.174022908137077466e-05
9.261916868057971941e-05
9.350394254639460062e-05
9.439276383700326474e-05
9.528376801164846130e-05
9.617502133455567014e-05
9.706451537456080834e-05
9.795019056993873132e-05
9.882993212585746931e-05
9.970158137904157455e-05
1.005629485993559839e-04
1.014118135833315729e-04
1.022459562343756118e-04
1.030631612729111758e-04
1.038612391756144000e-04
1.046380491941191525e-04
1.053915107995610632e-04
1.061196441089849984e-04
1.068205844185489385e-04
1.074926112576520454e-04
1.081341775886103941e-04
1.087439255233690568e-04
1.093207270442510194e-04
1.098636965262990146e-04
1.103722136130571132e-04
1.108459423559679172e-04
1.112848336551511237e-04
1.116891475547439978e-04
1.120594451377681500e-04
1.123965869807444187e-04
1.127017252680224821e-04
1.129762781479060990e-04
1.132219212371135227e-04
1.134405501516766950e-04
1.136342495366499323e-04
1.138052574237648527e-04
1.139559153778442864e-04
1.140886374396022241e-04
1.142058561946571464e-04
1.143099793366880994e-04
1.144033469427723718e-04
1.144881812408494825e-04
1.145665590396296389e-04
1.146403690238502688e-04
1.147112840658981708e-04
1.147807393007612846e-04
1.148499081561645522e-04
1.149197027061459731e-04
1.149907637493478992e-04
1.150634667738340277e-04
1.151379345807693606e-04
1.152140487906702057e-04
1.152914825563763998e-04
1.153697230703029186e-04
1.154481061254515221e-04
1.155258538030489075e-04
1.156021079399313075e-04
1.156759781429944097e-04
1.157465767207123370e-04
1.158130606470974893e-04
1.158746645950178622e-04
1.159307427527611883e-04
1.159807952740627606e-04
1.160244960819329236e-04
1.160617151703365247e-04
1.160925303209092290e-04
1.161172419035823430e-04
1.161363712869812633e-04
1.161506569736472005e-04
1.161610432188444659e-04
1.161686577187940499e-04
1.161747895197934717e-04
1.161808525897362537e-04
1.161883467367371342e-04
1.161988124672819976e-04
1.162137782487247757e-04
1.162347089999273025e-04
1.162629463586069501e-04
1.162996501024699501e-04
1.163457392234432933e-04
1.164018329737409260e-04
1.164681982417453226e-04
1.165446986290313494e-04
1.166307518580851356e-04
1.167252953002601067e-04
1.168267610043249817e-04
1.169330631454277837e-04
1.170415969669778101e-04
1.171492518363729352e-04
1.172524381419827726e-04
1.173471290838668728e-04
1.174289154279337344e-04
1.174930747066500270e-04
1.175346522713348481e-04
1.175485528793509643e-04
1.175296428146292634e-04
1.174728553152265385e-04
1.173733031544114887e-04
1.172263908416366348e-04
1.170279247812812596e-04
1.167742213841398786e-04
1.164622020685260665e-04
1.160894830561377936e-04
1.156544495137952738e-04
1.151563142105700721e-04
1.145951628969320372e-04
1.139719739422670691e-04
1.132886261959694302e-04
1.125478838704198256e-04
1.117533621657259288e-04
1.109094793607735466e-04
1.100213828059204082e-04
1.090948690316935672e-04
1.081362863969240353e-04
1.071524270899897914e-04
1.061504167747991123e-04
1.051375883539200335e-04
1.041213642421494372e-04
1.031091325054613609e-04
1.021081330388556131e-04
1.011253370957711966e-04
1.001673460464265041e-04
9.924029327710909201e-05
9.834975638198691355e-05
9.750068745317004429e-05
9.669734235740095934e-05
9.594323571837391003e-05
9.524110202158580531e-05
9.459286911278303540e-05
9.399965114683009164e-05
9.346173889168673252e-05
9.297861560116501775e-05
9.254897633899028205e-05
9.217075712804218023e-05
9.184118134341329848e-05
9.155679915182501243e-05
9.131355077686116942e-05
9.110682955431917657e-05
9.093155181577977056e-05
9.078224175010144966e-05
9.065310479082610965e-05
9.053812297302676025e-05
9.043114572616309937e-05
9.032598335061133379e-05
9.021651147832122246e-05
9.009675702297246537e-05
8.996100132087515985e-05
8.980387079985608571e-05
8.962042240248851500e-05
8.940623212597537367e-05
8.915745442017251182e-05
8.887089088316764635e-05
8.854403634685377444e-05
8.817511071389645379e-05
8.776308625686281078e-05
8.730767726015192744e-05
8.680933453852134420e-05
8.626921273894891753e-05
8.568912157506029359e-05
8.507147345425389632e-05
8.441919533062043168e-05
8.373565177194683537e-05
8.302454802406540103e-05
8.228982698153641643e-05
8.153557472185701696e-05
8.076590303212733649e-05
7.998485829650049401e-05
7.919632511099874246e-05
7.840393890930508214e-05
7.761102183299496541e-05
7.682050861111123488e-05
7.603491089587460859e-05
7.525628575343428742e-05
7.448622032144961997e-05
7.372584419874052470e-05
7.297583314190260679e-05
7.223645000802859353e-05
7.150758553372022906e-05
7.078880851018599354e-05
7.007943475651640943e-05
6.937857650469565166e-05
6.868521714034822037e-05
6.799827301150895712e-05
6.731665184350257294e-05
6.663931767666113727e-05
6.596532485775210425e-05
6.529386768053510094e-05
6.462430676982579281e-05
6.395620067729606509e-05
6.328930474525712912e-05
6.262358571836171067e-05
6.195921731775914617e-05
6.129657004601516974e-05
6.063620857447793384e-05
5.997886253649975768e-05
5.932541977042704172e-05
5.867690758303236072e-05
5.803447732854288935e-05
5.739938823994562833e-05
5.677300727176165697e-05
5.615677304790189875e-05
5.555221749296995623e-05
5.496094304092517802e-05
5.438459910988285845e-05
5.382490291782063491e-05
5.328358639977664828e-05
5.276240767586898197e-05
5.226310914522035888e-05
5.178736787676112161e-05
5.133678382725766171e-05
5.091278993396901548e-05
5.051662350440877031e-05
5.014924427835899199e-05
4.981124723730103403e-05
4.950281891739040987e-05
4.922362445323234754e-05
4.897276789966341685e-05
4.874871379132371082e-05
4.854922007579083506e-05
4.837132870663749250e-05
4.821133351137588151e-05
4.806477025541076983e-05
4.792647919570175680e-05
4.779062331134262552e-05
4.765080534353364767e-05
4.750016433605563725e-05
4.733149717801314642e-05
4.713745113328359534e-05
4.691066215827072931e-05
4.664397943976610126e-05
4.633064871808763552e-05
4.596449619732934821e-05
4.554015514882494756e-05
4.505320571737200114e-05
4.450036774820578616e-05
4.387961797681657445e-05
4.319027549627265706e-05
4.243309873770765824e-05
4.161027125326155463e-05
4.072541815167202075e-05
3.978353435817888896e-05
3.879087556166083866e-05
3.775485920457112278e-05
3.668386855633531436e-05
3.558709988230392173e-05
3.447434925270784504e-05
3.335579306046084337e-05
3.224180873883105656e-05
3.114274346566401328e-05
3.006875735145584177e-05
2.902964885492462650e-05
2.803470863148571827e-05
2.709263789686064630e-05
2.621144566972870483e-05
2.539842780195370589e-05
2.466013977068150033e-05
2.400239450388076689e-05
2.343030821574110787e-05
2.294831079642864011e-05
2.256020386619085670e-05
2.226918297033365731e-05
2.207784668327665009e-05
2.198821323034061794e-05
2.200166773094112838e-05
2.211892178170996631e-05
2.233991282167211218e-05
2.266367225981189782e-05
2.308819612054445984e-05
2.361025101982392442e-05
2.422521405708525155e-05
2.492688342371449331e-05
2.570730113936545101e-05
2.655663795476789150e-05
2.746307024213546339e-05
2.841276651356327274e-05
2.938990963087715515e-05
3.037679745435443134e-05
3.135407338733268100e-05
3.230098756857282996e-05
3.319581321875291337e-05
3.401630716463093711e-05
3.474024356782431895e-05
3.534605725774911649e-05
3.581345466195256139e-05
3.612411627265450407e-05
3.626233973228424202e-05
3.621564334307690927e-05
3.597535585468144951e-05
3.553703128926445545e-05
3.490082269030250723e-05
3.407165963933280693e-05
3.305926785301597479e-05
3.187807162462706883e-05
3.054684976359026561e-05
2.908830334196123329e-05
2.752842528819148194e-05
2.589575018919017238e-05
2.422055594429367827e-05
2.253395254680021508e-05
2.086702815518909251e-05
1.925000172213545881e-05
1.771148004672198166e-05
1.627789737675092800e-05
1.497311235414434328e-05
1.381829445099319218e-05
1.283206458664710310e-05
1.203094707836394144e-05
1.143016252957351518e-05
1.104470840351062406e-05
1.089077032638319105e-05
1.098738049152167372e-05
1.135829261708215114e-05
1.203402447641894563e-05
1.305394163188008798e-05
1.446834601957424789e-05
1.634042106436782706e-05
1.874794035545218564e-05
2.178466269800212604e-05
2.556123580175902698e-05
3.020559985600464048e-05
3.586272622074737312e-05
4.269363593780961362e-05
5.087372295211218940e-05
6.059019240648539170e-05
7.203881929071768336e-05
8.541987528277421445e-05
1.009333144142929859e-04
1.187734910125522549e-04
1.391231313227609095e-04
1.621471989357120243e-04
1.879863833798366786e-04
2.167504904698685597e-04
2.485123471786483467e-04
2.833015476614079401e-04
3.210993509885504897e-04
3.618339736486693285e-04
4.053767177246277121e-04
4.515399058574311002e-04
5.000750561178901729e-04
5.506735449454033685e-04
6.029679992172400256e-04
6.565350127591740087e-04
7.109003755235399850e-04
7.655448224194598460e-04
8.199109462570355932e-04
8.734128154226889580e-04
9.254444221419457330e-04
9.753912992702723408e-04
1.022641197971865161e-03
1.066594927364450558e-03
1.106679281025147983e-03
1.142356746843429301e-03
1.173137816817013861e-03
1.198590456481812448e-03
1.218348411881994180e-03
1.232120646001617827e-03
1.239695730092282063e-03
1.240948214019769319e-03
1.235840805191933730e-03
1.224424669702139012e-03
1.206840363827315537e-03
1.183313170310560649e-03
1.154150367773493571e-03
1.119734324341824933e-03
1.080514150956960340e-03
1.036998332214008169e-03
9.897428275053650644e-04
9.393416992625507533e-04
8.864149177424102523e-04
8.315960514228994517e-04
7.755218054344723087e-04
7.188190879979124408e-04
6.620952874609387561e-04
6.059275729362050174e-04
5.508534194398726110e-04
4.973636109432439268e-04
4.458946865373075914e-04
3.968246569725919905e-04
3.504690472525293717e-04
3.070786782310890918e-04
2.668397187091636866e-04
2.298740860360449351e-04
1.962422551438746516e-04
1.659466232559244768e-04
1.389360914490654283e-04
1.151118955790291252e-04
9.433360066688249116e-05
7.642607516869566616e-05
6.118643483485682207e-05
4.839114280213544390e-05
3.780312064599475807e-05
2.917836067998634975e-05
2.227225599413667175e-05
1.684522355926799329e-05
1.266765397993229517e-05
9.524108993398716953e-06
7.216624696147146860e-06
5.567203301047143146e-06
4.419422035395357691e-06
3.639230057774282881e-06
3.114990472955249441e-06
2.756819823210064626e-06
2.495346912541450547e-06
2.279973201722858624e-06
2.076756788427798772e-06
1.866038820651274958e-06
1.639912839127918545e-06
1.399660898676332677e-06
1.153243334529023843e-06
9.129359050964123499e-07
6.931895679889867154e-07
5.087639491155050017e-07
3.731830941388760387e-07
2.975319215875751336e-07
2.896040214968134379e-07
3.533931005842926300e-07
4.889048903060489328e-07
6.922588567353437773e-07
9.560356626395128564e-07
1.269821244956823330e-06
1.620897761749994358e-06
1.995020923091139626e-06
2.377239214447664991e-06
2.752698007453895306e-06
3.107385868430385144e-06
3.428795054876204500e-06
3.706449696785214850e-06
3.932304069197056991e-06
4.100980947090570500e-06
4.209854825643210615e-06
4.258998366537824003e-06
4.250979280535392428e-06
4.190559314232466245e-06
4.084292682180296404e-06
3.940062273322678497e-06
3.766592933113122262e-06
3.572943787311777836e-06
3.368037776530461591e-06
3.160226321101244066e-06
2.956920262515190460e-06
2.764309531305623782e-06
2.587160596172876650e-06
2.428720354387449459e-06
2.290705509492939629e-06
2.173380070313680586e-06
2.075715836647395901e-06
1.995606638157376757e-06
1.930137833772162724e-06
1.875878101318919108e-06
1.829181063722022336e-06
1.786483346461792947e-06
1.744569670483304378e-06
1.700805825111017158e-06
1.653315528070889155e-06
1.601098423116674455e-06
1.544089311796804999e-06
1.483146715040849843e-06
1.419987370513230061e-06
1.357061833161750082e-06
1.297385081100944565e-06
1.244336916481339145e-06
1.201435440948996940e-06
1.172108278504355530e-06
1.159465744140513567e-06
1.166092410048044280e-06
1.193871390296926654e-06
1.243842306128348150e-06
1.316109820660234686e-06
1.409798643532496036e-06
1.523059374005982051e-06
1.653128289895394843e-06
1.796426847887304226e-06
1.948707537652046595e-06
2.105227187760290658e-06
2.260941848522599425e-06
2.410719356900122401e-06
2.549548408603005037e-06
2.672738207148672120e-06
2.776107723379676318e-06
2.856137344954213113e-06
2.910099456464272765e-06
2.936143582915081512e-06
2.933340909240359571e-06
2.901696821587699734e-06
2.842110837234526161e-06
2.756313480230264597e-06
2.646762886304780723e-06
2.516516476450923084e-06
2.369092391949420104e-06
2.208308272056143922e-06
2.038128499845831598e-06
1.862507923089917209e-06
1.685247422051446927e-06
1.509871892971233217e-06
1.339521181382195575e-06
1.176873670398369655e-06
1.024091148869252252e-06
8.827916258756840990e-07
7.540513808854005045e-07
6.384263584948103935e-07
5.359987363895893128e-07
4.464375961114562288e-07
3.690726136524577378e-07
3.029767051864834510e-07
2.470494264809422512e-07
2.001004743719003478e-07
1.609261346205648228e-07
1.283766909077890051e-07
1.014122785180207182e-07
7.914411822477070277e-08
6.086160348727531220e-08
4.604409620662756244e-08
3.435872749396820656e-08
2.564569296636501474e-08
1.989275055166197517e-08
1.720181301036118897e-08
1.775009027177976804e-08
2.174876148216861657e-08
2.940197867822154447e-08
4.086860551978185083e-08
5.622911067446327417e-08
7.545921424382319477e-08
9.841152229196276209e-08
1.248061978447221745e-07
1.542301680154318543e-07
1.861453933921555285e-07
2.199045915928016542e-07
2.547733153446607822e-07
2.899578124033321957e-07
3.246350423502680174e-07
3.579854483082405798e-07
3.892245897998660872e-07
4.176325753183230665e-07
4.425813634296308911e-07
4.635553294544602810e-07
4.801682997095837079e-07
4.921729475656539381e-07
4.994636235542160005e-07
5.020745810869471277e-07
5.001697681023632073e-07
4.940300275593316714e-07
4.840343352632945562e-07
4.706379331934435884e-07
4.543502390024836682e-07
4.357095484313167240e-07
4.152607303950930938e-07
3.935328746289941203e-07
3.710196356000537528e-07
3.481643169299788089e-07
3.253468134734938708e-07
3.028768084032563302e-07
2.809899981963641239e-07
2.598486910656867735e-07
2.395472947199067240e-07
2.201196957806879737e-07
2.015507798118315236e-07
1.837889517520042016e-07
1.667598877454924170e-07
1.503811965634452822e-07
1.345755259843851871e-07
1.192832603947577334e-07
1.044725996380626397e-07
9.014720136811091800e-08
7.635127613847257750e-08
6.317098769056611899e-08
5.073318986062514509e-08
3.920077424426749585e-08
2.876534073031757986e-08
1.963767303017332384e-08
1.203622318024058520e-08
6.174626836382467238e-09
2.248658660856212372e-09
4.234969267505276793e-10
8.219533225776407276e-10
3.514299759793172917e-09
8.510283763216536377e-09
1.575378370032645727e-08
2.512039736356195309e-08
3.641822522233700783e-08
4.939170081894678410e-08
6.372857046355352704e-08
7.906950897578245283e-08
9.501993170678573273e-08
1.111638646425748093e-07
1.270784513732621044e-07
1.423494132087242333e-07
1.565858635539008932e-07
1.694340221623832378e-07
1.805899104966252858e-07
1.898089148670973660e-07
1.969136565664298396e-07
2.017982204076420394e-07
2.044291666857998853e-07
2.048441780931468781e-07
2.031465006057376114e-07
1.994978659467287424e-07
1.941083239430426103e-07
1.872243577941641757e-07
1.791165978310165558e-07
1.700663945709068327e-07
1.603527084527979323e-07
1.502406061029804677e-07
1.399702803246283006e-07
1.297490828548157894e-07
1.197453299243894159e-07
1.100848453923586343e-07
1.008507335067620166e-07
9.208511755901337747e-08
8.379401735433063513e-08
7.595386738140362372e-08
6.851970776152842887e-08
6.143472015544254718e-08
5.463972269728261990e-08
4.808286994346654559e-08
4.172821796397659353e-08
3.556292304191317297e-08
2.960271602871292393e-08
2.389487580803280387e-08
1.851896348111453872e-08
1.358486991558260087e-08
9.228458106371438503e-09
5.605050961313917602e-09
2.881007273769504857e-09
1.224022442219556770e-09
7.926254878587127566e-10
1.725554343238700164e-09
4.131634418115895122e-09
8.080767660486048765e-09
1.359661284216996864e-08
2.065140732023482622e-08
2.916323985973335718e-08
3.899610564954573095e-08
4.996255921777386861e-08
6.182918976338418340e-08
7.432437415285694651e-08
8.714794760852386170e-08
9.998271333520678444e-08
1.125063846079470106e-07
1.244043784483363140e-07
1.353819035080799084e-07
1.451749944699544522e-07
1.535606314079301071e-07
1.603639764499673387e-07
1.654642013998060823e-07
1.687971164219323863e-07
1.703551009169441462e-07
1.701852019404207114e-07
1.683837384308177223e-07
1.650899726729049786e-07
1.604774018156128296e-07
1.547439481523720116e-07
1.481022957803881796e-07
1.407691598599770690e-07
1.329561319238874113e-07
1.248608550866150470e-07
1.166596979096253466e-07
1.085027382114278722e-07
1.005098688340005139e-07
9.276973356936444354e-08
8.534011695974805080e-08
7.825022260771194122e-08
7.150489705110839405e-08
6.508950240966934039e-08
5.897615449472381468e-08
5.312998734490450958e-08
4.751541945186028404e-08
4.210219506821358291e-08
3.687023728911797895e-08
3.181370899583967798e-08
2.694350777926759959e-08
2.228833902150161339e-08
1.789442174320793651e-08
1.382359748926908449e-08
1.015034526309713935e-08
6.957666416749431863e-09
4.332267296454466018e-09
2.359361186633492920e-09
1.117353439150040378e-09
6.728244137678166429e-10
1.076058413079546534e-09
2.357403746497553198e-09
4.524658435938805870e-09
7.561595043917723688e-09
1.142770827151676467e-08
1.605914088395178819e-08
2.137067507803254189e-08
2.725874711477185744e-08
3.360508320797800700e-08
4.028099723365984618e-08
4.715185836783858796e-08
5.408151879006002827e-08
6.093675804984186105e-08
6.759095535367191864e-08
7.392755984280831784e-08
7.984260556132062660e-08
8.524640575102824236e-08
9.006486925810369159e-08
9.423949126033864222e-08
9.772730427851393885e-08
1.004998759059255365e-07
1.025418686085513274e-07
1.038498447622519870e-07
1.044302218507162009e-07
1.042980097154059511e-07
1.034751853483987608e-07
1.019892943270806430e-07
9.987285247962269479e-08
9.716228431283984463e-08
9.389791405845590479e-08
9.012369353586805364e-08
8.588713737467892365e-08
8.123980899538254567e-08
7.623714704257151880e-08
7.093886796457855958e-08
6.540877709302971990e-08
5.971440976480262070e-08
5.392674521263596000e-08
4.811916493768466481e-08
4.236661983161829007e-08
3.674427333759460191e-08
3.132604206059381103e-08
2.618324108512547546e-08
2.138296424366262818e-08
1.698681249999716769e-08
1.304963974760506516e-08
9.618593446880344813e-09
6.732522017615949808e-09
4.421617718668216111e-09
2.707476095152920381e-09
1.603415158584469370e-09
1.115074701026827277e-09
1.241211795024864151e-09
1.974592944682423949e-09
3.302901476497343210e-09
5.209574843595815628e-09
7.674458509785955609e-09
1.067425289164960646e-08
1.418266753346980404e-08
1.817025095889507977e-08
2.260401025509243742e-08
2.744666433446570583e-08
3.265586105142758894e-08
3.818322226872107991e-08
4.397337041914390914e-08
4.996331498746976215e-08
5.608179529401043294e-08
6.224935192334687675e-08
6.837864633923245297e-08
7.437526217293702286e-08
8.013945444694793904e-08
8.556790097234163517e-08
9.055656168326965249e-08
9.500356774391317021e-08
9.881235966192631455e-08
1.018954947269426861e-07
1.041776439523676851e-07
1.055991708440134198e-07
1.061187683617091720e-07
1.057154991196861666e-07
1.043906969786399310e-07
1.021681590054642490e-07
9.909429842616459922e-08
9.523678139184558821e-08
9.068228822272171857e-08
8.553398316264505103e-08
7.990751237862849847e-08
7.392724281286963544e-08
6.772167155434257865e-08
6.141879274978620843e-08
5.514196541737147174e-08
4.900557042101419682e-08
4.311174013770628117e-08
3.754745085234609029e-08
3.238251282571413000e-08
2.766867841103948415e-08
2.343937368657874706e-08
1.971061566719300960e-08
1.648255794160644940e-08
1.374175976930780029e-08
1.146405760570215742e-08
9.617616809351608461e-09
8.166215712417312163e-09
7.072348711598888557e-09
6.300048314621038385e-09
5.817276227210671653e-09
5.597649724572432322e-09
5.621530113686124844e-09
5.876339235255475560e-09
6.356150992678990969e-09
7.060650342672848736e-09
7.993478199663924202e-09
9.160212410322896914e-09
1.056606337400458745e-08
1.221349293488269268e-08
1.410001758346066710e-08
1.621621377787661751e-08
1.854428231597900141e-08
2.105712035196627354e-08
2.371802785842173507e-08
2.648123506034429425e-08
2.929292057176273808e-08
3.209305930967224503e-08
3.481765519268157290e-08
3.740132757492541972e-08
3.978032843468420751e-08
4.189528458882678873e-08
4.369412670677340457e-08
4.513447958587770393e-08
4.618555896644426949e-08
4.682974669727393707e-08
4.706307622594600596e-08
4.689540707881629472e-08
4.634959915484794202e-08
4.546001298929090846e-08
4.427070985495460093e-08
4.283277685068974585e-08
4.120176382552751643e-08
3.943470953994089940e-08
3.758722724004875401e-08
3.571104410444558338e-08
3.385155013969897989e-08
3.204619142898008022e-08
3.032322071283992312e-08
2.870111188158558411e-08
2.718881618300104843e-08
2.578636725723208197e-08
2.448631341858002405e-08
2.327542526941111229e-08
2.213674165348131815e-08
2.105193393558487580e-08
2.000347341389173329e-08
1.897687238782638704e-08
1.796250782420378652e-08
1.695705681791091448e-08
1.596455083368417769e-08
1.499671013176927147e-08
1.407286456040809471e-08
1.321920512027036530e-08
1.246753383003152650e-08
1.185366471429023044e-08
1.141537469474445038e-08
1.119027358559196045e-08
1.121352735644252043e-08
1.151565199249726531e-08
1.212057281944811068e-08
1.304388166528922630e-08
1.429160335020359229e-08
1.585935390881410764e-08
1.773198548162196906e-08
1.988383991971717818e-08
2.227932735237031729e-08
2.487410847732767897e-08
2.761653021079340752e-08
3.044930963247715198e-08
3.331155981101632795e-08
3.614075221496990072e-08
3.887462954885400998e-08
4.145325396430879331e-08
4.382051619508965777e-08
4.592578174239378262e-08
4.772500621529772359e-08
4.918152377294041450e-08
5.026685151521746310e-08
5.096073258745978275e-08
5.125140155576641991e-08
5.113530214550290074e-08
5.061661827058698437e-08
4.970701136611475466e-08
4.842475789277123464e-08
4.679433646944885011e-08
4.484565029632940528e-08
4.261326188425075403e-08
4.013593501772623435e-08
3.745574235674510314e-08
3.461761286711091839e-08
3.166858815031079901e-08
2.865709941893191929e-08
2.563243288826353946e-08
2.264385023236601171e-08
1.973997329194456100e-08
1.696794241765984448e-08
1.437259291421479772e-08
1.199574422447020269e-08
9.875345865629671295e-09
8.044831537688244072e-09
6.532459326324905726e-09
5.360792963371349955e-09
4.546368972217934731e-09
4.099462600295405458e-09
4.024090479524758657e-09
4.318156366046494468e-09
4.973770353283935970e-09
5.977746795610196510e-09
7.312173830381991067e-09
8.955115494587515923e-09
1.088131868696908365e-08
1.306289208038068829e-08
1.547000909443565212e-08
1.807139925834555345e-08
2.083485192158536582e-08
2.372749393198696668e-08
2.671589091378295232e-08
2.976618831984087209e-08
3.284388981102421398e-08
3.591384607266840285e-08
3.894004156137209804e-08
4.188537832252557796e-08
4.471183393667985050e-08
4.738034397644752286e-08
4.985131439096051912e-08
5.208505899093234204e-08
5.404243599466884921e-08
5.568608776803578039e-08
5.698131483169842822e-08
5.789767335989760742e-08
5.841026383994410144e-08
5.850099774182222841e-08
5.816018705924662217e-08
5.738730156178311732e-08
5.619206193791564588e-08
5.459472491573322025e-08
5.262592954473393405e-08
5.032644638779738543e-08
4.774582643281120469e-08
4.494113628854388004e-08
4.197486372556891528e-08
3.891249913645086173e-08
3.582017558274155368e-08
3.276174194529617337e-08
2.979631082045194542e-08
2.697571213741923756e-08
2.434233507616824807e-08
2.192765335944916279e-08
1.975105881329384944e-08
1.781965723893216212e-08
1.612860812866797652e-08
1.466221544258052828e-08
1.339580975812397676e-08
1.229803173225911300e-08
1.133372750354936081e-08
1.046700606559265213e-08
9.664388322870772422e-09
8.897903328014223692e-09
8.147730919044576109e-09
7.404425191469664737e-09
6.670367297835864694e-09
5.960404353350933430e-09
5.301635677658554531e-09
4.732200011942782249e-09
4.299245013838445935e-09
4.056060301661301523e-09
4.058578412035947509e-09
4.361466910244057905e-09
5.013970253711038163e-09
6.055856458714306723e-09
7.513658456304816751e-09
9.397483898586470860e-09
1.169869436662299388e-08
1.438849125814529526e-08
1.741774189042832220e-08
2.071794041161350478e-08
2.420332732970565905e-08
2.777429472149994024e-08
3.132151321946250548e-08
3.473109269618322641e-08
3.789005120361417734e-08
4.069192077344698543e-08
4.304251531391199639e-08
4.486477999399604625e-08
4.610333259692994507e-08
4.672763575728897209e-08
4.673387816384117364e-08
4.614581173953221510e-08
4.501355245850515945e-08
4.341146374501707608e-08
4.143430167374383569e-08
3.919219823817106808e-08
3.680505135808051566e-08
3.439582060392463267e-08
3.208404756917185861e-08
2.997919075159273005e-08
2.817450065777542130e-08
2.674199294423244256e-08
2.572823424891286950e-08
2.515189102402162690e-08
2.500263811554197700e-08
2.524174424124437992e-08
2.580448762063245261e-08
2.660393334576247180e-08
2.753604750339124807e-08
2.848609229140200256e-08
2.933541761400640951e-08
2.996892353276123162e-08
3.028222559663800569e-08
3.018832451460784214e-08
2.962365271373725436e-08
2.855253460191552681e-08
2.697051942736111247e-08
2.490576608692069761e-08
2.241864108350520813e-08
1.959970469486744056e-08
1.656566858745877177e-08
1.345409090415614923e-08
1.041660603915953261e-08
7.611266515043162912e-09
5.194430947595107317e-09
3.312423020835428673e-09
2.093634067298623408e-09
1.641336624473874253e-09
2.027699507809513683e-09
3.289343414466699856e-09
5.424684829737742941e-09
8.393323818997738114e-09
1.211754413065636896e-08
1.648590701640001666e-08
2.135899173721284262e-08
2.657682446190541019e-08
3.196808912268784274e-08
3.736043545650402094e-08
4.259151590505166283e-08
4.752069369542836710e-08
5.204011118257632432e-08
5.608563197302543367e-08
5.964627126108250776e-08
6.277193272940513052e-08
6.557961184223560478e-08
6.825640309443824965e-08
7.106059033636734332e-08
7.431927983316511033e-08
7.842295266674756768e-08
8.381761982358867422e-08
9.099304813384319813e-08
1.004692554990753427e-07
1.127799159918382364e-07
1.284536108128703695e-07
1.479945583161154297e-07
1.718608855326353732e-07
2.004442943694110257e-07
2.340491142300487190e-07
2.728721278131503264e-07
3.169864325172863651e-07
3.663247742164861303e-07
4.206697923623558318e-07
4.796459908582569767e-07
5.427154345941016951e-07
6.091827406886978124e-07
6.781987586263381614e-07
7.487766662544283568e-07
8.198086592396593296e-07
8.900865144311229937e-07
9.583341176184746437e-07
1.023232720768981936e-06
1.083460959149773663e-06
1.137729054591210436e-06
1.184812887580842385e-06
1.223598079630459478e-06
1.253107034548679161e-06
1.272538882760461421e-06
1.281294622807033820e-06
1.278996524820653213e-06
1.265512890965307502e-06
1.240958362679521174e-06
1.205703873219246561e-06
1.160366945695119907e-06
1.105794469599925077e-06
1.043048368589358453e-06
9.733685296057788505e-07
8.981448201616489146e-07
8.188738683983825463e-07
7.371133961032077864e-07
6.544418991666362447e-07
5.724068597439302073e-07
4.924846169462785692e-07
4.160362407996261851e-07
3.442692038910981612e-07
2.782085966546582027e-07
2.186697137450884853e-07
1.662434821570144609e-07
1.212869695382425462e-07
8.392335351515526073e-08
5.405125207494882326e-08
3.136024647156962870e-08
1.535470620095289867e-08
5.382663941666295659e-09
6.695138078807725884e-10
3.546805723216216297e-10
3.529565420492587410e-09
9.275280639427503132e-09
1.669856162795319772e-08
2.496433759955748764e-08
3.332394737384541684e-08
4.113758414308979252e-08
4.789085907953446795e-08
5.320452821435913822e-08
5.683741440720420158e-08
5.868341651237900821e-08
5.876185702645973873e-08
5.720351523522156047e-08
5.423200178172778813e-08
5.014218079482983463e-08
4.527738511173077540e-08
4.000538468995867101e-08
3.469580573902990945e-08
2.969887740070532110e-08
2.532702803057009544e-08
2.184026155318774118e-08
1.943512718045425070e-08
1.823836227226376944e-08
1.830460603837414039e-08
1.961825512762817091e-08
2.209916803767175609e-08
2.561133423007524896e-08
2.997390795265631571e-08
3.497409272121263733e-08
4.038040168666569527e-08
4.595630564956252770e-08
5.147280126927808681e-08
5.671943433060161063e-08
6.151387473336210213e-08
6.570838649380895110e-08
6.919459059490926291e-08
7.190510913873902640e-08
7.381269685705089491e-08
7.492791167781495738e-08
7.529389660111923747e-08
7.498088431119555480e-08
7.407909216424522134e-08
7.269124555418713556e-08
7.092595843357463499e-08
6.889055297312947891e-08
6.668587216278884472e-08
6.440152147435865294e-08
6.211246784323121909e-08
5.987765989340782482e-08
5.773901216066026844e-08
5.572253424221921491e-08
5.383982449810569320e-08
5.209034184167885009e-08
5.046468158678375154e-08
4.894721523641039674e-08
4.751944458263672752e-08
4.616251104322659349e-08
4.485924263134118465e-08
4.359606741980302189e-08
4.236357239688911008e-08
4.115711973348823106e-08
3.997643875489821633e-08
3.882479469233838613e-08
3.770827148038858141e-08
3.663431069213761564e-08
3.561088749065085656e-08
3.464546362101767907e-08
3.374425249984387829e-08
3.291220771742836351e-08
3.215286711558905817e-08
3.146909306458999640e-08
3.086375904200254098e-08
3.034063747465805346e-08
2.990565979457781520e-08
2.956759528220965667e-08
2.933895874283214064e-08
2.923621912463000409e-08
2.927952847189635511e-08
2.949221334486980400e-08
2.989925134000674017e-08
3.052570358174609223e-08
3.139443435507704110e-08
3.252356210822202472e-08
3.392417260921933026e-08
3.559767020219569762e-08
3.753400622751230093e-08
3.971014072498583718e-08
4.208922442162220272e-08
4.462110001230161015e-08
4.724313181392642660e-08
4.988268326986717086e-08
5.246006671999426665e-08
5.489221724948285335e-08
5.709750201509594648e-08
5.899998104931610724e-08
6.053453959936107038e-08
6.165110387681944686e-08
6.231816880153006257e-08
6.252604506905563618e-08
6.228790788639079813e-08
6.164047032976826893e-08
6.064250552384813520e-08
5.937190181110915044e-08
5.792200628872862635e-08
5.639581438405737544e-08
5.490025044363430903e-08
5.353928228908532155e-08
5.240696173329155472e-08
5.158138712866469981e-08
5.111856641627024901e-08
5.104832997886603915e-08
5.137119890144954081e-08
5.205704479543381935e-08
5.304625409155459242e-08
5.425201219316540589e-08
5.556532787999124071e-08
5.686114757414325005e-08
5.800577129055274206e-08
5.886579901028003980e-08
5.931652521608922066e-08
5.925114619216752200e-08
5.858862232120625709e-08
5.728030986173253234e-08
5.531555754362700770e-08
5.272426575979385221e-08
4.957808187558866956e-08
4.598850162578143531e-08
4.210260389796225149e-08
3.809704545936242296e-08
3.416935255144797519e-08
3.052842298348854156e-08
2.738356728994120742e-08
2.493324158426162152e-08
2.335432664461617350e-08
2.279181443103264048e-08
2.335037969443289671e-08
2.508762378930813992e-08
2.800966039459415462e-08
3.206958614693416580e-08
3.716822159594432372e-08
4.315800362774291269e-08
4.984905748508186584e-08
5.701730628034179829e-08
6.441486212729639986e-08
7.178069678252933200e-08
7.885283433186143865e-08
8.537985057605465278e-08
9.113156211176309668e-08
9.590949969429599167e-08
9.955420331927418135e-08
1.019520089693810873e-07
1.030384871572907549e-07
1.027994086127935070e-07
1.012705359783941400e-07
9.853341507634672861e-08
9.471099871914459048e-08
8.996048781187691022e-08
8.446509185308197500e-08
7.842606743055643756e-08
7.205355930359526246e-08
6.555781575264691556e-08
5.914189661448636568e-08
5.299413479396829283e-08
4.728301200738228700e-08
4.215264701353538497e-08
3.771985163477356977e-08
3.407307262904584180e-08
3.127188488666626054e-08
2.934827148455074241e-08
2.830832875733777943e-08
2.813464129515552405e-08
2.878935324054676640e-08
3.021687208362415233e-08
3.234702710969687167e-08
3.509770832341289627e-08
3.837719027285168704e-08
4.208657373999261729e-08
4.612131500350318701e-08
5.037323675957112391e-08
5.473200352031359324e-08
5.908653924859847265e-08
6.332725763998982629e-08
6.734753969193043867e-08
7.104655962428733247e-08
7.433172337601701780e-08
7.712128678644782848e-08
7.934803576523545012e-08
8.096161543147920569e-08
8.193202881721289199e-08
8.225176367371315971e-08
8.193720022176741206e-08
8.103009683183365154e-08
7.959646813856877721e-08
7.772568393144440489e-08
7.552724027604295102e-08
7.312625530952434233e-08
7.065869035402467111e-08
6.826422774718329846e-08
6.607982085085870620e-08
6.423206102431091625e-08
6.282973866962364675e-08
6.195779065877694706e-08
6.167113599966266961e-08
6.199115636155143339e-08
6.290324395129374194e-08
6.435643134580141159e-08
6.626600285752093558e-08
6.851713719351965674e-08
7.097177552012403516e-08
7.347644201887365852e-08
7.587131370674825258e-08
7.800096021944656821e-08
7.972385287400444717e-08
8.092274588927853437e-08
8.151294178923650886e-08
8.144873471195744179e-08
8.072856517554933005e-08
7.939597238018123180e-08
7.753914264383588680e-08
7.528648571898087770e-08
7.279944310138311503e-08
7.026377679788880483e-08
6.787752620113060228e-08
6.583906823876279197e-08
6.433377720305434854e-08
6.352108082436828038e-08
6.352350864638260349e-08
6.441651867833810264e-08
6.622220709179082187e-08
6.890544971304205747e-08
7.237357765791506492e-08
7.648060789392352542e-08
8.103373051570602703e-08
8.580437727878643843e-08
9.054104260644185126e-08
9.498388712199272820e-08
9.888147637054739070e-08
1.020057774298802772e-07
1.041678994238310018e-07
1.052306187340664545e-07
1.051179486967215099e-07
1.038224483530990236e-07
1.014064396215623514e-07
9.800087345152842999e-08
9.379854217292516228e-08
8.904335727023605144e-08
8.401739415222259752e-08
7.902355002092728790e-08
7.436828931367129294e-08
7.034272997573566582e-08
6.720448711289198593e-08
6.516219372432103102e-08
6.436151378461711214e-08
6.487617689807715897e-08
6.670252437027995553e-08
6.975880165385975375e-08
7.389012332488080187e-08
7.887672750861023845e-08
8.444763406963321408e-08
9.029669272701050838e-08
9.610076581242947018e-08
1.015401730893333226e-07
1.063172194041291322e-07
1.101751567265160960e-07
1.129133612343226776e-07
1.143988572158920901e-07
1.145749897267323303e-07
1.134631036207914576e-07
1.111614327756639138e-07
1.078376653778633085e-07
1.037171778244440295e-07
9.906905417212127305e-08
9.418741955506354195e-08
8.937335485161105709e-08
8.491527971170513624e-08
8.107054489761654921e-08
7.805041394211693852e-08
7.600674412268918676e-08
7.502442483581657683e-08
7.511745372314680742e-08
7.622994614605176458e-08
7.824278404245649932e-08
8.098371521685585735e-08
8.424097910851784739e-08
8.778054991867530050e-08
9.136316463388925067e-08
9.476309465593425078e-08
9.778464825422048029e-08
1.002762073765245950e-07
1.021421276372742903e-07
1.033484960367702356e-07
1.039261135792917089e-07
1.039672753423445110e-07
1.036178164274680703e-07
1.030663308387976137e-07
1.025279870032026936e-07
1.022280825959866889e-07
1.023832021160768815e-07
1.031826803488935811e-07
1.047730389701784618e-07
1.072432722476409846e-07
1.106160818532244722e-07
1.148424744169010032e-07
1.198014537654422908e-07
1.253064882325990265e-07
1.311146870068895767e-07
1.369426824449413733e-07
1.424843676799852404e-07
1.474307017559213643e-07
1.514922190040254360e-07
1.544180699961480805e-07
1.560158434925307050e-07
1.561660251994728527e-07
1.548318616112293956e-07
1.520659259317534730e-07
1.480077990846013560e-07
1.428789033915705836e-07
1.369697286618828022e-07
1.306223312097887524e-07
1.242108576421583722e-07
1.181169650051721588e-07
1.127069336799972823e-07
1.083077533659504702e-07
1.051856248575329916e-07
1.035295939149022237e-07
1.034379834582100638e-07
1.049127406085712202e-07
1.078587253583810907e-07
1.120893724193752682e-07
1.173397935231466535e-07
1.232829813332768294e-07
1.295523298507643358e-07
1.357653847293369666e-07
1.415485166342684721e-07
1.465627520901005231e-07
1.505246029942918933e-07
1.532258263148704717e-07
1.545462325189280986e-07
1.544604012518447793e-07
1.530399134752111604e-07
1.504459696538360770e-07
1.469188478887020129e-07
1.427599645758840864e-07
1.383098505533509916e-07
1.339253354082757311e-07
1.299529758994862973e-07
1.267060110674680900e-07
1.244420072570408787e-07
1.233446368303854942e-07
1.235123821884407272e-07
1.249509944632687586e-07
1.275750373367631518e-07
1.312144628763447950e-07
1.356272824625030887e-07
1.405191541357908084e-07
1.455642722753211241e-07
1.504311863337291732e-07
1.548073737227012898e-07
1.584223836254907656e-07
1.610699436506984168e-07
1.626224370691865071e-07
1.630426251081408312e-07
1.623866751194903249e-07
1.608001993419090226e-07
1.585096028294103938e-07
1.558041463686461395e-07
1.530161087160302425e-07
1.504953295975225588e-07
1.485820590901050378e-07
1.475819074246205921e-07
1.477399821975201811e-07
1.492218269452201746e-07
1.520979180356766143e-07
1.563347946156370428e-07
1.617955084298748492e-07
1.682446808741876979e-07
1.753637857152007084e-07
1.827707909576346930e-07
1.900446551436571829e-07
1.967554562598123519e-07
2.024922863592859019e-07
2.068939455915394731e-07
2.096743190212267990e-07
2.106428436168447577e-07
2.097212702065801150e-07
2.069488958594273938e-07
2.024836233581451019e-07
1.965921092466109586e-07
1.896323191868794293e-07
1.820319837140287266e-07
1.742583647938927418e-07
1.667886029810820895e-07
1.600768330361307340e-07
1.545229504229732780e-07
1.504470587512722685e-07
1.480665832488876823e-07
1.474835771929542111e-07
1.486784305164318332e-07
1.515124352518824292e-07
1.557408523235689786e-07
1.610310451459131899e-07
1.669899195753065636e-07
1.731940880858309707e-07
1.792222563610504579e-07
1.846896362030428215e-07
1.892765173667637868e-07
1.927551748761656963e-07
1.950076058293452232e-07
1.960346949997561606e-07
1.959583720363446349e-07
1.950105604355026950e-07
1.935165651053228381e-07
1.918681162415700165e-07
1.904903298089080036e-07
1.898069829428415200e-07
1.902025876736739531e-07
1.919862503279818142e-07
1.953623721041619432e-07
2.004050032053759076e-07
2.070448588012093117e-07
2.150647217936104412e-07
2.241061331282067890e-07
2.336899551477106270e-07
2.432434335027216895e-07
2.521398593420772183e-07
2.597417870127058572e-07
2.654472892778204513e-07
2.687391762083907366e-07
2.692260810320696278e-07
2.666813089075741869e-07
2.610687433681400941e-07
2.525566228839381809e-07
2.415206142855851110e-07
2.285280114188523464e-07
2.143122854818743389e-07
1.997319905675084167e-07
1.857195611080452401e-07
1.732250634393810115e-07
1.631529800664774077e-07
1.563027260282845266e-07
1.533117337848773528e-07
1.546074060176010995e-07
1.603729715298038654e-07
1.705257199514778148e-07
1.847146987169088736e-07
2.023342870306083025e-07
2.225546613331728770e-07
2.443699947470094092e-07
2.666559734853733148e-07
2.882400102460917930e-07
3.079737258042892664e-07
3.248048878333462608e-07
3.378476879353901816e-07
3.464382454056106309e-07
3.501814605588487062e-07
3.489772516560303257e-07
3.430274603893262198e-07
3.328263980545777802e-07
3.191262784674565966e-07
3.028903759428328151e-07
2.852279148575051039e-07
2.673188729725619316e-07
2.503363421204843708e-07
2.353645596100609007e-07
2.233267932988411801e-07
2.149213282405504166e-07
2.105732041829181028e-07
2.104071699095598245e-07
2.142387099509198906e-07
2.215905110682175074e-07
2.317282745747208116e-07
2.437156339486550391e-07
2.564868641427485522e-07
2.689267084558920675e-07
2.799586641015719537e-07
2.886295139308719422e-07
2.941860554881807148e-07
2.961411568841184466e-07
2.943170974902565906e-07
2.888707675553036779e-07
2.802913377507711037e-07
2.693727471291346676e-07
2.571647745372706833e-07
2.448991206535789468e-07
2.339028148089577711e-07
2.254985170351941343e-07
2.209013301296597602e-07
2.211212856558750150e-07
2.268736884256055781e-07
2.385102403730032469e-07
2.559716499601890660e-07
2.787678381778089377e-07
3.059905431795000062e-07
3.363529589944060930e-07
3.682617561767442844e-07
3.999115820144976111e-07
4.293982549653822299e-07
4.548472758735362258e-07
4.745406632104165721e-07
4.870437741782875489e-07
4.913142743601589016e-07
4.867885852018189758e-07
4.734432227930210155e-07
4.518158794374381071e-07
4.229953157797636169e-07
3.885696782718178371e-07
3.505398456349538251e-07
3.112050849865640494e-07
2.730203687855758932e-07
2.384428041931585217e-07
2.097702138448229954e-07
1.889858806277063491e-07
1.776210693851427692e-07
1.766412625034396677e-07
1.863690404983815127e-07
2.064462416249864053e-07
2.358404077859257871e-07
2.728977641692716503e-07
3.154366399132879785e-07
3.608809012109357932e-07
4.064213089290410252e-07
4.491957488177057087e-07
4.864799183531213848e-07
5.158688053928173850e-07
5.354450975721047890e-07
5.439152873938688043e-07
5.407062830621111182e-07
5.260187284807975923e-07
5.008236267156204227e-07
4.668114885496574476e-07
4.262876758696196343e-07
3.820237504205674489e-07
3.370760963781224140e-07
2.945771612162020427e-07
2.575203562743600201e-07
2.285474530107543708e-07
2.097560685433320609e-07
2.025417676832770369e-07
2.074842836789477833e-07
2.242884427049124307e-07
2.517863613215840934e-07
2.879996881192012174e-07
3.302629069778347401e-07
3.753979326317857841e-07
4.199302468745800680e-07
4.603349983374724499e-07
4.932919918617075430e-07
5.159379856974683652e-07
5.260933240623936731e-07
5.224480741017178287e-07
5.046957522347192440e-07
4.735971820876456232e-07
4.309745254017427542e-07
3.796270461356676757e-07
3.231741352012651588e-07
2.658346610553734147e-07
2.121513093299646368e-07
1.666810777111315899e-07
1.336683023773908047e-07
1.167237710204584364e-07
1.185323435249413691e-07
1.406092680156658790e-07
1.831257754694607046e-07
2.448181862469429022e-07
3.229912176245942370e-07
4.136212207384651866e-07
5.115555857411649809e-07
6.108031835328716521e-07
7.048990225241180125e-07
7.873239153692816943e-07
8.519575220730687921e-07
8.935320760123496292e-07
9.080643679187431325e-07
8.932316965279973225e-07
8.486674520580886827e-07
7.761557505804915558e-07
6.797019987736697031e-07
5.654748828485803391e-07
4.416111073531693689e-07
3.178901345086037979e-07
2.052918548511376782e-07
1.154551079582062084e-07
6.006610823096055116e-08
5.020696435484995704e-08
9.570054490184466568e-08
2.044883345445583471e-07
3.820773177912893905e-07
6.310898709737392030e-07
9.509451092554601816e-07
1.337693575955294353e-06
1.784021169958222977e-06
2.279424699952666914e-06
2.810558825670662756e-06
3.361737316641771648e-06
3.915567241730961805e-06
4.453688983020567418e-06
4.957579688447671934e-06
5.409387008250534267e-06
5.792744387685528124e-06
6.093528755967386583e-06
6.300522274872334010e-06
6.405939740351119400e-06
