1.973078214E-2
5.171797052E-2
5.044703186E-2
4.714799672E-2
5.670500919E-2
6.759414077E-2
9.334769100E-2
-9.657692909E-2
1.497200970E-2
1.956369169E-2
1.234396175E-2
5.658331141E-2
3.118959628E-2
6.789410859E-2
-8.101783693E-2
-1.081712618E-1
-9.571385384E-2
9.433838725E-2
-2.997977287E-2
2.109315619E-2
1.156771742E-2
2.981274948E-2
3.206320107E-2
2.060570195E-2
3.619045019E-2
3.228949383E-2
6.977222860E-2
5.452165753E-2
5.240869522E-2
-1.384507492E-2
-2.700767852E-2
3.803300671E-3
2.407314442E-2
4.313323274E-2
1.328795403E-2
1.781780086E-2
1.471676957E-2
4.006246477E-2
4.707365856E-2
5.115880817E-2
-2.155818045E-2
1.418787148E-2
1.244263723E-2
7.118127309E-3
1.213345490E-2
1.494306512E-2
1.591797546E-2
2.483886480E-2
2.692683041E-2
5.276787281E-2
5.368226022E-2
8.868693560E-2
-1.004311815E-1
-6.822756678E-2
-6.644878536E-2
-7.870357484E-2
-3.510956466E-2
-5.904157087E-2
-3.563451767E-2
-3.121781722E-2
6.015008688E-2
8.953817189E-2
7.318770140E-2
-8.364917338E-2
-5.737593770E-2
-6.010134146E-2
-5.273688957E-2
-5.342827365E-2
-4.261742532E-2
-3.145332262E-2
-3.894017078E-3
-2.359289909E-3
-6.118742749E-2
-8.859937638E-2
-6.663429737E-2
-7.143384963E-2
-6.945113838E-2
-1.600540243E-2
1.406814530E-2
4.341149703E-2
4.262538627E-2
7.110697031E-2
6.796318293E-2
1.047551930E-1
7.434681058E-2
-8.079746366E-2
4.384895787E-2
1.281826012E-2
5.386250839E-2
6.220779195E-2
7.600323111E-2
-1.106230095E-1
-6.813941896E-2
-5.167119950E-2
-6.788089126E-2
-1.670928486E-2
-2.838912979E-2
8.348935284E-3
1.526803523E-2
8.812012384E-4
3.546683490E-2
7.597560436E-2
-1.456165016E-1
8.320980519E-2
8.640885353E-2
-8.220785856E-2
-7.299094647E-2
-2.702478319E-2
-2.574595250E-2
-1.288397890E-2
2.253578603E-2
2.189768851E-2
8.905400336E-2
6.777438521E-2
8.055018634E-2
7.102342695E-2
9.658949822E-2
-1.093454957E-1
-8.443331718E-2
-8.812705427E-2
-4.343840480E-2
-1.173342671E-2
-1.250190586E-1
-9.522968531E-2
-7.552032173E-2
-6.389770657E-2
-3.569371998E-2
-3.101520427E-2
9.112022817E-3
2.973578125E-2
3.818763420E-2
5.513344333E-2
7.013206184E-2
7.554735243E-2
1.009910628E-1
9.503700584E-2
-8.746527135E-2
-7.261005789E-2
-4.418504611E-2
2.198912576E-2
2.049650066E-2
2.486254647E-2
3.306837007E-2
1.477597468E-2
5.670171976E-2
3.290127963E-2
6.518185884E-2
8.662264794E-2
-8.745276928E-2
-8.768564463E-2
-5.860740319E-2
-6.054604053E-2
6.614887714E-2
6.999655068E-2
6.069806218E-2
-9.055446088E-2
9.230436385E-2
-5.216786265E-2
-3.488458693E-2
-2.010173537E-2
1.846050471E-2
2.318243869E-2
1.567062922E-2
5.324216932E-2
4.249776527E-2
6.866509467E-2
-7.455725223E-2
-7.224496454E-2
-5.492024124E-2
-4.754723608E-2
2.220513998E-4
-7.173978258E-3
1.754150912E-2
4.538433999E-2
7.714851946E-2
7.355082780E-2
1.044644266E-1
-7.750105858E-2
-5.100810155E-2
-5.847846717E-2
-2.004516125E-2
2.831814997E-2
3.034954146E-2
2.720048837E-2
6.745073199E-2
8.315455168E-2
8.939278871E-2
-6.583436579E-2
-3.717779368E-2
-4.417386279E-2
-3.067773581E-2
-1.453448460E-2
3.330847993E-2
4.405091330E-2
7.226673514E-2
5.242842808E-2
-7.587423176E-2
-6.272347271E-2
-3.444975615E-2
-1.427464094E-2
-1.148542389E-2
-1.596264355E-2
2.236935496E-2
5.437101424E-2
8.724759519E-2
-7.857266814E-2
-7.594856620E-2
-1.907946169E-2
-1.080475897E-1
-9.394559264E-2
-4.368640855E-2
-2.169698291E-2
-1.308922283E-2
2.139839157E-2
2.211411484E-2
5.289614946E-2
7.199899852E-2
-1.043702960E-1
-7.265150547E-2
-5.219285935E-2
-3.624498472E-2
-2.104901709E-2
1.104605477E-2
2.649726346E-2
-7.465066016E-2
-4.322592169E-2
-1.303466037E-3
1.461217366E-2
2.271537483E-2
1.554235164E-2
6.569036841E-2
9.585206211E-2
1.015232503E-1
-8.294463158E-2
-6.144332513E-2
-4.537046328E-2
-1.296226121E-2
-1.228271890E-2
2.332518809E-2
5.053255334E-2
6.961631775E-2
-1.535157710E-1
1.034342647E-1
-7.603672147E-2
-4.693282023E-2
-5.085614324E-2
-1.932351850E-2
-5.643852055E-2
2.217463590E-2
1.817895100E-2
6.288535893E-2
-7.946933620E-3
-3.398010042E-3
4.799223971E-4
1.245118864E-2
3.228751943E-2
4.666448757E-2
-1.228468865E-1
-7.680967450E-2
-8.888487518E-2
-6.727436930E-2
-2.931272984E-2
3.213881282E-3
1.706392132E-2
-7.201471925E-2
4.418971390E-2
5.879363418E-2
1.042631343E-1
7.481057942E-2
1.050242484E-1
-8.092376590E-2
-6.236758083E-2
-5.912051350E-2
-4.868200049E-2
-1.825190522E-2
1.295048464E-2
2.117735893E-2
3.900926933E-2
4.439429939E-2
6.434509903E-2
9.967473894E-2
9.101566672E-2
2.210358903E-2
2.899111435E-2
6.794081628E-2
8.052979410E-2
8.614309132E-2
-1.009166613E-1
-6.774998456E-2
-4.395743459E-2
-2.992320061E-2
-1.532783266E-2
2.432509512E-2
4.506924003E-2
5.897914246E-2
5.874232203E-2
1.036388502E-1
-7.727608085E-2
-7.766222954E-2
-3.780010715E-2
-9.004073218E-3
