3.157251277098462609e-08
2.898930272039503591e-08
2.672022239227602745e-08
2.484440917076303860e-08
2.342585824089846830e-08
2.251093106872693652e-08
2.212653832716614022e-08
2.227908685729919979e-08
2.295425160818091460e-08
2.411760042984566545e-08
2.571606344986172981e-08
2.768020064372487451e-08
2.992718399390621303e-08
3.236437473203502743e-08
3.489334462004288486e-08
3.741416495544839933e-08
3.982976941009077224e-08
4.205018784844909309e-08
4.399644940045449936e-08
4.560396524528849398e-08
4.682522382153573918e-08
4.763166212101233221e-08
4.801461606040277328e-08
4.798529934139246890e-08
4.757380996646464082e-08
4.682721347231203475e-08
4.580680065642197680e-08
4.458466379415405048e-08
4.323976957593351235e-08
4.185374016171866226e-08
4.050656253703800572e-08
3.927245683198394679e-08
3.821612569255952189e-08
3.738957927554554259e-08
3.682970572428348175e-08
3.655671038335165482e-08
3.657349772669998148e-08
3.686602122163009226e-08
3.740456366406409582e-08
3.814586436222494382e-08
3.903596273886197019e-08
4.001358112761194461e-08
4.101384939227902419e-08
4.197215200693489271e-08
4.282787376402857626e-08
4.352783617320596077e-08
4.402922712406013761e-08
4.430186786493078242e-08
4.432970389739178420e-08
4.411144347331437042e-08
4.366033100413614608e-08
4.300308650091592132e-08
4.217808995032659103e-08
4.123293977909262624e-08
4.022153456062886470e-08
3.920086192866286909e-08
3.822769060438947088e-08
3.735535039973878812e-08
3.663078725837215448e-08
3.609205045579733525e-08
3.576633847175392728e-08
3.566870050715978963e-08
3.580143616026785581e-08
3.615420395377342790e-08
3.670480853811931849e-08
3.742058796521603192e-08
3.826030491980063200e-08
3.917641418560799294e-08
4.011756698726771168e-08
4.103120835109025186e-08
4.186612049668947050e-08
4.257479866133378911e-08
4.311552981558782764e-08
4.345410399882444394e-08
4.356509472010623489e-08
4.343268045482791981e-08
4.305100720356177534e-08
4.242410894307385533e-08
4.156544800745678093e-08
4.049711216613629903e-08
3.924875545110603170e-08
3.785634898639565863e-08
3.636081426627638493e-08
3.480660352160272789e-08
3.324028162212666676e-08
3.170915255224689823e-08
3.025995381297018156e-08
2.893764978620854171e-08
2.778431119715913995e-08
2.683809407529283018e-08
2.613230733908279074e-08
2.569456470224166740e-08
2.554601964686559071e-08
2.570068258568877721e-08
2.616484422924860982e-08
2.693660950668530798e-08
2.800558261592469130e-08
2.935273286771856927e-08
3.095047959705244766e-08
3.276303256409520056e-08
3.474701867851112260e-08
3.685241688405907180e-08
3.902379970130962866e-08
4.120188777208503123e-08
4.332536037096457902e-08
4.533288601659184986e-08
4.716529166280324410e-08
4.876777959448184461e-08
5.009208852891603018e-08
5.109847552691664546e-08
5.175743270363435579e-08
5.205099783370750737e-08
5.197359537168969668e-08
5.153232998100707332e-08
5.074669579029584465e-08
4.964769623049871304e-08
4.827640512802254657e-08
4.668203736806408127e-08
4.491961822165308236e-08
4.304740656737476795e-08
4.112418493526466751e-08
3.920660472289974055e-08
3.734673807244401420e-08
3.558999109552343604e-08
3.397351219763925667e-08
3.252518939117227480e-08
3.126332072726515818e-08
3.019694951667350389e-08
2.932685728604223144e-08
2.864713129929398036e-08
2.814719006102444719e-08
2.781411242403888723e-08
2.763508921700607994e-08
2.759980269889970482e-08
2.770252861560049922e-08
2.794380186009656571e-08
2.833143924441606692e-08
2.888086673197908160e-08
2.961460969526369995e-08
3.056099125267794050e-08
3.175206256541906149e-08
3.322084285234422045e-08
3.499809527464615228e-08
3.710876060480956367e-08
3.956837912533360477e-08
4.237966785716041997e-08
4.552958951273042666e-08
4.898713344512239142e-08
5.270197648349634237e-08
5.660429050391936384e-08
6.060566799819609138e-08
6.460134269634940608e-08
6.847350964930837934e-08
7.209574780722019638e-08
7.533830718942306122e-08
7.807392968444604047e-08
8.018406158085913823e-08
8.156490962232159500e-08
8.213321214901566065e-08
8.183115154815347265e-08
8.063033246197481477e-08
7.853433095707502048e-08
7.557981077716681579e-08
7.183601556557632345e-08
6.740254687322071020e-08
6.240567660199328946e-08
5.699314638492567216e-08
5.132791182539964920e-08
4.558095695058584405e-08
3.992373363078471943e-08
3.452047156404570019e-08
2.952089920527146760e-08
2.505371665178238601e-08
2.122116319163337679e-08
1.809504836045488359e-08
1.571438547473067760e-08
1.408482775260681726e-08
1.317987094141041982e-08
1.294378920360588769e-08
1.329610589399404779e-08
1.413732050721494630e-08
1.535558021393432777e-08
1.683385690329242974e-08
1.845724465401668037e-08
2.011989687293260827e-08
2.173122518622805176e-08
2.322097754947489109e-08
2.454286701497932182e-08
2.567658804570831313e-08
2.662803129175645069e-08
2.742776043605358241e-08
2.812776609260622164e-08
2.879677872563068128e-08
2.951434639550603033e-08
3.036411087536613493e-08
3.142667476811379179e-08
3.277247541663153153e-08
3.445519503321235288e-08
3.650603665739456659e-08
3.892935085438683745e-08
4.169980998249461674e-08
4.476146461375789836e-08
4.802867552658196541e-08
5.138902128484961761e-08
5.470803588973926700e-08
5.783549596558528365e-08
6.061307353244673868e-08
6.288278386407668116e-08
6.449595555334091518e-08
6.532204005576117854e-08
6.525691545272211273e-08
6.423014202246883174e-08
6.221066327066381513e-08
5.921075861572408712e-08
5.528776814106070862e-08
5.054363555765059145e-08
4.512202834914663110e-08
3.920327118023950632e-08
3.299722012367111652e-08
2.673435980582938852e-08
2.065563559931523949e-08
1.500139510522855407e-08
1.000008431169045322e-08
5.857188574585422946e-09
2.745049204292501898e-09
7.940488748715648204e-10
8.567226517802258871e-11
6.478187174504410939e-10
2.452657806932819305e-09
5.417189773418543492e-09
9.406534349219540952e-09
1.423984535667686290e-08
1.969858838481857329e-08
2.553683714707549881e-08
3.149306787627686665e-08
3.730291863653691551e-08
4.271228159815314658e-08
4.749001670386499225e-08
5.143973374992901107e-08
5.440988944827440281e-08
5.630180294508118643e-08
5.707497667932660985e-08
5.674953285724316676e-08
5.540553068382210174e-08
5.317907541218228276e-08
5.025551112581173905e-08
4.685981114391858724e-08
4.324480108801807268e-08
3.967762103223446213e-08
3.642524789393001122e-08
3.373977152905595117e-08
3.184418204509053063e-08
3.091954894552870754e-08
3.109420838133503406e-08
3.243572071750294527e-08
3.494600647009744515e-08
3.856013284842867052e-08
4.314882023301781780e-08
4.852473459570111342e-08
5.445231281320256087e-08
6.066063142784915422e-08
6.685884009682001364e-08
7.275320986481979889e-08
7.806510059893637167e-08
8.254864897649313254e-08
8.600741314266888252e-08
8.830873975318981600e-08
8.939515991660559500e-08
8.929196177335583171e-08
8.811024118580987241e-08
8.604529930738183754e-08
8.336995946210443093e-08
8.042324932198828044e-08
7.759456197996057722e-08
7.530419750302709619e-08
7.398108342109696621e-08
7.403868960657229979e-08
7.585056826167303143e-08
7.972663555939126136e-08
8.589160920977634867e-08
9.446690087336887184e-08
1.054570243567224964e-07
1.187414699038029465e-07
1.340728675270763955e-07
1.510814404397994472e-07
1.692862737021200978e-07
1.881126843181114060e-07
2.069154140296123941e-07
2.250060376118422307e-07
2.416840959264231312e-07
2.562698804972025094e-07
2.681373864237078615e-07
2.767460265501792100e-07
2.816685396084226024e-07
2.826146583897921976e-07
2.794482408510233715e-07
2.721974766822437114e-07
2.610564507866713905e-07
2.463789641713655787e-07
2.286637922297391070e-07
2.085322600728727269e-07
1.866993390852086643e-07
1.639389417815171400e-07
1.410460889861667176e-07
1.187971910026671939e-07
9.791084278888388891e-08
7.901138795532472603e-08
6.259701494477780887e-08
4.901477690439716891e-08
3.844379215970069356e-08
3.088806814914418514e-08
2.617956049503732730e-08
2.399189927161587633e-08
2.386432427159875727e-08
2.523501055324246846e-08
2.748239481925844976e-08
2.997252818580474518e-08
3.211026224780683918e-08
3.339158409853460680e-08
3.345439600858081119e-08
3.212480135490160778e-08
2.945630895763685988e-08
2.575935057430234569e-08
2.161901497947458318e-08
1.789936819478397963e-08
1.573321206956395796e-08
1.649696163050414435e-08
2.177082872469716151e-08
3.328534688082684974e-08
5.285583182879500045e-08
8.230714264419692805e-08
1.233915231665246798e-07
1.777027760435356881e-07
2.465905513987087051e-07
3.310779704212899073e-07
4.317869317968511834e-07
5.488740876659911624e-07
6.819815616296283036e-07
8.302035077181066171e-07
9.920727518945876424e-07
1.165567463727640407e-06
1.348138817181243184e-06
1.536761080401940114e-06
1.727999003998742581e-06
1.918096060419044144e-06
2.103077011505222509e-06
2.278862581700165909e-06
2.441395029604680838e-06
2.586763223664098449e-06
2.711332038880436698e-06
2.811863881165369502e-06
2.885634049525761089e-06
2.930526232531564010e-06
2.945115976535265860e-06
2.928729946925264073e-06
2.881481172188873267e-06
2.804281502515007901e-06
2.698821070887030570e-06
2.567527113201955920e-06
2.413493320991003316e-06
2.240388506033566850e-06
2.052339009071257254e-06
1.853799154363076906e-06
1.649406232658513894e-06
1.443828024630441604e-06
1.241609708647155365e-06
1.047021144938578080e-06
8.639168621230650679e-07
6.956093945947868981e-07
5.447631593377540040e-07
4.133139047723264547e-07
3.024157509998104992e-07
2.124213045798060806e-07
1.428945851917747577e-07
9.265833698325752013e-08
5.987429916067464262e-08
4.215502698992029597e-08
3.670322533577942130e-08
4.047410466086324727e-08
5.035488532080463276e-08
6.335447604209897239e-08
7.679585812356614174e-08
8.850292287022533477e-08
9.697358321893173379e-08
1.015306637479665739e-07
1.024431359844811155e-07
1.010104455449227404e-07
9.960411193061512973e-08
1.016622142842229868e-07
1.116336263784107107e-07
1.348714592904922401e-07
1.774764324091048690e-07
2.460936664385290864e-07
3.476676476266867791e-07
4.891632300647713767e-07
6.772613068163972383e-07
9.180397668887028177e-07
1.216652630616727273e-06
1.577017506647672813e-06
2.001527586456201921e-06
2.490798256213496735e-06
3.043464325216034306e-06
3.656031670282151888e-06
4.322801680787581917e-06
5.035869092441501991e-06
5.785199182522216881e-06
6.558792554478488577e-06
7.342919391917904371e-06
8.122440623668602091e-06
8.881192347909992976e-06
9.602427276023400989e-06
1.026931038019582644e-05
1.086542479695203277e-05
1.137530795079243362e-05
1.178496930951099569e-05
1.208239570311225718e-05
1.225798829986945752e-05
1.230495987529690131e-05
1.221964121918596141e-05
1.200169405051022387e-05
1.165423149961767863e-05
1.118380223997058852e-05
1.060028306767603950e-05
9.916641842038710262e-06
9.148602084996093275e-06
8.314185380267128636e-06
7.433185452703940704e-06
6.526559540633213552e-06
5.615768316761275446e-06
4.722091459925665245e-06
3.865925502799574629e-06
3.066113113856221760e-06
2.339310587054478366e-06
1.699425200248061563e-06
1.157145979889084673e-06
7.195824668675032858e-07
3.900361465945257681e-07
1.679111399865426636e-07
4.877528820709425254e-08
2.457391097134530914e-08
8.399542549880896617e-08
2.129810059743704920e-07
3.953665562258114928e-07
6.136405278146694994e-07
8.497955253205134215e-07
1.086250027011397855e-06
1.306811449264233465e-06
1.497652437655221085e-06
1.648265662086315320e-06
1.752370452529178023e-06
1.808737274423563742e-06
1.821902044452744701e-06
1.802745775781127477e-06
1.768911230506624161e-06
1.745044646935780169e-06
1.762842624141358487e-06
1.860899072485723913e-06
2.084343088348440258e-06
2.484276153940937008e-06
3.117010932681084611e-06
4.043125506530575798e-06
5.326354733604541347e-06
7.032330524457588131e-06
9.227210511748002141e-06
1.197621282113589926e-05
1.534210571626417265e-05
1.938365442536856158e-05
2.415409950330782459e-05
2.969967323744228738e-05
3.605819241325058125e-05
4.325779772687119611e-05
5.131577497262685550e-05
6.023760835957656795e-05
7.001620051440611981e-05
8.063129852316076158e-05
9.204922414708343443e-05
1.042227029990373122e-04
1.170910794040226578e-04
1.305806873236638448e-04
1.446055967205776426e-04
1.590683612950233067e-04
1.738612143372923887e-04
1.888673552277710327e-04
2.039624000431508914e-04
2.190161724309181953e-04
2.338942541764220504e-04
2.484599914291108738e-04
2.625763373376445138e-04
2.761079972265324074e-04
2.889230947177370834e-04
3.008952659380656480e-04
3.119054488539168874e-04
3.218435541487066191e-04
3.306102932838087590e-04
3.381182618087437289e-04
3.442934137766753768e-04
3.490760405928350048e-04
3.524215176472131317e-04
3.543011323997637954e-04
3.547020271268553205e-04
3.536275284453864833e-04
3.510968451710568526e-04
3.471449025027984283e-04
3.418213038006731683e-04
3.351897089900529787e-04
3.273266898001467068e-04
3.183204095672008752e-04
3.082694327293481894e-04
2.972808253775475313e-04
2.854687363977026753e-04
2.729525669196697086e-04
2.598554056414604965e-04
2.463019605315373774e-04
2.324170160588844545e-04
2.183236921530341639e-04
2.041418011382741243e-04
1.899864975619197866e-04
1.759666888809836177e-04
1.621839765396174149e-04
1.487315494619558432e-04
1.356934322745064088e-04
1.231436531684412729e-04
1.111458839216230237e-04
9.975313532994915648e-05
8.900765805041771516e-05
7.894110795336865838e-05
6.957472210436344104e-05
6.091982106678086006e-05
5.297835896688293149e-05
4.574366157494426746e-05
3.920116910699721736e-05
3.332935932307668327e-05
2.810067642279154675e-05
2.348250120202738370e-05
1.943815478207905969e-05
1.592785031406177874e-05
1.290966172533227938e-05
1.034042332826946834e-05
8.176571764521470170e-06
6.374921249602018552e-06
4.893339215558733286e-06
3.691346300665954193e-06
2.730610998668958708e-06
1.975350126228963061e-06
1.392626234271342023e-06
9.525556440187611732e-07
6.284236680645954502e-07
3.967173780824096746e-07
2.370840407741225152e-07
1.322235126873285742e-07
6.772645902495092164e-08
3.186766639188537548e-08
1.536576137698722999e-08
1.111958324887611299e-08
1.393128702521854118e-08
2.022522578425205936e-08
2.777088419360015039e-08
3.541699676918767876e-08
4.284270700225719503e-08
5.033051765965559833e-08
5.856439164932091528e-08
6.845521202999984363e-08
8.099471814192636681e-08
9.713777035237795378e-08
1.177122333939039771e-07
1.433547934035553141e-07
1.744700488561885681e-07
2.112109423315163334e-07
2.534766553883722360e-07
3.009249255587279151e-07
3.529966294868912126e-07
4.089473685646416394e-07
4.678859047791033475e-07
5.288144232967668196e-07
5.906689454860166185e-07
6.523600688993664360e-07
7.128080911028293749e-07
7.709768586198276055e-07
8.259008465049122128e-07
8.767065922593919741e-07
9.226314168443659567e-07
9.630327872559743757e-07
9.973969176316867955e-07
1.025340076406275177e-06
1.046605812196465879e-06
1.061062295747448356e-06
1.068692164232772685e-06
1.069585500405904772e-06
1.063928173048915638e-06
1.051989438325576024e-06
1.034112361875465754e-06
1.010701257795882028e-06
9.822096235777422880e-07
9.491318886515883491e-07
9.119910979070496898e-07
8.713320732338771358e-07
8.277122011970968724e-07
7.816931846003560050e-07
7.338360548205459009e-07
6.846928967019933205e-07
6.348028175827696738e-07
5.846858483751832945e-07
5.348375015663119656e-07
4.857254658839891100e-07
4.377839169605895301e-07
3.914107196936817050e-07
3.469632918702999413e-07
3.047551528707991833e-07
2.650540056324216162e-07
2.280787947525798873e-07
1.939988706427484202e-07
1.629329036537764638e-07
1.349487805435055684e-07
1.100647780173369002e-07
8.825106675772121273e-08
6.943223024212744821e-08
5.349087999748450453e-08
4.027166905272030532e-08
2.958636227652230378e-08
2.121929583142630997e-08
1.493337985353579835e-08
1.047648182137428949e-08
7.587874572293019175e-09
6.004746066830621541e-09
5.468468644973885391e-09
5.730511247679241270e-09
6.557831131709550877e-09
7.737556949720033862e-09
9.080890983512595051e-09
1.042608883991207704e-08
1.164045999764665600e-08
1.262139139693827370e-08
1.329634388902321982e-08
1.362187910203232055e-08
1.358183510121461464e-08
1.318465357945762035e-08
1.246010718528538152e-08
1.145547562526994923e-08
1.023137984498038043e-08
8.857477963645247971e-09
7.408112682486743064e-09
5.958173010917949499e-09
4.579246505027552480e-09
3.336235181102041236e-09
2.284549880317236398e-09
1.467932282318709410e-09
9.169904448297438668e-10
6.484398941688757356e-10
6.650501499183911260e-10
9.562507218934972618e-10
1.499321600922580430e-09
2.261082238114913145e-09
3.199964338447318379e-09
4.268345389323576351e-09
5.415028083265526450e-09
6.587727276711600797e-09
7.735446708059483320e-09
8.810665469584672634e-09
9.771196780991677527e-09
1.058171273356599611e-08
1.121483478272220717e-08
1.165178497027863628e-08
1.188263554854760325e-08
1.190609774733001626e-08
1.172898790788034765e-08
1.136534404637005603e-08
1.083529429209058857e-08
1.016378354014567383e-08
9.379154846764853317e-09
8.511754754053410783e-09
7.592554096163369923e-09
6.651880120842194050e-09
5.718323851327336347e-09
4.817817096137596888e-09
3.972927228275475368e-09
3.202385844240318712e-09
2.520813654309404640e-09
1.938662857130371411e-09
1.462323109505951460e-09
1.094374472041690692e-09
8.339529836767207723e-10
6.771835906525118094e-10
6.176574978264688355e-10
6.469156337588497876e-10
7.549170164825109937e-10
9.304747896619293503e-10
1.161644009752275546e-09
1.436062649808819245e-09
1.741242245228956613e-09
2.064815340647103634e-09
2.394755799721764995e-09
2.719571407495164160e-09
3.028496316615722233e-09
3.311679884387510484e-09
3.560383260318079182e-09
3.767196816449825471e-09
3.926261463619288585e-09
4.033494250153157460e-09
4.086819567722531586e-09
4.086364865405782135e-09
4.034636074325350280e-09
3.936627322102124777e-09
3.799858183801345631e-09
3.634333014140187620e-09
3.452383608570275569e-09
3.268418742349900532e-09
3.098553271222861326e-09
2.960132901985738761e-09
2.871173585292970692e-09
2.849713126824900886e-09
2.913123281947761049e-09
3.077391009504095308e-09
3.356408193971938903e-09
3.761311001763604921e-09
4.299880606721741238e-09
4.976061297955523730e-09
5.789600176738119464e-09
6.735834286529731012e-09
7.805654739872399788e-09
8.985628599984638519e-09
1.025828284637050677e-08
1.160256860890083185e-08
1.299442757249585527e-08
1.440751199197147496e-08
1.581396362993850873e-08
1.718523847202038710e-08
1.849299091663521189e-08
1.970987886390150579e-08
2.081038534462602128e-08
2.177151792975880342e-08
2.257340043040078502e-08
2.319980023980172263e-08
2.363843805402618366e-08
2.388124491471683437e-08
2.392442326666376498e-08
2.376837542719589069e-08
2.341757413207460973e-08
2.288023851898732083e-08
2.216801620523145308e-08
2.129553999719776671e-08
2.027994390829926912e-08
1.914040414661915761e-08
1.789762318040315312e-08
1.657332818666048274e-08
1.518983577840518581e-08
1.376958078831363426e-08
1.233474485358381940e-08
1.090688164999628843e-08
9.506587980827910232e-09
8.153239133486165837e-09
6.864719235130378402e-09
5.657219964048468686e-09
4.545043548145336314e-09
3.540437642168402753e-09
2.653465894976043147e-09
1.891887536044981454e-09
1.261078069505246357e-09
7.639709715812040054e-10
4.010364503747918630e-10
1.703000199523197145e-10
6.740142306418511386e-11
8.570151640891621382e-11
2.164382974561130478e-10
4.489325718679185715e-10
7.708428689055138657e-10
1.168465408236244990e-09
1.627071734605454102e-09
2.131279525948652457e-09
2.665438317356488146e-09
3.214028114257138347e-09
3.762048144640341620e-09
4.295383348228744445e-09
4.801146847653755069e-09
5.267962919362674558e-09
5.686209055692694260e-09
6.048183878451698230e-09
6.348204074416220710e-09
6.582644931500059540e-09
6.749889281485339111e-09
6.850233451242229336e-09
6.885719956788743732e-09
6.859921203973380679e-09
6.777701010317600986e-09
6.644936969401007453e-09
6.468231683443702759e-09
6.254640943199701155e-09
6.011391559790517938e-09
5.745645175876777967e-09
5.464277889151586058e-09
5.173697929227274045e-09
4.879716266184935387e-09
4.587439437464457763e-09
4.301220511258172895e-09
4.024634415009864448e-09
3.760486323790842451e-09
3.510855302528955999e-09
3.277143940338943348e-09
3.060154831115050874e-09
2.860166063966416530e-09
2.677010526866235478e-09
2.510160080840280144e-09
2.358799773889857126e-09
2.221897737098567028e-09
2.098275045687007070e-09
1.986662872026472568e-09
1.885763951311453841e-09
1.794307086280035034e-09
1.711101769422630456e-09
1.635097600984860189e-09
1.565438869753580885e-09
1.501525785392221155e-09
1.443071131563783014e-09
1.390154085024246010e-09
1.343270809908474476e-09
1.303369799068774911e-09
1.271877203561450005e-09
1.250699990512046295e-09
1.242206350936948172e-09
1.249182960844692000e-09
1.274760343958981243e-09
1.322314457918692574e-09
1.395339098524502918e-09
1.497295070584385059e-09
1.631444163613799508e-09
1.800669439579502875e-09
2.007292107447989088e-09
2.252898526031817539e-09
2.538176725687534128e-09
2.862784479475084433e-09
3.225246794240821591e-09
3.622893257240067355e-09
4.051849138214289646e-09
4.507065620714091124e-09
4.982412511747395239e-09
5.470812356834686079e-09
5.964417468238183119e-09
6.454836823905963721e-09
6.933373791736631930e-09
7.391301127263374038e-09
7.820129819296884471e-09
8.211870558138670025e-09
8.559294619740602804e-09
8.856140771982881694e-09
9.097310049854603885e-09
9.278997239965827535e-09
9.398770456438594328e-09
9.455615151779903431e-09
9.449907385626557805e-09
9.383336571381862089e-09
9.258803428510021168e-09
9.080250689409879344e-09
8.852495188793523640e-09
8.581021793640858337e-09
8.271770444043192826e-09
7.930943719184439560e-09
7.564799744868770460e-09
7.179491520975600118e-09
6.780915500867104487e-09
6.374592798456281699e-09
5.965597767563326040e-09
5.558499177871936274e-09
5.157352968683288086e-09
4.765709275680086241e-09
4.386643413439239301e-09
4.022812673821754126e-09
3.676508013818234462e-09
3.349722165542345431e-09
3.044204904261161993e-09
2.761510461785906819e-09
2.503037176983983188e-09
2.270044968777744033e-09
2.063656635333717217e-09
1.884846930465561582e-09
1.734410080830474193e-09
1.612922282347037588e-09
1.520692775335383589e-09
1.457713136569932690e-09
1.423612427866956259e-09
1.417615626357586154e-09
1.438518880261975841e-09
1.484677828223086938e-09
1.554014389699422424e-09
1.644046214700767328e-09
1.751931185844033770e-09
1.874534627751409889e-09
2.008508819986460957e-09
2.150383700590068993e-09
2.296668183235390665e-09
2.443950204075988804e-09
2.588993216628930924e-09
2.728829584564811271e-09
2.860834325122511723e-09
2.982790442891269718e-09
3.092930657030963438e-09
3.189958666309075113e-09
3.273056176448457243e-09
3.341861373778728521e-09
3.396439101348216336e-09
3.437230085209408212e-09
3.464988678943443814e-09
3.480719870616934866e-09
3.485602916477135605e-09
3.480925463886167655e-09
3.468014982205854695e-09
3.448177172804755202e-09
3.422650225619373852e-09
3.392559753050219452e-09
3.358894849857978532e-09
3.322488562834726418e-09
3.284008609182182996e-09
3.243962430552566475e-09
3.202703283971390741e-09
3.160441222003446284e-09
3.117262781532364517e-09
3.073142417374740519e-09
3.027962145360663875e-09
2.981523351623844559e-09
2.933556339027950059e-09
2.883732964935866001e-09
2.831668935063320175e-09
2.776933241419199364e-09
2.719052193992070488e-09
2.657515114988365699e-09
2.591787887147488038e-09
2.521323004704887374e-09
2.445581940406227680e-09
2.364057885887226264e-09
2.276303956792200562e-09
2.181969813195236832e-09
2.080837412125184017e-09
1.972858431672389611e-09
1.858194548074717865e-09
1.737248582971315535e-09
1.610694914444833413e-09
1.479497420200193418e-09
1.344916652933598432e-09
1.208506562269742217e-09
1.072092898756791856e-09
9.377404316729719232e-10
8.077030944735052752e-10
6.843611678974589219e-10
5.701484972173996556e-10
4.674690440754569468e-10
3.786102644999943835e-10
3.056540768183095397e-10
2.503911692017934992e-10
2.142430562258050640e-10
1.981945822929078713e-10
2.027419563974928617e-10
2.278580788024495578e-10
2.729777009314620453e-10
3.370038617828970837e-10
4.183350887825929745e-10
5.149125506112426522e-10
6.242861425312740992e-10
7.436947738512020686e-10
8.701597651270388218e-10
1.000585062914018613e-09
1.131860296477921149e-09
1.260964284752584197e-09
1.385060153507308889e-09
1.501583581287618006e-09
1.608315930860992395e-09
1.703441120802704016e-09
1.785587563154004026e-09
1.853847260858321025e-09
1.907780590296811165e-09
1.947400461066084537e-09
1.973140322609189714e-09
1.985811953556785222e-09
1.986547652655269211e-09
1.976740061404294392e-09
1.957974640185598239e-09
1.931961498683214159e-09
1.900472606235995685e-09
1.865281036665528736e-09
1.828107480362759386e-09
1.790578545322675987e-09
1.754189896031472475e-09
1.720283682591665461e-09
1.690032143686821770e-09
1.664429594053961356e-09
1.644294079311096785e-09
1.630270027475499494e-09
1.622838437537662847e-09
1.622325888505703821e-09
1.628913524776850865e-09
1.642647274640520198e-09
1.663441653548807803e-09
1.691084648341773722e-09
1.725236959457760602e-09
1.765428634962148827e-09
1.811056838537765054e-09
1.861378930845474774e-09
1.915510877209787783e-09
1.972425456342256571e-09
2.030954592834313149e-09
2.089800279048032954e-09
2.147549632463362371e-09
2.202697504702155220e-09
2.253680557607307731e-09
2.298913906852171748e-09
2.336839934362975583e-09
2.365979082483422193e-09
2.384984101501699080e-09
2.392699246657600946e-09
2.388212324566009232e-09
2.370907985292202020e-09
2.340509921956007806e-09
2.297113061982756193e-09
2.241206954138750857e-09
2.173679236845774840e-09
2.095808741972033937e-09
2.009238566914438079e-09
1.915933127892808784e-09
1.818122788505895035e-09
1.718232077035096135e-09
1.618797246774999794e-09
1.522378701958818149e-09
1.431465391712273545e-09
1.348382909893373511e-09
1.275203122904199225e-09
1.213662166979808977e-09
1.165092289355782456e-09
1.130366034704661277e-09
1.109861198774323578e-09
1.103443772766622304e-09
1.110471823861412517e-09
1.129821936851629501e-09
1.159933120082367323e-09
1.198871373026404176e-09
1.244408017621932374e-09
1.294109947614355253e-09
1.345439769260030350e-09
1.395856790729124706e-09
1.442920068645167822e-09
1.484384263667883186e-09
1.518285954083503743e-09
1.543018843512168054e-09
1.557390906402569447e-09
1.560663110390978357e-09
1.552570744714229215e-09
1.533321194017502872e-09
1.503575549714693124e-09
1.464409718987287642e-09
1.417259616507009097e-09
1.363855368883134880e-09
1.306142589292930726e-09
1.246200708144999869e-09
1.186156986363368264e-09
1.128102212498636129e-09
1.074013133763867809e-09
1.025680480075984797e-09
9.846501596381045486e-10
9.521754439588006621e-10
9.291831221051180308e-10
9.162552238242070401e-10
9.136236490539326678e-10
9.211781829178222007e-10
9.384877551731524361e-10
9.648298861723912800e-10
9.992301256384439603e-10
1.040505941841567155e-09
1.087313972351482726e-09
1.138199959377829367e-09
1.191645678614928357e-09
1.246115636487183193e-09
1.300098391562214909e-09
1.352142906970434239e-09
1.400891295579024141e-09
1.445103181724320443e-09
1.483677292882302897e-09
1.515665965804221506e-09
1.540284863413563786e-09
1.556920716246825898e-09
1.565132504103330058e-09
1.564652961887769179e-09
1.555385633436681827e-09
1.537399952287675176e-09
1.510926475715981674e-09
1.476348486116529784e-09
1.434191887114783404e-09
1.385115170354162405e-09
1.329894297476444182e-09
1.269408205611405411e-09
1.204619966230966835e-09
1.136555717974696880e-09
1.066283009601557367e-09
9.948849458116593809e-10
9.234353950201502523e-10
8.529721792931467604e-10
7.844708664255935780e-10
7.188211091693825425e-10
6.568038081543097910e-10
5.990733661554246749e-10
5.461433118813900416e-10
4.983772156866935921e-10
4.559859321129150629e-10
4.190296058377647998e-10
3.874263631967269959e-10
3.609655709479729285e-10
3.393256295690250750e-10
3.220955922776605882e-10
3.087985057688925219e-10
2.989156007208686524e-10
2.919102810184736094e-10
2.872496061959395017e-10
2.844232856027034283e-10
2.829583162894268855e-10
2.824290768648447669e-10
2.824630096824289667e-10
2.827411653643386459e-10
2.829952302565682694e-10
2.830010162535844922e-10
2.825699093037463098e-10
2.815399373561216233e-10
2.797669369714393563e-10
2.771181898168630628e-10
2.734687752701151673e-10
2.687018485888770584e-10
2.627136515670406181e-10
2.554224486484974507e-10
2.467819666173342072e-10
2.367976145163469001e-10
2.255445352449736401e-10
2.131860959324366221e-10
1.999904222282587035e-10
1.863433371732961028e-10
1.727560482504507470e-10
1.598653393916122374e-10
1.484257101615008011e-10
1.392921377148412173e-10
1.333935800617549421e-10
1.316978978962682519e-10
1.351690127941255012e-10
1.447186949569285973e-10
1.611550542642248203e-10
1.851308021011122016e-10
2.170946935035097356e-10
2.572489112461984332e-10
3.055164151981856509e-10
3.615196212206776383e-10
4.245745611245570667e-10
4.937001341527766386e-10
5.676441623985692516e-10
6.449255888227895004e-10
7.238905701754329364e-10
8.027822232243607370e-10
8.798179215056918534e-10
9.532722226034963032e-10
1.021560360223377526e-09
1.083316310709808895e-09
1.137464207281409558e-09
1.183274204035849037e-09
1.220402444973743093e-09
1.248911237149986551e-09
1.269266178873654882e-09
1.282313930617719893e-09
1.289235751227983406e-09
1.291483045791473696e-09
1.290696783851560582e-09
1.288613610539409350e-09
1.286968088954333612e-09
1.287390875970753635e-09
1.291312980693928432e-09
1.299880288105917193e-09
1.313882049139517559e-09
1.333701963050781996e-09
1.359289333615074250e-09
1.390156520712272500e-09
1.425401756928897425e-09
1.463754744988128903e-09
1.503647224975988619e-09
1.543298586910898098e-09
1.580816273727497583e-09
1.614303465051715877e-09
1.641968546029154439e-09
1.662227973744909068e-09
1.673801820272637273e-09
1.675789572230218113e-09
1.667727004289726877e-09
1.649619144998352414e-09
1.621945738948316587e-09
1.585644173753433857e-09
1.542063989599195154e-09
1.492900925207583424e-09
1.440112580436443878e-09
1.385819163291754555e-09
1.332199578611558525e-09
1.281382729174827716e-09
1.235344733444180694e-09
1.195816128703026955e-09
1.164202884923732811e-09
1.141529007572278898e-09
1.128398515146061333e-09
1.124982057790140312e-09
1.131026934587381493e-09
1.145888053385511962e-09
1.168580693250874695e-09
1.197846787228950660e-09
1.232233679615113945e-09
1.270179208099740776e-09
1.310096590367841804e-09
1.350457832512641305e-09
1.389865966207206199e-09
1.427115965000933727e-09
1.461240154045162857e-09
1.491534748858022552e-09
1.517571162965655454e-09
1.539186813164942529e-09
1.556461319401085778e-09
1.569679246328515704e-09
1.579281135007313455e-09
1.585811260581947778e-09
1.589860027556935562e-09
1.592009627829652992e-09
1.592784833689533619e-09
1.592612708957248282e-09
1.591791828286571901e-09
1.590477185559028349e-09
1.588675259399063539e-09
1.586253534918610915e-09
1.582961727603614271e-09
1.578461234452009147e-09
1.572364763344066269e-09
1.564277125044240942e-09
1.553838567247812443e-09
1.540766016382437775e-09
1.524887941649112577e-09
1.506174789023086893e-09
1.484757353278590672e-09
1.460936332992968907e-09
1.435181193580288459e-09
1.408117371757908689e-09
1.380506838783254757e-09
1.353218230857805094e-09
1.327192582257363442e-09
1.303405539060370527e-09
1.282827244379790560e-09
1.266385748644083779e-09
1.254931179086604846e-09
1.249205947332826655e-09
1.249820981024293362e-09
1.257237580123364132e-09
1.271758450302746329e-09
1.293523133511818225e-09
1.322510498757509342e-09
1.358546171487101301e-09
1.401312488454245646e-09
1.450363286844173737e-09
1.505137589401571484e-09
1.564974712284236221e-09
1.629128919356908521e-09
1.696781743788739189e-09
1.767056106694411879e-09
1.839026921051889124e-09
1.911732869721756024e-09
1.984188780668605017e-09
2.055397663501001901e-09
2.124368247827106170e-09
2.190131961783749860e-09
2.251764707456532299e-09
2.308411446044019412e-09
2.359313887753993657e-09
2.403838020242008349e-09
2.441506072026175444e-09
2.472023316206780301e-09
2.495303604193376984e-09
2.511489545808043292e-09
2.520963085860916698e-09
2.524350762756828733e-09
2.522513734870338612e-09
2.516527743771184715e-09
2.507650531353510056e-09
2.497275036758788841e-09
2.486875714057480670e-09
2.477941767730205700e-09
2.471906238653589636e-09
2.470072275759481083e-09
2.473538503399690871e-09
2.483133570656708063e-09
2.499356088775837726e-09
2.522329816212443724e-09
2.551775501363093007e-09
2.587000014900818175e-09
2.626910491180529723e-09
2.670046050565307928e-09
2.714632502671142112e-09
2.758656234053095276e-09
2.799952124094340098e-09
2.836307859696728787e-09
2.865571260407717209e-09
2.885761520765607272e-09
2.895176506938524615e-09
2.892488140119153913e-09
2.876827121722058796e-09
2.847843434350363428e-09
2.805745492727404032e-09
2.751313121792841523e-09
2.685881081901383502e-09
2.611299593670635374e-09
2.529865147110833252e-09
2.444230909856014394e-09
2.357298437916740454e-09
2.272096662613341955e-09
2.191652057404471899e-09
2.118861358472363383e-09
2.056366360314114725e-09
2.006441953023038826e-09
1.970901000009576473e-09
1.951019155996031967e-09
1.947487225079191177e-09
1.960387313687993344e-09
1.989197692448994312e-09
2.032824106497231239e-09
2.089653959328204001e-09
2.157634335382413145e-09
2.234363865079893113e-09
2.317197692169228702e-09
2.403358756738333910e-09
2.490048152406307205e-09
2.574554189175270136e-09
2.654348722229307302e-09
2.727171517694470566e-09
2.791097855303874794e-09
2.844585222448896951e-09
2.886503709612975523e-09
2.916142570119407135e-09
2.933199663419657192e-09
2.937753908399691263e-09
2.930221491658159700e-09
2.911305036352165532e-09
2.881931449637676529e-09
2.843188089636690645e-09
2.796258852818029465e-09
2.742361655210618443e-09
2.682695688347403029e-09
2.618393243919614411e-09
2.550483266918698818e-09
2.479865577949108858e-09
2.407294396531233842e-09
2.333375576656524609e-09
2.258570079647824889e-09
2.183207191978480001e-09
2.107504096437107773e-09
2.031588671532594120e-09
1.955527690819223151e-09
1.879353193171283984e-09
1.803089510280994406e-09
1.726777931017141388e-09
1.650498405908319447e-09
1.574386290284956065e-09
1.498646761119032092e-09
1.423562534935079159e-09
1.349498072976907455e-09
1.276899360720494422e-09
1.206288867913134891e-09
1.138258446251291371e-09
1.073457410881691995e-09
1.012578634255422317e-09
9.563421943953911339e-10
9.054764365809976469e-10
8.606985491611691569e-10
8.226927068169089708e-10
7.920879707747998715e-10
7.694358145217334260e-10
7.551874471815692834e-10
7.496729809548237793e-10
7.530814506852076707e-10
7.654439624449974702e-10
7.866204968316705446e-10
8.162909354197919989e-10
8.539525999101427854e-10
8.989234021682826274e-10
9.503525767103782321e-10
1.007238971033762653e-09
1.068456361833296902e-09
1.132787082658175704e-09
1.198961003749908817e-09
1.265700242630455562e-09
1.331767455058620820e-09
1.396014930142617581e-09
1.457434309964176225e-09
1.515201632973753719e-09
1.568717272369022708e-09
1.617637687959375060e-09
1.661895943780173139e-09
1.701711775884682959e-09
1.737586609218192300e-09
1.770285466247114005e-09
1.800804901903866129e-09
1.830328210422647225e-09
1.860168412691322439e-09
1.891704152350177772e-09
1.926307671662830212e-09
1.965271019311963752e-09
2.009733204663203855e-09
2.060610990938759467e-09
2.118539910262764901e-09
2.183824766012426927e-09
2.256405334074030519e-09
2.335838343288504625e-09
2.421295797630124038e-09
2.511583353357094689e-09
2.605173657882276369e-09
2.700256494889341990e-09
2.794802329839673935e-09
2.886634848918109677e-09
2.973512867180873519e-09
3.053212452626222346e-09
3.123609153151531942e-09
3.182755149525665254e-09
3.228946241557788201e-09
3.260780018456069941e-09
3.277196983390228696e-09
3.277507468843568713e-09
3.261402218972601036e-09
3.228945395223874325e-09
3.180555533520528837e-09
3.116970403167910217e-09
3.039202722425617944e-09
2.948488183025347514e-09
2.846227765235001468e-09
2.733931580581837908e-09
2.613162139236034309e-09
2.485483851935953327e-09
2.352419706068042226e-09
2.215415885655917787e-09
2.075818418677386556e-09
1.934857996955265066e-09
1.793645664818419512e-09
1.653177025353752842e-09
1.514343674702101136e-09
1.377949080019976018e-09
1.244728569505156508e-09
1.115368510312747091e-09
9.905244685754074902e-10
8.708357018948162577e-10
7.569342040320952934e-10
6.494484238528854484e-10
5.489997923903950766e-10
4.561934206904679623e-10
3.716033301274350167e-10
2.957534202079841959e-10
2.290963347319423772e-10
1.719915459164270664e-10
1.246852079812825418e-10
8.729357160218964736e-11
5.979171610628222973e-11
4.200909823613381649e-11
3.363266114120877378e-11
3.421794993984520121e-11
4.320789064757156650e-11
5.995831748383367934e-11
8.376881905530361103e-11
1.139169072900852330e-10
1.496932596706048381e-10
1.904355579980935023e-10
2.355583613035375343e-10
2.845768767070768253e-10
3.371224123524979947e-10
3.929482004643297385e-10
4.519246954243229790e-10
5.140240282431641372e-10
5.792946549215152707e-10
6.478269712755690333e-10
7.197123390746339491e-10
7.949980156472076106e-10
8.736407422313367448e-10
9.554630230312012227e-10
1.040114433941886532e-09
1.127041842832912234e-09
1.215471026462850982e-09
1.304402007298729858e-09
1.392619083913728070e-09
1.478717330245427108e-09
1.561143641124587126e-09
1.638252169586382968e-09
1.708371553828522172e-09
1.769880328025091517e-09
1.821288268500294222e-09
1.861317423686822184e-09
1.888979809311239384e-09
1.903646761522122527e-09
1.905105120925237524e-09
1.893598110495959104e-09
1.869845697853666886e-09
1.835043977871983628e-09
1.790842010925147180e-09
1.739295807195865922e-09
1.682802326173942932e-09
1.624014062002315733e-09
1.565739351561414054e-09
1.510832425097037789e-09
1.462078058072035783e-09
1.422077680615635085e-09
1.393141122443435317e-09
1.377190817205428421e-09
1.375683162122602490e-09
1.389551043762776059e-09
1.419171859462119380e-09
1.464361726740675277e-09
1.524397587720929897e-09
1.598066090349219730e-09
1.683736632135506441e-09
1.779456080017163467e-09
1.883058875013774172e-09
1.992287833672245586e-09
2.104918822235078744e-09
2.218881981280190442e-09
2.332374071783658257e-09
2.443953658012977536e-09
2.552614808187067901e-09
2.657834267456950159e-09
2.759588272159222151e-09
2.858339011583361222e-09
2.954988569263189270e-09
3.050803822001035007e-09
3.147315179322261847e-09
3.246194522013367340e-09
3.349118041600040343e-09
3.457623387149883339e-09
3.572966733759635177e-09
3.695990040733587138e-09
3.827006024862568053e-09
3.965707579283134182e-09
4.111110072718589038e-09
4.261528548436157790e-09
4.414594906886152934e-09
4.567315335434064168e-09
4.716165944757602052e-09
4.857225547322782814e-09
4.986336967992988017e-09
5.099291899324643697e-09
5.192029712954896418e-09
5.260839487005555109e-09
5.302557288963533659e-09
5.314744901060902669e-09
5.295842556326987223e-09
5.245286015520375105e-09
5.163579998509584389e-09
5.052325163150174688e-09
4.914192693313770479e-09
4.752848694006567933e-09
4.572830059278705201e-09
4.379376323394935736e-09
4.178226901733791036e-09
3.975390705283718398e-09
3.776901193338436208e-09
3.588568299535060412e-09
3.415739321850126240e-09
3.263082337771441372e-09
3.134401527472145812e-09
3.032495427169009646e-09
2.959065084976433338e-09
2.914676692842450302e-09
2.898781677130320856e-09
2.909791825835709157e-09
2.945206372001586177e-09
3.001783680766788366e-09
3.075748241846640465e-09
3.163021193232656812e-09
3.259462486506726483e-09
3.361110046631248849e-09
3.464403455036172954e-09
3.566379331344157697e-09
3.664827140557720870e-09
3.758397561390107269e-09
3.846656139205532107e-09
3.930080150291007294e-09
4.009998662161148559e-09
4.088479069534644858e-09
4.168167655732060723e-09
4.252092404809096855e-09
4.343440560473886870e-09
4.445323791716838423e-09
4.560544654812146255e-09
4.691379108661986092e-09
4.839387112081627643e-09
5.005263642307707168e-09
5.188739097726039691e-09
5.388535243287341049e-09
5.602380639147062845e-09
5.827084287149935536e-09
6.058664571934384333e-09
6.292526311966472069e-09
6.523675920334153648e-09
6.746963304525966545e-09
6.957335912953517928e-09
7.150091166035789966e-09
7.321112603555091748e-09
7.467076041856210215e-09
7.585614431108633691e-09
7.675431192126786781e-09
7.736356048650235558e-09
7.769339923797958868e-09
7.776389111754580186e-09
7.760442813333059800e-09
7.725200681611656671e-09
7.674910617842731359e-09
7.614128880353367860e-09
7.547466277086790410e-09
7.479334961366476139e-09
7.413710194594489359e-09
7.353920571868372734e-09
7.302478426769157878e-09
7.260959731750495696e-09
7.229940019057658932e-09
7.208989135456379030e-09
7.196724887579054941e-09
7.190921562705656644e-09
7.188666512460330566e-09
7.186555404545805620e-09
7.180913848344121475e-09
7.168032971363824277e-09
7.144404613756131127e-09
7.106942688395166685e-09
7.053178366075519975e-09
6.981417342234495052e-09
6.890851650337038204e-09
6.781619406975079139e-09
6.654810008828391659e-09
6.512415607004936810e-09
6.357231438190715892e-09
6.192712793037757966e-09
6.022796482573006879e-09
5.851697839838105721e-09
5.683695533397728604e-09
5.522915448745334502e-09
5.373127197535748275e-09
5.237563263016310692e-09
5.118770648564733169e-09
5.018502797922418900e-09
4.937655513170900246e-09
4.876250563679932574e-09
4.833465229306672004e-09
4.807704896929863905e-09
4.796713509432944731e-09
4.797713028341844522e-09
4.807564541575314452e-09
4.822939889439913961e-09
4.840494088950298209e-09
4.857029313027125514e-09
4.869640204600926023e-09
4.875835083403632317e-09
4.873626107424165459e-09
4.861585519669092041e-09
4.838866542929869753e-09
4.805190529776927289e-09
4.760801683032592582e-09
4.706396248802965269e-09
4.643030614997283737e-09
4.572015848749334778e-09
4.494806688283005952e-09
4.412890633713037335e-09
4.327686304286271297e-09
4.240455263116483644e-09
4.152232559593262131e-09
4.063779749025108220e-09
3.975560230350458498e-09
3.887739151097452154e-09
3.800204560834126256e-09
3.712607466028430184e-09
3.624417346935185572e-09
3.534986715474777640e-09
3.443621843094555538e-09
3.349652838044541458e-09
3.252498841145217382e-09
3.151724701967122970e-09
3.047084255468189003e-09
2.938550105030607237e-09
2.826327212258738134e-09
2.710850887671410926e-09
2.592770752615503493e-09
2.472921249976078518e-09
2.352283352640639586e-09
2.231939202348619084e-09
2.113023569027725073e-09
1.996675839802765248e-09
1.883994366395641598e-09
1.775997326806128027e-09
1.673590775574208563e-09
1.577545476100903778e-09
1.488483221479469483e-09
1.406871374516913025e-09
1.333025978344738159e-09
1.267121038612403431e-09
1.209202626049985155e-09
1.159205806523888164e-09
1.116972871963121366e-09
1.082270514511722879e-09
1.054805702255235225e-09
1.034238702446952388e-09
1.020193217984319089e-09
1.012264066614819087e-09
1.010022356705657010e-09
1.013020073622147579e-09
1.020794584667768699e-09
1.032874547334620553e-09
1.048788618058562961e-09
1.068077114630331089e-09
1.090308097406527748e-09
1.115097139929369202e-09
1.142130475440492506e-09
1.171190720895355668e-09
1.202182744028777263e-09
1.235158825621510364e-09
1.270340060715463913e-09
1.308131986173602366e-09
1.349132648733221582e-09
1.394130293158449864e-09
1.444090745121538923e-09
1.500132891665354579e-09
1.563492777038997936e-09
1.635477814249282834e-09
1.717411740096642886e-09
1.810574652707434852e-09
1.916140171531915845e-09
2.035113813644792937e-09
2.168277100543148492e-09
2.316139500321479271e-09
2.478903918208014822e-09
2.656446882669794105e-09
2.848315870754818387e-09
3.053745569461680412e-09
3.271690295731180999e-09
3.500874355858581000e-09
3.739855235344411867e-09
3.987096853261309949e-09
4.241047891558254688e-09
4.500221656669402705e-09
4.763268205031197530e-09
5.029038660018642648e-09
5.296633167787422139e-09
5.565429753784799846e-09
5.835093259474282471e-09
6.105557656791817709e-09
6.376989012690414304e-09
6.649725640944784568e-09
6.924200390387492773e-09
7.200852242491752200e-09
7.480026124403411155e-09
7.761876733153642829e-09
8.046276528586812900e-09
8.332736916084538340e-09
8.620352009653399717e-09
8.907761659645282009e-09
9.193149183276134749e-09
9.474267505046438902e-09
9.748496721624633865e-09
1.001293506814686368e-08
1.026450907423161359e-08
1.050011133326106359e-08
1.071674841010286816e-08
1.091169396510466334e-08
1.108264240197529163e-08
1.122784175386144755e-08
1.134621339916338922e-08
1.143743880904105864e-08
1.150201106365079166e-08
1.154125139599751089e-08
1.155727532191544948e-08
1.155292647621302919e-08
1.153166762434940820e-08
1.149743836269713497e-08
1.145449135909517822e-08
1.140720220525648871e-08
1.135988137950610308e-08
1.131658518638502549e-08
1.128094089444940427e-08
1.125600069622480747e-08
1.124411916523603366e-08
1.124687964378052351e-08
1.126506012390077624e-08
1.129864614215802471e-08
1.134688798384527811e-08
1.140840449107745441e-08
1.148131287632218246e-08
1.156339560382905157e-08
1.165227986042087570e-08
1.174562322727552177e-08
1.184129918277730989e-08
1.193755560037440978e-08
1.203315635631566161e-08
1.212748177345033433e-08
1.222058617328855246e-08
1.231321393597276582e-08
1.240675614257849324e-08
1.250317136542274320e-08
1.260485855825953882e-08
1.271449448426300898e-08
1.283485094533698776e-08
1.296858508671119981e-08
1.311803827876783642e-08
1.328503829929501396e-08
1.347072246653246552e-08
1.367539906579329394e-08
1.389843693032412701e-08
1.413821544964002486e-08
1.439212000374749806e-08
1.465659012757675424e-08
1.492722587514327832e-08
1.519892622917315700e-08
1.546608063291358957e-08
1.572278288811457581e-08
1.596306315475543969e-08
1.618113418500195573e-08
1.637161552802722585e-08
1.652975566976814970e-08
1.665161760581321658e-08
1.673422661731813348e-08
1.677568225465579891e-08
1.677520450521585717e-08
1.673314707183925205e-08
1.665095333905904965e-08
1.653106923509017269e-08
1.637681578567852163e-08
1.619223992114440310e-08
1.598192685658774030e-08
1.575081909850530131e-08
1.550402617557371664e-08
1.524664365423048343e-08
1.498359829862552000e-08
1.471950147952769049e-08
1.445854929867586505e-08
1.420444731522559390e-08
1.396036906365733089e-08
1.372895453911345408e-08
1.351232182621993351e-08
1.331211804254982156e-08
1.312957985643592841e-08
1.296560457007895301e-08
1.282083194765876254e-08
1.269570788152846254e-08
1.259055360168046707e-08
1.250561355551655652e-08
1.244108631892980638e-08
1.239714435165641656e-08
1.237392129020898922e-08
1.237149775108332809e-08
1.238986744191188293e-08
1.242889539410986166e-08
1.248828102448032185e-08
1.256750949266822302e-08
1.266582606007474953e-08
1.278221602225122724e-08
1.291540093516861499e-08
1.306386110165476897e-08
1.322586135131387723e-08
1.339950990783339063e-08
1.358282410709698974e-08
1.377380610486786611e-08
1.397053163383494225e-08
1.417122003029768424e-08
1.437431273528956703e-08
1.457852865138749342e-08
1.478289902004003024e-08
1.498678704659388158e-08
1.518986181278305197e-08
1.539206289415165604e-08
1.559352949894791339e-08
1.579450883081992814e-08
1.599524541955120863e-08
1.619587115173618530e-08
1.639627369887478582e-08
1.659599370599709732e-08
1.679412937340244706e-08
1.698926720217503165e-08
1.717945779958836666e-08
1.736220892924271299e-08
1.753454363800488069e-08
1.769309076145938962e-08
1.783421639736373791e-08
1.795420331045489470e-08
1.804943447133294039e-08
1.811661820673682370e-08
1.815300717599601550e-08
1.815660979627928842e-08
1.812639322342675013e-08
1.806242764304154299e-08
1.796601006361756764e-08
1.783972095575451932e-08
1.768741961844720588e-08
1.751418744542328070e-08
1.732618243191550100e-08
1.713045875490403789e-08
1.693472212295109707e-08
1.674704458220786979e-08
1.657556447706188868e-08
1.642815152375282572e-08
1.631210163656760021e-08
1.623384241091278640e-08
1.619867713837845367e-08
1.621059288857112967e-08
1.627210851577432260e-08
1.638421692278096864e-08
1.654638983847660720e-08
1.675665578216000901e-08
1.701175842499791375e-08
1.730734924429609706e-08
1.763825069638590334e-08
1.799873776493565538e-08
1.838283521405272358e-08
1.878460726679053939e-08
1.919843899145349901e-08
1.961925121796187216e-08
2.004269128088721645e-08
2.046524772111355633e-08
2.088429630051317003e-08
2.129809211642455890e-08
2.170566323423513723e-08
2.210667655168418869e-08
2.250124009700979128e-08
2.288967170540393924e-08
2.327226925997406988e-08
2.364904753591639309e-08
2.401953041841477938e-08
2.438256266645830453e-08
2.473617292386916128e-08
2.507751914663391030e-08
2.540286506785662587e-08
2.570766777038196202e-08
2.598671573934527934e-08
2.623432899351087812e-08
2.644463100193411476e-08
2.661181383080386244e-08
2.673046235757701688e-08
2.679585498218159717e-08
2.680424153443137535e-08
2.675310155546464946e-08
2.664130052508528271e-08
2.646921844774569589e-08
2.623877625137978678e-08
2.595337809650478533e-08
2.561779267882455344e-08
2.523791544699129373e-08
2.482051029288933256e-08
2.437288174589567253e-08
2.390251915941432828e-08
2.341675438757768112e-08
2.292239431640868587e-08
2.242543126723620723e-08
2.193078947708704116e-08
2.144214826572700579e-08
2.096184572349159669e-08
2.049089087142872631e-08
2.002903027254367677e-08
1.957493650021713113e-08
1.912645255755965640e-08
1.868089491194021143e-08
1.823541102811424724e-08
1.778731921676550335e-08
1.733447255293403527e-08
1.687557319737354073e-08
1.641043186010077415e-08
1.594016753988379495e-08
1.546728887867171691e-08
1.499570695011541731e-08
1.453063202738537229e-08
1.407837298418492560e-08
1.364606124005785722e-08
1.324127621336937079e-08
1.287164390385112466e-08
1.254439367639882267e-08
1.226591260484432110e-08
1.204133487421334186e-08
1.187415801799200060e-08
1.176595417897555160e-08
1.171616128889253002e-08
1.172197936817823517e-08
1.177839033280499047e-08
1.187826988681855986e-08
1.201262934582709375e-08
1.217094314484690418e-08
1.234155542254099710e-08
1.251215567282267803e-08
1.267026398911725625e-08
1.280374551576470091e-08
1.290129327677081795e-08
1.295286587078471747e-08
1.295007089395042080e-08
1.288643973397351701e-08
1.275763105396829295e-08
1.256151994957933590e-08
1.229818762039333622e-08
1.196981284954842362e-08
1.158049080151982468e-08
1.113595999775183402e-08
1.064330397965808923e-08
1.011061359325440456e-08
9.546644180786174413e-09
8.960497664571209489e-09
8.361319457575316391e-09
7.758064015780646932e-09
7.159310493749134578e-09
6.573144686096939507e-09
6.007113666418399726e-09
5.468228181952210771e-09
4.963030783011599726e-09
4.497695702862124084e-09
4.078152145141233610e-09
3.710217126246343581e-09
3.399707532550113453e-09
3.152532262068323977e-09
2.974737360663474366e-09
2.872498519410584369e-09
2.852057519770860515e-09
2.919592584739937397e-09
3.081038353131610501e-09
3.341855189498546315e-09
3.706763642434331135e-09
4.179464385794695525e-09
4.762351366215355775e-09
5.456252551391379455e-09
6.260207275127539458e-09
7.171300996464941235e-09
8.184580933238610711e-09
9.293042449741590794e-09
1.048772106678260683e-08
1.175787108375126977e-08
1.309123228857766558e-08
1.447439088375874540e-08
1.589318053254010912e-08
1.733315867602375278e-08
1.878009858713837884e-08
2.022048567693022658e-08
2.164201853989224132e-08
2.303402869703872703e-08
2.438788300805524577e-08
2.569728929280359119e-08
2.695851643941351317e-08
2.817050987990060188e-08
2.933493506504352776e-08
3.045605820836242565e-08
3.154059019217652848e-08
3.259741281530114385e-08
3.363722800703041177e-08
3.467218363599960833e-08
3.571538169343506793e-08
3.678043317664392170e-08
3.788096743857560730e-08
3.903014741556934909e-08
4.024025118541314868e-08
4.152220323670179675e-08
4.288523980669560044e-08
4.433658914755712303e-08
4.588121529766375393e-08
4.752168515881389565e-08
4.925800861318771025e-08
5.108765987382270787e-08
5.300562919241501109e-08
5.500455391787838094e-08
5.707499417043282077e-08
5.920566392769152996e-08
6.138386297696284288e-08
6.359591941747117946e-08
6.582769342230340034e-08
6.806521125294717804e-08
7.029518820625993636e-08
7.250572486521890899e-08
7.468693097338011048e-08
7.683152389966119491e-08
7.893546806523231216e-08
8.099835662660988376e-08
8.302386278669622800e-08
8.501996446597175489e-08
8.699900044710279130e-08
8.897764158473314034e-08
9.097645079567617302e-08
9.301943349505732937e-08
9.513327228265210487e-08
9.734637938354994069e-08
9.968774531267288235e-08
1.021857627668126633e-07
1.048667123246551914e-07
1.077534426948975324e-07
1.108639530917214069e-07
1.142100606139678556e-07
1.177963672791218135e-07
1.216191804600825582e-07
1.256660015603377441e-07
1.299152258072874660e-07
1.343362240802244339e-07
1.388900023563997027e-07
1.435299491530475137e-07
1.482033091531118225e-07
1.528528563237974348e-07
1.574188613939298910e-07
1.618414782076201764e-07
1.660628663867310898e-07
1.700297204636301652e-07
1.736955094968084757e-07
1.770224963884871427e-07
1.799836555434609692e-07
1.825637180864710547e-07
1.847601514160215422e-07
1.865833471024113510e-07
1.880562004286928086e-07
1.892133238869041599e-07
1.900992010066505338e-07
1.907663031222704927e-07
1.912725398021563114e-07
1.916783978157227069e-07
1.920441576019305796e-07
1.924265938211374684e-07
1.928763128774050668e-07
1.934351395116496026e-07
1.941339453990459785e-07
1.949913028122731892e-07
1.960122999204574635e-07
1.971886010554079604e-07
1.984990181230246488e-07
1.999108313973807078e-07
2.013820720459396452e-07
2.028638769329183917e-07
2.043038411511736559e-07
2.056494148635680465e-07
2.068514767001389153e-07
2.078677786538270160e-07
2.086663993874634314e-07
2.092281787969644423e-07
2.095490796053489450e-07
2.096415003982524768e-07
2.095347153543615027e-07
2.092746708347729595e-07
2.089222768505016182e-07
2.085513777019230382e-07
2.082456416596566783e-07
2.080947949240828282e-07
2.081906666353987948e-07
2.086223976755638965e-07
2.094721877423635520e-07
2.108109607944709610e-07
2.126944650592669263e-07
2.151603182420539760e-07
2.182252974343886468e-07
2.218841907705367445e-07
2.261094219091451008e-07
2.308517691075941655e-07
2.360424841907633596e-07
2.415957630632539080e-07
2.474127121121813157e-07
2.533856658014838223e-07
2.594029382123336603e-07
2.653541330865808369e-07
2.711346504428857347e-07
2.766505808417513447e-07
2.818226522216198741e-07
2.865893619567955914e-07
2.909095395869716749e-07
2.947629912801089493e-07
2.981507962845428071e-07
3.010940400263491260e-07
3.036314516382608150e-07
3.058165251577911362e-07
3.077129948174821932e-07
3.093906515028825861e-07
3.109204538125510661e-07
3.123697421007765930e-07
3.137976621054658259e-07
3.152516220228251836e-07
3.167636436457189630e-07
3.183486410200637575e-07
3.200033880082119991e-07
3.217067016254678530e-07
3.234213226555892057e-07
3.250959923912371455e-07
3.266694867372083903e-07
3.280749772657599759e-07
3.292449330197330119e-07
3.301167651462217212e-07
3.306374183840173740e-07
3.307685588270868567e-07
3.304905759037517670e-07
3.298056156383814569e-07
3.287399235937307118e-07
3.273438384333206856e-07
3.256913510529382132e-07
3.238777262099222619e-07
3.220157681930104019e-07
3.202313839248216906e-07
3.186571984841462676e-07
3.174264963994112913e-07
3.166663513704439708e-07
3.164908137164283364e-07
3.169950255181272467e-07
3.182491656361571826e-07
3.202945138214976872e-07
3.231404480413297064e-07
3.267630678980707626e-07
3.311060807639907630e-07
3.360824563332064473e-07
3.415788069737701745e-07
3.474608106117124137e-07
3.535799130835136062e-07
3.597815407088900105e-07
3.659127628352273586e-07
3.718311741124507560e-07
3.774128867141426127e-07
3.825598389547317046e-07
3.872057662633053050e-07
3.913212086567744985e-07
3.949154184050541138e-07
3.980374284158367668e-07
4.007743545613018140e-07
4.032475606295015498e-07
4.056074841980327254e-07
4.080254298053495794e-07
4.106852713010910214e-07
4.137735575715869559e-07
4.174691565849625955e-07
4.219336547743165323e-07
4.273010214030376184e-07
4.336697608783620699e-07
4.410960010043599416e-07
4.495885743720196297e-07
4.591071416120395824e-07
4.695613401908185973e-07
4.808139399611105741e-07
4.926857449510905410e-07
5.049627390051539568e-07
5.174060037681613473e-07
5.297614810680814636e-07
5.417723673552388122e-07
5.531910888793570167e-07
5.637910416204069651e-07
5.733784539251453360e-07
5.818009791580222941e-07
5.889562497695531493e-07
5.947971756535720268e-07
5.993345936087726830e-07
6.026381253761127806e-07
6.048321783065851201e-07
6.060912440206973650e-07
6.066317246437894365e-07
6.067016709677802164e-07
6.065699682585738017e-07
6.065124386984021162e-07
6.067996357680850364e-07
6.076838781305654549e-07
6.093874070012067010e-07
6.120918446869285688e-07
6.159307411922995855e-07
6.209824581871064698e-07
6.272678948162026569e-07
6.347500434360824059e-07
6.433364109875596202e-07
6.528852876467613456e-07
6.632122216842912671e-07
6.741007365271646702e-07
6.853134379739946767e-07
6.966040002366875103e-07
7.077306388786292714e-07
7.184667640592126999e-07
7.286130545567540398e-07
7.380067516622346001e-07
7.465288808325172531e-07
7.541103855547416645e-07
7.607329754918959102e-07
7.664298744413475041e-07
7.712825769779038082e-07
7.754151092965397601e-07
7.789875287223774862e-07
7.821849360432478002e-07
7.852080731705149049e-07
7.882619326240691125e-07
7.915443581652735306e-07
7.952366757131463418e-07
7.994926181343643484e-07
8.044317443605707397e-07
8.101334562773128749e-07
8.166332961703601560e-07
8.239231671908739338e-07
8.319510174572498966e-07
8.406257967220785681e-07
8.498229814048125399e-07
8.593917621804083369e-07
8.691650448613604188e-07
8.789670169866498812e-07
8.886240375459145398e-07
8.979735929507224261e-07
9.068723523906803172e-07
9.152045803393465254e-07
9.228854920582124251e-07
9.298660033671873078e-07
9.361337002068910602e-07
9.417120098831989927e-07
9.466569812680110597e-07
9.510540217287291897e-07
9.550095688363359215e-07
9.586451930353364718e-07
9.620892585123539934e-07
9.654687463087278718e-07
9.689013650490386835e-07
9.724876603382608374e-07
9.763079680104297014e-07
9.804134345777037787e-07
9.848261273028073877e-07
9.895372811151251602e-07
9.945081306444190886e-07
9.996725007329822045e-07
1.004940964979365805e-06
1.010206293770615690e-06
1.015349843305432996e-06
1.020248489096634407e-06
1.024780886773649646e-06
1.028837419301956341e-06
1.032321506524521267e-06
1.035157827144305263e-06
1.037295271585926679e-06
1.038709192421216775e-06
1.039402062256485407e-06
1.039402537953013651e-06
1.038763024942888519e-06
1.037555922641872262e-06
1.035867986319075217e-06
1.033798039509977507e-06
1.031446084622134341e-06
1.028910581473342296e-06
1.026281950491333725e-06
1.023637551894893257e-06
1.021037603737172962e-06
1.018522257881840733e-06
1.016109977332306464e-06
1.013797275729487327e-06
1.011558980279393228e-06
1.009353805109903856e-06
1.007122828452786832e-06
1.004796943725332444e-06
1.002300772157029496e-06
9.995576231549350763e-07
9.964943740711410625e-07
9.930459700006820278e-07
9.891592758766589455e-07
9.847960606266089069e-07
9.799341495176277929e-07
9.745714782111477765e-07
9.687209596866559866e-07
9.624123192162767288e-07
9.556889347748057077e-07
9.486046962860346607e-07
9.412203006712310835e-07
9.335992359956910674e-07
9.258037213312429708e-07
9.178908650455487039e-07
9.099085243339437642e-07
9.018956343003045604e-07
8.938757479461342522e-07
8.858591299851319645e-07
8.778419998308736527e-07
8.698074827321828526e-07
8.617274197045813637e-07
8.535648976258139917e-07
8.452773168706649157e-07
8.368197824823914591e-07
8.281485878877152221e-07
8.192238615662044439e-07
8.100153447312686844e-07
8.005006225294053671e-07
7.906696573159667401e-07
7.805250022589730611e-07
7.700818580003483300e-07
7.593672756799573573e-07
7.484185683706823909e-07
7.372810437264512096e-07
7.260052134385511762e-07
7.146430489334588863e-07
7.032472100306011213e-07
6.918641404931389147e-07
6.805336925717000359e-07
6.692861025257497252e-07
6.581402249402996469e-07
6.471025108077919393e-07
6.361667933833360613e-07
6.253148942289182746e-07
6.145180100753992802e-07
6.037382609987646255e-07
5.929334661670581138e-07
5.820569683055292030e-07
5.710630325655507367e-07
5.599095632529084659e-07
5.485611708781761177e-07
5.369918638641939683e-07
5.251872035007539388e-07
5.131457945129697191e-07
5.008800246432668933e-07
4.884155750628611913e-07
4.757923420760594025e-07
4.630602114901978087e-07
4.502786306204846543e-07
4.375134454166145922e-07
4.248338366980446875e-07
4.123090837482659671e-07
4.000053379824537880e-07
3.879825853584829424e-07
3.762919618038565111e-07
3.649735623113134294e-07
3.540545302981703597e-07
3.435494463076184159e-07
3.334581602771691570e-07
3.237676091689889515e-07
3.144526377673994592e-07
3.054777252008272361e-07
2.967991745327465393e-07
2.883676333644801538e-07
2.801308000770586086e-07
2.720361658399161809e-07
2.640334019038316594e-07
2.560777348681554473e-07
2.481304885568523858e-07
2.401616700311712599e-07
2.321507972348433821e-07
2.240874428807251671e-07
2.159712442655930904e-07
2.078114096636749924e-07
1.996257777060676086e-07
1.914395072046849664e-07
1.832833174456487556e-07
1.751924250544717404e-07
1.672036531704607532e-07
1.593543438835385177e-07
1.516805000547432956e-07
1.442153085476212564e-07
1.369879256471588223e-07
1.300225660997713090e-07
1.233379167682652115e-07
1.169468758597374271e-07
1.108564939865626450e-07
1.050687266520852685e-07
9.958033134052809499e-08
9.438403481901328023e-08
8.946926240566720255e-08
8.482303524546967083e-08
8.043086733752523354e-08
7.627761225682932174e-08
7.234821825112919217e-08
6.862836077857471853e-08
6.510493274522511039e-08
6.176632360469938106e-08
5.860285387211958312e-08
5.560645665797083405e-08
5.277086055140435174e-08
5.009136202708069344e-08
4.756459078353670832e-08
4.518823138927767960e-08
4.296072677833606262e-08
4.088098624561249871e-08
3.894811650069281157e-08
3.716115265039622701e-08
3.551902050453890897e-08
3.402017299290610084e-08
3.266265358039338573e-08
3.144401300471473861e-08
3.036130219853455697e-08
2.941109462600935913e-08
2.858952940096850156e-08
2.789236702504589446e-08
2.731505076347912534e-08
2.685274124758264742e-08
2.650048355715756093e-08
2.625309733475404950e-08
2.610533475011127349e-08
2.605189738195222366e-08
2.608747791734677393e-08
2.620680064523998370e-08
2.640466170404626007e-08
2.667596913635541033e-08
2.701578166322588931e-08
2.741931581663062533e-08
2.788208617410017644e-08
2.839975588642264036e-08
2.896825023973499590e-08
2.958371298106248726e-08
3.024246892396389814e-08
3.094096414642294007e-08
3.167568482935292490e-08
3.244305818390264517e-08
3.323934138982250575e-08
3.406050676253234264e-08
3.490209683023911745e-08
3.575927798903922696e-08
3.662656313895931916e-08
3.749793257392760891e-08
3.836682575190188535e-08
3.922622394339533115e-08
4.006879096624311245e-08
4.088707035100518247e-08
4.167373259255497473e-08
4.242186144114164735e-08
4.312521816149113344e-08
4.377873816769825005e-08
4.437855710885662214e-08
4.492244977087823101e-08
4.540998233612606799e-08
4.584262816965052451e-08
4.622378611267263578e-08
4.655869040621563443e-08
4.685420783475300804e-08
4.711852495732570990e-08
4.736068493323136257e-08
4.759029740116583182e-08
4.781668301919028464e-08
4.804849903174285559e-08
4.829311841383712931e-08
4.855610240781006171e-08
4.884075090141194642e-08
4.914776283076738813e-08
4.947503360921421840e-08
4.981760936125076494e-08
5.016775401568150870e-08
5.051545883699730730e-08
5.084856431467780314e-08
5.115356686993062013e-08
5.141626282783199356e-08
5.162251901939820655e-08
5.175907230273057813e-08
5.181431130825123076e-08
5.177899317531517801e-08
5.164685046384048062e-08
5.141504872400607984e-08
5.108440630049585657e-08
5.065969622321378242e-08
5.014916614970564989e-08
4.956441911314663881e-08
4.891981488652910518e-08
4.823176185188643077e-08
4.751788020549021007e-08
4.679608279867482113e-08
4.608362556917822867e-08
4.539618207451482850e-08
4.474694534316798301e-08
4.414611073529817001e-08
4.360002105680901422e-08
4.311102424575236468e-08
4.267730005902411642e-08
4.229297034479666328e-08
4.194843605212790262e-08
4.163092200317837100e-08
4.132519825764534482e-08
4.101443659636719752e-08
4.068110619428221284e-08
4.030813487677709390e-08
3.987957851823324121e-08
3.938168177132302725e-08
3.880357805789431721e-08
3.813786971818039781e-08
3.738101083814941681e-08
3.653347421406796251e-08
3.559969679691738616e-08
3.458781096995169254e-08
3.350914230421204655e-08
3.237773992190340045e-08
3.120938700134212968e-08
3.002093044236673408e-08
2.882938088746409462e-08
2.765107289558576951e-08
2.650089187381822863e-08
2.539160924312192903e-08
2.433335961643554844e-08
2.333328428549095843e-08
2.239532819371274088e-08
2.152035297218001365e-08
2.070615534295808834e-08
1.994791295626875409e-08
1.923862334231084928e-08
1.856966730556410485e-08
1.793143213803863566e-08
1.731395589153520559e-08
1.670755468880567390e-08
1.610339807141419463e-08
1.549400237561912317e-08
1.487360078685649200e-08
1.423848232284980536e-08
1.358701996765934828e-08
1.291975348393446015e-08
1.223925918476151780e-08
1.154993209626190701e-08
1.085768155377860298e-08
1.016956346844879454e-08
9.493374361550934128e-09
8.837232408509309154e-09
8.209159262177831953e-09
7.616744500231848067e-09
7.066755834259488748e-09
6.564915420637024589e-09
6.115692185355964475e-09
5.722176871587150834e-09
5.386027435855595208e-09
5.107479435629608412e-09
4.885413166797810393e-09
4.717467413174310654e-09
4.600183081189368882e-09
4.529200048320846982e-09
4.499411135253406022e-09
4.505179623133299270e-09
4.540526858883477717e-09
4.599319945728961040e-09
4.675450681996665675e-09
4.763004268751938714e-09
4.856417347939448064e-09
4.950625406760707285e-09
5.041193130198420906e-09
5.124464924658084710e-09
5.197639284117000281e-09
5.258889591555477425e-09
5.307433029589640865e-09
5.343579511213798582e-09
5.368748146677318799e-09
5.385444840732957728e-09
5.397195198209908833e-09
5.408428293377045645e-09
5.424309022345468181e-09
5.450512650588702422e-09
5.492987285838897083e-09
5.557607703803984323e-09
5.649870771510083524e-09
5.774543241139424497e-09
5.935321135147331541e-09
6.134513346300783344e-09
6.372769767530437512e-09
6.648873707961538904e-09
6.959616383448537901e-09
7.299758437281724145e-09
7.662144629949170082e-09
8.037836151546930771e-09
8.416442943537203600e-09
8.786509635784591374e-09
9.135993963933821460e-09
9.452806927455955906e-09
9.725387898043556354e-09
9.943284219946955592e-09
1.009770289363605957e-08
1.018198851372663818e-08
1.019207743410499686e-08
1.012670094923225405e-08
9.987584223174965007e-09
9.779427537943648239e-09
9.509744829890990510e-09
9.188550345033955210e-09
8.827906552633081849e-09
8.441354954841005816e-09
8.043258838744292265e-09
7.648082626565232856e-09
7.269708297888195891e-09
6.920673452799508939e-09
6.611579746089537523e-09
6.350549558602572923e-09
6.142825423177596375e-09
5.990524756941829954e-09
5.892564300666714495e-09
5.844758853326024208e-09
5.840088746586902925e-09
5.869120659842020640e-09
5.920549414817986114e-09
5.981877049284292642e-09
6.040071870591101679e-09
6.082326593706890319e-09
6.096754674115878657e-09
6.073032963585823426e-09
6.002947222318296358e-09
5.880811177659775731e-09
5.703737719708176232e-09
5.471749903089087613e-09
5.187721961246277041e-09
4.857200590073521964e-09
4.488013306090057198e-09
4.089834686719118935e-09
3.673629414893779917e-09
3.251051155171048267e-09
2.833825942603610156e-09
2.433155952432548605e-09
2.059176982643821962e-09
1.720498465337405618e-09
1.423846691481429543e-09
1.173838856033527143e-09
9.728636858957376157e-10
8.211113412361659463e-10
7.167104658547694669e-10
6.559710235653501219e-10
6.337097567372115536e-10
6.436336259326053989e-10
6.787545220190047023e-10
7.318083358022141361e-10
7.956519242734848187e-10
8.636224579742928515e-10
9.298250515197111701e-10
9.893578513717466153e-10
1.038452171972104683e-09
1.074533341103944079e-09
1.096206103534789960e-09
1.103174198079812417e-09
1.096107386208837080e-09
1.076471593718199555e-09
1.046338827645360373e-09
1.008191709300769108e-09
9.647460185480823955e-10
9.187812111914600133e-10
8.730169432407655996e-10
8.300179422119508742e-10
7.921368236626974528e-10
7.614902876193605209e-10
7.399625034453354306e-10
7.292272006618470711e-10
7.307787018609312120e-10
7.459608602345854044e-10
7.759913036849850176e-10
8.219577108384488358e-10
8.848028921538676135e-10
9.652813047206889444e-10
1.063895323643451687e-09
1.180815408695906428e-09
1.315792185627992601e-09
1.468070568693733679e-09
1.636317223463880661e-09
1.818570082510930533e-09
2.012236057337899831e-09
2.214106408077376504e-09
2.420445681412403906e-09
2.627118164309715211e-09
2.829763663369799529e-09
3.024012983057476909e-09
3.205731820853343191e-09
3.371278350602176170e-09
3.517757249538452669e-09
3.643246153517811190e-09
3.747008448796636454e-09
3.829594549004249088e-09
3.892924374408455003e-09
3.940261034490178766e-09
3.976102214688847321e-09
4.005984551033795086e-09
4.036207514790390217e-09
4.073489179246909365e-09
4.124571521735575580e-09
4.195797229126253454e-09
4.292676488123996955e-09
4.419508969536982690e-09
4.578990667011475040e-09
4.771957877287673735e-09
4.997193054656528398e-09
5.251346053355503287e-09
5.528973475556049478e-09
5.822698145101820217e-09
6.123483383520493296e-09
6.421009598123099702e-09
6.704123905482394910e-09
6.961399589477258667e-09
7.181625006835457246e-09
7.354392485981184769e-09
7.470606531029268449e-09
7.522941392572985275e-09
7.506212244175550165e-09
7.417639080976086435e-09
7.256988804384646003e-09
7.026588191256945848e-09
6.731197660817231282e-09
6.377816937639975774e-09
5.975278375536904290e-09
5.533862707751584162e-09
5.064801377008326852e-09
4.579758950171388916e-09
4.090314411255111451e-09
3.607470267549842135e-09
3.141215868292750958e-09
2.700167207022114612e-09
2.291296464899676235e-09
1.919783971318165935e-09
1.588939424579272901e-09
1.300267236713598406e-09
1.053606463884949692e-09
8.473550494919510775e-10
6.787548337721193352e-10
5.442151200660271943e-10
4.396512813830587965e-10
3.608152080101401234e-10
3.035962598318946205e-10
2.642741938034244435e-10
2.397128338262426082e-10
2.274792553765333537e-10
2.258940777332098990e-10
2.340082077633706662e-10
2.515160130215389237e-10
2.786159018764596864e-10
3.158330362509168679e-10
3.638209589578338816e-10
4.231596640601101058e-10
4.941662788060938608e-10
5.767381613993138233e-10
6.702295048723635892e-10
7.733847779329209009e-10
8.843229140568213286e-10
1.000576706381636858e-09
1.119182858542189894e-09
1.236815108473559783e-09
1.349949834612966395e-09
1.455051446752108932e-09
1.548761265087216771e-09
1.628091035319232230e-09
1.690571255647775055e-09
1.734392283619612356e-09
1.758493736521080080e-09
1.762611414635383514e-09
1.747277683288144258e-09
1.713776986347963973e-09
1.664061271213936158e-09
1.600632720250166303e-09
1.526400627761303642e-09
1.444538072912130026e-09
1.358311023859852865e-09
1.270941535951752845e-09
1.185475328614442494e-09
1.104676593758008354e-09
1.030952340053862613e-09
9.663086626106256187e-10
9.123387618095343448e-10
8.702401421652398505e-10
8.408563805090916516e-10
8.247359375603222859e-10
8.222090936342322658e-10
8.334550213475794565e-10
8.585792777836281178e-10
8.976747285251750608e-10
9.508691755605829801e-10
1.018354873461062117e-09
1.100398277885240422e-09
1.197330138130629763e-09
1.309517662890802020e-09
1.437319425158760546e-09
1.581041216605444334e-09
1.740862569673684276e-09
1.916784364119716851e-09
2.108568105484896609e-09
2.315683908359183295e-09
2.537267826475562410e-09
2.772090341906692623e-09
3.018536804809692972e-09
3.274599706626147410e-09
3.537876006790712929e-09
3.805603605541112193e-09
4.074648436532658911e-09
4.341555768496942955e-09
4.602580095928512049e-09
4.853727098876255135e-09
5.090802816723763814e-09
5.309471358383185462e-09
5.505322958210290233e-09
5.673954384683888614e-09
5.811053655474471993e-09
5.912549322886716914e-09
5.974677369007478348e-09
5.994159788817824492e-09
5.968345886052355454e-09
5.895369345521798310e-09
5.774304476124762131e-09
5.605312888501328439e-09
5.389770500475140241e-09
5.130363974720992889e-09
4.831137382498285462e-09
4.497529119537908876e-09
4.136263913041153706e-09
3.755264878317281308e-09
3.363453945532829734e-09
2.970494513382230865e-09
2.586473664545026006e-09
2.221534589438521230e-09
1.885474182365557584e-09
1.587324530538213928e-09
1.334939886608165409e-09
1.134610458964203667e-09
9.907385843694233000e-10
9.055689980412198675e-10
8.790347275251326739e-10
9.087015072382626006e-10
9.898337542298176746e-10
1.115582882181931432e-09
1.277293784309853900e-09
1.464917886745233976e-09
1.667514048373424612e-09
1.873809010941489632e-09
2.072806404420192312e-09
2.254363888495152310e-09
2.409764816727402312e-09
2.532205153485935961e-09
2.617182065943972156e-09
2.662755123689389511e-09
2.669660853253804610e-09
2.641269806765779744e-09
2.583384701846030218e-09
2.503883638231010075e-09
2.412252612107162853e-09
2.318967888992745700e-09
2.234850790490569797e-09
2.170367301788170707e-09
2.134941493151462068e-09
2.136320718842154168e-09
2.180032650844371065e-09
2.268969201686680026e-09
2.403125053662518586e-09
2.579504774567779009e-09
2.792233062183535099e-09
3.032799109579698443e-09
3.290507101521994490e-09
3.553043856153163263e-09
3.807155241886788023e-09
4.039386611417558070e-09
4.236842420686818866e-09
4.387918784437345282e-09
4.482964266986497682e-09
4.514828633492152758e-09
4.479258483716180815e-09
4.375162875114480662e-09
4.204617320465887516e-09
3.972762367480713343e-09
3.687488055423743713e-09
3.358972481858999006e-09
2.999096926882978195e-09
2.620775348585471406e-09
2.237240995765776935e-09
1.861334960279185236e-09
1.504837959188360206e-09
1.177901851527713883e-09
8.885722012143054216e-10
6.424857133122031628e-10
4.427120650177573045e-10
2.897631922898158305e-10
1.817599535974619256e-10
1.147390346385531705e-10
8.307403101902246349e-11
7.997770620979123870e-11
9.804775145884566848e-11
1.298177360464572120e-10
1.682726706640130661e-10
2.072975328962981131e-10
2.420281070595700995e-10
2.690843899882285258e-10
2.866750685421950829e-10
2.945715337621724591e-10
2.939595816359166761e-10
2.871857947576315842e-10
2.774224831046847492e-10
2.682838392780882760e-10
2.634187085010001979e-10
2.661230562743811997e-10
2.789958358341981276e-10
3.036679924029466898e-10
3.406244677063430015e-10
3.891317380059825706e-10
4.472747525725909122e-10
5.120983146846686798e-10
5.798396457008923697e-10
6.462306074575243976e-10
7.068503679700833585e-10
7.574830312195653253e-10
7.944713967925923675e-10
8.150223815782381692e-10
8.174451923933390333e-10
8.013018237729003878e-10
7.674576317056552576e-10
7.180278426641117089e-10
6.562242613189899320e-10
5.861134624304974136e-10
5.123119933704356407e-10
4.396275613595259291e-10
3.726959990389911101e-10
3.156270452005567574e-10
2.716939684429453797e-10
2.430908081226520523e-10
2.307767135796413723e-10
2.344198616306142655e-10
2.524454123497841327e-10
2.821830784640086526e-10
3.201050897757112592e-10
3.621283924001124030e-10
4.039652591073719583e-10
4.414870911498655328e-10
4.710741050511599766e-10
4.899215728211595157e-10
4.962771044424169816e-10
4.895889498897569229e-10
4.705524649440965631e-10
4.410494226721303959e-10
4.039888961220101241e-10
3.630508740295087667e-10
3.223684311071031127e-10
2.861629599242697795e-10
2.583674851036860793e-10
2.422690776789611536e-10
2.402011605178993898e-10
2.533129307299429469e-10
2.814372624674099298e-10
3.230707230051728121e-10
3.754696953805366167e-10
4.348612985490911221e-10
4.967457906036009598e-10
5.562791684240354278e-10
6.086977737125100144e-10
6.497538868381638516e-10
6.761254726251639711e-10
6.857646925079806224e-10
6.781535846670500069e-10
6.544417546782464156e-10
6.174485613651474180e-10
5.715297159414730494e-10
5.222975232312672853e-10
4.762317075391430395e-10
4.401909781146662998e-10
4.208663307557129872e-10
4.242156469930265419e-10
4.549233392333002555e-10
5.159286108788990540e-10
6.080623461668600255e-10
7.298247085581763820e-10
8.773339845934097898e-10
1.044442190561506949e-09
1.223037783990460912e-09
1.403505600742593215e-09
1.575322953725259592e-09
1.727752661562158519e-09
1.850586105816549311e-09
1.934883975204671230e-09
1.973660626961468343e-09
1.962457122223695016e-09
1.899775862251234482e-09
1.787293913965510043e-09
1.629894159696868463e-09
1.435458538554806524e-09
1.214449138542234764e-09
9.792967234632683141e-10
7.436338932473713996e-10
5.214222767963244909e-10
3.260321154316211088e-10
1.693375820423942668e-10
6.089164561975083951e-11
7.241008290473601899e-12
1.143069783966849166e-11
7.274054375551484334e-11
1.866746007406078697e-10
3.452112270857571811e-10
5.373016871624322612e-10
7.495875985473120811e-10
9.672914734047692963e-10
1.175221454925873626e-09
1.358820105991247772e-09
1.505196415649575617e-09
1.604039719222532289e-09
1.648386829222116741e-09
1.635158483781951877e-09
1.565434312602554235e-09
1.444440765408724027e-09
1.281247961690103190e-09
1.088191802176150992e-09
8.800572447821751063e-10
6.730750310190885866e-10
4.838050167210319104e-10
3.279667388248722327e-10
2.193199363471677422e-10
1.686567316077474796e-10
1.829847650652204016e-10
2.649598274920497499e-10
4.126112123906360305e-10
6.193831783220806564e-10
8.744941819598902641e-10
1.163591830607653697e-09
1.469671281827761512e-09
1.774175522403486250e-09
2.058231197593508471e-09
2.303916729240180999e-09
2.495483235955954216e-09
2.620442417083112723e-09
2.670445100935769270e-09
2.641887892038490432e-09
2.536203573114395360e-09
2.359809315874022497e-09
2.123731855022585089e-09
1.842885743561029576e-09
1.535114926905322244e-09
1.220013378020952776e-09
9.176238472969884822e-10
6.470998550618257994e-10
4.254224655869924729e-10
2.662601290661132216e-10
1.790504717821331693e-10
1.683679739844935069e-10
2.336217247737813511e-10
3.691066272933661993e-10
5.644020506453545959e-10
8.050956366072716272e-10
1.073779979355416304e-09
1.351255116845368601e-09
1.617853871650368657e-09
1.854798529686671751e-09
2.045494930352777617e-09
2.176674161830859248e-09
2.239299882534125496e-09
2.229193234571816438e-09
2.147293789106021310e-09
1.999588263320770566e-09
1.796674145803705970e-09
1.553003448867354592e-09
1.285856683782999937e-09
1.014118639167776429e-09
7.569415637851653463e-10
5.323894277335611073e-10
3.561580993439894254e-10
2.404639258977723870e-10
1.931730066965907468e-10
2.172419228055727442e-10
3.105028810782586429e-10
4.658124883337632478e-10
6.715541622158841448e-10
9.124598491551823710e-10
1.170694121256470980e-09
1.427125020070646764e-09
1.662690914717420437e-09
1.859776456845156627e-09
2.003477339999658305e-09
2.082693377019577815e-09
2.090949511995062641e-09
2.026893324987605983e-09
1.894430017636441961e-09
1.702482502051623471e-09
1.464390493001668103e-09
1.196988005754600812e-09
9.194216165434177691e-10
6.517900799399630500e-10
4.137033698696776917e-10
2.228529492360931417e-10
9.370806680061671560e-11
3.642145421517052603e-11
5.602945680847367294e-11
1.520068610221587123e-10
3.182136564453477050e-10
5.432442932445700032e-10
8.111622568658372218e-10
1.102575010573730439e-09
1.395985740786089280e-09
1.669321966136673906e-09
1.901552976045834259e-09
2.074275376842578492e-09
2.173160135327435156e-09
2.189157019753641086e-09
2.119367080044354782e-09
1.967514091157318510e-09
1.743971078027050968e-09
1.465325602947426904e-09
1.153504486880153636e-09
8.344867864271046519e-10
5.366980870463043876e-10
2.891644974776406761e-10
1.195457592188556835e-10
5.216981152524681597e-11
1.061956861350501176e-10
2.940271591128695568e-10
6.200875172371997880e-10
1.080046179155937407e-09
1.660566841833446004e-09
2.339606895992960296e-09
3.087282204299005700e-09
3.867263404464285898e-09
4.638646577197069097e-09
5.358209779054869326e-09
5.982943176147915965e-09
6.472722434964845392e-09
6.792984009747071871e-09
6.917257629156139027e-09
6.829412937737279447e-09
6.525509577946584855e-09
6.015097706443953002e-09
5.321943544673778889e-09
4.484080300396049715e-09
3.553179122647635709e-09
2.593247016310710646e-09
1.678694076305737660e-09
8.918425533209319252e-10
3.199766217564223914e-10
5.205302737354676412e-11
1.752082176310177869e-10
7.712061003887510703e-10
1.912973245442090962e-09
3.661362584628959965e-09
6.062276896396951511e-09
9.144266605793446920e-09
1.291669585968837173e-08
1.736854689189997385e-08
2.246790671875976952e-08
2.816214834511701500e-08
3.437882746626784852e-08
4.102718777583455800e-08
4.800031369114617843e-08
5.517778605488057237e-08
6.242877706607249512e-08
6.961547800283784344e-08
7.659675028604204754e-08
8.323188702591386210e-08
8.938437248115823136e-08
9.492552469756195942e-08
9.973795431746312588e-08
1.037186549799998677e-07
1.067817661900936166e-07
1.088608431711327606e-07
1.099106145984857799e-07
