2.999227333E+1
2.971223259E+1
2.941486931E+1
2.910483551E+1
2.881462097E+1
2.849350357E+1
2.817670059E+1
2.793183899E+1
2.761261940E+1
2.729432106E+1
2.700845146E+1
2.670631027E+1
2.639238930E+1
2.620619583E+1
2.590132713E+1
2.559954071E+1
2.518815804E+1
2.488132858E+1
2.467772484E+1
2.437170982E+1
2.407389069E+1
2.378586769E+1
2.349340630E+1
2.306818581E+1
2.288579559E+1
2.247315407E+1
2.226913643E+1
2.198251915E+1
2.165519714E+1
2.135915947E+1
2.104699898E+1
2.077087402E+1
2.047316933E+1
2.016567230E+1
1.982520485E+1
1.956071281E+1
1.923925591E+1
1.893050003E+1
1.867211723E+1
1.834555626E+1
1.804393768E+1
1.773828316E+1
1.742268372E+1
1.712924576E+1
1.683211517E+1
1.655931854E+1
1.620378685E+1
1.592094040E+1
1.564112854E+1
1.532088947E+1
1.500454807E+1
1.467654037E+1
1.437159824E+1
1.417000771E+1
1.387442684E+1
1.357883549E+1
1.328200054E+1
1.298505688E+1
1.266693497E+1
1.236211300E+1
1.208367634E+1
1.176687908E+1
1.143628311E+1
1.119925594E+1
1.087356758E+1
1.054366112E+1
1.025025558E+1
9.942095757E+0
9.624254227E+0
9.335387230E+0
9.039478302E+0
8.746040344E+0
8.423336029E+0
8.095618248E+0
7.794888496E+0
7.614622116E+0
7.175705433E+0
6.989990711E+0
6.685510159E+0
6.366483212E+0
6.089241982E+0
5.762718678E+0
5.477531910E+0
5.163400173E+0
4.864276886E+0
4.541697979E+0
4.242365360E+0
3.937565565E+0
3.634871721E+0
3.345889091E+0
3.023697615E+0
2.803250313E+0
2.432396889E+0
2.123132467E+0
1.823252916E+0
1.506705761E+0
1.203730345E+0
8.807080984E-1
5.850642920E-1
3.687315583E-1
6.257355213E-2
-2.566523254E-1
-5.428174138E-1
-8.402407169E-1
-1.162622213E+0
-1.516913891E+0
-1.794720650E+0
-2.093912840E+0
-2.387521982E+0
-2.680785656E+0
-3.010496855E+0
-3.317756653E+0
-3.528911591E+0
-3.829457521E+0
-4.154848576E+0
-4.500575542E+0
-4.778982162E+0
-5.106303692E+0
-5.412693501E+0
-5.625717163E+0
-5.919611931E+0
-6.215017319E+0
-6.557631493E+0
-6.888735771E+0
-7.168540955E+0
-7.486349106E+0
-7.812103271E+0
-8.128148079E+0
-8.334874153E+0
-8.655463219E+0
-8.941826820E+0
-9.268128395E+0
-9.584774017E+0
-9.880132675E+0
-1.010750198E+1
-1.042160130E+1
-1.074994564E+1
-1.104715157E+1
-1.136103916E+1
-1.168620396E+1
-1.198054600E+1
-1.233175468E+1
-1.248917770E+1
-1.283258152E+1
-1.315678120E+1
-1.347153282E+1
-1.378561020E+1
-1.397875881E+1
-1.442177391E+1
-1.469214249E+1
-1.488474369E+1
-1.523588181E+1
-1.565467739E+1
-1.582647896E+1
-1.615345955E+1
-1.645855141E+1
-1.676307297E+1
-1.704530144E+1
-1.735671997E+1
-1.766781807E+1
-1.798880005E+1
-1.825179863E+1
-1.857970238E+1
-1.887096786E+1
-1.917845917E+1
-1.949628830E+1
-1.980545616E+1
-2.009256744E+1
-2.041853523E+1
-2.061446953E+1
-2.090634918E+1
-2.123072052E+1
-2.152923393E+1
-2.183110619E+1
-2.216600800E+1
-2.244524956E+1
-2.273732567E+1
-2.305267906E+1
-2.335523796E+1
-2.367295265E+1
-2.399455261E+1
-2.427692604E+1
-2.460792542E+1
-2.478999710E+1
-2.512364578E+1
-2.552167320E+1
-2.572356033E+1
-2.603283310E+1
-2.633349419E+1
-2.663058090E+1
-2.693648529E+1
-2.724062347E+1
-2.756548500E+1
-2.786962318E+1
-2.816994667E+1
-2.851178360E+1
-2.875112343E+1
-2.902756882E+1
-2.935278511E+1
-2.967168999E+1
-2.996306801E+1
