8.876047705195741315e-09
7.089141502716546588e-09
4.282432175596916626e-09
1.251594134888839263e-09
6.663020060606076756e-10
1.265573076658194951e-09
1.314919155305367272e-09
5.438922097983549477e-09
1.173274000225285262e-08
8.758908303566465080e-09
8.198361165428988404e-10
2.473399711133939209e-09
6.218533542453847502e-09
2.376229470713103400e-09
6.059856891413488093e-09
1.760036514167304594e-08
1.332858601600157915e-08
2.390309551471002220e-09
1.012892470798120440e-08
1.756471221796528065e-08
5.767258380688019486e-09
8.909939706436143922e-10
9.768035661276652991e-09
7.000778138200746386e-09
9.610278657082744760e-10
7.704863372305412053e-09
7.545391431634385742e-09
1.851644118801840647e-09
1.255063936360479773e-08
1.755150511531518949e-08
3.651585616851141506e-09
8.780525472644156403e-09
3.122143610461293531e-08
3.951250691820737140e-08
6.275966927723531750e-08
1.023948187827207924e-07
8.144331198340294887e-08
1.547045329693657577e-08
7.221673985077497529e-09
3.731676764220120102e-08
2.782171714725707000e-08
1.040263365902585613e-08
1.255360681865949709e-08
5.581417405829942843e-09
3.584305191414140075e-08
1.131146033835977894e-07
1.155883942202798009e-07
6.590119713463428776e-08
1.270553445747467409e-07
2.101284946962580181e-07
1.273424193184274129e-07
2.015483261986719787e-08
5.703173608500309738e-08
8.022525318002166918e-08
1.224096638785777718e-08
2.389570533117900624e-08
8.893925767938798026e-08
4.811888486407601615e-08
5.013574651895693155e-10
4.116333636444537921e-08
4.096748828356528506e-08
2.666487820149097165e-08
1.384652864441300738e-07
2.305539481544593011e-07
1.926307377004302566e-07
2.606271066173867601e-07
4.636369935616569980e-07
4.666171603508397762e-07
2.442027396122880487e-07
1.026833476812958585e-07
8.161317499919814154e-08
4.022834759607990465e-08
6.452483259338876391e-09
6.390772831904164641e-09
2.529034010065241574e-09
4.662043457548508588e-08
1.001232532897606610e-07
4.362850079082207323e-08
3.511777144222593621e-08
2.560029697302100965e-07
4.648486292336923004e-07
4.941010500078495151e-07
6.744778241748959814e-07
1.120512363888607616e-06
1.336241862663932625e-06
1.051046519130113423e-06
7.016456151751363055e-07
7.219053444835016878e-07
9.231214015975205694e-07
8.563366024952155487e-07
4.968227868889515681e-07
2.378947388292495728e-07
2.251365758606125594e-07
1.857748052306127021e-07
3.883049362802432607e-08
1.792638957525304203e-08
1.376896231833431862e-07
2.263102440739586863e-07
2.830882801713473372e-07
4.090458951218728062e-07
9.755231751552705815e-07
2.566842607653134620e-06
4.771096991752525813e-06
6.264031201725390200e-06
7.088028652818083806e-06
8.374071270466292667e-06
9.208583635148670640e-06
7.561946328887757333e-06
4.342424144870592792e-06
2.160449036846140277e-06
1.178371384474243557e-06
3.300245422271368596e-07
8.409597946153925061e-09
2.572680659102273710e-07
1.097945987400789795e-07
1.594534390898276285e-07
1.545940238220670242e-06
4.072349040730053434e-06
9.675729262198525904e-06
2.239904552842926291e-05
4.044064477300541259e-05
5.613038266792177045e-05
6.681071664949524602e-05
7.526716187796359870e-05
7.829487320861733116e-05
6.833655742307395784e-05
4.794353651734110477e-05
2.932412861940429381e-05
1.837981987549632570e-05
1.094147863019629392e-05
4.315035755384060387e-06
6.676192590062835591e-07
9.838451478062917844e-08
2.942356097084815812e-06
1.794864029565331200e-05
6.047269868670214889e-05
1.646525574397498181e-04
4.323220742865145605e-04
1.044907166975062984e-03
2.154189513553956235e-03
3.759775641521780065e-03
5.768314406508929897e-03
8.154134528646132460e-03
1.092278746850048818e-02
1.388602674402497801e-02
1.662402529760654765e-02
1.874532746285392099e-02
2.007608885196882076e-02
2.057501098025983979e-02
2.026125757560099175e-02
1.933140634946078212e-02
1.815969322530654184e-02
1.699289178874477044e-02
1.572482434759562078e-02
1.412408376128513991e-02
1.222548300324739941e-02
1.033648959766164145e-02
8.671463572784034526e-03
7.146576231965826725e-03
5.593541027852378007e-03
4.044140774543886381e-03
2.695892130137378384e-03
1.673802364790324742e-03
9.476083165387743160e-04
4.502947845931871409e-04
1.563854558277351099e-04
3.255249776159981057e-05
3.489762737564245345e-06
5.600543330702933424e-07
7.093297208655788160e-08
2.326799504288537331e-06
8.119045188380225170e-06
2.081412723395040010e-05
4.369696323373252527e-05
6.928951815071645898e-05
8.519078005201580835e-05
8.898037461165061079e-05
8.703995715529079470e-05
8.204302134498324926e-05
7.074433914733936147e-05
5.272562811686586629e-05
3.388637044385288692e-05
1.987709649201976065e-05
1.084705867846649419e-05
4.643194299988854677e-06
1.033008296763242036e-06
1.066361892873516129e-07
1.796698888097533969e-07
2.057654069850162888e-08
3.096288932724924133e-07
1.520815099964771313e-06
3.288836740395643201e-06
6.025775110567182261e-06
1.003062012748277490e-05
1.350621080942528603e-05
1.430292011082441483e-05
1.275516510948131952e-05
1.065994992891414512e-05
8.678745029693372054e-06
6.416885423945193567e-06
3.967745229111192339e-06
2.044433664264062522e-06
1.024137132902219139e-06
5.848537411976727314e-07
2.736226247409615792e-07
5.168547823943996448e-08
3.111827325759836832e-08
5.371355315302798339e-08
7.327461519274146112e-09
1.298784831089638521e-07
5.307109372440414449e-07
9.686000614693852540e-07
1.394739653945556345e-06
1.980843957015872817e-06
2.495487290061358567e-06
2.459760335726789786e-06
1.913190829766360931e-06
1.341758822034949354e-06
9.881805489320340546e-07
7.350426837478869875e-07
4.689705337306306864e-07
2.280944806020655910e-07
9.812662535153921900e-08
8.265799628554306189e-08
8.324746276166191192e-08
4.190046859513188838e-08
6.229111892291755329e-09
1.117491989272649472e-10
1.840266840729751269e-08
1.398042432519955646e-07
3.961830280436610714e-07
6.311376908715011983e-07
7.253510548824140216e-07
7.594606767964428089e-07
7.785148326257671422e-07
6.794022687916304054e-07
4.472418074697471781e-07
2.259816949359279631e-07
1.128958177956118453e-07
8.330155029906349356e-08
7.993796101307631101e-08
6.150645038163177915e-08
2.703056872107534983e-08
1.200919829986569619e-08
1.819929984741121271e-08
1.478838342548461371e-08
1.374654140812029476e-08
4.068983557351122463e-08
7.920542387839393121e-08
1.307463321385788897e-07
2.221502871417306312e-07
3.064448827959813294e-07
2.989750646754181786e-07
2.156714698236629972e-07
1.424734792232460932e-07
1.100632947835220384e-07
9.603865719071869652e-08
8.200370644820339765e-08
5.796024656163990281e-08
3.020349344665553193e-08
2.071072136969100038e-08
2.655235146836384849e-08
2.392445597441444616e-08
1.176754711114463362e-08
3.159850603482938047e-09
1.029481323227774114e-08
5.952710976173580230e-08
1.511106783297893189e-07
2.185202314447142058e-07
2.102828127701102960e-07
1.639629647093104183e-07
1.323859924579047697e-07
1.132673209621396298e-07
9.146902476797019487e-08
6.890012523146094284e-08
4.477620638536541771e-08
2.456991836343548500e-08
2.076758492446237383e-08
2.188844754463216370e-08
1.120533060748835318e-08
2.293564605100981617e-09
5.336189632852817059e-09
4.252831591765917631e-09
1.403727998492465303e-10
1.250791519820552067e-08
3.169693946619787451e-08
3.480904688035692969e-08
2.756277863042066117e-08
2.412132194324901237e-08
2.512672832558750712e-08
3.184584730383238606e-08
3.902410631876346562e-08
3.189674143381306354e-08
2.186961395893411821e-08
3.645222510796324631e-08
6.127003576517483616e-08
5.749389967175448992e-08
2.887996413384181307e-08
8.242367234797628744e-09
3.672755044816985250e-09
5.242352578892160430e-09
8.761418549725786399e-09
9.416511611704230828e-09
5.639104428264064480e-09
6.434051962821344088e-09
1.190511285179430378e-08
1.017360848537880504e-08
2.562497111315158383e-09
1.473860160288968004e-10
1.344505657240574533e-09
4.944245925316152262e-10
7.524829608436115457e-10
2.690144234441232799e-09
2.633054441678912825e-09
3.009657204000747606e-09
4.998903442305942763e-09
3.529334183617052639e-09
2.148782517391057980e-10
1.327557345504944108e-09
3.500648464099929463e-09
1.558814431531885764e-09
7.479497557564970019e-11
2.489317598403004890e-09
4.420679476568250398e-09
3.964909845940367606e-09
3.472422615385942678e-09
2.908731428048258355e-09
1.612406070788647113e-09
6.616185889820064615e-10
7.092703920429029023e-10
2.477789359955010913e-09
5.275147205441018566e-09
5.149545594285891450e-09
2.024481150790355335e-09
1.220369888213885986e-09
2.370166467697567257e-09
1.910106957038667595e-09
5.832571596733604325e-09
1.903498917239060829e-08
2.972966438930519765e-08
2.606248061530323148e-08
1.474953704024723474e-08
6.934384999581584477e-09
3.120523968963146471e-09
8.240601278628770470e-10
1.482386981774945366e-10
6.614755128804328659e-10
3.187236003411841488e-09
8.244703208894145449e-09
1.082657045792172955e-08
7.523108214444774140e-09
3.317295093498911495e-09
2.013803105311424290e-09
1.113486862290900199e-09
5.361732079191790504e-11
4.726126587872450109e-10
1.345556780495088050e-09
3.427833525207020175e-09
8.472049834932574140e-09
1.164541385270951095e-08
9.290090844699457222e-09
7.974751205314563017e-09
1.122277116330087365e-08
1.156604040885411690e-08
6.285384822867079583e-09
2.027660641725654230e-09
1.115588233198148095e-09
2.632585846558620346e-09
9.793301722001874993e-09
1.954931784304071920e-08
2.022575637919288417e-08
1.059427233783568083e-08
2.256370975730921228e-09
1.588138944770139187e-10
4.325154914087494751e-11
8.589474159585691325e-10
3.492944768942707344e-09
5.132181542408988367e-09
4.289504953327748483e-09
3.196013211048129693e-09
3.863119910625583055e-09
7.524843927898925440e-09
1.299908644324384326e-08
1.472502997356508520e-08
1.055079775618081483e-08
6.426780937205402622e-09
5.784957581827387786e-09
4.730235670288975898e-09
2.105548535302725999e-09
9.417722430048566144e-10
5.876289556807246293e-10
2.017884904475792120e-10
3.456387222009020617e-09
9.813895337924919947e-09
1.220989329613743931e-08
9.118412046814862450e-09
6.424480441687744191e-09
6.541052775020613677e-09
7.040643839406481307e-09
7.613347089813508865e-09
1.078121396509402812e-08
1.831535919288221430e-08
2.775622712321794248e-08
3.118078959314183117e-08
2.356405185915440379e-08
1.187597718722481676e-08
6.391135037306260018e-09
7.232021702885518792e-09
8.980240093009799837e-09
9.732646466535389244e-09
8.547354678762932805e-09
5.087315265684885349e-09
3.039708043573081512e-09
3.761492144231577693e-09
4.906820966548193706e-09
1.290462981519298665e-08
3.753220204896561782e-08
6.857169064631145773e-08
8.360740985063506422e-08
8.071155788934431699e-08
7.700274912657162454e-08
8.049690268290797679e-08
8.743346370711541099e-08
9.402824703314639368e-08
9.183742976360292652e-08
7.057812698879483527e-08
3.732019837604254300e-08
1.214600388100640744e-08
2.511881775471386204e-09
8.256431047901149466e-10
7.354578532989730916e-10
5.417037881853053944e-09
4.198323807487868785e-08
1.793197672976044657e-07
5.092028429017964525e-07
1.105931552308504404e-06
2.023930486114036954e-06
3.325661857828654240e-06
5.087455411693365215e-06
7.366707833562344387e-06
1.011009699784768770e-05
1.299642286588487671e-05
1.536883322039999346e-05
1.647950925997995969e-05
1.596476865151243282e-05
1.411881334013377269e-05
1.168226067572681749e-05
9.363144351977645247e-06
7.515353030554279037e-06
6.133158742811465655e-06
5.022612374012965728e-06
3.987368091680404321e-06
2.954498988230708033e-06
1.991633734814066736e-06
1.213729866886167398e-06
6.764267323691538792e-07
3.528140305351500708e-07
1.765246003483151207e-07
8.323299041118051578e-08
3.154750251891498114e-08
7.032122211673953444e-09
3.970488685224006136e-09
7.344550544983005248e-09
4.264290805896209800e-09
2.924089412978553608e-11
4.613592936040014529e-09
1.417318604343477617e-08
1.896026528992909183e-08
1.751150214099172936e-08
1.425367072169806486e-08
1.234945387802308766e-08
1.180488124487310795e-08
9.620070929760524656e-09
4.298443089618382508e-09
4.179337297979682110e-10
2.457482920506411817e-09
7.462017492064007566e-09
1.039121302859139723e-08
1.091689329935996915e-08
1.117863636270882884e-08
1.383057291794704269e-08
2.153515950965645369e-08
3.145742221785058471e-08
3.522649357997837030e-08
2.976068735845591308e-08
2.114534489160900130e-08
1.588277918353807657e-08
1.543973043206494974e-08
1.739466938520167771e-08
1.660016932994355349e-08
1.016909738965490823e-08
2.885583882754936810e-09
9.316600072998406436e-10
2.857402245839174369e-09
3.747448705724147244e-09
2.929200985849514407e-09
2.323456649440550791e-09
3.134311163573024340e-09
5.845683617137326854e-09
8.835121958419913838e-09
9.304780660971128073e-09
7.693198550003999645e-09
6.237221806840229713e-09
4.525206279282846716e-09
2.045865569630819783e-09
6.178631593542350768e-10
4.241379313705365083e-10
7.139408784971868543e-11
6.395423110122452122e-10
2.604273069408229582e-09
2.890098939975655259e-09
1.111744947803279458e-09
1.576683000426588109e-09
5.308479370578524889e-09
8.026771777243352834e-09
6.952349045203850878e-09
3.967320434807433057e-09
4.042950999564342470e-09
1.122891829434974390e-08
2.131223693812277608e-08
2.318676154768174397e-08
1.435185823337428218e-08
6.782952430180130470e-09
1.081312423427662634e-08
2.211558083316245792e-08
2.865362658366420507e-08
2.379046922341641174e-08
1.263164771012624621e-08
7.799083235453666746e-09
1.452762609603009824e-08
2.255664947536371307e-08
2.023859980513069852e-08
1.023692264736774282e-08
3.409934346219016327e-09
5.114434341953439114e-09
1.253242408749402723e-08
1.812530464388035290e-08
1.549365050986094820e-08
7.246615141823568677e-09
3.385569888373781579e-09
9.593381548702407038e-09
2.141094949882525570e-08
2.806225528075970325e-08
2.133682478237926110e-08
7.632560296395608508e-09
5.416242528547928485e-09
1.966088021851530778e-08
3.186554377594390606e-08
2.756963649911398995e-08
1.440895894850033594e-08
4.308172172419087604e-09
1.800305921690166754e-09
1.130412498385596229e-08
2.954810056345492224e-08
3.752725100564125241e-08
2.466959957854245180e-08
7.321357302961508016e-09
5.090872272672702655e-09
1.734317973533102923e-08
3.164893278790185435e-08
3.578156415314052181e-08
2.424153905031500271e-08
1.043933443850330281e-08
1.781615288115468453e-08
4.434599556133922999e-08
5.859693637314028559e-08
4.287220329059917371e-08
1.580549460926886027e-08
3.546491618618816415e-09
9.745123113027871418e-09
2.012946933727046562e-08
2.194700073260621217e-08
1.378023058879824970e-08
3.372803322822042960e-09
3.850105258351903151e-10
8.778956048458630437e-09
2.098975441739859521e-08
2.264617131343330704e-08
1.159177626638925487e-08
4.712748708334001717e-09
1.266297407896554378e-08
2.129670641855160421e-08
1.563556168491502093e-08
4.162654910108803664e-09
8.641503491265760278e-10
3.293223203136169797e-09
3.619603571470549463e-09
2.037228769383520183e-09
7.467296598203733876e-10
6.902767746599937417e-10
4.259530643991726341e-09
9.756115596047254842e-09
1.035244667957643333e-08
5.346026355129889267e-09
2.108952980789379162e-09
4.718346712055931741e-09
9.689332705021138635e-09
1.149980229883631098e-08
8.703821324839236875e-09
8.607983568928927113e-09
2.176586675741866282e-08
4.499578687585032432e-08
5.940148266346139120e-08
5.427578578315132715e-08
4.419906585567353875e-08
5.456766989564042894e-08
9.253420729594855690e-08
1.343956197877862241e-07
1.471774198098804207e-07
1.281833020550813224e-07
1.123875320178848856e-07
1.302515379534639426e-07
1.707889676976357321e-07
1.967554567943456752e-07
1.865483108245299786e-07
1.575837321615935020e-07
1.525849535807846585e-07
1.931561422680981021e-07
2.460146689306933423e-07
2.567657088565642755e-07
2.163156148002690182e-07
1.677670634789489695e-07
1.536284016753207372e-07
1.827197150283266176e-07
2.376666864348485891e-07
2.916775719503815070e-07
3.305657976208583437e-07
3.687758510560214175e-07
4.254421263583727704e-07
4.863087010178395904e-07
5.163237783313107967e-07
5.080758917978571305e-07
4.937040324089365437e-07
5.087335026629195113e-07
5.563595954285713018e-07
6.056257596090636188e-07
6.224849177875993934e-07
6.044864006127966785e-07
5.796547547881603647e-07
5.724570357416818712e-07
5.842600873741112817e-07
6.078293025449208786e-07
6.465918545474712457e-07
7.125834147316195618e-07
8.046045246023451312e-07
8.899729683995284354e-07
9.249226291662821569e-07
9.084806989514069248e-07
8.982686004272685779e-07
9.472395465143010394e-07
1.034876892976222904e-06
1.086332335564306016e-06
1.059325182133390791e-06
9.969077577115746054e-07
9.892466580722102412e-07
1.083109109024030496e-06
1.228220911537168699e-06
1.319927016216985929e-06
1.304895087980765113e-06
1.242310108373256059e-06
1.247008616548356004e-06
1.365350608175348806e-06
1.517804837312937350e-06
1.579472618420610795e-06
1.516347966608865205e-06
1.425569131752703014e-06
1.431546763440032439e-06
1.550968231294993742e-06
1.675187200276327785e-06
1.690097882835492831e-06
1.601171825945056880e-06
1.524706354187430135e-06
1.560248912761359888e-06
1.694761892319118919e-06
1.841135106128700425e-06
1.949079537733246665e-06
2.050468463208298266e-06
2.190765259315306033e-06
2.337517829357195325e-06
2.389005993277978795e-06
2.288825467212513958e-06
2.112944052431662232e-06
2.012137438936202899e-06
2.062737349857966897e-06
2.194590593484043536e-06
2.277838485460349044e-06
2.262842822359819885e-06
2.207631603754474501e-06
2.171449152378672935e-06
2.123242714556641675e-06
1.990712337129691355e-06
1.792123859654111035e-06
1.684249786494578807e-06
1.842687693941110661e-06
2.269788705221129663e-06
2.735306440025695542e-06
2.956730489728535110e-06
2.855321670195571064e-06
2.599270885222382560e-06
2.391990606358198952e-06
2.277497569171933899e-06
2.181331467393381675e-06
2.085668841293949806e-06
2.085633276183045508e-06
2.236420117760016311e-06
2.373170230415764642e-06
2.177334979611758784e-06
1.515074866702909229e-06
7.131574070946535814e-07
4.363527456232606246e-07
1.228285685887376928e-06
3.090890862365333796e-06
5.416746023194768378e-06
7.312404591268888806e-06
8.074592467460582257e-06
7.485856151620704525e-06
5.810164571311538076e-06
3.653969279887647463e-06
1.841990327315981472e-06
1.249442366931827513e-06
2.481980531891689280e-06
5.432649365135552917e-06
8.991805085940414682e-06
1.139076257689314462e-05
1.130211126384610423e-05
8.874269231414799424e-06
5.600119421526958684e-06
3.081920378140498731e-06
1.944436021288516023e-06
1.779566240132515776e-06
1.810383220783257689e-06
1.532408705617473740e-06
9.528677509319935541e-07
4.048720888566538673e-07
1.510411099899648940e-07
1.574067408455046461e-07
2.201865604484399188e-07
2.134820138457717413e-07
1.620757530417209045e-07
1.373211858184535249e-07
1.537615536202288018e-07
1.700985219040925040e-07
1.609577338769807917e-07
1.553340758285519727e-07
1.890459411297735293e-07
2.438831931228627373e-07
2.637081667766965899e-07
2.203775524744653260e-07
1.435053456295009842e-07
9.009338033023767193e-08
9.055723300193423251e-08
1.207158805661974748e-07
1.316989018032073618e-07
1.070535292533210044e-07
7.470821479202374749e-08
6.437613326211699210e-08
7.523088314796076696e-08
8.729328694872989811e-08
8.675076665112145801e-08
7.658606536194926767e-08
6.946743784168976377e-08
7.078261159992913498e-08
7.149278512018360366e-08
6.248788947629667595e-08
4.901971305330158907e-08
4.318883799830141285e-08
4.805940346015976065e-08
5.531068100295603810e-08
5.519645171741796875e-08
4.634244718882965633e-08
3.640716185582670243e-08
3.231647860097762163e-08
3.207880830730184986e-08
2.969024809368221733e-08
2.430116575828692641e-08
1.986134602694599352e-08
1.895472736269780633e-08
2.025096684855338751e-08
2.010765435843842872e-08
1.631103087696866912e-08
1.112646121699993763e-08
8.662974871354478785e-09
9.390485699143941870e-09
1.042657456752223196e-08
1.013339973883061462e-08
9.315514737290764128e-09
9.242906414480870690e-09
1.015317880325898647e-08
1.058429702533069008e-08
8.863828401136766908e-09
6.114173442776400512e-09
5.151582005088032952e-09
5.994061862451788454e-09
6.001452169582182119e-09
4.199655522841405368e-09
2.083165963780310265e-09
1.009424915801231636e-09
1.107059275886514771e-09
1.585210439184387968e-09
1.380187830001337363e-09
5.197469647710392121e-10
2.564517282755037341e-11
3.824174301951985323e-11
2.616253837258374887e-12
2.856770939923021848e-10
1.182805965518114181e-09
1.615022969557433627e-09
1.014759920215276003e-09
5.735731533775280434e-10
1.086852260893157326e-09
1.718096733316725633e-09
1.673751853875385119e-09
1.223026363497966260e-09
8.770691616225973167e-10
8.294722059118178678e-10
1.196534201948244743e-09
2.201427800637687636e-09
3.744355528218451303e-09
4.774095739552302072e-09
4.219963793295824329e-09
2.972385153271670978e-09
2.988864681761154501e-09
3.991414820308317861e-09
3.766948050522744960e-09
2.130175204554421608e-09
1.583177083802630884e-09
3.553403742322078234e-09
6.279313513056893955e-09
6.909917259810249993e-09
4.925600882084114869e-09
3.254234144102285282e-09
4.932697296320567980e-09
8.419535945703402642e-09
8.915200929850294983e-09
5.218821929774511487e-09
1.702696364303340385e-09
2.008379633729942104e-09
4.339962029836328377e-09
4.917830131424189663e-09
3.318698581366396088e-09
2.165973726085913677e-09
2.934026231400850641e-09
4.282696646562425428e-09
4.524480818827878874e-09
3.791997718895277868e-09
2.961258408700711345e-09
2.146741924109914541e-09
1.301874708499102353e-09
7.955149917617078390e-10
6.464033783650064058e-10
4.560350605502914419e-10
1.961583533841649815e-10
7.593679396787593269e-11
1.271050300853310227e-10
3.932356911846365916e-10
6.901715371166251333e-10
5.060326076940359365e-10
6.679686291261558986e-11
3.186692754318978535e-10
1.130297956484766457e-09
1.371715145214539712e-09
1.035702412269973474e-09
1.073403292389272952e-09
1.414509910261405949e-09
1.266217831761547339e-09
6.658713527923352177e-10
2.118328916960377458e-10
1.795033358981093014e-10
5.002097874885279426e-10
7.326962471944230891e-10
4.316264406789274094e-10
4.641783400548123783e-11
2.583617682899575264e-10
6.033142332325356853e-10
5.204622468131105766e-10
8.079328693444120969e-10
1.979557916544699052e-09
2.723989393739601856e-09
1.964627309161897169e-09
6.515591789218864343e-10
4.204205753809505313e-11
5.221508844578158095e-11
1.766597710111620955e-10
3.552695251607973019e-10
5.183102022429906042e-10
4.876406391251909903e-10
3.629879916802401341e-10
3.370487007416839881e-10
3.706998474574042464e-10
3.529683281081464605e-10
2.906224334397326025e-10
2.347546274409418144e-10
2.051880940900381083e-10
2.213772891200665272e-10
3.229483382365097204e-10
4.728149324420733116e-10
5.065646539517058530e-10
3.883348560971184518e-10
3.793096776559284225e-10
6.303017220061624788e-10
8.597823725936881036e-10
7.816528929088642059e-10
5.182560913399480976e-10
3.611051747593455211e-10
4.510183792150139535e-10
6.821374338308889092e-10
7.129758686752631761e-10
3.755926359074120603e-10
5.373908479154301044e-11
1.144198537237600332e-10
3.065345873835626858e-10
3.989297712537674728e-10
7.311752749434581678e-10
1.413986611850412946e-09
1.857290411985785272e-09
1.671875001422230232e-09
1.149032114107134964e-09
6.056438218221139155e-10
1.447291410873462813e-10
1.879575965671112197e-11
3.960260795816058297e-10
8.941143510523093637e-10
9.540263127690433128e-10
5.454825799952357267e-10
1.329577750022609565e-10
2.902980305986375389e-11
7.164109367439933413e-11
3.398260900100414128e-11
5.348196284189875431e-11
3.329615292276419692e-10
7.036784890956890226e-10
8.606488143914173898e-10
7.281041738164194031e-10
3.931314052972957113e-10
6.605508770685045830e-11
2.764289594679855957e-11
2.087110563539157500e-10
2.252271274274886560e-10
1.036147178514514557e-10
2.186830159680076498e-10
4.455976145148384253e-10
3.540804084553478924e-10
7.884430374885544107e-11
2.833962171739555389e-11
1.390450808763844471e-10
1.667793987262539727e-10
1.442093129169416796e-10
1.555694870172800421e-10
2.110379003549278512e-10
3.223680685180817162e-10
3.608410092951910586e-10
2.130256238405906321e-10
7.729807459839453357e-11
1.051831164505289689e-10
1.509260431872453205e-10
1.972987803878636708e-10
2.859616053906119814e-10
2.060014399041590709e-10
1.224269918025619716e-10
5.350668689410442163e-10
9.275334219092913991e-10
4.367216895641723889e-10
4.035902204089233372e-11
1.076902684282968351e-09
2.199552571694480717e-09
1.587822395810986506e-09
5.495322945262437309e-10
8.299597480458595450e-10
1.303586953636916598e-09
1.250227800748148112e-09
2.367762558029845960e-09
4.128719185904525490e-09
3.293373604900092715e-09
6.919258887447416342e-10
9.355582769437610037e-10
3.668616708855844727e-09
3.796727176851034487e-09
1.233924689917809081e-09
1.019178635967814561e-09
3.547050755775109408e-09
4.078831203618396989e-09
1.696790103779413986e-09
1.403330492915975196e-10
5.516739388400139109e-10
7.474369801296638125e-10
3.307175859966440365e-10
5.909000055615249601e-10
1.076208886896161881e-09
6.627634387073191706e-10
3.974537260848813586e-11
2.096211169700760054e-10
6.076289833300059161e-10
4.601056706433342118e-10
1.018449450660647818e-10
6.253937876761575113e-11
2.879281352004956273e-10
5.073860866856692621e-10
5.222314955748913589e-10
3.103211042807860825e-10
1.373376446392883696e-10
1.985506335850173351e-10
2.943900296971953715e-10
2.178259825831768393e-10
7.484476497580269346e-11
7.439893530303175806e-12
1.522817904774391587e-11
5.340592855020618444e-11
4.621160167341746381e-11
1.489629550582952192e-11
1.935114072296849245e-10
6.393969176396782913e-10
9.655184267996502324e-10
8.765806958395496311e-10
5.777389768630710909e-10
3.497029659752221258e-10
2.045894147167339828e-10
1.068232024423153544e-10
7.520620259122674457e-11
6.161316331615364330e-11
2.533975962686052231e-11
6.146129704462718986e-12
1.487469680543082179e-11
2.017625404134833309e-11
2.154802005812784614e-11
4.795149504484934844e-11
1.554204512645849117e-10
3.343504071178870634e-10
3.910181933486309287e-10
2.207733278092102093e-10
1.013300854285721543e-10
2.660475406322337133e-10
4.775170701681984900e-10
5.128331752765789583e-10
5.491230921082037682e-10
6.357233429215947297e-10
4.957283236381314804e-10
1.599791880216037049e-10
2.825216750524962435e-11
1.792681788698968011e-10
3.133163345333166612e-10
2.969706766518184898e-10
2.343129064461063629e-10
2.123119541727838824e-10
2.741745515694999369e-10
3.931635568643030053e-10
4.230425415718056141e-10
2.938066043925304645e-10
1.286859442474869931e-10
4.167148720804890900e-11
2.097377328922748480e-11
3.149436034326787841e-11
6.928639327619373820e-11
1.649503392038227102e-10
3.487340224333490685e-10
5.172648881452593360e-10
4.815380470163106985e-10
2.511383504186534939e-10
4.816656196264960237e-11
1.785326840253668123e-12
4.301177192383981750e-11
5.688016902369280078e-11
2.739275308040591827e-11
1.038379016398107979e-10
4.093277857915290031e-10
7.097473893949252504e-10
6.355862831733369178e-10
2.800304683463622877e-10
7.258262102563170724e-11
1.225412559510433661e-10
2.094669094389072489e-10
2.098950166736683362e-10
1.319036566420993337e-10
5.469707766886431964e-11
1.515086847493426246e-10
3.746727844103765690e-10
3.700451759779324610e-10
1.077078875615132418e-10
1.064126627165438059e-11
1.569792586540142628e-10
1.771625683423242194e-10
4.785397553494492903e-11
7.312596486918142571e-11
2.020428320117396195e-10
1.983324296007142788e-10
1.416416141042342207e-10
1.473270440361478668e-10
1.080117096528444869e-10
5.403497063692744268e-11
1.717259841510022792e-10
3.606585652197209267e-10
3.332738388008509710e-10
1.137306430577218077e-10
1.385849655504289610e-11
1.742577502640752985e-10
3.696740294619222053e-10
3.130823527194105918e-10
8.885219700348804341e-11
4.955133701101832592e-11
2.199332574583808663e-10
2.513410300450434690e-10
8.032163839547975777e-11
1.752945909139444366e-11
1.094584801353669092e-10
1.122952743977642101e-10
6.916647052121945111e-11
2.097961130048301537e-10
4.105256535444713927e-10
3.747969847522380019e-10
1.556246641907177917e-10
2.834528739169570562e-11
5.456706427610543437e-11
9.473013237037955825e-11
9.540391030085659735e-11
1.481977933718249507e-10
2.921919073763025522e-10
3.858883336160005608e-10
2.844008884192659708e-10
8.278355394278052478e-11
7.286250171056978732e-13
7.442367935356559376e-11
1.586951596262397098e-10
1.623533829570298364e-10
1.108348620936790143e-10
5.604663061111455104e-11
2.867634466291388195e-11
2.100849048851377785e-11
6.747138617708374910e-12
4.375969908685214199e-12
4.928537741841994776e-11
1.054397294498823824e-10
1.102254060936377899e-10
7.630648435750750487e-11
5.160920980437171361e-11
3.350050441086586492e-11
6.524517103442887766e-12
1.021922756442612002e-11
8.044372588217642050e-11
1.477893689879919792e-10
1.149937808804839305e-10
4.677534378145110753e-11
9.272853526000238297e-11
1.934064202364138370e-10
1.591313198834641685e-10
5.840846799177286433e-11
1.166735403475636876e-10
2.498740973209037545e-10
1.959003151061367829e-10
3.101029500495066344e-11
3.299277428114295365e-11
1.689329246624213691e-10
1.954319205926436448e-10
9.095108387710103194e-11
1.506885094451737591e-11
1.570785979566587284e-11
2.746317759501383962e-11
2.918382130673616661e-11
5.251095394913189776e-11
8.322030019530864197e-11
5.985026117661939199e-11
5.315379130897257167e-12
2.684357829707711736e-11
1.050636892051630875e-10
1.074043860481539549e-10
6.524232446284015821e-11
9.727617729694113705e-11
1.157601670079537380e-10
3.575607158787201523e-11
2.907846703464192831e-11
1.396514991013590641e-10
1.253232146105956676e-10
6.829057850848584269e-12
7.670739561437450716e-11
2.413859114884630290e-10
1.824702213401441732e-10
2.227818045781009490e-11
1.706779731649919056e-11
4.336650613030756537e-11
4.193921960483967995e-11
2.355521910347528641e-10
4.979026007278764516e-10
4.169519155015832392e-10
1.102577755363809036e-10
4.049783138729911114e-11
1.702040117336735696e-10
1.533951974396299726e-10
3.777790266099410309e-11
7.720807361082095409e-11
2.088032367501098936e-10
2.179419235476803460e-10
1.322237963562537173e-10
1.157115660888642777e-10
1.503914449781864048e-10
1.009637487529316641e-10
2.369460653657560443e-11
7.827564409719604131e-11
1.649255107654865087e-10
1.044812955146417679e-10
6.545919808306148506e-11
2.170722439750452367e-10
2.747387323150206640e-10
7.783716019875652299e-11
3.057939156893742640e-11
2.988551714794775945e-10
4.179178111197710475e-10
2.085226694388162941e-10
6.427216520587136436e-11
1.026541367333444284e-10
7.399160892896943153e-11
5.487784863243255554e-12
4.425551186006817400e-11
6.529495615257874333e-11
1.190567327192048248e-11
2.831558200850124004e-11
7.287256282134779550e-11
3.005865884587074389e-11
1.476310596499698542e-11
7.718689360883477740e-11
6.750888399834206843e-11
1.399959156319223851e-11
6.508760548745303588e-11
1.366344243743915536e-10
1.123772288754120857e-10
7.186232716317062051e-11
4.960599797488041879e-11
7.883422957861971689e-12
2.533023526787952490e-11
1.122378146301322415e-10
1.241200477979989357e-10
7.855010160430853502e-11
1.181445040301269850e-10
1.888693941951198497e-10
1.876877968531737755e-10
1.640574009294645957e-10
1.162673464189910160e-10
1.852375627610690871e-11
3.725952073627691731e-11
2.346049932733772242e-10
3.330655829263980987e-10
1.874339135732121208e-10
4.370760978065313089e-11
8.386057313561789933e-11
1.886584028650276600e-10
2.096141562084649033e-10
1.271682517044412176e-10
2.367875516846043812e-11
1.428106839919256281e-11
7.413935660820340752e-11
7.691888635309270182e-11
6.227372814577233522e-11
1.245994609297100759e-10
1.445937629124747489e-10
4.876811263426260875e-11
2.560341203350718284e-11
1.272078811335078854e-10
1.364566200704092521e-10
2.881852252601327335e-11
1.277041923757953211e-11
9.892522202424880850e-11
1.252734431126928647e-10
7.506148060991844374e-11
3.931547589465537489e-11
5.779101225063892859e-11
1.185206188740169516e-10
1.679733650359377793e-10
1.662362439041214847e-10
1.470067609654305221e-10
1.220086067321040694e-10
7.358922462695731166e-11
6.826442331008020018e-11
1.179029789611105901e-10
9.071901663727648613e-11
2.146078780380721370e-11
1.051930172352959236e-10
2.430578000473483952e-10
1.992371794635580722e-10
1.250157267981752140e-10
2.363454119928351468e-10
3.147124608162133250e-10
1.642065000178115928e-10
2.959223873916592399e-11
1.116870184021943699e-10
2.473012536719367328e-10
2.601343663751879916e-10
1.753750017045221055e-10
1.217814905983732906e-10
1.953787848898252467e-10
2.788733189427794181e-10
1.820258644689171418e-10
5.676847247272795393e-11
1.717837633678497335e-10
3.581233392524866925e-10
3.212655035029517793e-10
1.683286676930461044e-10
8.652458372206311239e-11
6.844661585057048628e-11
1.694736756574533283e-10
3.587150180317608756e-10
3.510182626858728169e-10
1.632232613055054800e-10
1.576974314035087637e-10
2.717834955455301364e-10
1.768434614043248313e-10
3.018918130650230882e-11
8.271532978131707755e-11
1.426976076883458210e-10
1.113758666497632044e-10
1.495308918270453978e-10
1.655221989641366510e-10
8.445685967213788629e-11
1.637851018347909778e-10
3.573583738173455952e-10
3.287440488568443475e-10
2.584883307832692219e-10
4.317925235739460972e-10
4.911335627263732124e-10
2.085545903265909325e-10
4.928740859583493590e-12
3.404028296140176357e-11
2.323792417302662170e-11
3.721247136472376324e-11
1.831857806575765432e-10
1.787145626370091072e-10
2.299144466868715214e-11
5.746767180431584378e-11
1.889115375148802514e-10
1.683953012806867091e-10
1.622434298402694877e-10
2.368474444027620591e-10
1.925033575652564824e-10
1.171128435913064579e-10
1.311325195580916028e-10
7.842883164390747561e-11
8.419610952805011836e-11
3.568166385336164360e-10
4.903858106814667997e-10
2.272850915520994649e-10
7.921780096084529195e-11
2.068166152758732456e-10
1.720345463477352265e-10
1.014367257634548932e-10
3.157791340711582105e-10
3.937652214044693750e-10
1.525108286733723860e-10
1.351057111091343827e-10
2.988386210433866290e-10
1.544666649993034280e-10
1.847026379492820576e-11
2.102045129678951262e-10
2.279729929439571480e-10
4.759700597614769721e-11
2.499160498406643175e-10
5.329258833428632846e-10
3.373074103759252450e-10
1.439013485915209061e-10
2.804620842930235826e-10
2.135907439975373014e-10
2.714341448224635451e-11
3.113290459465178921e-10
6.764422836951585012e-10
5.586985183715707504e-10
3.829465907643249825e-10
4.237489298887030553e-10
2.923230105908249688e-10
6.008382500615868803e-11
5.993910232831143650e-11
1.008558501814081496e-10
1.432352058318920062e-10
4.232384181385218706e-10
5.785513120079740886e-10
2.705494209678456356e-10
6.420520267515801838e-12
6.828826605738704915e-11
9.755742347782257624e-11
2.017731733324588884e-10
6.144348301342372749e-10
7.552217480656315648e-10
3.204892193309357227e-10
7.608492613664864495e-12
1.160026453118038274e-10
1.692442116164701644e-10
1.317048183234304345e-10
3.045435597556612410e-10
4.871263213563601011e-10
4.202609970034325202e-10
2.608124828537063562e-10
1.737463337139197511e-10
1.622442093994714900e-10
1.859551765071760512e-10
2.456733184737330116e-10
5.769622304592147440e-10
1.190414648119926478e-09
1.341831382086319339e-09
6.802351140263313611e-10
1.059027251964736259e-10
1.441538522134099760e-10
2.015965028867434755e-10
2.969715533465777889e-10
9.607038805834542415e-10
1.451182559030349704e-09
9.259814751738960049e-10
2.408210871901162088e-10
2.159375101501630112e-10
3.203512914198032982e-10
3.675857696516195418e-10
7.333416679027900229e-10
9.582362452365710848e-10
6.801819230435782810e-10
5.495655584330360591e-10
6.591250922386806006e-10
3.940149986071957750e-10
6.237784883422242097e-11
2.527527170322650757e-10
6.258687081997287399e-10
9.032088180029005647e-10
1.136918794031244476e-09
9.179734063922102716e-10
3.328544397447031863e-10
2.408063177697043102e-10
4.612005724722462150e-10
3.122989192712096717e-10
4.791607300858871688e-10
1.314568807982146677e-09
1.496786389326637350e-09
7.642457866633356830e-10
4.550793197981253974e-10
5.428300295851637584e-10
1.957122851174966724e-10
9.826512168838494815e-11
6.773527529630760260e-10
8.315190963158975713e-10
3.984941629212781947e-10
2.929496274766055247e-10
3.406842016751341095e-10
2.115600742506919173e-10
4.218388417597433791e-10
6.820187933165603744e-10
4.255295148151670487e-10
4.538771072864404496e-10
9.918572910883404019e-10
8.643990892130528450e-10
3.161131354120682048e-10
5.007163321389551562e-10
7.376151993226606767e-10
4.675525897702283151e-10
8.522049922851195421e-10
1.603049307248851037e-09
1.156126206429549218e-09
3.809928962982489255e-10
6.906408865083331568e-10
9.418314213647331994e-10
5.491992600605390098e-10
8.318978387061344108e-10
1.327574087094197245e-09
6.914238895339951213e-10
1.582292469624112497e-10
7.784748258491482431e-10
1.058633885665442123e-09
5.850091061127292260e-10
5.946543551393892097e-10
6.887596567463836428e-10
2.408098007450403960e-10
4.000616761608534102e-10
1.191898912513395212e-09
1.191233520545924931e-09
7.622594314810704607e-10
8.140756890841928541e-10
5.974109226958850877e-10
1.144804937063992493e-10
4.483310994983978118e-10
9.628539397118756363e-10
8.172249334838962841e-10
1.021988218894669189e-09
1.635501704128800179e-09
1.296120650379749383e-09
4.325409657283100868e-10
2.090915937809688047e-10
2.644055179793693712e-10
6.508081574747833591e-10
1.804358404422803905e-09
2.327253726208702937e-09
1.534869513702778870e-09
1.156669948437495199e-09
1.329213748792516855e-09
6.092082162195625436e-10
1.041192308021271403e-10
1.048385175474143286e-09
1.671163708699887589e-09
1.424990923450201583e-09
1.964293245843746070e-09
2.418866997421009480e-09
1.250516111086774684e-09
2.221625343297650775e-10
4.235325637154410195e-10
4.632238018889778749e-10
8.938655325266272938e-10
2.524662734312539839e-09
2.879469901950908528e-09
1.319387765772690298e-09
8.090244008426528404e-10
1.262012084052337585e-09
5.485292183713281164e-10
3.086024653658661925e-10
1.688336521379067029e-09
2.019008044287814364e-09
1.320343365813400414e-09
2.138797987527884751e-09
2.825406475626600254e-09
1.349371581380160645e-09
3.395154749092710947e-10
9.072031610199597531e-10
8.045956928035422853e-10
7.117061610532194735e-10
2.034253575081289917e-09
2.426711108669197472e-09
1.273585880850249639e-09
1.158471249156663948e-09
1.487591188022455128e-09
6.330661519566333693e-10
5.920596684074917211e-10
1.775355073631792023e-09
1.817650502402440188e-09
1.768830941964986189e-09
3.017394165603234597e-09
2.743791756986605922e-09
7.953801492409190413e-10
7.521686167256526464e-10
1.525880260495682841e-09
6.555325041464739972e-10
1.012729287367423066e-09
3.240439572783799400e-09
3.091274473105057426e-09
1.436435845869218607e-09
2.035864421880033344e-09
2.421859846312265568e-09
6.868074241822839212e-10
6.211253595171002448e-10
2.152113679367041995e-09
1.721082024128780747e-09
1.387822779051969177e-09
2.999711174147708394e-09
2.785389615013332989e-09
8.783247600012433870e-10
1.242834759239637430e-09
1.934380732441746839e-09
7.724898866622241885e-10
1.451826050080965599e-09
3.695610845432682215e-09
3.010986203200174216e-09
1.529535692896986791e-09
2.413071599661162332e-09
2.234701883159940210e-09
6.759683450069899483e-10
1.737175004904918248e-09
3.031723590511379616e-09
1.631549220597825200e-09
1.825766671941660539e-09
3.987904806282647819e-09
2.927328604456701107e-09
7.416182861994546746e-10
1.645823093341788501e-09
2.098830101766638493e-09
9.670457448550321035e-10
2.279834305207530540e-09
3.620412857132398323e-09
1.956244793801079681e-09
2.162160033860168854e-09
4.399218866539453682e-09
2.729075606339875029e-09
3.084333232187409599e-10
2.179970075997592944e-09
3.091824836880967675e-09
1.319229223989440646e-09
2.566603634693027866e-09
4.112167979926602584e-09
1.633234334488019177e-09
1.249012269823425468e-09
3.894176484515350169e-09
2.519372397518288277e-09
7.114311996060855938e-10
3.585368999302142964e-09
4.052952999865655812e-09
1.844152253427050202e-09
4.791987621482251264e-09
6.500030743477221962e-09
1.635246327977186993e-09
2.064233036069855542e-09
7.123118123888325845e-09
3.624732587800418299e-09
9.701774340062677116e-10
8.133160295337195044e-09
7.468800651488512232e-09
3.308851445082840515e-10
7.513796155061532084e-09
1.198384315041708144e-08
9.329592294051741472e-10
1.205684672353135528e-08
3.412061218970555570e-08
9.840311290306047796e-09
2.410532314447761590e-08
2.236667733936056069e-07
4.780740165748991566e-07
