5.863377824E-2
-1.005798504E-1
1.078437269E-1
-6.831835210E-2
-2.915748022E-2
-4.006239772E-2
-3.021330573E-2
1.869535074E-2
9.801432490E-3
1.892624982E-2
-6.223338470E-2
-2.112861536E-2
-1.346024219E-2
9.585662745E-3
2.236409299E-2
1.941567846E-2
-2.522297390E-2
-3.134083375E-2
2.503424138E-2
4.263328016E-2
3.689235821E-2
6.270708889E-2
-1.244427860E-1
5.087462440E-2
8.753046393E-2
2.343701944E-2
4.078016058E-2
6.825460494E-2
9.367989749E-2
1.068661809E-1
-7.733528316E-2
2.468756214E-2
5.715759844E-2
8.851063251E-2
7.672750950E-2
-1.153508648E-1
-9.720187634E-2
2.410866879E-2
6.005075574E-2
5.393815786E-2
7.381395996E-2
-1.134359092E-1
-1.011067778E-1
-9.555005282E-2
-2.267649956E-2
-9.353382513E-3
-1.103677675E-1
-1.032927632E-1
-7.987780869E-2
-5.454067141E-2
-6.689545512E-2
3.831587499E-3
2.639924735E-2
1.463914569E-2
2.362581901E-2
7.116881013E-2
-1.995569654E-2
2.240248868E-4
4.591192305E-2
5.435785651E-2
-4.433503002E-2
-1.792956702E-2
1.568115503E-2
2.114640316E-3
4.046703130E-2
7.446061075E-2
9.963987023E-2
-1.465750020E-2
2.629465051E-2
6.321098655E-2
5.482952297E-2
1.073582396E-1
-7.084508985E-2
-5.433345214E-2
-2.678072639E-2
-1.656192914E-2
-1.217022538E-1
-8.241771162E-2
-7.050630450E-2
-4.877014831E-2
-3.202892840E-2
9.908001870E-3
1.121051330E-2
3.672987595E-2
5.483610183E-2
1.106888577E-1
1.334058028E-2
3.875863552E-2
4.944580793E-2
5.548341200E-2
8.414129913E-2
-1.115505546E-1
-6.385888904E-2
-3.409386799E-2
-3.872699663E-2
-1.118590757E-1
-7.645444572E-2
-6.455554068E-2
-4.905894026E-2
-2.887592837E-2
-1.774800569E-2
4.799919669E-3
1.010337844E-2
-4.575726762E-2
-1.273991354E-2
-2.553478815E-2
-7.973247208E-3
2.851813100E-2
3.900729865E-2
4.976749048E-2
6.434115022E-2
-8.756262809E-2
-6.194854155E-2
-4.979308322E-2
-8.890305762E-4
-1.948139817E-2
2.857996710E-2
4.436798766E-2
5.597152561E-2
-1.171895489E-2
2.713075839E-2
2.027349547E-2
4.138273746E-2
7.960487902E-2
9.036704153E-2
8.702064306E-2
-7.706425339E-2
-6.420227885E-2
-3.030803241E-2
9.410353750E-2
1.183046028E-1
-9.953390062E-2
-3.307488188E-2
-2.746750414E-2
1.603770070E-2
8.903489448E-3
-7.201011479E-2
-3.591146320E-2
-3.414456034E-3
-2.300084801E-3
-6.358264014E-3
2.422181517E-2
3.036664426E-2
6.599033624E-2
-9.923721105E-2
-9.887540340E-2
-5.740882829E-2
-3.583581373E-2
-2.523152716E-2
-3.212500829E-3
8.603516966E-3
4.810448736E-2
6.394447386E-2
-3.287621588E-2
1.839998364E-2
1.347741019E-2
5.824171007E-2
4.335952923E-2
-1.158521324E-1
-1.035006344E-1
-7.195485383E-2
-5.701347068E-2
-3.585423157E-2
-4.376797751E-2
8.615357801E-3
4.051044956E-2
1.866443269E-2
4.814066738E-2
-8.998017013E-2
-1.063760296E-1
-4.940759018E-2
-3.574898094E-2
-3.214339167E-2
8.879149333E-3
1.870850846E-2
2.521514520E-2
7.864246517E-2
-1.227120236E-1
-7.389612496E-2
-9.390152246E-2
-4.245099425E-2
-1.284779795E-2
7.252945215E-4
2.073595300E-2
2.904242463E-2
5.056807399E-2
6.089146808E-2
9.920635819E-2
-7.031619549E-2
7.359030098E-2
8.620163798E-2
1.121124104E-1
-8.055406809E-2
-7.663074136E-2
-6.353918463E-2
-2.494536899E-2
-7.468030322E-3
1.015797909E-2
3.864285722E-2
6.487859786E-2
9.225568175E-2
6.750401855E-2
-8.054419607E-2
-7.047078013E-2
-3.113427199E-2
1.846901840E-3
1.149930246E-2
2.816355787E-2
2.486912534E-2
5.195610598E-2
-1.328499168E-1
-6.622248888E-2
-7.955021411E-2
-2.869305015E-2
-6.152094901E-2
-2.912458964E-2
1.262880396E-2
2.993773669E-2
3.222963214E-2
9.085252136E-2
6.490623206E-2
-5.904223025E-2
-4.810310528E-2
-2.966532856E-2
-5.395194516E-3
-4.140742531E-4
7.146413904E-3
7.537105680E-2
8.588521928E-2
6.733889878E-2
-7.008858025E-2
-5.276123062E-2
-4.562570155E-2
6.219002977E-2
6.187098101E-2
-8.506878465E-2
-8.493853360E-2
-1.233139820E-2
-2.171277069E-2
-1.884856075E-2
7.628606632E-3
3.818368912E-2
4.736245051E-2
8.144483715E-2
9.729667008E-2
-7.490392774E-2
4.574417695E-2
7.900427282E-2
6.189729646E-2
-7.253637910E-2
-5.592212081E-2
-3.898486495E-2
-1.487853192E-2
-3.391431877E-3
2.682749741E-2
-4.809718579E-2
-5.961454660E-2
-1.064405404E-2
1.542394143E-2
2.679460496E-2
3.640885279E-2
6.264459342E-2
-9.583029151E-2
-7.262453437E-2
-6.755986810E-2
-4.237994924E-2
-2.976466157E-2
-1.301554590E-2
5.805090070E-3
2.859772928E-2
7.647424191E-2
7.933647931E-2
-1.018225029E-1
-7.569003850E-2
-6.610342115E-2
-4.400940239E-2
-1.412070729E-2
2.557169087E-2
2.310678735E-2
4.050255567E-2
7.610256970E-2
8.802515268E-2
1.014547981E-2
2.221739478E-2
5.574259907E-2
6.365963072E-2
-1.124616563E-1
-9.220628440E-2
-4.360549152E-2
-2.313369326E-2
-1.370565151E-3
1.564036869E-2
2.520922571E-2
5.841866881E-2
7.300416380E-2
7.494938374E-2
-9.596514702E-2
-6.486340612E-2
-5.100086331E-2
-2.544598095E-2
7.910820842E-2
