2.995533943E+1
2.974147034E+1
2.956805038E+1
2.937435150E+1
2.915931320E+1
2.899522018E+1
2.883527565E+1
2.863173676E+1
2.845700264E+1
2.825657845E+1
2.795613098E+1
2.776477242E+1
2.758504295E+1
2.745191574E+1
2.724990845E+1
2.704357338E+1
2.678774834E+1
2.661287689E+1
2.643797684E+1
2.620833969E+1
2.603646660E+1
2.586348534E+1
2.569286156E+1
2.547843933E+1
2.528726006E+1
2.501920700E+1
2.482026863E+1
2.460443878E+1
2.442269516E+1
2.429643631E+1
2.407504082E+1
2.378714561E+1
2.359286308E+1
2.343048859E+1
2.326154709E+1
2.306428909E+1
2.288933182E+1
2.259346390E+1
2.238729095E+1
2.221327972E+1
2.202492332E+1
2.182355690E+1
2.168216896E+1
2.145770454E+1
2.130409050E+1
2.111444283E+1
2.080534744E+1
2.060216904E+1
2.042748260E+1
2.023871994E+1
2.004163551E+1
1.984958839E+1
1.967122078E+1
1.946190262E+1
1.927994156E+1
1.911814308E+1
1.884635925E+1
1.862008286E+1
1.847257614E+1
1.827025414E+1
1.796206856E+1
1.779459000E+1
1.760604095E+1
1.743680382E+1
1.725472260E+1
1.704954720E+1
1.688375664E+1
1.658286285E+1
1.641324997E+1
1.621317101E+1
1.599129486E+1
1.582780075E+1
1.563955498E+1
1.546217728E+1
1.527483368E+1
1.510606289E+1
1.478960705E+1
1.459916401E+1
1.439575672E+1
1.420798779E+1
1.403491783E+1
1.385584450E+1
1.364093971E+1
1.349194813E+1
1.328909779E+1
1.310367584E+1
1.282689953E+1
1.263206196E+1
1.243683052E+1
1.226335907E+1
1.203205681E+1
1.186845207E+1
1.165975475E+1
1.150930023E+1
1.128813553E+1
1.099012661E+1
1.080504036E+1
1.063340664E+1
1.040893459E+1
1.027235699E+1
1.004233837E+1
9.900053978E+0
9.698895454E+0
9.418313980E+0
9.232410431E+0
9.017104149E+0
8.858355522E+0
8.662298203E+0
8.467251778E+0
8.255959511E+0
8.069384575E+0
7.866105080E+0
7.660697460E+0
7.452095032E+0
7.257483482E+0
7.088664532E+0
6.896720886E+0
6.673617840E+0
6.502932072E+0
6.204424858E+0
6.021326065E+0
5.816427231E+0
5.610654354E+0
5.423599243E+0
5.240447521E+0
5.062915325E+0
4.868361473E+0
4.696595192E+0
4.492100239E+0
4.209037304E+0
4.039390564E+0
3.825124025E+0
3.659983873E+0
3.459383965E+0
3.290578365E+0
3.091123819E+0
2.824586391E+0
2.610654831E+0
2.413189411E+0
2.230354309E+0
1.995487690E+0
1.824086428E+0
1.614755034E+0
1.402173281E+0
1.236599088E+0
1.021266222E+0
8.309120536E-1
6.330013275E-1
4.477308691E-1
2.390217781E-1
5.483347178E-2
-1.003443524E-1
-3.610282540E-1
-6.263604164E-1
-8.262137175E-1
-9.904052019E-1
-1.210999370E+0
-1.416208744E+0
-1.610303998E+0
-1.778462172E+0
-1.982150674E+0
-2.225527763E+0
-2.426378965E+0
-2.595018625E+0
-2.819295883E+0
-2.994322538E+0
-3.185641289E+0
-3.399962902E+0
-3.571333408E+0
-3.767503500E+0
-3.946043015E+0
-4.168520927E+0
-4.374744892E+0
-4.579305172E+0
-4.743090630E+0
-4.942647934E+0
-5.150985241E+0
-5.376355171E+0
-5.523988247E+0
-5.774535656E+0
-5.972127438E+0
-6.153678417E+0
-6.325915813E+0
-6.551759720E+0
-6.728985786E+0
-6.904235840E+0
-7.119928837E+0
-7.288486481E+0
-7.514493942E+0
-7.794680119E+0
-8.020301819E+0
-8.213217735E+0
-8.431815147E+0
-8.619596481E+0
-8.810566902E+0
-8.989900589E+0
-9.206910133E+0
-9.364896774E+0
-9.606260300E+0
-9.803332329E+0
-9.984192848E+0
-1.021787262E+1
-1.038534069E+1
-1.058250141E+1
-1.078066444E+1
-1.100639629E+1
-1.119024658E+1
-1.137415409E+1
-1.160727882E+1
-1.178767681E+1
-1.198876572E+1
-1.214638996E+1
-1.236193752E+1
-1.255993748E+1
-1.277664280E+1
-1.297919750E+1
-1.317103291E+1
-1.335668182E+1
-1.354869175E+1
-1.374881840E+1
-1.395196438E+1
-1.417226410E+1
-1.432166862E+1
-1.451513863E+1
-1.475034428E+1
-1.492317200E+1
-1.511671829E+1
-1.529958153E+1
-1.555354404E+1
-1.575663853E+1
-1.592604065E+1
-1.613729286E+1
-1.630170441E+1
-1.662122536E+1
-1.682885933E+1
-1.699510384E+1
-1.718653297E+1
-1.737575722E+1
-1.756892776E+1
-1.777278137E+1
-1.796333313E+1
-1.814469528E+1
-1.837147903E+1
-1.851390648E+1
-1.873935509E+1
-1.890197563E+1
-1.920230103E+1
-1.938396645E+1
-1.954991913E+1
-1.975302124E+1
-1.999147224E+1
-2.014418411E+1
-2.032645988E+1
-2.050797081E+1
-2.066393661E+1
-2.097637749E+1
-2.118451118E+1
-2.139920235E+1
-2.158683777E+1
-2.177319336E+1
-2.198413849E+1
-2.218793297E+1
-2.236298561E+1
-2.257196617E+1
-2.278119850E+1
-2.299081993E+1
-2.314040947E+1
-2.335302544E+1
-2.356290627E+1
-2.378459167E+1
-2.398876762E+1
-2.415784836E+1
-2.434295273E+1
-2.453218651E+1
-2.474139977E+1
-2.493523407E+1
-2.511927795E+1
-2.532475090E+1
-2.551423264E+1
-2.572093773E+1
-2.593857956E+1
-2.611511993E+1
-2.639614868E+1
-2.657290649E+1
-2.674139404E+1
-2.695995903E+1
-2.718278122E+1
-2.736907768E+1
-2.757613373E+1
-2.774767113E+1
-2.795224380E+1
-2.815707970E+1
-2.832888603E+1
-2.852683830E+1
-2.875107384E+1
-2.892691803E+1
-2.911677551E+1
-2.932286453E+1
-2.953202820E+1
-2.972059059E+1
-3.002050591E+1
