3.526925215322828394e-08
3.612718166367210340e-08
3.828854876690021034e-08
4.170472659368641899e-08
4.628403898551225112e-08
5.189462825300220630e-08
5.836869006083822600e-08
6.550793299180558010e-08
7.309007863966012400e-08
8.087618269277047393e-08
8.861852959826133574e-08
9.606883408725229963e-08
1.029864719678337234e-07
1.091464638082147529e-07
1.143469404164445613e-07
1.184158394501438722e-07
1.212166093272054962e-07
1.226527290711034424e-07
1.226708923605439207e-07
1.212627516822374616e-07
1.184651681905700878e-07
1.143589611421918470e-07
1.090662010648183425e-07
1.027461427685671349e-07
9.558994027064962362e-08
8.781432353873057185e-08
7.965445154478479228e-08
7.135618601583295846e-08
6.316804849412117195e-08
5.533313029599552939e-08
4.808122594965786546e-08
4.162145406270756141e-08
3.613561097664285326e-08
3.177247468792355249e-08
2.864324384272058191e-08
2.681825837681444372e-08
2.632510345069617162e-08
2.714814981932609637e-08
2.922953508165257489e-08
3.247154077018864935e-08
3.674027754748503517e-08
4.187053749710437948e-08
4.767164368107409325e-08
5.393408912399005626e-08
6.043672961907295219e-08
6.695429031621293531e-08
7.326491722816884300e-08
7.915751956288324013e-08
8.443866494452747646e-08
8.893877996813640314e-08
9.251746439553820400e-08
9.506774285297296944e-08
9.651911265843715878e-08
9.683931594031218814e-08
9.603476477235921436e-08
9.414963052612889087e-08
9.126365755685396729e-08
8.748876461515434373e-08
8.296458680684639136e-08
7.785311814636985451e-08
7.233264557588711218e-08
6.659121343982653864e-08
6.081982818992429112e-08
5.520565774198366107e-08
4.992547266313069614e-08
4.513953803120401633e-08
4.098618293208410020e-08
3.757722694828330076e-08
3.499441410677663766e-08
3.328698129611101486e-08
3.247042350444063632e-08
3.252649560676908568e-08
3.340444423714353147e-08
3.502340366452347422e-08
3.727586920012213858e-08
4.003211210382666496e-08
4.314536618260799937e-08
4.645760557364577241e-08
4.980568760104921817e-08
5.302764214940077814e-08
5.596889031486996072e-08
5.848814933552099200e-08
6.046282649057062686e-08
6.179370479667058068e-08
6.240874660744415086e-08
6.226590024353624391e-08
6.135478565744795192e-08
5.969721175246607915e-08
5.734652093783670209e-08
5.438575906757418487e-08
5.092475741427542990e-08
4.709622379920287800e-08
4.305097771591514756e-08
3.895250843601580147e-08
3.497104828633253754e-08
3.127734667009511708e-08
2.803641182144490153e-08
2.540138818473414517e-08
2.350782844189321000e-08
2.246854325637269709e-08
2.236920196907307830e-08
2.326486936469235301e-08
2.517756710672259098e-08
2.809497613782896633e-08
3.197031920672137543e-08
3.672341736511293113e-08
4.224291161716492556e-08
4.838957024507119603e-08
5.500054803721830227e-08
6.189449166179330617e-08
6.887730932442155759e-08
7.574837033538779409e-08
8.230701158084246474e-08
8.835902565935221951e-08
9.372300447042822824e-08
9.823629531195525148e-08
1.017603099233583204e-07
1.041851411323468712e-07
1.054331721754749225e-07
1.054616955224482679e-07
1.042644020302506722e-07
1.018716341016654038e-07
9.834950577186786052e-08
9.379786424000261683e-08
8.834711079539409209e-08
8.215409436773397325e-08
7.539715636784745021e-08
6.827044788632918341e-08
6.097782848531441250e-08
5.372640702410155638e-08
4.672005168073404609e-08
4.015302787655032588e-08
3.420395081788507814e-08
2.903031774755983747e-08
2.476371461136532359e-08
2.150591244217376648e-08
1.932594469543099944e-08
1.825824732373430476e-08
1.830193914277676143e-08
1.942124215376343283e-08
2.154701077604558841e-08
2.457933035255227225e-08
2.839108312942747069e-08
3.283233886998278317e-08
3.773545975378052664e-08
4.292069435484642011e-08
4.820211777863349292e-08
5.339370907921005917e-08
5.831532759440113366e-08
6.279847465868809387e-08
6.669155458115206724e-08
6.986455454206230209e-08
7.221296771951705934e-08
7.366079216181086137e-08
7.416260083324706779e-08
7.370458872428404100e-08
7.230452685132717836e-08
7.001072907592873518e-08
6.690003266836641540e-08
6.307482445673883709e-08
5.865934180390415597e-08
5.379524018814768644e-08
4.863669879745837570e-08
4.334518032949137600e-08
3.808399492506496764e-08
3.301293360888835799e-08
2.828305215038716863e-08
2.403185301020499920e-08
2.037898296274385262e-08
1.742257280371829866e-08
1.523636398080546759e-08
1.386768487335872698e-08
1.333632652017456055e-08
1.363436197723643567e-08
1.472688984821397701e-08
1.655365522964477322e-08
1.903150570145454835e-08
2.205755668699696299e-08
2.551297569127518552e-08
2.926724313515927192e-08
3.318271732539303955e-08
3.711939341700537033e-08
4.093963366688461035e-08
4.451276226845620679e-08
4.771935686111507482e-08
5.045506184251122110e-08
5.263385878209418143e-08
5.419066881914576923e-08
5.508316951215753378e-08
5.529284558503788556e-08
5.482521758957276580e-08
5.370920934103829988e-08
5.199579125034225589e-08
4.975583365098768978e-08
4.707735676324124488e-08
4.406223596717140861e-08
4.082244922923840352e-08
3.747608856243344954e-08
3.414317196097423278e-08
3.094148515825517373e-08
2.798255444112835318e-08
2.536788230469787281e-08
2.318558363530310528e-08
2.150753886045030455e-08
2.038713554882246063e-08
1.985767895769367067e-08
1.993151147640586833e-08
2.059988014941679450e-08
2.183350143987499785e-08
2.358385540665885507e-08
2.578511035422780304e-08
2.835661785397342016e-08
3.120590864232050133e-08
3.423201682192478325e-08
3.732909794076697384e-08
4.039015197642600950e-08
4.331074674182734737e-08
4.599260288449731294e-08
4.834696235012190639e-08
5.029752140290158525e-08
5.178297222658951791e-08
5.275896695911871800e-08
5.319947579862234218e-08
5.309754301784447616e-08
5.246529580325264485e-08
5.133338028238363469e-08
4.974972511372947980e-08
4.777772393903417904e-08
4.549394222931053790e-08
4.298531618766225274e-08
4.034609841352023505e-08
3.767454032774999272e-08
3.506946796188235090e-08
3.262689458106116494e-08
3.043669902390838159e-08
2.857959699714315878e-08
2.712441758657951006e-08
2.612580963396107200e-08
2.562244118082131566e-08
2.563577268489605001e-08
2.616937827335306223e-08
2.720891453430717350e-08
2.872266979541731929e-08
3.066268950225993019e-08
3.296645919779789267e-08
3.555901095601866242e-08
3.835547284985099270e-08
4.126390124705482399e-08
4.418832592044839577e-08
4.703189150825952815e-08
4.970003445550625372e-08
5.210347754596285167e-08
5.416109055891374391e-08
5.580241456020219218e-08
5.696980330583488416e-08
5.762016321454683948e-08
5.772610170307789063e-08
5.727663487278362212e-08
5.627730114931891354e-08
5.474973017363079291e-08
5.273073358614210285e-08
5.027082070706229077e-08
4.743237627603546262e-08
4.428743168470639505e-08
4.091515813308669365e-08
3.739920183107592927e-08
3.382485161485015431e-08
3.027627484461922157e-08
2.683381011487133888e-08
2.357145026377634423e-08
2.055458807844117563e-08
1.783811827560106406e-08
1.546490322519768047e-08
1.346472053115836542e-08
1.185366718198432680e-08
1.063405462898347428e-08
9.794798004431014130e-09
9.312252331295726951e-09
9.151496292329461272e-09
9.267985225712185645e-09
9.609521857318136665e-09
1.011846800218167428e-08
1.073412631340619321e-08
1.139518203650228325e-08
1.204214962651525231e-08
1.261971398523091152e-08
1.307889158994257335e-08
1.337894757491831887e-08
1.348897103012227160e-08
1.338909669788389270e-08
1.307130068534746651e-08
1.253975450831487869e-08
1.181073715273966233e-08
1.091207868330957045e-08
9.882198076683946438e-09
8.768738420677455596e-09
7.626859440501716736e-09
6.517252895994911522e-09
5.503930660078646762e-09
4.651888981073118527e-09
4.024709332650745732e-09
3.682187050497882047e-09
3.678067347950749244e-09
4.057970032880474222e-09
4.857565432108485366e-09
6.101075696362161060e-09
7.800144252864646425e-09
9.953114360049733982e-09
1.254475071413422780e-08
1.554639235223662445e-08
1.891656120110504282e-08
2.260198674302495937e-08
2.653902185158985251e-08
3.065539782496879416e-08
3.487229103075826073e-08
3.910656330930643253e-08
4.327319609404282828e-08
4.728777209202862071e-08
5.106894292156185454e-08
5.454084840096520377e-08
5.763528944868064036e-08
6.029374467056559198e-08
6.246904929791345931e-08
6.412672036240786978e-08
6.524594176001330704e-08
6.582002568087638464e-08
6.585654222240222318e-08
6.537696269380356031e-08
6.441588094601071983e-08
6.301989234202368175e-08
6.124601195160292810e-08
5.915989324279090084e-08
5.683374841780005702e-08
5.434410095312459042e-08
5.176942349218658384e-08
4.918778652872277134e-08
4.667446541872614257e-08
4.429975021982189056e-08
4.212689714611022628e-08
4.021032932527924980e-08
3.859417050611912263e-08
3.731105631769349799e-08
3.638138714294998612e-08
3.581294183694224593e-08
3.560089918512448340e-08
3.572824822167556360e-08
3.616660286402562698e-08
3.687730455724319404e-08
3.781288586933887394e-08
3.891875908190271121e-08
4.013509987152443858e-08
4.139889550370170978e-08
4.264599580480099482e-08
4.381322569135434542e-08
4.484039847807305610e-08
4.567219696210606225e-08
4.625990160048756048e-08
4.656280614641913681e-08
4.654942279358297557e-08
4.619833626401790887e-08
4.549872083331506279e-08
4.445054607826111914e-08
4.306436312432972038e-08
4.136082940188518842e-08
3.936988497252686444e-08
3.712965685850120937e-08
3.468511952924783519e-08
3.208659279944556131e-08
2.938804619820966982e-08
2.664538018329845594e-08
2.391465628205364563e-08
2.125036552503288490e-08
1.870380528303404826e-08
1.632156374178025124e-08
1.414422862133686669e-08
1.220530431464479284e-08
1.053038974076024366e-08
9.136632685302285692e-09
8.032480631365459371e-09
7.217707067622938792e-09
6.683735351311085082e-09
6.414218932047225895e-09
6.385860294184100768e-09
6.569439144611901154e-09
6.930995071090324873e-09
7.433139706512631340e-09
8.036435765291494794e-09
8.700798331369300917e-09
9.386876453688376286e-09
1.005734839310595471e-08
1.067811305332008480e-08
1.121932003599476817e-08
1.165621197390783665e-08
1.196976378899458839e-08
1.214707533059618037e-08
1.218154446455063706e-08
1.207279453319563544e-08
1.182637547108518708e-08
1.145325196481477016e-08
1.096911350724686509e-08
1.039351026736291696e-08
9.748886461346411165e-09
9.059523949744518006e-09
8.350447788743118214e-09
7.646342698321395267e-09
6.970503131127527365e-09
6.343883671166356333e-09
5.784266063777336964e-09
5.305582669225430864e-09
4.917419776182428726e-09
4.624723938241582665e-09
4.427710986046654738e-09
4.321996275485605289e-09
4.298929550237581185e-09
4.346125779079155641e-09
4.448174956194163223e-09
4.587494314701585636e-09
4.745302736458893096e-09
4.902675577815153401e-09
5.041627773667687283e-09
5.146212726065920443e-09
5.203552907072981929e-09
5.204806258138934846e-09
5.145992060673581450e-09
5.028656712484508427e-09
4.860365608033821385e-09
4.654959795753611829e-09
4.432606908932193526e-09
4.219600635595638928e-09
4.047925074031069356e-09
3.954603535052670004e-09
3.980816869744785236e-09
4.170853397446917145e-09
4.570882376033793135e-09
5.227624565655783573e-09
6.186931934487640495e-09
7.492329433318933644e-09
9.183586483114211509e-09
1.129531758199460068e-08
1.385571953232551032e-08
1.688543561529473352e-08
2.039659381856780939e-08
2.439211565859744624e-08
2.886519435067350929e-08
3.379912764356871269e-08
3.916737323309405613e-08
4.493386205194279952e-08
5.105370484411457468e-08
5.747398479764118939e-08
6.413498235623313851e-08
7.097148373094434136e-08
7.791422950437651743e-08
8.489170376684891546e-08
9.183169390132902585e-08
9.866321780214260431e-08
1.053182138309783068e-07
1.117331290628400543e-07
1.178506987552610606e-07
1.236211043757941335e-07
1.290034040593876672e-07
1.339664055876682659e-07
1.384892436020124925e-07
1.425620546699951604e-07
1.461857733322430950e-07
1.493722119892596724e-07
1.521434466895911394e-07
1.545309003026664486e-07
1.565745965361482192e-07
1.583215299294349513e-07
1.598245391005291380e-07
1.611403153386596841e-07
1.623279731466139428e-07
1.634471136898804966e-07
1.645558746433825900e-07
1.657094841895487423e-07
1.669582158523137122e-07
1.683461763557275209e-07
1.699098127484458267e-07
1.716766324828067660e-07
1.736646488604740174e-07
1.758813835914684409e-07
1.783238762141305670e-07
1.809785096456452139e-07
1.838211187592794802e-07
1.868178875217018721e-07
1.899257552567377914e-07
1.930938293451250933e-07
1.962645000550886442e-07
1.993747157928335014e-07
2.023579363712626379e-07
2.051453605235516840e-07
2.076680209490325723e-07
2.098583284527253436e-07
2.116515575116083792e-07
2.129878197330039753e-07
2.138130427234574878e-07
2.140807111515901847e-07
2.137524810738475799e-07
2.127994510836389648e-07
2.112026110226315098e-07
2.089530481138152022e-07
2.060524770700328504e-07
2.025126640734323107e-07
1.983554661618232901e-07
1.936120790668854229e-07
1.883221057560949019e-07
1.825329736208861803e-07
1.762984293337822293e-07
1.696776901567354327e-07
1.627340082021499276e-07
1.555332275208455853e-07
1.481427705443017751e-07
1.406300049239811497e-07
1.330613023767532270e-07
1.255007655880531012e-07
1.180091058942845530e-07
1.106429852520079243e-07
1.034540110804283803e-07
9.648836795987931335e-08
8.978629572635491141e-08
8.338176637220644367e-08
7.730255437839206146e-08
7.157010552740847460e-08
6.619987977388364019e-08
6.120159219342612444e-08
5.657958318072153068e-08
5.233342810057900193e-08
4.845836852802163285e-08
4.494600866592702640e-08
4.178487774879273968e-08
3.896100600583042146e-08
3.645858461580974327e-08
3.426042435199011301e-08
3.234852491245914306e-08
3.070442772688403880e-08
2.930963374523120182e-08
2.814585648511722576e-08
2.719520663926213705e-08
2.644037506357102139e-08
2.586463874211695899e-08
2.545191263095955100e-08
2.518668015838840444e-08
2.505388648721547937e-08
2.503886857820818605e-08
2.512717330376970153e-08
2.530447005176928433e-08
2.555640887549467541e-08
2.586849879139453298e-08
2.622608118441737852e-08
2.661424255658688522e-08
2.701786879119232179e-08
2.742167955700525884e-08
2.781030763265580117e-08
2.816849272814140018e-08
2.848121183313969761e-08
2.873394976490241389e-08
2.891292665883310062e-08
2.900534240569033817e-08
2.899970176760667003e-08
2.888602744366129945e-08
2.865617528949168934e-08
2.830400859121160565e-08
2.782564582488828313e-08
2.721959176784021086e-08
2.648681912915914671e-08
2.563086048316515058e-08
2.465773808843025693e-08
2.357592995166981840e-08
2.239620692701227669e-08
2.113141466280155610e-08
1.979625528245048421e-08
1.840693847764892396e-08
1.698087137740156498e-08
1.553626484910508008e-08
1.409172614588773870e-08
1.266588036827805760e-08
1.127693873410055977e-08
9.942334176724215822e-09
8.678347144429127836e-09
7.499772851745148146e-09
6.419653192206874239e-09
5.449029191592888534e-09
4.596778963776581017e-09
3.869497889097430804e-09
3.271445358257116717e-09
2.804562651594590083e-09
2.468537154218046811e-09
2.260935214291814008e-09
2.177377636252563302e-09
2.211759999664092522e-09
2.356513575158314578e-09
2.602885019622475636e-09
2.941241768653826723e-09
3.361380635127585437e-09
3.852834463818537681e-09
4.405177713310279841e-09
5.008302854090961350e-09
5.652688425639286291e-09
6.329621860033100790e-09
7.031407723745648345e-09
7.751530152506319678e-09
8.484777460950564934e-09
9.227351191545803814e-09
9.976915179873790798e-09
1.073264537928296246e-08
1.149523556582725681e-08
1.226688039229156494e-08
1.305127153468018020e-08
1.385354420538653543e-08
1.468026274954824190e-08
1.553937931376720487e-08
1.644019460643142800e-08
1.739336365887223660e-08
1.841085717145744742e-08
1.950599064276353343e-08
2.069342625394015884e-08
2.198917877191910085e-08
2.341067458663657212e-08
2.497673851078697147e-08
2.670765075211387032e-08
2.862514272044840508e-08
3.075236807566648007e-08
3.311391503750224209e-08
3.573568704197215608e-08
3.864485886113974566e-08
4.186966817972343463e-08
4.543928114065816650e-08
4.938352887975614193e-08
5.373258040493009642e-08
5.851667994404991139e-08
6.376566751236471061e-08
6.950863943855848636e-08
7.577345744201117636e-08
8.258621247127349870e-08
8.997084885462769277e-08
9.794852779880706410e-08
1.065372790698382661e-07
1.157514991969166435e-07
1.256014591891253692e-07
1.360931302345347624e-07
1.472276841183533380e-07
1.590014893555154337e-07
1.714059242977312690e-07
1.844272446424582639e-07
1.980469396675886107e-07
2.122416162574166336e-07
2.269835926254289502e-07
2.422411917359978431e-07
2.579790718774866433e-07
2.741591778377052553e-07
2.907409505577275999e-07
3.076824276284080020e-07
3.249408164549995686e-07
3.424730136081739903e-07
3.602368279622028849e-07
3.781910939565721162e-07
3.962968349555032172e-07
4.145176080221807627e-07
4.328196798038848051e-07
4.511729884111138158e-07
4.695506134978333637e-07
4.879295974531547086e-07
5.062900551738588629e-07
5.246156336902344262e-07
5.428928125933591750e-07
5.611099884358286626e-07
5.792575929593080249e-07
5.973263360474207285e-07
6.153071379641009599e-07
6.331897944699497225e-07
6.509615302553768255e-07
6.686068904536170045e-07
6.861056210970710787e-07
7.034326626300122151e-07
7.205568548471106737e-07
7.374396986865382371e-07
7.540357948553071193e-07
7.702911720372500876e-07
7.861441367502473549e-07
8.015247990066431051e-07
8.163547788732554946e-07
8.305488420925684892e-07
8.440142595322100075e-07
8.566529583745745074e-07
8.683622032504865145e-07
8.790354465951460078e-07
8.885651760595706023e-07
8.968432115434987736e-07
9.037640378590726941e-07
9.092252809879023883e-07
9.131309982079609801e-07
9.153931091969510900e-07
9.159327622187467189e-07
9.146834826599747341e-07
9.115913589497153385e-07
9.066178551798181092e-07
8.997405138741305272e-07
8.909534155569815698e-07
8.802691779741612232e-07
8.677178986658219896e-07
8.533484895424427312e-07
8.372278533753851306e-07
8.194397761097439368e-07
8.000851768881865563e-07
7.792795190798721657e-07
7.571524221193048270e-07
7.338453507144551817e-07
7.095091645624194380e-07
6.843029526922658080e-07
6.583905444649319604e-07
6.319390842914250127e-07
6.051161448733215113e-07
5.780869612149624014e-07
5.510129332289485659e-07
5.240484638386957282e-07
4.973397079281764018e-07
4.710223757385361574e-07
4.452198849858086698e-07
4.200427120473283221e-07
3.955866666221415572e-07
3.719328177733310460e-07
3.491468592957370679e-07
3.272788875193399765e-07
3.063641690971318428e-07
2.864231950344703127e-07
2.674630373526605722e-07
2.494779927218805501e-07
2.324512874032026684e-07
2.163563882137457068e-07
2.011585032869333161e-07
1.868165757539064307e-07
1.732846917590895103e-07
1.605140706394809633e-07
1.484546054107489720e-07
1.370563519803997498e-07
1.262711619710074766e-07
1.160537245338404300e-07
1.063628132862110904e-07
9.716204885319202377e-08
8.842046392462377812e-08
8.011300940326110046e-08
7.222054713823236884e-08
6.472986706190457434e-08
5.763331306055741073e-08
5.092823462368113852e-08
4.461636822257020091e-08
3.870291213367214639e-08
3.319563645911783555e-08
2.810381766229434276e-08
2.343715265938028759e-08
1.920472110668911284e-08
1.541390591339752975e-08
1.206945557634795000e-08
9.172591388618076760e-09
6.720292804289635227e-09
4.704710199238644810e-09
3.112762956852496566e-09
1.925935091148075732e-09
1.120256072980264420e-09
6.664911838475294188e-10
5.305211494875332783e-10
6.739086517505013114e-10
1.054634273188680452e-09
1.627978676005771583e-09
2.347529730553188921e-09
3.166282865095944878e-09
4.037802104288525436e-09
4.917416686525241000e-09
5.763404334913342231e-09
6.538147328212541802e-09
7.209211277048257353e-09
7.750320895255124553e-09
8.142221485724269347e-09
8.373369603759140784e-09
8.440474061502539879e-09
8.348838489481087251e-09
8.112510138182460796e-09
7.754247031349381369e-09
7.305268212084107228e-09
6.804838520801732266e-09
6.299663997791875860e-09
5.843131493070755496e-09
5.494423550848272509e-09
5.317505879684206455e-09
5.380047811330233203e-09
5.752279425861930610e-09
6.505826702310885217e-09
7.712565727256146965e-09
9.443500378343107549e-09
1.176772785249181872e-08
1.475147663842269721e-08
1.845728792638341721e-08
2.294332085044291178e-08
2.826280184144794531e-08
3.446368054819899621e-08
4.158839404757111213e-08
4.967387617332911184e-08
5.875169008086050085e-08
6.884829786980230546e-08
7.998558126754099558e-08
9.218133336522882811e-08
1.054500330418721293e-07
1.198035894590762634e-07
1.352521049201361844e-07
1.518048759607845205e-07
1.694710767956545297e-07
1.882607536515064804e-07
2.081855356073692790e-07
2.292592046020321618e-07
2.514985145558590767e-07
2.749233348483048203e-07
2.995572171427073499e-07
3.254274155504833934e-07
3.525646589505535398e-07
3.810032981649598082e-07
4.107804327141842023e-07
4.419358119394612323e-07
4.745105394563324110e-07
5.085466427211764303e-07
5.440858266792775921e-07
5.811680131160695078e-07
6.198307058045258448e-07
6.601069116530990539e-07
7.020244620130842456e-07
7.456043777106666796e-07
7.908591434676081820e-07
8.377922878452114269e-07
8.863961823533206465e-07
9.366518986573764097e-07
9.885279248372556574e-07
1.041978911764503970e-06
1.096946247573900798e-06
1.153356384648701676e-06
1.211121922390044741e-06
1.270141233864613211e-06
1.330298164320271738e-06
1.391464043179276689e-06
1.453496796052419014e-06
1.516243480847215854e-06
1.579540883358215999e-06
1.643216116717291864e-06
1.707089939194789585e-06
1.770976351748010499e-06
1.834686227880233566e-06
1.898028384202590082e-06
1.960810506769260211e-06
2.022843125601363303e-06
2.083938975281725804e-06
2.143916944742293063e-06
2.202602463911025470e-06
2.259830042707039445e-06
2.315441777611096288e-06
2.369292750460617025e-06
2.421249172623992939e-06
2.471189810041601005e-06
2.519007263376318659e-06
2.564605068940884346e-06
2.607902398352631320e-06
2.648830699024885435e-06
2.687333995545866839e-06
2.723369041426124358e-06
2.756901046559088762e-06
2.787907652938337845e-06
2.816374351326038724e-06
2.842294847353909347e-06
2.865666122977018278e-06
2.886492193552697649e-06
2.904779114324693521e-06
2.920534369738041704e-06
2.933766349222056446e-06
2.944479433391952818e-06
2.952678178547279795e-06
2.958362701853299330e-06
2.961528736783498267e-06
2.962167908507371719e-06
2.960263752674036279e-06
2.955796976338682921e-06
2.948741986720495414e-06
2.939068181884468030e-06
2.926741482983816688e-06
2.911721714278500410e-06
2.893969041008028583e-06
2.873441792206804652e-06
2.850098893353201032e-06
2.823902412941731273e-06
2.794816013581606568e-06
2.762811937329191772e-06
2.727869557687459314e-06
2.689978169579636060e-06
2.649139658194948279e-06
2.605367143356107476e-06
2.558691359151757233e-06
2.509158940708041798e-06
2.456834450402669040e-06
2.401802048815690443e-06
2.344163339615988654e-06
2.284041997138136940e-06
2.221580921034039049e-06
2.156942627192432959e-06
2.090309171614385652e-06
2.021878672064997282e-06
1.951867637235133089e-06
1.880506788169498589e-06
1.808039698791370494e-06
1.734721045891675704e-06
1.660812119682111468e-06
1.586581229095210707e-06
1.512298855649467474e-06
1.438235307904483714e-06
1.364658216490200922e-06
1.291828090812212588e-06
1.219997930289974398e-06
1.149408951969518702e-06
1.080288531678649639e-06
1.012848249571017806e-06
9.472807566809604770e-07
8.837598817957026040e-07
8.224380954928769009e-07
7.634458344460027624e-07
7.068910832705135342e-07
6.528583218119805351e-07
6.014098781196968901e-07
5.525855624576200798e-07
5.064036877355443158e-07
4.628623106794278566e-07
4.219400926091919666e-07
3.835987235640411392e-07
3.477841812022422790e-07
3.144288218524587775e-07
2.834535014402085893e-07
2.547693415092735726e-07
2.282802990100146056e-07
2.038848522377998096e-07
1.814780592822691582e-07
1.609531361303905205e-07
1.422033767942883714e-07
1.251233381802409184e-07
1.096100698428430448e-07
9.556407274890194800e-08
8.288987796299245944e-08
7.149665173171895335e-08
6.129828406428462113e-08
5.221340192666032875e-08
4.416516917790650852e-08
3.708086033322904936e-08
3.089143079003134219e-08
2.553086667877347112e-08
2.093555493259141085e-08
1.704364079482245976e-08
1.379440323002034199e-08
1.112776377872537251e-08
8.983869847746874442e-09
7.302866703515132772e-09
6.024859329140619242e-09
5.090085495587499693e-09
4.439343542133308464e-09
4.014651064871443803e-09
3.760163581109196049e-09
3.623336836415549721e-09
3.556314255496391217e-09
3.517530726425545878e-09
3.473482759913758743e-09
3.400641459666642330e-09
3.287459216248309488e-09
3.136416840097782878e-09
2.966071180026434789e-09
2.813030752947497625e-09
2.733816514567454707e-09
2.806548092187367422e-09
3.132399342251702275e-09
3.836784741310498193e-09
5.070219137230360034e-09
7.008824266502096375e-09
9.854451129261393362e-09
1.383438445551131678e-08
1.920065089332886503e-08
2.622888856454041856e-08
3.521681611560262439e-08
4.648232062852640062e-08
6.036112826975271139e-08
7.720425325440978570e-08
9.737506955719862358e-08
1.212462021527512656e-07
1.491962777086828013e-07
1.816063918170284800e-07
2.188568739718580236e-07
2.613237507581262095e-07
3.093754540249071709e-07
3.633697384170918411e-07
4.236503748663201441e-07
4.905449385071927042e-07
5.643620898253906864e-07
6.453897431707070546e-07
7.338927571358151268e-07
8.301124925795594244e-07
9.342653019643999650e-07
1.046542100413846210e-06
1.167108437590706399e-06
1.296103520600412769e-06
1.433642223537673310e-06
1.579814702074873550e-06
1.734687489946438750e-06
1.898304926443242786e-06
2.070688423319405079e-06
2.251840109546448798e-06
2.441742111566917279e-06
2.640357817887521899e-06
2.847633213639818775e-06
3.063494654020116886e-06
3.287852888120953860e-06
3.520600312108856949e-06
3.761611044092542532e-06
4.010740943943014022e-06
4.267822623625067582e-06
4.532669259080015187e-06
4.805069016539068077e-06
5.084783647563105467e-06
5.371547196095731498e-06
5.665058353831579037e-06
5.964984890882772329e-06
6.270955981859009210e-06
6.582560549382385635e-06
6.899346149634633258e-06
7.220810244728044157e-06
7.546407358903524201e-06
7.875541241309154552e-06
8.207565177394362640e-06
8.541783318745178028e-06
8.877443045630242584e-06
9.213747173104685963e-06
9.549847956767535865e-06
9.884851320450206084e-06
1.021782233804768558e-05
1.054778012132870409e-05
1.087371621726657104e-05
1.119459122214522725e-05
1.150934332943423823e-05
1.181689793801073046e-05
1.211616474529153481e-05
1.240606137420172044e-05
1.268551144035183199e-05
1.295345576978242181e-05
1.320886408275749882e-05
1.345073216741136169e-05
1.367810781519328999e-05
1.389008767395843967e-05
1.408582804173395178e-05
1.426455537521934192e-05
1.442556062544509485e-05
1.456822379163021128e-05
1.469200670809960375e-05
1.479646032035214524e-05
1.488123109905626859e-05
1.494605037075294548e-05
1.499075465199974498e-05
1.501527286636422976e-05
1.501962851178186301e-05
1.500394080520997199e-05
1.496840882337740151e-05
1.491332681382307353e-05
1.483906657984267066e-05
1.474607831469971364e-05
1.463487196710665236e-05
1.450602942894935212e-05
1.436018496466056483e-05
1.419802110341036909e-05
1.402026419825273026e-05
1.382766526695781784e-05
1.362101050425895544e-05
1.340110241460857028e-05
1.316875615787574664e-05
1.292479604715915163e-05
1.267003913982360700e-05
1.240530644153972475e-05
1.213140765353873088e-05
1.184914023282856341e-05
1.155928880541493387e-05
1.126261339121196358e-05
1.095986228366148399e-05
1.065176152675922084e-05
1.033901712485116424e-05
1.002231742045069589e-05
9.702325744314307297e-06
9.379694071970454483e-06
9.055056279046066981e-06
8.729032060208731392e-06
8.402230564776455739e-06
8.075245574490917992e-06
7.748667737148837444e-06
7.423079382816065512e-06
7.099057794024747266e-06
6.777177742101434773e-06
6.458006847441400516e-06
6.142114193374759725e-06
5.830064613849171440e-06
5.522419447314985063e-06
5.219736371225564964e-06
4.922563529320376916e-06
4.631443622832688744e-06
4.346906921017521571e-06
4.069469200113873243e-06
3.799628958912361445e-06
3.537860594987919548e-06
3.284614934489485127e-06
3.040311941825616928e-06
2.805337286541243043e-06
2.580038671609938747e-06
2.364719803675242743e-06
2.159639734989699099e-06
1.965007349857921671e-06
1.780978938476747640e-06
1.607656057222430456e-06
1.445082426936606820e-06
1.293244658794106267e-06
1.152070439731205185e-06
1.021429108539466180e-06
9.011328170907303290e-07
7.909375855128488976e-07
6.905468794675750054e-07
5.996140902206835493e-07
5.177467274700457135e-07
4.445105559160716939e-07
3.794353142550899113e-07
3.220198752664435218e-07
2.717383521198504777e-07
2.280464504111684742e-07
1.903878249201325464e-07
1.582010079886788000e-07
1.309259025079238684e-07
1.080104498278381085e-07
8.891710961493726382e-08
7.312902031906486943e-08
6.015602427168540144e-08
4.954014177714856758e-08
4.086071821127110074e-08
3.373909963768024797e-08
2.784279609871870659e-08
2.288921983605115948e-08
1.864887140179754202e-08
1.494809520224557350e-08
1.167139606360191193e-08
8.763354971797905134e-09
6.230231590896307012e-09
4.141269123339714342e-09
2.629806659625533734e-09
1.894256600895984445e-09
2.199021786875352568e-09
3.875430001589966585e-09
7.322747772354275097e-09
1.300934162922108878e-08
2.147404160501144821e-08
3.332772955179873538e-08
4.925522748037899601e-08
7.001744338632153952e-08
9.645381112084527800e-08
1.294850118737309605e-07
1.701158157107170267e-07
2.194382854977643485e-07
2.786348903185756076e-07
3.489817084411365529e-07
4.318515827726501274e-07
5.287167047088388275e-07
6.411515088382327628e-07
7.708344339715307644e-07
9.195493499984346003e-07
1.089186318293557067e-06
1.281740541552688937e-06
1.499311926674652262e-06
1.744101800764942456e-06
2.018409085668418100e-06
2.324625261763376790e-06
2.665225949542761262e-06
3.042764505382115409e-06
3.459860474887311573e-06
3.919188104071485916e-06
4.423463598858980732e-06
4.975427287906605016e-06
5.577831096238284262e-06
6.233417918868552130e-06
6.944902959048593887e-06
7.714954523094716207e-06
8.546167803702847405e-06
9.441049751789439427e-06
1.040199179966554184e-05
1.143124796803617791e-05
1.253091378122302512e-05
1.370289565192167108e-05
1.494889982305210018e-05
1.627040324973228659e-05
1.766863741940125901e-05
1.914455795219137819e-05
2.069884237606444514e-05
2.233186317850148464e-05
2.404367561547047686e-05
2.583400890565359934e-05
2.770223983439574136e-05
2.964740731766937908e-05
3.166819094991390321e-05
3.376291069128811386e-05
3.592953058370944276e-05
3.816563767701185964e-05
4.046847659480976619e-05
4.283493340962115807e-05
4.526154762608106444e-05
4.774452807509674843e-05
5.027973504628108892e-05
5.286273434022026080e-05
5.548878315971190762e-05
5.815285173572815199e-05
6.084964827508817869e-05
6.357360014958279024e-05
6.631892459587829182e-05
6.907961215652709563e-05
7.184945427649708487e-05
7.462207362190023414e-05
7.739090059468701729e-05
8.014925775673752497e-05
8.289033766909979491e-05
8.560723401825092631e-05
8.829297517349090924e-05
9.094049469249978004e-05
9.354272800711245907e-05
9.609258422880743631e-05
9.858298056244897234e-05
1.010068791198047189e-04
1.033572527118292663e-04
1.056271935543385421e-04
1.078098807574700733e-04
1.098986189876062448e-04
1.118868793591346820e-04
1.137682627521254084e-04
1.155366195813591046e-04
1.171860146506382050e-04
1.187107698897089714e-04
1.201055085321831766e-04
1.213651166317126438e-04
1.224848698970124300e-04
1.234603952280740235e-04
1.242877141532302025e-04
1.249632860974079877e-04
1.254839656254193780e-04
1.258471283414367109e-04
1.260506252984940556e-04
1.260928203738026748e-04
1.259726253424613997e-04
1.256894478779314742e-04
1.252433059848465980e-04
1.246347699754676212e-04
1.238650022875387776e-04
1.229356946010723667e-04
1.218491660458318609e-04
1.206082925248176500e-04
1.192165148377532044e-04
1.176778416924935806e-04
1.159967717928777952e-04
1.141783667333787217e-04
1.122281651262610366e-04
1.101521710392362665e-04
1.079568374547792509e-04
1.056489770615002990e-04
1.032358104661685390e-04
1.007248713952842650e-04
9.812398067146639168e-05
9.544121656932251681e-05
9.268482333881561863e-05
8.986324136742794674e-05
8.698501408788898541e-05
8.405875698725272130e-05
8.109312487241300560e-05
7.809672922883373650e-05
7.507815952354923857e-05
7.204590275252985363e-05
6.900831702036009144e-05
6.597360485530076027e-05
6.294974802956886583e-05
5.994452727543636686e-05
5.696546129037079068e-05
5.401979031835040792e-05
5.111445994174322588e-05
4.825607615487937269e-05
4.545092589231839543e-05
4.270493592500308299e-05
4.002366609342277522e-05
3.741230228953266622e-05
3.487562857459670419e-05
3.241804637159028377e-05
3.004354857668773446e-05
2.775571817128927448e-05
2.555772589410059895e-05
2.345231344196401906e-05
2.144180809105366385e-05
1.952810643460630672e-05
1.771267455184951682e-05
1.599654724911932222e-05
1.438031849391482125e-05
1.286415165658518921e-05
1.144777108289600567e-05
1.013046473717075519e-05
8.911087187335366082e-06
7.788059139088936056e-06
6.759379614895968565e-06
5.822629740136576278e-06
4.974984996008604169e-06
4.213230121946583939e-06
3.533775381678782878e-06
2.932682029360759195e-06
2.405687264127276936e-06
1.948236902438196897e-06
1.555523085449448350e-06
1.222526848760229782e-06
9.440685587634253619e-07
7.148626514862645336e-07
5.295797678338510598e-07
3.829151762555870711e-07
2.696634380677702836e-07
1.847999157018928159e-07
1.235680132586627187e-07
8.157267971060694766e-08
5.487948968739464447e-08
4.011912221413534475e-08
3.459658590524892492e-08
3.640485266005395113e-08
4.454227938153813852e-08
5.903321141337571018e-08
8.105120726051464318e-08
1.130441625730537695e-07
1.588607420191268504e-07
2.238774723767118997e-07
3.151257407417193247e-07
4.414183876997227112e-07
6.134749439504701599e-07
8.440452431141715642e-07
1.148030936416522573e-06
1.542603844006130008e-06
2.047322296140431137e-06
2.684243203089709027e-06
3.478030973456444461e-06
4.456062974535425767e-06
5.648528958139796450e-06
7.088530307142683456e-06
8.812171362540498684e-06
1.085864827456075200e-05
1.327033446536604254e-05
1.609285562202053871e-05
1.937517191477760672e-05
2.316964439737119870e-05
2.753210207889419947e-05
3.252190603958626862e-05
3.820199354718517993e-05
4.463894502811171594e-05
5.190301731039945947e-05
6.006818350852063661e-05
6.921216924066965633e-05
7.941644968843714926e-05
9.076629752836081302e-05
1.033507621515417118e-04
1.172626659003831638e-04
1.325985939910534126e-04
1.494588121673674753e-04
1.679472824929551856e-04
1.881715512164353684e-04
2.102426723786689341e-04
2.342751214929555774e-04
2.603865867982356366e-04
2.886979354141552367e-04
3.193329616528995350e-04
3.524182048709308883e-04
3.880827558012679679e-04
4.264578715889660258e-04
4.676768851686717446e-04
5.118747702641042886e-04
5.591878335165973747e-04
6.097533996145535666e-04
6.637092164469408397e-04
7.211933310057348301e-04
7.823434513453008830e-04
8.472965959662422716e-04
9.161883293236324551e-04
9.891526588358440404e-04
1.066321245862274832e-03
1.147822933978284417e-03
1.233783302629421321e-03
1.324323722983452483e-03
1.419561383091742963e-03
1.519608357565925636e-03
1.624571156631723651e-03
1.734550330080615902e-03
1.849639410046953134e-03
1.969925210745186034e-03
2.095486831588408080e-03
2.226395341206212960e-03
2.362713547010603272e-03
2.504494899729003878e-03
2.651784219495784307e-03
2.804616701165706886e-03
2.963017836244026797e-03
3.127003444185697933e-03
3.296578587124983709e-03
3.471738840302881351e-03
3.652469327713670205e-03
3.838744937975578555e-03
4.030530660221113073e-03
4.227780501731660118e-03
4.430439355781553949e-03
4.638442032353689605e-03
4.851713756046551439e-03
5.070170779767659876e-03
5.293719233248162653e-03
5.522257568151414837e-03
5.755675487184738759e-03
5.993854649582723397e-03
6.236669477395519190e-03
6.483985817071683151e-03
6.735663888810977315e-03
6.991556985674609974e-03
7.251512282023053237e-03
7.515371725558438708e-03
7.782970390319038541e-03
8.054139846245327375e-03
8.328706515295793839e-03
8.606492494964580048e-03
8.887316455123377493e-03
9.170991604881415654e-03
9.457329432083947177e-03
9.746137663180338973e-03
1.003722107087847044e-02
1.033038235699421797e-02
1.062541973149577247e-02
1.092213103093062597e-02
1.122031130859994612e-02
1.151975366533901542e-02
1.182025016777834420e-02
1.212158911232102954e-02
1.242355958212032659e-02
1.272594875764276531e-02
1.302854285606165792e-02
1.333112817225892525e-02
1.363348813774978990e-02
1.393540838435531823e-02
1.423667388071920073e-02
1.453707006045752183e-02
1.483638405613119625e-02
1.513440164247716220e-02
1.543091282585211214e-02
1.572570886889160940e-02
1.601858453700432533e-02
1.630933496581847900e-02
1.659776162246121706e-02
1.688366922926897232e-02
1.716686721282776815e-02
1.744717121698483378e-02
1.772439981957204397e-02
1.799838081090050779e-02
1.826894790371451360e-02
1.853594218674484845e-02
1.879921359598706737e-02
1.905861735355607670e-02
1.931402033501176604e-02
1.956529742403086483e-02
1.981233278037673046e-02
2.005502107932524355e-02
2.029326353609721412e-02
2.052697413400156670e-02
2.075607550529097109e-02
2.098049985977354370e-02
2.120018985548815377e-02
2.141509414230266875e-02
2.162517330619082370e-02
2.183039525746565540e-02
2.203073577765743765e-02
2.222617900766142920e-02
2.241671257563022587e-02
2.260233325343558378e-02
2.278304197762290664e-02
2.295884411983148063e-02
2.312974972690865286e-02
2.329576844165564750e-02
2.345691501106896004e-02
2.361320419664371395e-02
2.376465099744047918e-02
2.391127088855669186e-02
2.405307483739245814e-02
2.419007488799132868e-02
2.432227927722576191e-02
2.444969288350549996e-02
2.457231773343757780e-02
2.469014841468113522e-02
2.480317794482388843e-02
2.491139336481925856e-02
2.501477662337489583e-02
2.511330553775403818e-02
2.520694979713279660e-02
2.529567720575184170e-02
2.537944988255290413e-02
2.545822563759568211e-02
2.553195940664463801e-02
2.560059985974208821e-02
2.566409592774281101e-02
2.572239354613370041e-02
2.577543739035765766e-02
2.582317261578484860e-02
2.586554190026433067e-02
2.590249198965393837e-02
2.593397075575104224e-02
2.595992991672639236e-02
2.598032221852952448e-02
2.599510773657233431e-02
2.600425096191433597e-02
2.600772242266194065e-02
2.600550018045834702e-02
2.599756690820397703e-02
2.598391557189424356e-02
2.596454629899587474e-02
2.593946750711665153e-02
2.590869686043975606e-02
2.587225802581145581e-02
2.583018550146578066e-02
2.578252111608909936e-02
2.572931452719584913e-02
2.567062354076438124e-02
2.560651050966904207e-02
2.553704627717988049e-02
2.546230635669545495e-02
2.538237087293105168e-02
2.529732436094841649e-02
2.520725197808296528e-02
2.511224274241901852e-02
2.501238563885761421e-02
2.490776926625674556e-02
2.479848140903748860e-02
2.468460539005086496e-02
2.456622293232792881e-02
2.444341055510442645e-02
2.431623929093656294e-02
2.418477440041050253e-02
2.404907224138459060e-02
2.390918311447288308e-02
2.376514830952364613e-02
2.361700023268936688e-02
2.346476258525326611e-02
2.330844804648015897e-02
2.314806136994313271e-02
2.298359731723449012e-02
2.281504139521925781e-02
2.264237066185496861e-02
2.246555234250343508e-02
2.228454726015257487e-02
2.209930869155735805e-02
2.190978370882873047e-02
2.171591456385191243e-02
2.151763814189347132e-02
2.131488959895079527e-02
2.110760196404380326e-02
2.089570787708426927e-02
2.067914131043024906e-02
2.045783757998387645e-02
2.023173689795896082e-02
2.000078439159553786e-02
1.976493189610914816e-02
1.952413965830589876e-02
1.927837653011359870e-02
1.902762307628404898e-02
1.877187162858039854e-02
1.851112776635710847e-02
1.824541164358017137e-02
1.797475800553696018e-02
1.769921853400220624e-02
1.741886161400339403e-02
1.713377321484371024e-02
1.684405758025409386e-02
1.654983682031557768e-02
1.625125230916558278e-02
1.594846397972446428e-02
1.564165062413660004e-02
1.533100907607542335e-02
1.501675483405075923e-02
1.469912095844346130e-02
1.437835764781231901e-02
1.405473164417367360e-02
1.372852495230515203e-02
1.340003461242597962e-02
1.306957119987181212e-02
1.273745783165902874e-02
1.240402905008917631e-02
1.206962924561473527e-02
1.173461181635502594e-02
1.139933746910514606e-02
1.106417289295748285e-02
1.072948936740459290e-02
1.039566111128095195e-02
1.006306411373495378e-02
9.732074462971692513e-03
9.403066940743545418e-03
9.076413604953434758e-03
8.752482277654674223e-03
8.431635314109130891e-03
8.114228154729861975e-03
7.800608055781061735e-03
7.491112849791261089e-03
7.186069732642097821e-03
6.885794178422588972e-03
6.590588847380735547e-03
6.300742602361459992e-03
6.016529582246053949e-03
5.738208381264750524e-03
5.466021246647616121e-03
5.200193409461161681e-03
4.940932470249523659e-03
4.688427856613206803e-03
4.442850430083964894e-03
4.204352042022259546e-03
3.973065302846201692e-03
3.749103369107105715e-03
3.532559808287157044e-03
3.323508628476181011e-03
3.122004221878680631e-03
2.928081553728631870e-03
2.741756346795477025e-03
2.563025342147171298e-03
2.391866719306163548e-03
2.228240419990145781e-03
2.072088712234069173e-03
1.923336737658039568e-03
1.781893126091464198e-03
1.647650747704453977e-03
1.520487372180372729e-03
1.400266535526916052e-03
1.286838380983251458e-03
1.180040549810468025e-03
1.079699174820577872e-03
9.856297875337866835e-04
8.976383812238002222e-04
8.155224275433923479e-04
7.390719742312731270e-04
6.680706591628177453e-04
6.022968314248982160e-04
5.415246239108790572e-04
4.855250248414994603e-04
4.340669715675204879e-04
3.869183592076080327e-04
3.438470945231137180e-04
3.046220850302207100e-04
2.690141954675133603e-04
2.367971840493134311e-04
2.077485492641602813e-04
1.816503690278634944e-04
1.582900616027539350e-04
1.374610888585100588e-04
1.189636083086335194e-04
1.026050342667706252e-04
8.820055588807106410e-05
7.557357216684977748e-05
6.455605729005244574e-05
5.498886084897739801e-05
4.672192397917075815e-05
3.961443857017860417e-05
3.353493096612266100e-05
2.836127995019096712e-05
2.398067393190601968e-05
2.028950127636557546e-05
1.719319015477966805e-05
1.460599227655862409e-05
1.245071870851443589e-05
1.065843360823606833e-05
9.168106474319420279e-06
7.926234140060104809e-06
6.886433175325645628e-06
6.009009788984314877e-06
5.260513115359982336e-06
4.613274812190513858e-06
4.044943151290227743e-06
3.538014075332666016e-06
3.079364711608998587e-06
2.659793964157594770e-06
2.273572862615647424e-06
1.918009956400794609e-06
1.593033592576724959e-06
1.300794312140157709e-06
1.045289793162773159e-06
8.320136065833519630e-07
6.676299971061832487e-07
5.596750411009193207e-07
5.162849791588137778e-07
5.459519284287040682e-07
6.573065304047511071e-07
8.589272850800030301e-07
1.159175470069756352e-06
1.566054553996082287e-06
2.087092999752772166e-06
2.729248232017471857e-06
3.498830898695375429e-06
4.401447008772334979e-06
5.441956105554350095e-06
6.624444580362059134e-06
7.952209678141275380e-06
9.427755594160244481e-06
1.105279751155245548e-05
1.282827234432305764e-05
1.475435713068246530e-05
1.683048718655670811e-05
1.905538114889770789e-05
2.142706488840660537e-05
2.394290040946694218e-05
2.659960722692234687e-05
2.939329049920459130e-05
3.231946461295561861e-05
3.537307487738288050e-05
3.854852463601334109e-05
4.183968793047039835e-05
4.523993397741784411e-05
4.874214446111450682e-05
5.233873155387100103e-05
5.602165352101461852e-05
5.978244442741238382e-05
6.361220750045293673e-05
6.750166591628911433e-05
7.144117203789071080e-05
7.542071208317873766e-05
7.942997462731014673e-05
8.345832954700540651e-05
8.749490574582091445e-05
9.152860818563677582e-05
9.554813064847612848e-05
9.954205358442729044e-05
1.034988219680789867e-04
1.074068528491028030e-04
1.112545609131035645e-04
1.150303784383913976e-04
1.187228806273091312e-04
1.223207568365056381e-04
1.258129418754238399e-04
1.291886412662010531e-04
1.324373484593081266e-04
1.355489727745243819e-04
1.385138577719478923e-04
1.413227901459061559e-04
1.439671428097445791e-04
1.464388094868582506e-04
1.487303441958720475e-04
1.508349572960651446e-04
1.527465007310475182e-04
1.544596029501614444e-04
1.559695672527656443e-04
1.572724991831130526e-04
1.583652722176209684e-04
1.592454834357068824e-04
1.599115718724547399e-04
1.603626802773383065e-04
1.605987653925413890e-04
1.606205344101386092e-04
1.604293743190230890e-04
1.600274533559237699e-04
1.594175552426275598e-04
1.586031748329658122e-04
1.575884344135314698e-04
1.563779970499338233e-04
1.549771564734563067e-04
1.533916584811491465e-04
1.516277882841441673e-04
1.496922790503837550e-04
1.475922216480741816e-04
1.453351492386346781e-04
1.429288605278048949e-04
1.403815041338880604e-04
1.377014898432912023e-04
1.348974042117030963e-04
1.319780928654687760e-04
1.289524958050525531e-04
1.258297298151595770e-04
1.226190077955470578e-04
1.193295642148090377e-04
1.159707333857967152e-04
1.125518011480426277e-04
1.090820819220757280e-04
1.055708465271877920e-04
1.020272568515685828e-04
9.846043536616118851e-05
9.487933346316953674e-05
9.129279807205145734e-05
8.770950626807357551e-05
8.413790708444265800e-05
8.058627814022618690e-05
7.706261030518650327e-05
7.357466086104263103e-05
7.012989459797534808e-05
6.673543264007187031e-05
6.339809590395713073e-05
6.012430792614273671e-05
5.692013611077348742e-05
5.379124236504496508e-05
5.074284225481865389e-05
4.777973978141499819e-05
4.490625278621458846e-05
4.212624815575240607e-05
3.944310765105672419e-05
3.685970290509554565e-05
3.437842884763727406e-05
3.200115652121514516e-05
2.972926960201639407e-05
2.756365066586433457e-05
2.550467648563687484e-05
2.355225653962887263e-05
2.170581507640131726e-05
1.996433390073134451e-05
1.832636037827574781e-05
1.679002309413637855e-05
1.535307748565895519e-05
1.401291339098789261e-05
1.276660382412187384e-05
1.161093010996764274e-05
1.054241211053102883e-05
9.557357284171059806e-06
8.651884213749904873e-06
7.821971685760962032e-06
7.063491272845209184e-06
6.372241879866473766e-06
5.743994367305091928e-06
5.174518487470331991e-06
4.659623766479841895e-06
4.195188164358453257e-06
3.777185936603767028e-06
3.401719505362209818e-06
3.065038470840014310e-06
2.763565029396688171e-06
2.493909980217934539e-06
2.252886348248842278e-06
2.037523687618360340e-06
1.845072957524373928e-06
1.673013892590354337e-06
1.519055419145527199e-06
1.381133595486629955e-06
1.257409250700036004e-06
1.146259247303262587e-06
1.046269046158180642e-06
9.562208831857055108e-07
8.750805626767930878e-07
8.019844999298716050e-07
7.362232819394966531e-07
6.772268645681760323e-07
6.245478660040593049e-07
5.778450015634430086e-07
5.368678543813427693e-07
5.014405387688095224e-07
4.714477160161915935e-07
4.468205767490284279e-07
4.275241079182028011e-07
4.135464873047601871e-07
4.048887133395277682e-07
4.015569276224703519e-07
4.035555084554362280e-07
4.108817189983392589e-07
4.235225957292559408e-07
4.414521350546598183e-07
4.646309465354453024e-07
4.930063505142862580e-07
5.265134445713962703e-07
5.650778734863181320e-07
6.086185208270661947e-07
6.570505808507746196e-07
7.102901235029120075e-07
7.682570176162521013e-07
8.308796724518072822e-07
8.980983346584898918e-07
9.698677976351647991e-07
1.046161376818617223e-06
1.126971597669898408e-06
1.212312979434995452e-06
1.302222189225009349e-06
1.396757072933186615e-06
1.495997473557287110e-06
1.600041292800770550e-06
1.709003891805421286e-06
1.823014037647945420e-06
1.942208800649706842e-06
2.066731635346342594e-06
2.196724415056551540e-06
2.332325002936968314e-06
2.473660766899178316e-06
2.620841536668989449e-06
2.773957812274108646e-06
2.933071455791833322e-06
3.098214791758829516e-06
3.269384848472563997e-06
3.446537543706884018e-06
3.629589488710433566e-06
3.818410130634777343e-06
4.012825498986595914e-06
4.212615639617662137e-06
4.417512138830607538e-06
4.627205609256144299e-06
4.841340362208316963e-06
5.059523969797545500e-06
5.281328192923059591e-06
5.506289662849418291e-06
5.733922725453888978e-06
5.963715335525390404e-06
6.195143188227614432e-06
6.427672156312692903e-06
6.660759827087216332e-06
6.893871359212038759e-06
7.126473644439323781e-06
7.358051240272877652e-06
7.588107214477331385e-06
7.816162459252245668e-06
8.041771643764215541e-06
8.264512666377614298e-06
8.484001737530895955e-06
8.699890120847282051e-06
8.911859056694108652e-06
9.119633954423155670e-06
9.322967692410447226e-06
9.521653751535747790e-06
9.715518219186252915e-06
9.904410161704813893e-06
1.008821418624555806e-05
1.026682834960123916e-05
1.044017627964505248e-05
1.060819590621105573e-05
1.077082710965391139e-05
1.092802456001235860e-05
1.107973270756766554e-05
1.122589922946939010e-05
1.136646318051170381e-05
1.150134270151409913e-05
1.163045068142519868e-05
1.175366971419469883e-05
1.187086926758937879e-05
1.198189575425512215e-05
1.208656260844076241e-05
1.218467053850408292e-05
1.227598436530275563e-05
1.236025506027189089e-05
1.243721283187029308e-05
1.250656032313100974e-05
1.256799748094667362e-05
1.262120045516291241e-05
1.266584777040764159e-05
1.270161569672400803e-05
1.272817353726076290e-05
1.274521132618218595e-05
1.275241940207926952e-05
1.274951639411596097e-05
1.273624482862411813e-05
1.271236635700911775e-05
1.267768946136805738e-05
1.263204769294837634e-05
1.257532658339788704e-05
1.250745723877174802e-05
1.242840939904824211e-05
1.233821649860773704e-05
1.223695113177360427e-05
1.212474862754760387e-05
1.200179732434101721e-05
1.186832845742914981e-05
1.172463711821560346e-05
1.157105493172495532e-05
1.140796947344704323e-05
1.123581148492100921e-05
1.105504216115105560e-05
1.086617014838422681e-05
1.066972296630358950e-05
1.046626297478303178e-05
1.025637320869011244e-05
1.004064391234050989e-05
9.819686953730735090e-06
9.594108455645438300e-06
9.364522938738634611e-06
9.131540073195940467e-06
8.895752704381618817e-06
8.657750418958891125e-06
8.418095754462028921e-06
8.177338100490140032e-06
7.936003252077264078e-06
7.694584562461498803e-06
7.453556809911120743e-06
7.213357327034273645e-06
6.974400368261434332e-06
6.737070171557032318e-06
6.501715615016181231e-06
6.268664397673203291e-06
6.038208990222523872e-06
5.810621000299899481e-06
5.586147116532472013e-06
5.365006376010755339e-06
5.147403623963406124e-06
4.933519017940214323e-06
4.723521083057118924e-06
4.517564068848823841e-06
4.315786257872426839e-06
4.118320045607407114e-06
3.925289406013833141e-06
3.736808115861505623e-06
3.552989202812973876e-06
3.373936841463597355e-06
3.199754719387077130e-06
3.030542906862480324e-06
2.866395303891821296e-06
2.707405757048386052e-06
2.553660390183557860e-06
2.405242739697998764e-06
2.262229957841388165e-06
2.124689606156853511e-06
1.992683082651855205e-06
1.866258749844848024e-06
1.745454853545633933e-06
1.630295905595420701e-06
1.520789779193721511e-06
1.416929858751329484e-06
1.318689907588578305e-06
1.226026293162025095e-06
1.138875711919328583e-06
1.057153711003767101e-06
9.807570138114965464e-07
9.095609111403388762e-07
8.434220425524714830e-07
7.821781820772064737e-07
7.256487447851437300e-07
6.736380535410540149e-07
6.259352517038586342e-07
5.823180109261261543e-07
5.425541625108883003e-07
5.064037886930224635e-07
4.736231804974767136e-07
4.439663248756932373e-07
4.171889269491325126e-07
3.930507904170000865e-07
3.713182991183804143e-07
3.517680421685898087e-07
3.341883769546749946e-07
3.183826141791534263e-07
3.041707259350310275e-07
2.913908473636650918e-07
2.799014326653655210e-07
2.695815610658345842e-07
2.603323192189220152e-07
2.520768292907169042e-07
2.447599400659832016e-07
2.383483646714053324e-07
2.328291930780394072e-07
2.282092884754464636e-07
2.245135436494963981e-07
2.217828785809280200e-07
2.200727459362337912e-07
2.194503018589107080e-07
2.199925542766762184e-07
2.217836637251097189e-07
2.249121937841939100e-07
2.294691229254542427e-07
2.355447707296381201e-07
2.432269827950268703e-07
2.525987038521449819e-07
2.637356965208704791e-07
2.767053641839882736e-07
2.915645063261920028e-07
3.083587168989511873e-07
3.271211804576279985e-07
3.478716714996016093e-07
3.706170163411547960e-07
3.953501155364193448e-07
4.220510694794144118e-07
4.506873788398921277e-07
4.812142251119817584e-07
5.135765830998718711e-07
5.477090882773921723e-07
5.835385852375708231e-07
6.209851054822693609e-07
6.599626803817117669e-07
7.003824293182052897e-07
7.421522486214521521e-07
7.851799617270029371e-07
8.293740412641405696e-07
8.746439194057344239e-07
9.209031808465444628e-07
9.680680112195536898e-07
1.016060165338950951e-06
1.064806580413690784e-06
1.114238439426249908e-06
1.164293951465753127e-06
1.214914991664752374e-06
1.266049619525404511e-06
1.317650342116597652e-06
1.369671841122676433e-06
1.422073474191560978e-06
1.474814248677909968e-06
1.527855281059827107e-06
1.581157137364971511e-06
1.634676762728607554e-06
1.688370392070766601e-06
1.742187525132211024e-06
1.796074135979595225e-06
1.849969873974870499e-06
1.903804999552470797e-06
1.957504544410865896e-06
2.010982039465306178e-06
2.064144242142307082e-06
2.116888865063920664e-06
2.169102119973543113e-06
2.220664656451000876e-06
2.271445450792192103e-06
2.321308366951416391e-06
2.370110604635611730e-06
2.417700944533133324e-06
2.463927411374700952e-06
2.508631204338749345e-06
2.551654804231318787e-06
2.592840790526383043e-06
2.632030370354248458e-06
2.669072167539191035e-06
2.703815678648569071e-06
2.736120191316909354e-06
2.765853305024028186e-06
2.792889083511042796e-06
2.817115995317274607e-06
2.838434945200731805e-06
2.856756921620545886e-06
2.872011854767333713e-06
2.884140233131241602e-06
2.893101667593097655e-06
2.898871809347349591e-06
2.901438940889307183e-06
2.900812106626008921e-06
2.897011454427095405e-06
2.890076011391922129e-06
2.880059517232561542e-06
2.867026087217624480e-06
2.851057510817774240e-06
2.832242772571848359e-06
2.810685091593071146e-06
2.786497111471743273e-06
2.759796131717941603e-06
2.730710811084741308e-06
2.699370607275069862e-06
2.665912391894510751e-06
2.630475633682280878e-06
2.593197827288276929e-06
2.554220960103481432e-06
2.513681616568292595e-06
2.471717502663749150e-06
2.428463186050964058e-06
2.384046224552662665e-06
2.338593647945555875e-06
2.292223234946761812e-06
2.245050103858319932e-06
2.197183304553244975e-06
2.148722857321438496e-06
2.099766258519182485e-06
2.050401088529270674e-06
2.000711567569957346e-06
1.950775973940026159e-06
1.900664494046426958e-06
1.850445520269325830e-06
1.800179440598394787e-06
1.749924855115444051e-06
1.699736562033378890e-06
1.649663920511473058e-06
1.599756584210095904e-06
1.550059166926336503e-06
1.500616755441727028e-06
1.451473138577076308e-06
1.402669356850468876e-06
1.354248552869176753e-06
1.306251229991755407e-06
1.258719796287032293e-06
1.211696808585578062e-06
1.165223506826604008e-06
1.119343633266565093e-06
1.074099151527919644e-06
1.029533758778581576e-06
9.856911038996452985e-07
9.426132972992815592e-07
9.003437699726689382e-07
8.589234992264941266e-07
8.183936357204644821e-07
7.787938286662189583e-07
7.401608608514119235e-07
7.025307860521126671e-07
6.659358157491046679e-07
6.304063320817404003e-07
5.959695265315755207e-07
5.626483578976989589e-07
5.304632532662050329e-07
4.994297922966920363e-07
4.695603702118760235e-07
4.408632992732144951e-07
4.133422087020619182e-07
3.869975141510611722e-07
3.618249073379771632e-07
3.378168167573369568e-07
3.149619733816626893e-07
2.932452183892057892e-07
2.726487984366727253e-07
2.531515043679095713e-07
2.347299297829514823e-07
2.173583527405852973e-07
2.010087820790105188e-07
1.856520140181603317e-07
1.712571599180962890e-07
1.577926158914618058e-07
1.452260491035739434e-07
1.335244767863470116e-07
1.226549971690885794e-07
1.125844627674285320e-07
1.032800986883438463e-07
9.470944027710298980e-08
8.684032001085917231e-08
7.964127034615330664e-08
7.308122218821321138e-08
6.712982213010587114e-08
6.175730529730355805e-08
5.693440776811118792e-08
5.263256531482150917e-08
4.882366456244076903e-08
4.548022454185054933e-08
4.257530872634128193e-08
4.008248507020863559e-08
3.797601410947673191e-08
3.623075240313745880e-08
3.482238799512685104e-08
3.372751046373977069e-08
3.292372884377469956e-08
3.238998932206181924e-08
3.210667425654196016e-08
3.205597830935994304e-08
3.222214549850295596e-08
3.259172582291553693e-08
3.315400440961084779e-08
3.390118975599119678e-08
3.482884123381566893e-08
3.593611738613502954e-08
3.722598900217142033e-08
3.870559722195962689e-08
4.038628768402725075e-08
4.228386833897335507e-08
4.441861291787046911e-08
4.681517129661222158e-08
4.950262572289499428e-08
5.251411316057186629e-08
5.588671257167608559e-08
5.966100261514673400e-08
6.388049557636234728e-08
6.859129172379059842e-08
7.384117763199207340e-08
7.967913652474203140e-08
8.615446576819582989e-08
9.331578316258332242e-08
1.012103896032740961e-07
1.098832318633751736e-07
1.193757787393297286e-07
1.297254831530192386e-07
1.409643826120846955e-07
1.531186662681737435e-07
1.662076854326428539e-07
1.802429241422152407e-07
1.952279505257026179e-07
2.111571277550266406e-07
2.280158575045010083e-07
2.457800171055637343e-07
2.644153750331126217e-07
2.838784815217434108e-07
3.041157058154474958e-07
3.250645195677415759e-07
3.466535381781583126e-07
3.688025022323378457e-07
3.914242867393598959e-07
4.144241945460279787e-07
4.377023177066757193e-07
4.611540321340552838e-07
4.846703414285499448e-07
5.081408195062616422e-07
5.314527920407541176e-07
5.544944655766953756e-07
5.771554416387973026e-07
5.993269735794201256e-07
6.209053800390307378e-07
6.417906055761700774e-07
6.618896095558233020e-07
6.811163828738931613e-07
6.993916375389379214e-07
7.166461722788829896e-07
7.328184090175404303e-07
7.478575767436892328e-07
7.617228789523209741e-07
7.743823397325869815e-07
7.858157811720664053e-07
7.960112406505811157e-07
8.049677292448657455e-07
8.126935263426413301e-07
8.192042395808408277e-07
8.245253573539286715e-07
8.286878130164089856e-07
8.317304018603576979e-07
8.336975050248124633e-07
8.346367153999793435e-07
8.346011933842770458e-07
8.336448868296367250e-07
8.318248967711108618e-07
8.291991021170271955e-07
8.258238229820295775e-07
8.217563073587291653e-07
8.170501399775532619e-07
8.117578649471988731e-07
8.059289346611128305e-07
7.996077903252757147e-07
7.928367150297365137e-07
7.856517872975772539e-07
7.780859162395155690e-07
7.701673254462422664e-07
7.619181999864012215e-07
7.533579311729893565e-07
7.444997021989143657e-07
7.353538684346115787e-07
7.259269337088089040e-07
7.162206714874113875e-07
7.062355779950901765e-07
6.959679527949188085e-07
6.854133804495107236e-07
6.745659831472590317e-07
6.634177802689035143e-07
6.519620553318693742e-07
6.401907009643137267e-07
6.280974993944296795e-07
6.156773996033032991e-07
6.029258737147114961e-07
5.898419185509084974e-07
5.764254786513178207e-07
5.626802819531667780e-07
5.486129719719178616e-07
5.342323178992096746e-07
5.195516776881214257e-07
5.045864362431690071e-07
4.893562765659994061e-07
4.738841302854878543e-07
4.581952297433538559e-07
4.423189917000011025e-07
4.262865330308523389e-07
4.101323824965621519e-07
3.938933270187083509e-07
3.776073948666747687e-07
3.613152238806291241e-07
3.450577899308005029e-07
3.288776492952420812e-07
3.128178156665210474e-07
2.969208054441613629e-07
2.812296104887580208e-07
2.657857817211089478e-07
2.506303286597726373e-07
2.358027623140992928e-07
2.213403226472032890e-07
2.072786893938061010e-07
1.936505215062064778e-07
1.804861411643574799e-07
1.678128403040561850e-07
1.556543685855743742e-07
1.440315023075236981e-07
1.329610760319000612e-07
1.224565581704090867e-07
1.125276649671296318e-07
1.031801344354907910e-07
9.441624383861159803e-08
8.623430253210436380e-08
7.862919284219978107e-08
7.159227800990197336e-08
6.511143448704773569e-08
5.917156745271503572e-08
5.375447494954806605e-08
4.883938476890526336e-08
4.440309015598999077e-08
4.042016633743657230e-08
3.686346223177605956e-08
3.370432388394553366e-08
3.091287193686697416e-08
2.845850030443033118e-08
2.631005115687386851e-08
2.443629870684370411e-08
2.280622313052450235e-08
2.138929844633917042e-08
2.015591439129613541e-08
1.907755809815983772e-08
1.812719097586035721e-08
1.727946012349547784e-08
1.651089558267264526e-08
1.580019252297492764e-08
1.512829205622089732e-08
1.447859675562779591e-08
1.383704233726889746e-08
1.319214323035904480e-08
1.253509594659554733e-08
1.185971078593676702e-08
1.116244441009277179e-08
1.044231075266951939e-08
9.700769363032750426e-09
8.941654701263666328e-09
8.170974547442958249e-09
7.396784277766700244e-09
6.628973203893409171e-09
5.879042000912506168e-09
5.159909400358391340e-09
4.485640991454683440e-09
3.871231789064174169e-09
3.332343426842068719e-09
2.885048207272478396e-09
2.545597638167265765e-09
2.330163065704912204e-09
2.254616649268333088e-09
2.334304928153778299e-09
2.583839328508876413e-09
3.016920245347200496e-09
3.646155778199777850e-09
4.482929806580798613e-09
5.537277518889231109e-09
6.817776850411460557e-09
8.331505354894002590e-09
1.008396195783970992e-08
1.207908530341053603e-08
1.431925395119914199e-08
1.680528828617969283e-08
1.953657993452860154e-08
2.251108627073048692e-08
2.572551952165388666e-08
2.917544072826973591e-08
3.285532961803216469e-08
3.675887854167391624e-08
4.087897600282799545e-08
4.520804015012766602e-08
4.973812745602852558e-08
5.446098495590552836e-08
5.936845946203150845e-08
6.445235217418824271e-08
6.970483769911650231e-08
7.511848427669865822e-08
8.068618653978071731e-08
8.640162613389007604e-08
9.225888068415365385e-08
9.825287037951265343e-08
1.043792017170298928e-07
1.106339027467891507e-07
1.170138976341020744e-07
1.235162968767407427e-07
1.301388566167898363e-07
1.368796143237921297e-07
1.437364109507405006e-07
1.507074063908183726e-07
1.577900528586688924e-07
1.649816252386705953e-07
1.722786958975403927e-07
1.796765067729092623e-07
1.871696283654039800e-07
1.947506939966778273e-07
2.024111280350562977e-07
2.101405709911378725e-07
2.179262210712776336e-07
2.257537837474077425e-07
2.336060825647771249e-07
2.414641329956443483e-07
2.493066399484929204e-07
2.571094277087625379e-07
2.648468038924495197e-07
2.724901378550173916e-07
2.800093746787278014e-07
2.873726698462983105e-07
2.945459599970916162e-07
3.014947686917984561e-07
3.081827646533720112e-07
3.145736937137651175e-07
3.206311122564875489e-07
3.263180478607822334e-07
3.315991403890052629e-07
3.364391024638228924e-07
3.408049160043846394e-07
3.446655309546938654e-07
3.479914802765217968e-07
3.507571407234583052e-07
3.529389738161776176e-07
3.545177514989264622e-07
3.554780561960497393e-07
3.558077003130672179e-07
3.554998620865530056e-07
3.545510231859699087e-07
3.529629973820369240e-07
3.507421269907825502e-07
3.478984283714111892e-07
3.444474250075355959e-07
3.404078084788330769e-07
3.358031399471970093e-07
3.306607617509941600e-07
3.250107140669171042e-07
3.188872149600120785e-07
3.123262013700672933e-07
3.053667051248739374e-07
2.980496241854647572e-07
2.904165672184892008e-07
2.825110530695143145e-07
2.743761693896528629e-07
2.660557259560098689e-07
2.575930932144702931e-07
2.490301727968732864e-07
2.404084486976235897e-07
2.317669900349618442e-07
2.231435104796707599e-07
2.145734531204727290e-07
2.060892378884939389e-07
1.977211152601577468e-07
1.894964450222080569e-07
1.814391393489034744e-07
1.735706779504350825e-07
1.659088764665169552e-07
1.584689316486754621e-07
1.512630184583786905e-07
1.443000307589535295e-07
1.375865811469623490e-07
1.311261870385942050e-07
1.249202742007892636e-07
1.189680074048182569e-07
1.132662274672621580e-07
1.078103707307603932e-07
1.025939352101895859e-07
9.760936885176002199e-08
9.284801290499770396e-08
8.830011462306441933e-08
8.395559598469774540e-08
7.980366370581200073e-08
7.583352207688335665e-08
7.203432946989198808e-08
6.839519804671906992e-08
6.490577313474456800e-08
6.155589699365955707e-08
5.833612516859370635e-08
5.523764491921071618e-08
5.225222354450379305e-08
4.937259953513640021e-08
4.659216290410286073e-08
4.390528959133342498e-08
4.130721316766962164e-08
3.879392183307285940e-08
3.636238792516803011e-08
3.401026229844690624e-08
3.173605915621986410e-08
2.953899503636499293e-08
2.741885238655016052e-08
2.537608349633926939e-08
2.341153140321547370e-08
2.152650340298401963e-08
1.972260067260685928e-08
1.800157341914906343e-08
1.636534085282450904e-08
1.481575865449580781e-08
1.335462605743822170e-08
1.198353738413757239e-08
1.070376123741593947e-08
9.516227607167492284e-09
8.421369294571857217e-09
7.419117094117611184e-09
6.508811584851047430e-09
5.689144431236591741e-09
4.958169416549653013e-09
4.313245296179964044e-09
3.751073141104436956e-09
3.267700342224636974e-09
2.858551979893153027e-09
2.518507675982661518e-09
2.241953197811416464e-09
2.022888073491759028e-09
1.855022868428145115e-09
1.731893970987577144e-09
1.647005786020334547e-09
1.593957205522676614e-09
1.566597971788086761e-09
1.559172606315112977e-09
1.566464681612038063e-09
1.583951199692069676e-09
1.607928593389190760e-09
1.635649137498370626e-09
1.665429179500563622e-09
1.696739628009944358e-09
1.730291427641121384e-09
1.768075753735048907e-09
1.813402665073201292e-09
1.870898536907908637e-09
1.946476002861429962e-09
2.047294111462081620e-09
2.181666135115078838e-09
2.358968703732018658e-09
2.589510185938465337e-09
2.884375476480625302e-09
3.255276882150428170e-09
3.714353753441282751e-09
4.274001119920658439e-09
4.946666965944553266e-09
5.744639330021212054e-09
6.679882901896494350e-09
7.763811494251386279e-09
9.007150832549159344e-09
1.041976676649710246e-08
1.201049345201356835e-08
1.378708328546660511e-08
1.575603084714489646e-08
1.792258880572888322e-08
2.029070433147246493e-08
2.286294864289184045e-08
2.564066838538952335e-08
2.862386889449077693e-08
3.181143824329710504e-08
3.520118394876127413e-08
3.878983425283470117e-08
4.257339148746478342e-08
4.654698310064235479e-08
5.070525924626391353e-08
5.504243019113742045e-08
5.955222708190835638e-08
6.422838412126473186e-08
6.906430390090670724e-08
7.405354429206999275e-08
7.918972374998300656e-08
8.446631445890601072e-08
8.987717759317789912e-08
9.541591227475952566e-08
1.010763798279107645e-07
1.068523988461894983e-07
1.127373143837886032e-07
1.187245883571348725e-07
1.248068009452908896e-07
1.309762586585656057e-07
1.372245123391166710e-07
1.435417604744986774e-07
1.499174572446752293e-07
1.563397820958593397e-07
1.627950087310933527e-07
1.692684380490651293e-07
1.757430421397451179e-07
1.822005153016588652e-07
1.886207792615577632e-07
1.949814106089505898e-07
2.012589855021577530e-07
2.074276611329123974e-07
2.134606724002605052e-07
2.193299618801314579e-07
2.250057407483366482e-07
2.304582832406127109e-07
2.356564748908539336e-07
2.405697319475245323e-07
2.451677197345760375e-07
2.494199945358088995e-07
2.532981222677084045e-07
2.567741112029779190e-07
2.598225731459908627e-07
2.624203797176836990e-07
2.645462326200240541e-07
2.661828578071211314e-07
2.673151929248714801e-07
2.679325251390146687e-07
2.680279117727318435e-07
2.675975242215196618e-07
2.666426578589132335e-07
2.651676053540184582e-07
2.631815439273090030e-07
2.606976372904855053e-07
2.577321019071758504e-07
2.543058781613107892e-07
2.504422621086515211e-07
2.461684490200467009e-07
2.415143869953624174e-07
2.365116621993369605e-07
2.311948336130073290e-07
2.255990343710220285e-07
2.197612276143468105e-07
2.137190075692798937e-07
2.075095035298582378e-07
2.011704987277760294e-07
1.947382642355298835e-07
1.882486649361335929e-07
1.817361296839061790e-07
1.752327731544414647e-07
1.687694417120371033e-07
1.623739775448587786e-07
1.560722947716093524e-07
1.498876587699100436e-07
1.438401279890455453e-07
1.379476039496215822e-07
1.322245810336506833e-07
1.266832278238192680e-07
1.213329829159245253e-07
1.161802892904674912e-07
1.112296311678161219e-07
1.064826862546471947e-07
1.019393627316899165e-07
9.759761306759912920e-08
9.345334570108537591e-08
8.950137336543040012e-08
8.573481652026768772e-08
8.214601491590331453e-08
7.872643056696580235e-08
7.546661156448618359e-08
7.235698166386297361e-08
6.938736026485054665e-08
6.654769519004409734e-08
6.382796435355404958e-08
6.121811634896879613e-08
5.870867788551280644e-08
5.629031943517336312e-08
5.395440724124989443e-08
5.169287416078209131e-08
4.949812169769133065e-08
4.736346575612369822e-08
4.528273425760585101e-08
4.325066908258742463e-08
4.126277485587086692e-08
3.931519746901227910e-08
3.740504066060350617e-08
3.553000300134625181e-08
3.368865932738136939e-08
3.188029973604733615e-08
3.010479671690377029e-08
2.836281171188575669e-08
2.665547305367989382e-08
2.498455037112689081e-08
2.335228621434191373e-08
2.176125362808404594e-08
2.021446229798026484e-08
1.871507545128178673e-08
1.726648946108996604e-08
1.587216488889598973e-08
1.453548391207271876e-08
1.325978037455792822e-08
1.204810894684754908e-08
1.090326528829076406e-08
9.827646212986090521e-09
8.823140238411910861e-09
7.891134835402275670e-09
7.032372376800707381e-09
6.246972079101844963e-09
5.534366404644653341e-09
4.893270779338166339e-09
4.321731814912212195e-09
3.817102277267469442e-09
3.376120926315263088e-09
2.994955183061692611e-09
2.669271697774269919e-09
2.394356755230270240e-09
2.165201600947740969e-09
1.976647726667979815e-09
1.823511514177354478e-09
1.700719978791269726e-09
1.603470001614169600e-09
1.527355888908678367e-09
1.468522145730153932e-09
1.423788000307676121e-09
1.390760664009338335e-09
1.367948359842802132e-09
1.354828945114670724e-09
1.351919883483219410e-09
1.360806851539976423e-09
1.384145270004065018e-09
1.425649208482041820e-09
1.490027728029606866e-09
1.582917018953120538e-09
1.710769719841759182e-09
1.880717488220166933e-09
2.100428906388064837e-09
2.377932514938132694e-09
2.721421013994442820e-09
3.139073525126613935e-09
3.638829379968980794e-09
4.228209164023559738e-09
4.914111080283724970e-09
5.702606529003497654e-09
6.598810388436797557e-09
7.606681693031178043e-09
8.728947841398402620e-09
9.966993074467131777e-09
1.132075541173830075e-08
1.278877685981163467e-08
1.436810542375390795e-08
1.605442862675861486e-08
1.784211084128548183e-08
1.972422714115607663e-08
2.169284187242073163e-08
2.373898678748103248e-08
2.585300643734203843e-08
2.802469000382910997e-08
3.024336852142095525e-08
3.249835687579739062e-08
3.477888342532527513e-08
3.707454806218041830e-08
3.937541093674330374e-08
4.167201280811618530e-08
4.395585145726030300e-08
4.621911214406532354e-08
4.845511170032462239e-08
5.065821336316390156e-08
5.282365729943613613e-08
5.494797451191293299e-08
5.702843994176121159e-08
5.906344395684105758e-08
6.105219962948119394e-08
6.299437764256545972e-08
6.489046693376285138e-08
6.674099851113034022e-08
6.854690054556687327e-08
7.030908646220203542e-08
7.202800267775111862e-08
7.370404769732492411e-08
7.533670976753608424e-08
7.692503828848376610e-08
7.846726240881955989e-08
7.996040101496876105e-08
8.140087276413612335e-08
8.278368996764860471e-08
8.410315705888114710e-08
8.535262620745021725e-08
8.652425740437394619e-08
8.760987015024943711e-08
8.860024284706897625e-08
8.948603835502788124e-08
9.025768640588041299e-08
9.090526162271168937e-08
9.141949621299186637e-08
9.179111836622567548e-08
9.201187942534867351e-08
9.207444657443889606e-08
9.197227425331584301e-08
9.170060547943423196e-08
9.125572971623099908e-08
9.063593103101259558e-08
8.984125475298188808e-08
8.887324840341295803e-08
8.773578862024017757e-08
8.643418723399438194e-08
8.497593031366362280e-08
8.337026225024684043e-08
8.162776345658955863e-08
7.976094054455932415e-08
7.778322280197168158e-08
7.570947977134139190e-08
7.355548703385789770e-08
7.133742222788240330e-08
6.907227654625066757e-08
6.677687926293407570e-08
6.446828462817001299e-08
6.216325989840165608e-08
5.987783749504131829e-08
5.762766686465351326e-08
5.542721387779405618e-08
5.329013226982636722e-08
5.122889662961949657e-08
4.925451149372107856e-08
4.737689475998079769e-08
4.560431776675495737e-08
4.394382092551227877e-08
4.240102320199857863e-08
4.097999274000296695e-08
3.968367404099414654e-08
3.851352373011769111e-08
3.746995132899554918e-08
3.655224354197411406e-08
3.575851951261625149e-08
3.508615414078280186e-08
3.453150045351566139e-08
3.409030101942690201e-08
3.375763494555099141e-08
3.352786928625481310e-08
3.339503530488620411e-08
3.335254547557147714e-08
3.339355130791088276e-08
3.351086275129519927e-08
3.369686099307989231e-08
3.394383867519552947e-08
3.424368752204233517e-08
3.458823744683958327e-08
3.496916307920854833e-08
3.537788585157717375e-08
3.580593468268204132e-08
3.624463317257497255e-08
3.668548076721543262e-08
3.712008627577555609e-08
3.754010022847383920e-08
3.793763927346351438e-08
3.830499490673521350e-08
3.863507823728336283e-08
3.892138298575123946e-08
3.915794210355807643e-08
3.933973967857040885e-08
3.946266587980071111e-08
3.952345866271770081e-08
3.952014861889495278e-08
3.945171751823003742e-08
3.931850964681613841e-08
3.912210535752447576e-08
3.886517156721564872e-08
3.855179577520936839e-08
3.818702674315420777e-08
3.777714756828849146e-08
3.732941085950704392e-08
3.685175453834135750e-08
3.635297896561377563e-08
3.584217059787764221e-08
3.532883102943209929e-08
3.482250775904536686e-08
3.433242707420922465e-08
3.386757793286243523e-08
3.343611558378065534e-08
3.304545058696657547e-08
3.270190201473180130e-08
3.241038118987618227e-08
3.217453002367221273e-08
3.199624872735422987e-08
3.187589946246078331e-08
3.181212482068383716e-08
3.180171244054911175e-08
3.183992091157216627e-08
3.192022320503270148e-08
3.203472042955786208e-08
3.217417956223750944e-08
3.232810660416408107e-08
3.248527582047657279e-08
3.263365183599605255e-08
3.276096963751697015e-08
3.285490408961590836e-08
3.290324263553621658e-08
3.289448879956316286e-08
3.281780864428839315e-08
3.266360811969514028e-08
3.242365253766815381e-08
3.209115729830169710e-08
3.166126730893848285e-08
3.113085664561889159e-08
3.049891517345858666e-08
2.976646244741718412e-08
2.893642523524741499e-08
2.801385505760354299e-08
2.700551451010033140e-08
2.591999081401427612e-08
2.476738460411512052e-08
2.355898729545922874e-08
2.230725131686899354e-08
2.102525471588769918e-08
1.972661886839671883e-08
1.842510619342789649e-08
1.713424929663245657e-08
1.586722746435093143e-08
1.463640218381648296e-08
1.345321872148477233e-08
1.232791016563474417e-08
1.126926553043781475e-08
1.028459584068082456e-08
9.379504542870437995e-09
8.557928730260817870e-09
7.822076112365809117e-09
7.172426777245960407e-09
6.607876895766434183e-09
6.125769897919318161e-09
5.722106105620577078e-09
5.391687129195551402e-09
5.128294117602690409e-09
4.924951659873778431e-09
4.774096730226118090e-09
4.667852492816971324e-09
4.598231291043897290e-09
4.557330503903253731e-09
4.537571477427216887e-09
4.531827330785231337e-09
4.533614216900223582e-09
4.537194208553630095e-09
4.537646893303069437e-09
4.530967095790878657e-09
4.514041755393389643e-09
4.484683279838973161e-09
4.441574408103941560e-09
4.384187106343148336e-09
4.312735987177984689e-09
4.228027694049235810e-09
4.131381797760052815e-09
4.024486592994439245e-09
3.909254110039907562e-09
3.787728883133415254e-09
3.661926748161389450e-09
3.533760896280270822e-09
3.404932764453442850e-09
3.276844396622791735e-09
3.150574744395826610e-09
3.026813202155628128e-09
2.905878937671902784e-09
2.787720024765237016e-09
2.671936037909364609e-09
2.557854130464796721e-09
2.444567808273992455e-09
2.331039014686556557e-09
2.216173960915338286e-09
2.098905385477140277e-09
1.978301976310061245e-09
1.853631473066471308e-09
1.724455169787264914e-09
1.590683234005114483e-09
1.452617588001665966e-09
1.310996720712049262e-09
1.166991802953651320e-09
1.022210550423832145e-09
8.786625728914305270e-10
7.387090254397088705e-10
6.050056566740941799e-10
4.804152759777189277e-10
3.679230944616090684e-10
2.705348738973679834e-10
1.911740316843319536e-10
1.325823357794143247e-10
9.722062366979597442e-11
8.718254039022064029e-11
1.041188416434239981e-10
1.491784193650297579e-10
2.229693919255152209e-10
3.255388087828443824e-10
4.563771418664244414e-10
6.144435518518395270e-10
7.982100986674786295e-10
1.005732180341857402e-09
1.234731541826146962e-09
1.482689041853528986e-09
1.746962628839735948e-09
2.024887475588328122e-09
2.313902632984586736e-09
2.611656109938861319e-09
2.916094505301649316e-09
3.225570121553316745e-09
3.538881857414963080e-09
3.855344786452083886e-09
4.174800784063323607e-09
4.497595666812700844e-09
4.824578255414410542e-09
5.156997175999458145e-09
5.496449494719930192e-09
5.844753861390683689e-09
6.203797013442437167e-09
6.575433555425638321e-09
6.961273161679054537e-09
7.362570703505199309e-09
7.780048693502491150e-09
8.213721982415186417e-09
8.662828931713129872e-09
9.125651088665486267e-09
9.599501127808531438e-09
1.008065267408738564e-08
1.056429970757623069e-08
1.104467166579536057e-08
1.151501988587566995e-08
1.196782292948751959e-08
1.239491554179842964e-08
1.278764714209861622e-08
1.313721152648988508e-08
1.343479712523809513e-08
1.367196661150440898e-08
1.384090676525275113e-08
1.393467554789974906e-08
1.394759162979481313e-08
1.387538032928934446e-08
1.371551632873809234e-08
1.346737692148532336e-08
1.313235175682743647e-08
1.271404154056130978e-08
1.221818312665697000e-08
1.165271945915036550e-08
1.102766185257744197e-08
1.035489595454571630e-08
9.648036271911500493e-09
8.922049526260797035e-09
8.192986223700135599e-09
7.477556607275137991e-09
6.792684257568942765e-09
6.155109505821204671e-09
5.580868586500394981e-09
5.084880432007030480e-09
4.680479822736663340e-09
4.378990914896318736e-09
4.189389906223579248e-09
4.117954935479396653e-09
4.168050717115399309e-09
4.339947921029101944e-09
4.630728361574089476e-09
5.034322049457333820e-09
5.541572381497759988e-09
6.140460270174390222e-09
6.816373651940750624e-09
7.552450647202534014e-09
8.330061194199647880e-09
9.129252286019517300e-09
9.929345918165402598e-09
1.070950041467759950e-08
1.144927524961814336e-08
1.212929304267823122e-08
1.273173302555531361e-08
1.324094006478446461e-08
1.364387484065620280e-08
1.393048518755937612e-08
1.409411406012042688e-08
1.413162987891313287e-08
1.404363381779263409e-08
1.383443303327573141e-08
1.351190245498657229e-08
1.308735282140240661e-08
1.257511577396647773e-08
1.199220242373131789e-08
1.135775872422223959e-08
1.069245759081376821e-08
1.001792786966200220e-08
9.356008435622613050e-09
8.728119153884977394e-09
8.154549200436319042e-09
7.653783179769201009e-09
7.241939147514602729e-09
6.932179635027258982e-09
6.734301420922717406e-09
6.654367914029359762e-09
6.694461454406991767e-09
6.852610076889046841e-09
7.122768577626710963e-09
7.495007182282189244e-09
7.955779483638103871e-09
8.488308963208289017e-09
9.073143951602889061e-09
9.688721311070873255e-09
1.031209834285189132e-08
1.091968164509730525e-08
1.148798324730959885e-08
1.199446147556270534e-08
1.241823241983351673e-08
1.274085552075805115e-08
1.294697500982208027e-08
1.302486954022846391e-08
1.296697703142300546e-08
1.277016741621108229e-08
1.243600031812350712e-08
1.197074899296610558e-08
1.138527504172207757e-08
1.069482243192277467e-08
9.918554938002099833e-09
9.079059375335296093e-09
8.201655350149282684e-09
7.313610361754601338e-09
6.443315573448891050e-09
5.619358367390213216e-09
4.869577177383393115e-09
4.220148096451181723e-09
3.694658492862552222e-09
3.313284087506585824e-09
3.092030176561688641e-09
3.042094725109098964e-09
3.169386629265241552e-09
3.474179395925378929e-09
3.950962384349031965e-09
4.588460774065970330e-09
5.369839942802729327e-09
6.273116682746852204e-09
7.271714392191427905e-09
8.335218525768611710e-09
9.430252990309301507e-09
1.052147034947025593e-08
1.157267555632719924e-08
1.254794917427709297e-08
1.341286163004834123e-08
1.413563409534276220e-08
1.468824840789037032e-08
1.504752972010740489e-08
1.519603137795390552e-08
1.512285371740670955e-08
1.482423140046892066e-08
1.430392397423910508e-08
1.357344058707830064e-08
1.265196231174056582e-08
1.156610357400461914e-08
1.034939440708459735e-08
9.041548519449885697e-09
7.687555297878577471e-09
6.336543008239615404e-09
5.040526496355478499e-09
3.853005198717916202e-09
2.827483031189831374e-09
2.015952170971433261e-09
1.467360399130625019e-09
1.226131318291043894e-09
1.330762102946221415e-09
1.812548983224390474e-09
2.694479486526443189e-09
3.990318769980614226e-09
5.703929875424627099e-09
7.828842636254715403e-09
1.034808662798618586e-08
1.323431469546940339e-08
1.645018523909617669e-08
1.994904038354594342e-08
2.367582740307907821e-08
2.756825200007835719e-08
3.155816936254055834e-08
3.557310761383146390e-08
3.953797068163817396e-08
4.337680236973179556e-08
4.701459467805360394e-08
5.037912487645214570e-08
5.340269449064718334e-08
5.602381439629565327e-08
5.818871524134778196e-08
5.985267939811956738e-08
6.098116729551784970e-08
6.155067024532786022e-08
