3.970319860755012943e-08
3.982316389396621667e-08
4.126044165982460897e-08
4.397167673778663554e-08
4.786998619347592401e-08
5.282784233358115984e-08
5.868133769049096125e-08
6.523568617507913117e-08
7.227177237481884915e-08
7.955352525778546088e-08
8.683586452561613812e-08
9.387294860698977186e-08
1.004264426862169832e-07
1.062735267855790827e-07
1.112143699118994394e-07
1.150788174499762664e-07
1.177320667106454619e-07
1.190791390529846026e-07
1.190679977260578822e-07
1.176912091967284001e-07
1.149860964440437072e-07
1.110333819666068329e-07
1.059543693836067946e-07
9.990676501687423674e-08
9.307928725214861053e-08
8.568524963325990288e-08
7.795533820929831495e-08
7.012983319593410925e-08
6.245054275561874359e-08
5.515272299231429963e-08
4.845725823157229415e-08
4.256336779865095128e-08
3.764208565862216560e-08
3.383072997854319989e-08
3.122854542018358936e-08
2.989366124816369040e-08
2.984146204503296725e-08
3.104441787022624509e-08
3.343337073444982561e-08
3.690022371552015132e-08
4.130193631191949336e-08
4.646567445260508979e-08
5.219493608641185743e-08
5.827643461891050826e-08
6.448749512787438953e-08
7.060371577049571182e-08
7.640661731589621700e-08
8.169102152116612116e-08
8.627191667974841974e-08
8.999055980998542351e-08
9.271962431426363459e-08
9.436721865050191163e-08
9.487963880839724369e-08
9.424278878963377695e-08
9.248220587077424486e-08
8.966171189637753614e-08
8.588076122618875973e-08
8.127056201907507572e-08
7.598913621764958593e-08
7.021549197663242075e-08
6.414311368587297164e-08
5.797301992779200839e-08
5.190661365087476959e-08
4.613858921078058057e-08
4.085015134630930501e-08
3.620276529642366439e-08
3.233266813874174927e-08
2.934632433561706642e-08
2.731697709906690388e-08
2.628241810194604757e-08
2.624403607649248971e-08
2.716717524206590008e-08
2.898278673713872076e-08
3.159029786787558823e-08
3.486159768907915514e-08
3.864598923600744069e-08
4.277592340859691863e-08
4.707331783724094779e-08
5.135621984303390660e-08
5.544557912875430238e-08
5.917189962340652116e-08
6.238151443668171443e-08
6.494227620737436030e-08
6.674845716378336268e-08
6.772467830912090468e-08
6.782875101612860726e-08
6.705330443083473498e-08
6.542615417801431938e-08
6.300941412019804980e-08
5.989735429382629023e-08
5.621310334731357630e-08
5.210430378754554730e-08
4.773786790137148824e-08
4.329402913009133326e-08
3.895989666691567853e-08
3.492271197615924055e-08
3.136309521296876088e-08
2.844845842365197387e-08
2.632686334199185940e-08
2.512151696564342362e-08
2.492608735942881165e-08
2.580103639082557000e-08
2.777105938075506078e-08
3.082375422181767911e-08
3.490955794086535860e-08
3.994294062035853614e-08
4.580484496534814593e-08
5.234628333174910799e-08
5.939294649764253427e-08
6.675070971969798452e-08
7.421183973204506288e-08
8.156165075340950917e-08
8.858547820199319992e-08
9.507562136844416366e-08
1.008381212727911114e-07
1.056991144916889963e-07
1.095104862537939230e-07
1.121547767324460874e-07
1.135490044633295710e-07
1.136474277282474015e-07
1.124430968108721452e-07
1.099680849392730446e-07
1.062925108176507047e-07
1.015223270161164520e-07
9.579589438563834370e-08
8.927957307581576408e-08
8.216241498858981908e-08
7.465008699545784673e-08
6.695835829814544436e-08
5.930621406534005259e-08
5.190894736125609583e-08
4.497139782964647467e-08
3.868153471376872979e-08
3.320466971594769228e-08
2.867839603270222581e-08
2.520848549199482468e-08
2.286583855777057279e-08
2.168457160957513279e-08
2.166132517306140981e-08
2.275578964030225894e-08
2.489241224887840798e-08
2.796324364743034960e-08
3.183181209043069632e-08
3.633786996140126028e-08
4.130289583114208534e-08
4.653610686417120441e-08
5.184083009269551996e-08
5.702100691364894539e-08
6.188757538251900518e-08
6.626460878382665942e-08
6.999490409142800338e-08
7.294493440961165473e-08
7.500897726927406636e-08
7.611224181074137158e-08
7.621298891036383228e-08
7.530354494502082623e-08
7.341013798465351452e-08
7.059166775270940715e-08
6.693741335200897457e-08
6.256371846482616429e-08
5.760989398599036324e-08
5.223334104270496741e-08
4.660417942323640923e-08
4.089951138693937603e-08
3.529748819468052900e-08
2.997145648656818077e-08
2.508428534076289622e-08
2.078313198514327432e-08
1.719477853719632359e-08
1.442168036537533202e-08
1.253887640883168427e-08
1.159183399120688533e-08
1.159528463353386596e-08
1.253309355558834752e-08
1.435914565947297562e-08
1.699919825882080264e-08
2.035365063932400678e-08
2.430109802939081424e-08
2.870256804938459858e-08
3.340628650311898889e-08
3.825278238185876642e-08
4.308021298567039062e-08
4.772966247589299683e-08
5.205029837745224967e-08
5.590420048628265370e-08
5.917066587875187937e-08
6.174992106337026538e-08
6.356609991019675333e-08
6.456935223327303950e-08
6.473710640590722111e-08
6.407441847383265545e-08
6.261335789328783250e-08
6.041158430620907915e-08
5.755003049494372347e-08
5.412990056291151797e-08
5.026904138929993733e-08
4.609777908283872303e-08
4.175446695343074184e-08
3.738077936495909550e-08
3.311700729257231716e-08
2.909746550248297476e-08
2.544615904640022273e-08
2.227286413629753067e-08
1.966975389370414910e-08
1.770865368461034481e-08
1.643901981873871023e-08
1.588669296788419986e-08
1.605347076442560163e-08
1.691746460911076024e-08
1.843426556527971264e-08
2.053883098757883941e-08
2.314802885584291597e-08
2.616376307199939775e-08
2.947651441764424941e-08
3.296923895263916096e-08
3.652143821539803061e-08
4.001328111569453878e-08
4.332962803977029336e-08
4.636386362389516372e-08
4.902131288792871659e-08
5.122226187981425472e-08
5.290439096212630218e-08
5.402457675397194489e-08
5.456005631489098143e-08
5.450879686564186712e-08
5.388923837728672241e-08
5.273930165325154210e-08
5.111474799690277491e-08
4.908699623693141425e-08
4.674035611372553000e-08
4.416894412490568731e-08
4.147326741250278143e-08
3.875663954462417402e-08
3.612158128454340035e-08
3.366623405745412601e-08
3.148103447806591825e-08
2.964566285637228061e-08
2.822640430111077677e-08
2.727399522653086361e-08
2.682204801241658548e-08
2.688603362282673139e-08
2.746293700235129621e-08
2.853152170474543431e-08
3.005320852010393638e-08
3.197355445816916299e-08
3.422420335654859079e-08
3.672532904829016421e-08
3.938841279993285374e-08
4.211928426235856832e-08
4.482130786746668080e-08
4.739864825852218476e-08
4.975939753347628566e-08
5.181860009063236707e-08
5.350097120697897033e-08
5.474325392409324581e-08
5.549618622749139983e-08
5.572588610578395515e-08
5.541479040392386318e-08
5.456199236075781062e-08
5.318301838092868898e-08
5.130910348099052062e-08
4.898586727611331198e-08
4.627161823238633095e-08
4.323521877734452222e-08
3.995363645268589090e-08
3.650930001958702402e-08
3.298725396184506778e-08
2.947234574993200344e-08
2.604643971292374744e-08
2.278579371931554256e-08
1.975867586627551823e-08
1.702331907900399921e-08
1.462622855682779922e-08
1.260096335138762414e-08
1.096737452489102447e-08
9.731339275224600834e-09
8.884998815450123587e-09
8.407459926175478468e-09
8.265962030252525014e-09
8.417437143840166057e-09
8.810412989320310923e-09
9.387184525895943763e-09
1.008618307272757289e-08
1.084443475411522997e-08
1.160004959488601103e-08
1.229463110566617407e-08
1.287552827762103299e-08
1.329786268926635244e-08
1.352622978500552526e-08
1.353605742049464343e-08
1.331454551995943919e-08
1.286116621634219893e-08
1.218771996328734024e-08
1.131791602400500689e-08
1.028653688669125059e-08
9.138185422061252739e-09
7.925671831505084981e-09
6.708103691068860168e-09
5.548726247810008900e-09
4.512616475704661296e-09
3.664290016563147330e-09
3.065312875294501653e-09
2.771998545797481906e-09
2.833272680250500507e-09
3.288771969393109056e-09
4.167251611248760650e-09
5.485348914876289464e-09
7.246747109222371406e-09
9.441774298052186819e-09
1.204743565278568558e-08
1.502789845301459905e-08
1.833539974164871434e-08
2.191155234993152931e-08
2.568900119881224110e-08
2.959339974987335524e-08
3.354558245492254338e-08
3.746393876605267063e-08
4.126685493953073973e-08
4.487515867933218345e-08
4.821452675590414635e-08
5.121767182017427377e-08
5.382637734581528208e-08
5.599321266771701061e-08
5.768290524235051974e-08
5.887337634160394194e-08
5.955627015011400532e-08
5.973714469416910357e-08
5.943518356913836264e-08
5.868248516593591966e-08
5.752300236463115900e-08
5.601102655044211689e-08
5.420945668017077761e-08
5.218776758744149502e-08
5.001980141374706692e-08
4.778143636676943798e-08
4.554825413020156380e-08
4.339316357315022295e-08
4.138421230419877048e-08
3.958253587092247109e-08
3.804054954587468566e-08
3.680046613473874353e-08
3.589309135334917260e-08
3.533705472073078391e-08
3.513840255947716229e-08
3.529059907727131785e-08
3.577491843825241969e-08
3.656124451822288068e-08
3.760916326286269102e-08
3.886942101314874461e-08
4.028561388014279012e-08
4.179607807412618013e-08
4.333595224494639355e-08
4.483924610202662168e-08
4.624097845210109255e-08
4.747921961042204727e-08
4.849700514704207980e-08
4.924410161615469184e-08
4.967845676598776580e-08
4.976744367451727422e-08
4.948875040651698595e-08
4.883092986415830191e-08
4.779363708092262713e-08
4.638743663944879326e-08
4.463334774183213165e-08
4.256203126582463522e-08
4.021269776355901847e-08
3.763176318134341083e-08
3.487133623288419435e-08
3.198749949213742252e-08
2.903856448885718361e-08
2.608326626535059516e-08
2.317899016953965180e-08
2.038010336061795194e-08
1.773638665856246661e-08
1.529169106689521083e-08
1.308279954002545107e-08
1.113854967406172868e-08
9.479234058449996752e-09
8.116299963874644695e-09
7.052327565095777584e-09
6.281311354013899828e-09
5.789203272489341855e-09
5.554701341832790733e-09
5.550254035641634305e-09
5.743227768850606917e-09
6.097210392727375118e-09
6.573389625035634184e-09
7.131961146498963644e-09
7.733522613228877841e-09
8.340389885514534658e-09
8.917812521196275526e-09
9.435033598078714775e-09
9.866165460611206340e-09
1.019086360503124627e-08
1.039475829246834068e-08
1.046966443159607528e-08
1.041354684773722605e-08
1.023025769177223037e-08
9.929059109092728041e-09
9.523963942143589790e-09
9.032901422445695366e-09
8.476774348777412601e-09
7.878423845969057638e-09
7.261552023600119895e-09
6.649650746499487782e-09
6.064961900951402769e-09
5.527532659020530989e-09
5.054385004096713329e-09
4.658838632060265276e-09
4.350011365122788485e-09
4.132520167917027951e-09
4.006384220860284541e-09
3.967147204166391940e-09
4.006203971631233032e-09
4.111322769843511862e-09
4.267346136951042788e-09
4.457034696287506821e-09
4.662032961852180054e-09
4.863915937502603178e-09
5.045264337494571571e-09
5.190755436083875441e-09
5.288185726147860336e-09
5.329429071785384218e-09
5.311253838876500524e-09
5.235978974325251436e-09
5.111955743067560261e-09
4.953812305463912365e-09
4.782492164114720415e-09
4.625039188473097687e-09
4.514145887918559078e-09
4.487486075704899919e-09
4.586814084919352065e-09
4.856896994275051883e-09
5.344267397418483243e-09
6.095875916211264090e-09
7.157651674313859996e-09
8.573025514956510663e-09
1.038148764062510838e-08
1.261717244499345391e-08
1.530758779524452356e-08
1.847247194635231776e-08
2.212282822669901497e-08
2.626023993413906764e-08
3.087635279443921345e-08
3.595272515669701170e-08
4.146090155966753845e-08
4.736274919887822873e-08
5.361120003034315571e-08
6.015107405486430677e-08
6.692034998644612827e-08
7.385151665465527068e-08
8.087306712990959249e-08
8.791134401614310065e-08
9.489214397072863895e-08
1.017427023230846415e-07
1.083934305337155077e-07
1.147795491799441074e-07
1.208429171295286577e-07
1.265332209015690737e-07
1.318094432318908913e-07
1.366407579183852866e-07
1.410071210674142427e-07
1.448999587320841577e-07
1.483219546066765635e-07
1.512871224888891158e-07
1.538201672626412072e-07
1.559555344610012557e-07
1.577366258353107734e-07
1.592141151265457751e-07
1.604447655422415080e-07
1.614893704323698901e-07
1.624112543148374936e-07
1.632742599657063362e-07
1.641407206754947239e-07
1.650699350878918023e-07
1.661160445708520620e-07
1.673267446108344461e-07
1.687417207733368787e-07
1.703913044020447422e-07
1.722958576235241207e-07
1.744647290966799077e-07
1.768962212272574100e-07
1.795773879086431541e-07
1.824841269113426418e-07
1.855820688105493412e-07
1.888269928598621064e-07
1.921662557200581824e-07
1.955399377462641895e-07
1.988821598786155912e-07
2.021230866699334031e-07
2.051902152716911767e-07
2.080105374000568211e-07
2.105121580806485117e-07
2.126258589426395432e-07
2.142871541958476439e-07
2.154373501651344972e-07
2.160253706666227870e-07
2.160084476081634800e-07
2.153534708211692135e-07
2.140375056556932122e-07
2.120480596377563015e-07
2.093836729129424524e-07
2.060533817505443318e-07
2.020767999853399567e-07
1.974833902075255941e-07
1.923115440726041656e-07
1.866080111457289607e-07
1.804263791845623668e-07
1.738262168109526792e-07
1.668716089376108334e-07
1.596296762877945018e-07
1.521695278521942600e-07
1.445605707449324380e-07
1.368715233710514380e-07
1.291690817694369334e-07
1.215167348354706068e-07
1.139740525173924093e-07
1.065956126802835456e-07
9.943058055373427369e-08
9.252212795775951316e-08
8.590705622226513216e-08
7.961582460259774089e-08
7.367237221448173791e-08
6.809443059987145855e-08
6.289373445031512219e-08
5.807636974563041638e-08
5.364337295948276372e-08
4.959115253225370551e-08
4.591218857161580518e-08
4.259560112243474952e-08
3.962773888384607621e-08
3.699285935900417839e-08
3.467360928701083531e-08
3.265162242874070692e-08
3.090790153255065023e-08
2.942326906386745010e-08
2.817865321468735513e-08
2.715530615389568133e-08
2.633502005728349851e-08
2.570016459634185797e-08
2.523376805260207778e-08
2.491947435629028289e-08
2.474145979729334657e-08
2.468438203569411784e-08
2.473321412585987380e-08
2.487316757888547795e-08
2.508955738922096596e-08
2.536768305906675478e-08
2.569279934316856206e-08
2.605002422424994061e-08
2.642438293850730251e-08
2.680083024611870236e-08
2.716431508579462264e-08
2.749995600526502837e-08
2.779315393319768343e-08
2.802984175420778361e-08
2.819669208480638001e-08
2.828134228649838930e-08
2.827269912003826454e-08
2.816113534649509924e-08
2.793878735561522670e-08
2.759971693108656550e-08
2.714014630719070636e-08
2.655858119745350658e-08
2.585588724732215630e-08
2.503537823598757811e-08
2.410274771451757046e-08
2.306603757731280314e-08
2.193548218630189805e-08
2.072329986616839995e-08
1.944348545896299910e-08
1.811147607361106282e-08
1.674385580517202414e-08
1.535797924853881700e-08
1.397158198408931499e-08
1.260241989381020165e-08
1.126785586557905341e-08
9.984512850880883624e-09
8.767916517449185778e-09
7.632177794090900181e-09
6.589738629645224232e-09
5.651135931205376950e-09
4.824849179351482550e-09
4.117187484384462844e-09
3.532240483544515519e-09
3.071898330930486699e-09
2.735914474999985209e-09
2.522035437154516542e-09
2.426170170495450416e-09
2.442602054831863108e-09
2.564240157954063175e-09
2.782886792838002567e-09
3.089530366423550592e-09
3.474640020908026344e-09
3.928458036075622999e-09
4.441291423437091567e-09
5.003774393518498652e-09
5.607123608528505788e-09
6.243349294472866557e-09
6.905453355828414897e-09
7.587583544170482960e-09
8.285152075862083823e-09
8.994940555384097649e-09
9.715147883754601716e-09
1.044544063310596847e-08
1.118696208137927008e-08
1.194232088296190254e-08
1.271559404387021610e-08
1.351228300133889245e-08
1.433930895246279323e-08
1.520498288018231656e-08
1.611897807379609767e-08
1.709234675867362629e-08
1.813749282764136230e-08
1.926821008103584554e-08
2.049969232076126172e-08
2.184854517950676236e-08
2.333284806105074579e-08
2.497214150362518585e-08
2.678748094721851308e-08
2.880142623721092945e-08
3.103800246636943582e-08
3.352269893571998831e-08
3.628233230127834340e-08
3.934498303325425259e-08
4.273976291207631723e-08
4.649665585782467169e-08
5.064622672258291099e-08
5.521926448134789736e-08
6.024649233182700364e-08
6.575805684549326991e-08
7.178316312937150835e-08
7.834955729211331888e-08
8.548296540918419041e-08
9.320670235404170606e-08
1.015410154703199382e-07
1.105027311083044092e-07
1.201047470593614830e-07
1.303555392418560981e-07
1.412590027603507074e-07
1.528139595402831331e-07
1.650141840553300221e-07
1.778482422005202766e-07
1.912993891674135535e-07
2.053459762528526592e-07
2.199613688691100189e-07
2.351146010373175517e-07
2.507707178541848387e-07
2.668911557292295477e-07
2.834347631994768518e-07
3.003580516664475296e-07
3.176163645519034812e-07
3.351644968794096124e-07
3.529572557358031223e-07
3.709507416935042660e-07
3.891024803735692236e-07
4.073726307582707092e-07
4.257243438752847861e-07
4.441239430259672694e-07
4.625419049661929957e-07
4.809523032289691174e-07
4.993336318836953402e-07
5.176678692086739267e-07
5.359409189681068986e-07
5.541418594785682464e-07
5.722619693382338210e-07
5.902948046060250579e-07
6.082343594327934671e-07
6.260749479500372284e-07
6.438097927539348470e-07
6.614295014837157443e-07
6.789219047894616187e-07
6.962698518835658117e-07
7.134511565069433797e-07
7.304372374399343055e-07
7.471918232271991226e-07
7.636713624197739372e-07
7.798233011350777876e-07
7.955869228673046135e-07
8.108928537685706475e-07
8.256627597824868123e-07
8.398110029556508234e-07
8.532440025429067149e-07
8.658624269550896928e-07
8.775619053352928633e-07
8.882339167095548654e-07
8.977687023202934136e-07
9.060556046705139180e-07
9.129864770159642981e-07
9.184562087111423289e-07
9.223660941397832920e-07
9.246253231166587408e-07
9.251524043634821478e-07
9.238783867420753015e-07
9.207470845125114127e-07
9.157179514514396315e-07
9.087668189067941944e-07
8.998863827447644108e-07
8.890882395511905905e-07
8.764018295196244881e-07
8.618757893329843317e-07
8.455771195054712624e-07
8.275900592789834997e-07
8.080163277936575588e-07
7.869724936298989125e-07
7.645895634601794435e-07
7.410106261650630942e-07
7.163883543173947160e-07
6.908838018439180105e-07
6.646628556417910449e-07
6.378947717973017887e-07
6.107492378303631515e-07
5.833935595597567777e-07
5.559911315029759636e-07
5.286982310356922260e-07
5.016627451287025916e-07
4.750219472247340369e-07
4.489006308263354443e-07
4.234104569220293675e-07
3.986482202165152678e-07
3.746957845718026072e-07
3.516194566993110431e-07
3.294697790195854570e-07
3.082823220482072497e-07
2.880777597770283672e-07
2.688632573498825721e-07
2.506331413260366666e-07
2.333706366995359590e-07
2.170492058820643533e-07
2.016340764342321305e-07
1.870842599935086304e-07
1.733539797157995999e-07
1.603946766593462657e-07
1.481565601050948319e-07
1.365901014423782330e-07
1.256476649317566899e-07
1.152845422936337345e-07
1.054601852688691971e-07
9.613894911573209526e-08
8.729063418205388295e-08
7.889096242955573511e-08
7.092154032396731548e-08
6.336984086666449053e-08
5.622879554746441709e-08
4.949621258406135481e-08
4.317412372760751829e-08
3.726783124195284611e-08
3.178498997664898233e-08
2.673452165779596690e-08
2.212551459010410400e-08
1.796617566636095500e-08
1.426275165897242759e-08
1.101859605399982396e-08
8.233292176672102678e-09
5.901958852747945076e-09
4.014692952312500478e-09
2.556203575325054503e-09
1.505648444297564083e-09
8.366622527437911557e-10
5.175966661950911963e-10
5.119531088615031128e-10
7.790029881553318958e-10
1.274576896273849127e-09
1.951998061905683431e-09
2.763137504592197047e-09
3.659557368108350224e-09
4.593708436242808687e-09
5.520156820295028019e-09
6.396787606139518402e-09
7.185973676879130273e-09
7.855656611783643492e-09
8.380314629431847824e-09
8.741807558444242339e-09
8.930039664370112267e-09
8.943465478914035166e-09
8.789387800296022820e-09
8.484054921619138920e-09
8.052571091662548797e-09
7.528584482313310849e-09
6.953807876501142709e-09
6.377348155336722746e-09
5.854880863827309330e-09
5.447702572585170392e-09
5.221659797398389047e-09
5.246016789946760191e-09
5.592267302475402226e-09
6.332933207526283703e-09
7.540391707569368462e-09
9.285737168975087484e-09
1.163774170167099097e-08
1.466190033280004445e-08
1.841963093160668896e-08
2.296760970834905214e-08
2.835726153501252979e-08
3.463446686141121304e-08
4.183938563190289258e-08
5.000653395241328145e-08
5.916498965049627023e-08
6.933873863941086388e-08
8.054727515145309569e-08
9.280617196863020684e-08
1.061279325686702340e-07
1.205228084747213805e-07
1.359996287931772168e-07
1.525668613898467991e-07
1.702333450333689892e-07
1.890093233004595823e-07
2.089071814471599167e-07
2.299420292660906966e-07
2.521325204359045996e-07
2.755009802347558762e-07
3.000739441772247296e-07
3.258821349830696306e-07
3.529601787354196433e-07
3.813466845000439403e-07
4.110832915539622202e-07
4.422144827900804039e-07
4.747861930466754189e-07
5.088452778992519199e-07
5.444381627627768593e-07
5.816092766583678451e-07
6.204003136799593981e-07
6.608480531563357292e-07
7.029835870148772346e-07
7.468305983598565709e-07
7.924035590366112203e-07
8.397072468135608608e-07
8.887344921153190166e-07
9.394660015443671973e-07
9.918690540832679543e-07
1.045896242806281492e-06
1.101486067350370863e-06
1.158561287424463750e-06
1.217030058189940294e-06
1.276785619332893295e-06
1.337706068950293790e-06
1.399656475452337933e-06
1.462488084754787830e-06
1.526040979148131004e-06
1.590144791602225800e-06
1.654619426990765291e-06
1.719278521841071856e-06
1.783929158073309090e-06
1.848375633773160000e-06
1.912420651509166487e-06
1.975866352739348721e-06
2.038518413613611240e-06
2.100185479797743014e-06
2.160683211804133796e-06
2.219834724432634019e-06
2.277473178604126462e-06
2.333440291774473258e-06
2.387591776332457935e-06
2.439795448237317801e-06
2.489932623910821670e-06
2.537899353043077095e-06
2.583603423706210281e-06
2.626969007608633746e-06
2.667933170983364753e-06
2.706446061588224303e-06
2.742470934088665522e-06
2.775979711925204311e-06
2.806956850072667319e-06
2.835394575426458966e-06
2.861293111416421861e-06
2.884655565024060980e-06
2.905491573585031040e-06
2.923812150842451443e-06
2.939628956765840807e-06
2.952953668189854388e-06
2.963792947486163707e-06
2.972152587339723060e-06
2.978032818797910486e-06
2.981428341532325638e-06
2.982328598104209187e-06
2.980713785566429176e-06
2.976560194630600183e-06
2.969836780196252388e-06
2.960506547452828895e-06
2.948528202045986943e-06
2.933853635508054631e-06
2.916434551488300321e-06
2.896220427086750564e-06
2.873161128371207421e-06
2.847209648849364283e-06
2.818320722656858141e-06
2.786458042209920568e-06
2.751592970437462618e-06
2.713707518507275235e-06
2.672797191634796699e-06
2.628869760750196684e-06
2.581951821281605894e-06
2.532087167498109587e-06
2.479338917103616859e-06
2.423791253331814059e-06
2.365547280114602323e-06
2.304733695260630425e-06
2.241497894883286207e-06
2.176008316532152784e-06
2.108454284179199547e-06
2.039042395916655276e-06
1.967998746454334865e-06
1.895564563598539524e-06
1.821994670459097811e-06
1.747555538098998749e-06
1.672520566865063459e-06
1.597170291996338860e-06
1.521787294908001586e-06
1.446653635648445124e-06
1.372048129709658546e-06
1.298241686207390232e-06
1.225496737927247263e-06
1.154062784438167377e-06
1.084174183895746004e-06
1.016048074655486396e-06
9.498811430225589193e-07
8.858496731201651096e-07
8.241069773829299154e-07
7.647827269582639228e-07
7.079825732080573716e-07
6.537871666246946566e-07
6.022536166395035464e-07
5.534152586672011215e-07
5.072828358805780864e-07
4.638459244435994118e-07
4.230739955801403587e-07
3.849190573746675564e-07
3.493171375579040189e-07
3.161906030737600440e-07
2.854505077909058885e-07
2.569985751895579309e-07
2.307299773609970228e-07
2.065352074185159875e-07
1.843023055014763268e-07
1.639185739606584597e-07
1.452726125732070232e-07
1.282555788823354391e-07
1.127624630970457687e-07
9.869305715156344736e-08
8.595250438397687258e-08
7.445184988813891893e-08
6.410803328104029881e-08
5.484378035426648171e-08
4.658725460243198772e-08
3.927145666521581751e-08
3.283360901712959940e-08
2.721430065446635386e-08
2.235664822583419384e-08
1.820544270989911894e-08
1.470631673219138906e-08
1.180505878206907620e-08
9.447014014208462838e-09
7.576696372018092668e-09
6.137615674940458314e-09
5.072345187535182143e-09
4.322877034376299193e-09
3.831243083169955216e-09
3.540432668094738815e-09
3.395590868851945900e-09
3.345478767377866835e-09
3.344184453626467026e-09
3.353033543470374637e-09
3.342671339977270494e-09
3.295263655681710872e-09
3.206757967005864317e-09
3.089159283285899926e-09
2.972742294755067066e-09
2.908150372433874238e-09
2.968315280090120922e-09
3.250134622586962417e-09
3.875862827129267085e-09
4.994151256823504019e-09
6.780706040867247986e-09
9.438527506351298821e-09
1.319769404492425701e-08
1.831470764567807312e-08
2.507135824780921465e-08
3.377314299512649998e-08
4.474725986663207546e-08
5.834014334579136807e-08
7.491473398522040737e-08
9.484733779146278871e-08
1.185242709561827740e-07
1.463383368398960307e-07
1.786850023995570041e-07
2.159588515951912292e-07
2.585497375234088107e-07
3.068391773037504013e-07
3.611969653823173540e-07
4.219775821251910866e-07
4.895177149094248891e-07
5.641333091353442670e-07
6.461175406217407532e-07
7.357383521359240122e-07
8.332379049406333526e-07
9.388310113345184683e-07
1.052704700868221687e-06
1.175018342227460550e-06
1.305902759480416352e-06
1.445462402961583518e-06
1.593775156389759431e-06
1.750893677154632298e-06
1.916847108654573304e-06
2.091640642226668829e-06
2.275259523558563883e-06
2.467668670384651386e-06
2.668814302829310234e-06
2.878625646918897258e-06
3.097013031929742009e-06
3.323872291569405640e-06
3.559082298940972179e-06
3.802505324077261534e-06
4.053987299462509049e-06
4.313352979589451784e-06
4.580409950018154565e-06
4.854943097748875216e-06
5.136713241480114740e-06
5.425455818386277102e-06
5.720873099115088563e-06
6.022638545178981561e-06
6.330388886270125700e-06
6.643722227222323141e-06
6.962196656492418964e-06
7.285321133576649705e-06
7.612562374682952353e-06
7.943336582856590621e-06
8.277009386400066017e-06
8.612896796098327789e-06
8.950257122396449309e-06
9.288302913267467120e-06
9.626194558158850234e-06
9.963044227556242907e-06
1.029792111080711804e-05
1.062984601886182481e-05
1.095780972922471484e-05
1.128076942844359551e-05
1.159765723832164047e-05
1.190738986802375737e-05
1.220886571393898233e-05
1.250098875471572072e-05
1.278266674664826978e-05
1.305282272320929352e-05
1.331040701244617132e-05
1.355439467528776636e-05
1.378381196242911456e-05
1.399773349404204120e-05
1.419529350742640371e-05
1.437569682927163637e-05
1.453821355203470889e-05
1.468220415772329705e-05
1.480711261282542395e-05
1.491247404186463441e-05
1.499792150134112894e-05
1.506317549828067866e-05
1.510806471099257303e-05
1.513251328335442354e-05
1.513654313302053157e-05
1.512027517211760294e-05
1.508391333394242124e-05
1.502775995375469050e-05
1.495219791032920783e-05
1.485769130489983854e-05
1.474476647192905864e-05
1.461402399979380507e-05
1.446611871119285678e-05
1.430175519043112907e-05
1.412168294781874280e-05
1.392667674101572624e-05
1.371754677371712912e-05
1.349511930017446242e-05
1.326023256137486667e-05
1.301373288955740422e-05
1.275645784150201824e-05
1.248924716751809310e-05
1.221292717935503048e-05
1.192830957488235761e-05
1.163619066692824000e-05
1.133733940262840639e-05
1.103251025747367615e-05
1.072243262774316290e-05
1.040781309761348741e-05
1.008933793104539987e-05
9.767665824047817763e-06
9.443441852900201063e-06
9.117290929858130308e-06
8.789822032386669252e-06
8.461632180260093180e-06
8.133301920402185531e-06
7.805408004926848515e-06
7.478518539341023162e-06
7.153196645214013014e-06
6.830003378368858297e-06
6.509493401190466568e-06
6.192223989410578331e-06
5.878749574117593352e-06
5.569622764984339523e-06
5.265394408432984248e-06
4.966607845302951068e-06
4.673803171939123009e-06
4.387510275821825276e-06
4.108246791713472703e-06
3.836515278872446658e-06
3.572796271164235919e-06
3.317548705153318858e-06
3.071202409669759198e-06
2.834154450347245444e-06
2.606765199573437325e-06
2.389351995421951979e-06
2.182188205424485831e-06
1.985497368994501032e-06
1.799450450166878965e-06
1.624163377844292029e-06
1.459693619151145422e-06
1.306040631549590737e-06
1.163143766202861930e-06
1.030882610479287209e-06
9.090779501980824265e-07
7.974926591235229604e-07
6.958351708624474296e-07
6.037618835981583116e-07
5.208813343935480357e-07
4.467583599717523958e-07
3.809198927675786406e-07
3.228602351771953479e-07
2.720473242465811756e-07
2.279292774955681679e-07
1.899409744879258432e-07
1.575112351044713154e-07
1.300695807708134397e-07
1.070531824461813656e-07
8.791362486576802055e-08
7.212334970340773663e-08
5.918195195959308543e-08
4.862191088310459439e-08
4.001397058824691896e-08
3.297202129757879028e-08
2.715743633286680539e-08
2.228294620025571575e-08
1.811592288693685122e-08
1.448119205909188947e-08
1.126336508641219715e-08
8.408730011148076252e-09
5.926789761018967120e-09
3.891467646557211507e-09
2.442088073430240324e-09
1.784195417031040921e-09
2.190291441690220845e-09
4.000574914821475032e-09
7.623752700871274195e-09
1.353799718385249572e-08
2.229211233804764111e-08
3.450693730389085321e-08
5.087707128264717760e-08
7.217288121796244769e-08
9.924283595692871677e-08
1.330161591424926461e-07
1.745056395290258374e-07
2.248108518430251076e-07
2.851213257866352004e-07
3.567198507765070973e-07
4.409857763648551642e-07
5.393977727942877197e-07
6.535369516792435209e-07
7.850888683738425118e-07
9.358452194513251215e-07
1.107704890266534325e-06
1.302673183060031193e-06
1.522861684243494219e-06
1.770485243411828236e-06
2.047858402112653260e-06
2.357390582066210456e-06
2.701577822921985532e-06
3.082996535099052234e-06
3.504292001042330207e-06
3.968166893631943802e-06
4.477368475923031917e-06
5.034670586501656188e-06
5.642860942804531999e-06
6.304720184413753907e-06
7.023002845675843756e-06
7.800417718260285599e-06
8.639601068069838186e-06
9.543101013121866360e-06
1.051334957251918846e-05
1.155264012326493338e-05
1.266310564605200473e-05
1.384668732358913745e-05
1.510512289801081266e-05
1.643991678447521241e-05
1.785232327926735706e-05
1.934331543232749938e-05
2.091358243229971052e-05
2.256350206706254663e-05
2.429312816208015034e-05
2.610218151541763098e-05
2.799002314416196941e-05
2.995566900630743123e-05
3.199776842731863474e-05
3.411460398192524312e-05
3.630409554293596587e-05
3.856377937512641736e-05
4.089084353698378330e-05
4.328211214436349422e-05
4.573405810625786905e-05
4.824281987181100923e-05
5.080418410893669062e-05
5.341364108399276807e-05
5.606637118275715998e-05
5.875726753555442661e-05
6.148096197644762457e-05
6.423180674977076307e-05
6.700394659895957193e-05
6.979130261489249146e-05
7.258760060717646195e-05
7.538640211829155877e-05
7.818108096362659325e-05
8.096490865859547550e-05
8.373103203029092412e-05
8.647250452152573455e-05
8.918231980474694857e-05
9.185338156619342581e-05
9.447860060518791078e-05
9.705086566248495984e-05
9.956307736999621503e-05
1.020081845162983618e-04
1.043791484976181578e-04
1.066690520306025824e-04
1.088710651976489374e-04
1.109784833454694229e-04
1.129847672309333814e-04
1.148835048531459736e-04
1.166685313187950469e-04
1.183338923415100982e-04
1.198738864816653864e-04
1.212831089551130362e-04
1.225564121032344958e-04
1.236890329521581609e-04
1.246765540171335443e-04
1.255149469844754194e-04
1.262006164058060410e-04
1.267303567001896504e-04
1.271014796635029154e-04
1.273117689710494217e-04
1.273595186349363328e-04
1.272435692974433082e-04
1.269632567144641502e-04
1.265185284690656517e-04
1.259098865927322846e-04
1.251384290901813080e-04
1.242057877611636003e-04
1.231142287872167792e-04
1.218665826961839896e-04
1.204662538981987521e-04
1.189172249985595922e-04
1.172239792467096525e-04
1.153915752638321010e-04
1.134255611993608868e-04
1.113319638221932616e-04
1.091172724134013448e-04
1.067883490271574580e-04
1.043524774558732385e-04
1.018172674550356756e-04
9.919062828452087613e-05
9.648073840187417535e-05
9.369595246798160452e-05
9.084483114657853600e-05
8.793604615600654061e-05
8.497834796555757072e-05
8.198053162092331975e-05
7.895135203302589564e-05
7.589954429209927900e-05
7.283374108471125593e-05
6.976244473522943826e-05
6.669399900936056724e-05
6.363652206021859427e-05
6.059792528167398938e-05
5.758585067738387962e-05
5.460765342300045479e-05
5.167038478912797458e-05
4.878074619656261264e-05
4.594510961172043812e-05
4.316947581919833218e-05
4.045946758652464823e-05
3.782032275392008030e-05
3.525686640430190883e-05
3.277353078128724865e-05
3.037432978034993039e-05
2.806285833367377978e-05
2.584229094993431206e-05
2.371536570164078971e-05
2.168440003511076786e-05
1.975127538014037385e-05
1.791743837040145617e-05
1.618390109642208575e-05
1.455123239062530310e-05
1.301956906720134434e-05
1.158860816901020482e-05
1.025761028601626059e-05
9.025403076491823494e-06
7.890381133670697566e-06
6.850518489269576216e-06
5.903372444361359163e-06
5.046095800250021963e-06
4.275451604404713369e-06
3.587829112454169665e-06
2.979268929962704033e-06
2.445487497928793639e-06
1.981909291006477644e-06
1.583704031557235961e-06
1.245828766966129118e-06
9.630778955093809506e-07
7.301375422333249953e-07
5.416474626151597306e-07
3.922693752277043871e-07
2.767617043559600228e-07
1.900613742587965477e-07
1.273715430989940050e-07
8.425584162048870726e-08
5.673843390285696859e-08
4.140973259230178310e-08
3.553711061378621034e-08
3.718027079906314818e-08
4.531063880750745672e-08
5.993415509067697372e-08
8.221688311147992529e-08
1.146126816479991202e-07
1.609923177680449032e-07
2.267733366646487705e-07
3.190498907800356185e-07
4.467221801583899062e-07
6.206245048096228779e-07
8.536516228599320200e-07
1.160882898955782853e-06
1.559703131983684666e-06
2.069921197549237759e-06
2.713884191828056771e-06
3.516588187458520487e-06
4.505785275747072228e-06
5.712084280767499579e-06
7.169051063847257981e-06
8.913300598133021984e-06
1.098458633104675908e-05
1.342588593479961316e-05
1.628347631048305597e-05
1.960701578474185108e-05
2.344961023157005007e-05
2.786787985104771792e-05
3.292202299279065573e-05
3.867585983022574139e-05
4.519689932743791078e-05
5.255637228544000715e-05
6.082927139360074496e-05
7.009438791360097728e-05
8.043430910776885022e-05
9.193546763526988302e-05
1.046881218534742353e-04
1.187863538724367356e-04
1.343280617584349465e-04
1.514148790767807129e-04
1.701521943921493162e-04
1.906490416944254564e-04
2.130180275080724656e-04
2.373752483697407455e-04
2.638400846098193624e-04
2.925351716074086933e-04
3.235861504762628537e-04
3.571214892397196576e-04
3.932722922348869088e-04
4.321719154154834530e-04
4.739558795248843175e-04
5.187614337234287701e-04
5.667272473057705312e-04
6.179930934292313148e-04
6.726992480180185759e-04
7.309863645442302897e-04
7.929948265534744181e-04
8.588643899893404991e-04
9.287334043734564318e-04
1.002738702778402727e-03
1.081014794618830521e-03
1.163693378215011325e-03
1.250902877245951362e-03
1.342767470657638216e-03
1.439407103522271020e-03
1.540936527487893988e-03
1.647464825669307190e-03
1.759094991838729095e-03
1.875922837892680505e-03
1.998037276484591548e-03
2.125519288051199406e-03
2.258441577960157085e-03
2.396868320432396678e-03
2.540854025240349683e-03
2.690444252930245927e-03
2.845674585531820372e-03
3.006570528565447997e-03
3.173147525959226119e-03
3.345409844196351422e-03
3.523351849518410565e-03
3.706957020469474947e-03
3.896198161389453039e-03
4.091037741457961494e-03
4.291426798132980808e-03
4.497306839187743127e-03
4.708608869427395073e-03
4.925253911004727481e-03
5.147153645817259711e-03
5.374209270389487293e-03
5.606314006293244834e-03
5.843352045445617329e-03
6.085199302687791835e-03
6.331724274399588501e-03
6.582786723005070069e-03
6.838240717441889521e-03
7.097933360932694169e-03
7.361705661986393291e-03
7.629393491372176393e-03
7.900825961965072045e-03
8.175828901079177854e-03
8.454223232218229314e-03
8.735825859971974722e-03
9.020450626723401644e-03
9.307906292191194322e-03
9.598000368206873606e-03
9.890537082401219121e-03
1.018531822707334153e-02
1.048214407817220188e-02
1.078081095534574527e-02
1.108111541059460942e-02
1.138285178509332307e-02
1.168581304667879947e-02
1.198979170789456553e-02
1.229457702927749113e-02
1.259995961248035028e-02
1.290572863487448457e-02
1.321167275764275478e-02
1.351758112936644884e-02
1.382324034503830748e-02
1.412843951584539723e-02
1.443296729512640736e-02
1.473661294733478663e-02
1.503916752017102690e-02
1.534042066443644901e-02
1.564016621664291243e-02
1.593819909871222948e-02
1.623431751123271746e-02
1.652831967642367020e-02
1.682000980013963198e-02
1.710919487804907213e-02
1.739568609302239582e-02
1.767930028296995498e-02
1.795985655535059511e-02
1.823718259844333070e-02
1.851111130514818126e-02
1.878148221280116770e-02
1.904814297067106837e-02
1.931094571866775328e-02
1.956975353660748984e-02
1.982443675902401115e-02
2.007487427920565115e-02
2.032095483507800893e-02
2.056257302146118765e-02
2.079963565141479398e-02
2.103205764273144082e-02
2.125976302799389636e-02
2.148268591411846978e-02
2.170076605105521195e-02
2.191395494587737233e-02
2.212221128532554371e-02
2.232550158955025343e-02
2.252380080904938658e-02
2.271708749091343182e-02
2.290534961459217769e-02
2.308857964848019459e-02
2.326677492357671212e-02
2.343993797253651756e-02
2.360807147283979987e-02
2.377118391311372828e-02
2.392928451192845307e-02
2.408238351217589432e-02
2.423049248167095243e-02
2.437361931172061721e-02
2.451177391424015292e-02
2.464496329963096130e-02
2.477319204693222143e-02
2.489646282080623316e-02
2.501477171576316563e-02
2.512811418293306107e-02
2.523648053429885726e-02
2.533985679699103655e-02
2.543822563443253609e-02
2.553156223630792185e-02
2.561984057235938000e-02
2.570302946462401164e-02
2.578109389697147424e-02
2.585399637762338457e-02
2.592169341038058974e-02
2.598414200608829480e-02
2.604129628576378613e-02
2.609310913792955294e-02
2.613953388099641076e-02
2.618052117263963002e-02
2.621602554210206854e-02
2.624600232266283140e-02
2.627041032150419231e-02
2.628920889040575054e-02
2.630236423347440816e-02
2.630984639698967856e-02
2.631163085786749484e-02
2.630769999481673629e-02
2.629804009917441343e-02
2.628264710019409187e-02
2.626152338440174150e-02
2.623467893526036307e-02
2.620213230845612126e-02
2.616390736908292061e-02
2.612003820253620129e-02
2.607056561010566431e-02
2.601553765769720056e-02
2.595501005118243387e-02
2.588904255386243608e-02
2.581770303863017632e-02
2.574106369511432527e-02
2.565920104405958538e-02
2.557219581073029782e-02
2.548012917408797040e-02
2.538308611980594209e-02
2.528115158299350587e-02
2.517441016934955991e-02
2.506294579758382157e-02
2.494683808559407592e-02
2.482616531101957888e-02
2.470100083212875552e-02
2.457141285977017253e-02
2.443746422055067050e-02
2.429920923807804903e-02
2.415669664584301629e-02
2.400996663285557414e-02
2.385905099444694463e-02
2.370397332736050300e-02
2.354474669555499389e-02
2.338137675702959065e-02
2.321385966765144096e-02
2.304218280991666631e-02
2.286632558386209740e-02
2.268625798031945542e-02
2.250194400986364404e-02
2.231334050687941439e-02
2.212039843903438469e-02
2.192306425575757736e-02
2.172127928412791523e-02
2.151498334592865172e-02
2.130411429910716858e-02
2.108860973418197338e-02
2.086840865362556835e-02
2.064345142545288836e-02
2.041368331203401165e-02
2.017905443402548404e-02
1.993952152718066195e-02
1.969504961171864368e-02
1.944561214171648331e-02
1.919119409806445062e-02
1.893179200520888478e-02
1.866741539135332445e-02
1.839808809837080450e-02
1.812384827529482309e-02
1.784475072479606989e-02
1.756086665459117430e-02
1.727228455749426142e-02
1.697911090381593741e-02
1.668146973142106346e-02
1.637950406060106889e-02
1.607337519328312994e-02
1.576326302998933351e-02
1.544936526348793422e-02
1.513189802791133423e-02
1.481109481096644538e-02
1.448720605316503214e-02
1.416049857666910883e-02
1.383125432454846392e-02
1.349977016248980234e-02
1.316635639860125155e-02
1.283133581424372380e-02
1.249504257086789423e-02
1.215782065225681774e-02
1.182002304801673710e-02
1.148201007111597505e-02
1.114414804936684350e-02
1.080680794923606289e-02
1.047036373674691163e-02
1.013519122183512665e-02
9.801666394659128839e-03
9.470164027285983901e-03
9.141056261046357975e-03
8.814711096231706011e-03
8.491491162479446880e-03
8.171752268160286520e-03
7.855842127532201846e-03
7.544099115649063533e-03
7.236851048086512944e-03
6.934414087430990255e-03
6.637091641068939597e-03
6.345173366654088126e-03
6.058934233586435111e-03
5.778633689909468130e-03
5.504514846667508086e-03
5.236803795574985175e-03
4.975708981255921697e-03
4.721420645494727591e-03
4.474110421580618398e-03
4.233930877232002649e-03
4.001015272427318678e-03
3.775477335425444104e-03
3.557411117401495116e-03
3.346891013580974728e-03
3.143971698153578530e-03
2.948688306955836707e-03
2.761056616410839919e-03
2.581073300003351289e-03
2.408716346040567710e-03
2.243945379102504824e-03
2.086702224348059836e-03
1.936911455615469976e-03
1.794481012092519374e-03
1.659302954165273354e-03
1.531254126304103366e-03
1.410197029651552884e-03
1.295980669059173694e-03
1.188441450828582298e-03
1.087404184320002768e-03
9.926829969019973065e-04
9.040824061541616894e-04
8.213983455061761715e-04
7.444192716584500371e-04
6.729271877992292145e-04
6.066987746106927790e-04
5.455064723885114097e-04
4.891195619715468703e-04
4.373052679719367157e-04
3.898297760313738296e-04
3.464592954400558538e-04
3.069610562875173623e-04
2.711042734842112820e-04
2.386610901781422540e-04
2.094074307907068950e-04
1.831238461191915176e-04
1.595962793845336503e-04
1.386167739718967610e-04
1.199841293770508293e-04
1.035044653958976861e-04
8.899174274690669229e-05
7.626819989416992415e-05
6.516471960894242293e-05
5.552112984688474908e-05
4.718641986212854960e-05
4.001889897939696160e-05
3.388627929742841322e-05
2.866569222851386017e-05
2.424364386317617252e-05
2.051590304616224809e-05
1.738733872487559980e-05
1.477170087479191054e-05
1.259135329381554379e-05
1.077696415173745863e-05
9.267154892908211841e-06
8.008118831105800185e-06
6.953210090491792146e-06
6.062510044689572476e-06
5.302377178471291095e-06
4.644983312021737430e-06
4.067844428207786556e-06
3.553348580492461960e-06
3.088286404587477866e-06
2.663388874651724375e-06
2.272874993927353379e-06
1.914014726716336255e-06
1.586709013518676779e-06
1.293090111537899564e-06
1.037144689042365621e-06
8.243609411559147080e-07
6.614019312050336919e-07
5.558055055958614189e-07
5.157115695845298442e-07
5.496169178023147501e-07
6.661571631816000619e-07
8.739154994458833423e-07
1.181257181854380345e-06
1.596188617972090335e-06
2.126239953364671878e-06
2.778368897364533002e-06
3.558884918882682084e-06
4.473391367697605264e-06
5.526743667114111501e-06
6.723022685423513791e-06
8.065518784981822635e-06
9.556727989434982875e-06
1.119835607147633893e-05
1.299132932708407289e-05
1.493581300673141566e-05
1.703122942591542662e-05
1.927628299078103290e-05
2.166898402871299554e-05
2.420667762634958552e-05
2.688606483194587912e-05
2.970323067487199559e-05
3.265366757646138280e-05
3.573229685114986530e-05
3.893349568602084954e-05
4.225110953649893639e-05
4.567847647368340346e-05
4.920844429468416000e-05
5.283338839306679304e-05
5.654522721804077759e-05
6.033545199553476819e-05
6.419511979590293842e-05
6.811490458945442753e-05
7.208510639327656575e-05
7.609565584131152511e-05
8.013618318848809410e-05
8.419599697336678035e-05
8.826416236603418567e-05
9.232951829360867726e-05
9.638069027633431056e-05
1.004061891010986178e-04
1.043943884572953327e-04
1.083336333963437102e-04
1.122122660806246989e-04
1.160186458742618824e-04
1.197412757012777300e-04
1.233687729593532637e-04
1.268900018575650184e-04
1.302940987820539983e-04
1.335704895263795393e-04
1.367090181697048850e-04
1.396999654227040928e-04
1.425340573913587156e-04
1.452026096586455988e-04
1.476974610671296989e-04
1.500111141358772063e-04
1.521367307970976498e-04
1.540681172275568068e-04
1.557998596487989264e-04
1.573272215122047037e-04
1.586462717274932338e-04
1.597538498040452484e-04
1.606475209056997954e-04
1.613256950472790132e-04
1.617874874845062001e-04
1.620328298560305149e-04
1.620624060273861185e-04
1.618775808053771225e-04
1.614805023648053053e-04
1.608739351251396385e-04
1.600613564624910057e-04
1.590468725278899539e-04
1.578351311356111547e-04
1.564314128963050984e-04
1.548414514413996878e-04
1.530715221331899135e-04
1.511283503630957072e-04
1.490190210912366580e-04
1.467510649589363469e-04
1.443322805834463965e-04
1.417708205158852634e-04
1.390751024308463086e-04
1.362537246851114239e-04
1.333155502350299093e-04
1.302695410697845668e-04
1.271248422013903582e-04
1.238907008962193267e-04
1.205763920165099439e-04
1.171912977075790309e-04
1.137447580657023610e-04
1.102461494467391241e-04
1.067048118909796851e-04
1.031299833582277132e-04
9.953087015648757249e-05
9.591651392809015595e-05
9.229585894705701836e-05
8.867768587721669394e-05
8.507055269529539767e-05
8.148285159776127941e-05
7.792269194906200334e-05
7.439795350196649643e-05
7.091622622930546780e-05
6.748475789217278696e-05
6.411049724104419156e-05
6.079999495793448743e-05
5.755944453362906631e-05
5.439463148919739454e-05
5.131089120132541231e-05
4.831314319824590739e-05
4.540581487175906193e-05
4.259287624673845909e-05
3.987780463783936752e-05
3.726355863338999292e-05
3.475261121345274320e-05
3.234690144479546896e-05
3.004787088084374662e-05
2.785644924437620219e-05
2.577304934105505770e-05
2.379760574124607512e-05
2.192955652098836706e-05
2.016788646637756270e-05
1.851113523065853233e-05
1.695741332846314461e-05
1.550444849915856712e-05
1.414959368960566021e-05
1.288987675505725402e-05
1.172202635422361696e-05
1.064250304908609805e-05
9.647549466131816998e-06
8.733214718939198506e-06
7.895404649102692648e-06
7.129915425184631652e-06
6.432469122643201501e-06
5.798759461341081192e-06
5.224479662829465311e-06
4.705364347473986331e-06
4.237219046240408822e-06
3.815948847158162247e-06
3.437591027780557887e-06
3.098334628101561246e-06
2.794546420613754492e-06
2.522787294450053676e-06
2.279826148952361233e-06
2.062654400389197594e-06
1.868490877410212580e-06
1.694789169962365007e-06
1.539237875041290188e-06
1.399758274696243898e-06
1.274501658627057131e-06
1.161840142793048962e-06
1.060358772797692212e-06
9.688431535306141428e-07
8.862656595238624919e-07
8.117718891328096763e-07
7.446635913559323522e-07
6.843832590852817201e-07
6.304968117073278993e-07
5.826764482118513638e-07
5.406848826439116632e-07
5.043585034343697388e-07
4.735929540295388608e-07
4.483287338702271990e-07
4.285381549741152840e-07
4.142145007639055240e-07
4.053614909148698870e-07
4.019855173707484969e-07
4.040887237783498916e-07
4.116637114357665652e-07
4.246905536873026710e-07
4.431341683785900083e-07
4.669442139811689861e-07
4.960554759445925674e-07
5.303892582228054871e-07
5.698565122476661293e-07
6.143609030174205529e-07
6.638022618479913097e-07
7.180815429547653907e-07
7.771041111066543923e-07
8.407848473436439620e-07
9.090517700872221249e-07
9.818490298137771025e-07
1.059141149791554651e-06
1.140913899972591472e-06
1.227177249972502490e-06
1.317965615331954770e-06
1.413336921544443638e-06
1.513373431391326108e-06
1.618177713589490215e-06
1.727871947262229537e-06
1.842593690761107731e-06
1.962490554253899916e-06
2.087718057365229280e-06
2.218431348344999073e-06
2.354782495764903380e-06
2.496913665450039712e-06
2.644949726402086582e-06
2.798996154038122446e-06
2.959129349466061479e-06
3.125395454478142470e-06
3.297804277861826120e-06
3.476323187856013624e-06
3.660878714770996113e-06
3.851348438053647287e-06
4.047564611291412010e-06
4.249311456292258732e-06
4.456322585472484385e-06
4.668288511167479788e-06
4.884851267761421587e-06
5.105614091630683216e-06
5.330142426955959228e-06
5.557964713527959220e-06
5.788585479203851495e-06
6.021481350706284207e-06
6.256115493644822779e-06
6.491940265609341418e-06
6.728398968240849047e-06
6.964942069155666912e-06
7.201021512571818671e-06
7.436107017926655935e-06
7.669687129470856112e-06
7.901268702758486903e-06
8.130393192462641758e-06
8.356626134414343846e-06
8.579572514050514521e-06
8.798873568911578963e-06
9.014201722781631969e-06
9.225274980964821224e-06
9.431840053760623283e-06
9.633685628346915622e-06
9.830634243008190990e-06
1.002253248310289032e-05
1.020926360796476676e-05
1.039072509464107865e-05
1.056684078591759018e-05
1.073754935687103956e-05
1.090279167468764179e-05
1.106252365208568776e-05
1.121669078971290279e-05
1.136524164885292272e-05
1.150811572604266977e-05
1.164523088835858900e-05
1.177649912542225771e-05
1.190180110583814694e-05
1.202100349314721226e-05
1.213394884720491574e-05
1.224044555235258404e-05
1.234028832878628570e-05
1.243323480308910444e-05
1.251902787780329653e-05
1.259738880437953378e-05
1.266801038853696264e-05
1.273058229534820378e-05
1.278476980924736331e-05
1.283024049115208055e-05
1.286665964802948960e-05
1.289368572477399265e-05
1.291099853133843159e-05
1.291827871982223186e-05
1.291523629943227743e-05
1.290160634257613295e-05
1.287714429564216382e-05
1.284165417359285689e-05
1.279496662658314000e-05
1.273696628847376404e-05
1.266758535155017878e-05
1.258679657579690585e-05
1.249463868071891530e-05
1.239119147918278055e-05
1.227659970486043481e-05
1.215106308596073212e-05
1.201482600332598330e-05
1.186819857985319275e-05
1.171152886428406701e-05
1.154522231034036224e-05
1.136972863789254930e-05
1.118552875765073382e-05
1.099315174843329032e-05
1.079314570965039822e-05
1.058609368254398988e-05
1.037259908509781576e-05
1.015327186723882895e-05
9.928742871868963152e-06
9.699635955250730584e-06
9.466582105273516165e-06
9.230205883458539174e-06
8.991113186033412443e-06
8.749904849753528961e-06
8.507152529124516923e-06
8.263412702894327102e-06
8.019216105251199159e-06
7.775058809870828090e-06
7.531416299443324709e-06
7.288724486947651437e-06
7.047394353935090299e-06
6.807805088813745500e-06
6.570298861861393976e-06
6.335195351463368210e-06
6.102777761631122074e-06
5.873307567597065243e-06
5.647020655593373220e-06
5.424124802176365233e-06
5.204813522365683018e-06
4.989255695802460099e-06
4.777608993470560383e-06
4.570017419565079453e-06
4.366609794122151889e-06
4.167510122146150022e-06
3.972835179073341327e-06
3.782692832784091255e-06
3.597191696472380107e-06
3.416432985658229862e-06
3.240519015218828615e-06
3.069550027486575429e-06
2.903621571210523300e-06
2.742830632631850123e-06
2.587267774922053786e-06
2.437022222512008607e-06
2.292177874864117436e-06
2.152809898033097461e-06
2.018988022466391614e-06
1.890769393980700468e-06
1.768201337662405543e-06
1.651317496141531915e-06
1.540134692033320729e-06
1.434654915660270481e-06
1.334859946731381285e-06
1.240713440929391531e-06
1.152158475726305965e-06
1.069115924945123828e-06
9.914867042065616908e-07
9.191490496400886763e-07
8.519612746537224290e-07
7.897615241926660300e-07
7.323682871727072843e-07
6.795837229055243341e-07
6.311936273497627250e-07
5.869712545361010924e-07
5.466790643733202044e-07
5.100709552162921766e-07
4.768963932068825899e-07
4.469020647145551755e-07
4.198360910232973640e-07
3.954505935566399745e-07
3.735043616703764372e-07
3.537666665481546719e-07
3.360189919219545003e-07
3.200583840363937066e-07
3.056992998285456485e-07
2.927752285886266533e-07
2.811409489553182606e-07
2.706729022523498751e-07
2.612706213864931787e-07
2.528567719520724860e-07
2.453768281969931015e-07
2.387991695441763673e-07
2.331135207853117852e-07
2.283302538545575628e-07
2.244785243912586284e-07
2.216041305051469168e-07
2.197678627378696855e-07
2.190425070885666614e-07
2.195108165397625410e-07
2.212626318470144968e-07
2.243919532001020875e-07
2.289947766863632130e-07
2.351658573727669052e-07
2.429967423484000889e-07
2.525732116025331207e-07
2.639728849280320942e-07
2.772639569447315137e-07
2.925028907352918382e-07
3.097337837189171688e-07
3.289871599964651242e-07
3.502789928422462915e-07
3.736112256353918840e-07
3.989708709533962090e-07
4.263312513948976838e-07
4.556523312684422299e-07
4.868811452979501396e-07
5.199540948226303733e-07
5.547969853881510878e-07
5.913277843160648883e-07
6.294577929799865844e-07
6.690926499909987883e-07
7.101356361688580067e-07
7.524875252656705658e-07
7.960499310980610563e-07
8.407261768690878160e-07
8.864217279349231344e-07
9.330475245184190231e-07
9.805184807088370733e-07
1.028756537698213910e-06
1.077690288658496750e-06
1.127254020268127284e-06
1.177390487107584252e-06
1.228047443608879871e-06
1.279180096042286824e-06
1.330749223544857294e-06
1.382718737202738402e-06
1.435058039710652775e-06
1.487736765647959265e-06
1.540727065252647641e-06
1.594000709938019569e-06
1.647525780850123586e-06
1.701269385097801103e-06
1.755191366846266767e-06
1.809247333008992358e-06
1.863385634196043449e-06
1.917544095407539138e-06
1.971654042056860529e-06
2.025633839997301426e-06
2.079393539338837227e-06
2.132832496474648752e-06
2.185836837684220514e-06
2.238285410650412499e-06
2.290043625148077722e-06
2.340970093730100840e-06
2.390915127330158808e-06
2.439719050573488719e-06
2.487220044557221426e-06
2.533248159741400787e-06
2.577633655733103949e-06
2.620205985818186740e-06
2.660792499486910965e-06
2.699227525573789150e-06
2.735345967278194287e-06
2.768992531444221550e-06
2.800020447665287664e-06
2.828289804314294493e-06
2.853675786487730393e-06
2.876066874995803472e-06
2.895362636490110879e-06
2.911482856809005462e-06
2.924359184297422140e-06
2.933943927277802008e-06
2.940207025149634508e-06
2.943132659715214532e-06
2.942727546007674521e-06
2.939011154647968513e-06
2.932023592850128508e-06
2.921821346415754111e-06
2.908472824126304336e-06
2.892065684097376439e-06
2.872696104013907319e-06
2.850475804347929759e-06
2.825527033829886890e-06
2.797977585508168145e-06
2.767967434083034043e-06
2.735637860350242429e-06
2.701137983831107982e-06
2.664619702942848862e-06
2.626232889319976572e-06
2.586131766986582827e-06
2.544464724224139204e-06
2.501380765107733583e-06
2.457025050816622733e-06
2.411534852949651326e-06
2.365045997580396825e-06
2.317683944087457897e-06
2.269570374144095280e-06
2.220819686507199123e-06
2.171535967665563771e-06
2.121819551519761058e-06
2.071759552750987068e-06
2.021440516836398707e-06
1.970939854732540766e-06
1.920325733071355879e-06
1.869663515920009461e-06
1.819009583727101132e-06
1.768417720728578344e-06
1.717937197740478148e-06
1.667611242877263812e-06
1.617482968088914553e-06
1.567590112425574081e-06
1.517970751395691234e-06
1.468661642330551217e-06
1.419696887397948967e-06
1.371112966421685942e-06
1.322944055872233136e-06
1.275226735432908566e-06
1.227998306936680725e-06
1.181295390885835556e-06
1.135157865226225023e-06
1.089624579495580369e-06
1.044736953310963194e-06
1.000537192084582609e-06
9.570667798949023744e-07
9.143693718664572616e-07
8.724869380253973923e-07
8.314623919316245923e-07
7.913378384740507601e-07
7.521531232383480517e-07
7.139479306657765447e-07
6.767585384194461332e-07
6.406197741252647404e-07
6.055635383441063411e-07
5.716176493659104256e-07
5.388074744170950514e-07
5.071534809223547260e-07
4.766728331124919038e-07
4.473783911252385459e-07
4.192780210406809816e-07
3.923760131368383446e-07
3.666714860332581971e-07
3.421598154649976410e-07
3.188321521490013817e-07
2.966751985494637927e-07
2.756725036256055183e-07
2.558035870839359254e-07
2.370452207186018612e-07
2.193713282611033966e-07
2.027530636858348542e-07
1.871599187176747208e-07
1.725592959681400388e-07
1.589175438002479863e-07
1.462000048774141266e-07
1.343711627666270590e-07
1.233954468719535341e-07
1.132369730997579734e-07
1.038602343884520162e-07
9.523010335508686838e-08
8.731188023336163615e-08
8.007175315525312678e-08
7.347654310395051704e-08
6.749406292843902923e-08
6.209302065722402605e-08
5.724295314334230044e-08
5.291443781625838430e-08
4.907884459511443212e-08
4.570851088239682941e-08
4.277663635691628760e-08
4.025721754183497309e-08
3.812520383860527461e-08
3.635636096626527576e-08
3.492746249380700054e-08
3.381631116355819726e-08
3.300180578249494674e-08
3.246420726931997064e-08
3.218518579190148128e-08
3.214814749778118738e-08
3.233842502010169453e-08
3.274349194422347147e-08
3.335335596023144109e-08
3.416071667549366063e-08
3.516137110149980137e-08
3.635444709404251725e-08
3.774260912587000287e-08
3.933241952260039824e-08
4.113438051749063492e-08
4.316321159243067079e-08
4.543787724321171025e-08
4.798152697175402925e-08
5.082159205157501465e-08
5.398944486459831665e-08
5.752033528449650209e-08
6.145299375981918140e-08
6.582910993914110828e-08
7.069304061172730962e-08
7.609094567607241157e-08
8.207034794859747285e-08
8.867928599217357574e-08
9.596534913914936302e-08
1.039750746742805579e-07
1.127529271062625369e-07
1.223401823142576350e-07
1.327744052071716676e-07
1.440880352953350910e-07
1.563079543706546473e-07
1.694544747745322495e-07
1.835402801155346035e-07
1.985703578563003433e-07
2.145406602499569869e-07
2.314383194740782294e-07
2.492410356641501921e-07
2.679164406202630992e-07
2.874229541731983167e-07
3.077087595638599254e-07
3.287130544072907609e-07
3.503660434759361921e-07
3.725888746306334677e-07
3.952956272062629700e-07
4.183925598039272236e-07
4.417804627413203877e-07
4.653551301136675818e-07
4.890076869426260479e-07
5.126275452446461373e-07
5.361015714731613103e-07
5.593172438529844783e-07
5.821631778323922507e-07
6.045293985553535661e-07
6.263108029591883140e-07
6.474057319341948319e-07
6.677194169895398866e-07
6.871640289928243843e-07
7.056583991265648769e-07
7.231314501312692054e-07
7.395197471770563849e-07
7.547707463595047457e-07
7.688419896334341176e-07
7.816999726591309396e-07
7.933231797902382270e-07
8.036984939434422005e-07
8.128240032540414969e-07
8.207072972602256046e-07
8.273635204100625485e-07
8.328179574389404303e-07
8.371015562413274469e-07
8.402533665593505459e-07
8.423182340757223508e-07
8.433443901565022771e-07
8.433858163349893016e-07
8.424973954753485972e-07
8.407372801573178175e-07
8.381644683325957890e-07
8.348364156083537751e-07
8.308115222164457452e-07
8.261444653363356690e-07
8.208888243570636251e-07
8.150949827754353118e-07
8.088081640981071260e-07
8.020712971238779082e-07
7.949209059987240818e-07
7.873901665799817546e-07
7.795073630460052576e-07
7.712945122012544216e-07
7.627706454951864236e-07
7.539483549998340475e-07
7.448372214774918173e-07
7.354427883032433820e-07
7.257656841810787371e-07
7.158051380684028808e-07
7.055560406819682035e-07
6.950124946094201104e-07
6.841670812186743308e-07
6.730102357930059249e-07
6.615336882406275080e-07
6.497277963001894633e-07
6.375848996710131536e-07
6.250986124079800894e-07
6.122631931294740086e-07
5.990766147455973514e-07
5.855379680853136101e-07
5.716503593284088537e-07
5.574200438749007762e-07
5.428556354273043256e-07
5.279706171560811700e-07
5.127807438527465138e-07
4.973063513850616501e-07
4.815712883573660631e-07
4.656019473198796719e-07
4.494291701138535383e-07
4.330857111256054850e-07
4.166079613071832066e-07
4.000347573977789147e-07
3.834063282920454037e-07
3.667656612746773574e-07
3.501561699982923652e-07
3.336229289473658255e-07
3.172115049553376199e-07
3.009669600675018140e-07
2.849348085636304090e-07
2.691590447049666051e-07
2.536830257497015499e-07
2.385484740567739171e-07
2.237946692115221961e-07
2.094591426621276752e-07
1.955761783748867381e-07
1.821774850014599306e-07
1.692914784133421691e-07
1.569427522874217096e-07
1.451526428010744495e-07
1.339382466003457554e-07
1.233129999157951185e-07
1.132862923279074840e-07
1.038632465362081067e-07
9.504525078816190288e-08
8.682946379058282180e-08
7.920937855272234949e-08
7.217475274504587554e-08
6.571166713793917926e-08
5.980307397147142740e-08
5.442869075811263050e-08
4.956557466252095965e-08
4.518829331170818892e-08
4.126917665247033326e-08
3.777884867919650694e-08
3.468648614950795889e-08
3.196012938247215651e-08
2.956721892650664667e-08
2.747479634464547456e-08
2.565002091184839590e-08
2.406046608693626022e-08
2.267442527438557808e-08
2.146135551335503471e-08
2.039206381847151752e-08
1.943909640445740221e-08
1.857694888946405175e-08
1.778225720759356363e-08
1.703407713774024312e-08
1.631394484957542754e-08
1.560608038236501564e-08
1.489743466329429104e-08
1.417770744530706013e-08
1.343942708870574963e-08
1.267784581144992660e-08
1.189094415319927650e-08
1.107930606447524243e-08
1.024597224737262108e-08
9.396339166970753408e-09
8.537922155779981693e-09
7.680202063420476707e-09
6.834382783194206021e-09
6.013144102696094542e-09
5.230428806969600224e-09
4.501154032902686655e-09
3.840982380694975602e-09
3.266051335553958884e-09
2.792714906404433771e-09
2.437313923263993301e-09
2.215923700407726295e-09
2.144145501984403081e-09
2.236895212920051335e-09
2.508212470430827931e-09
2.971105637060990584e-09
3.637394715964809821e-09
4.517604502836489981e-09
5.620866781577502473e-09
6.954838208805996666e-09
8.525683826826967607e-09
1.033802332980109117e-08
1.239497349405260049e-08
1.469816921699252614e-08
1.724778260116648366e-08
2.004266896084198440e-08
2.308037009995659889e-08
2.635731282476644547e-08
2.986890523826730466e-08
3.360960407805212801e-08
3.757320718193536958e-08
4.175282427603059413e-08
4.614120220351827474e-08
5.073081701835607484e-08
5.551390629712686911e-08
6.048286361278068415e-08
6.563006617947497951e-08
7.094827732237976701e-08
7.643064255052623477e-08
8.207059778791452233e-08
8.786231613738734547e-08
9.380029026976092154e-08
9.987976950863069928e-08
1.060965868384170414e-07
1.124468793043907116e-07
1.189275636396612634e-07
1.255356120075928715e-07
1.322685200259491560e-07
1.391239416178450951e-07
1.460992122484413196e-07
1.531918852477215808e-07
1.603987038861635008e-07
1.677161586815680870e-07
1.751399739715736573e-07
1.826644915258809956e-07
1.902833633655603127e-07
1.979882881504075329e-07
2.057697742864386665e-07
2.136165771822278365e-07
2.215150499922411035e-07
2.294501267780220897e-07
2.374039255928459488e-07
2.453568520801267067e-07
2.532870972795612834e-07
2.611700635270922635e-07
2.689797514750958705e-07
2.766873134696989517e-07
2.842625852802959466e-07
2.916737052713236156e-07
2.988866662947255120e-07
3.058671332243337656e-07
3.125789622381094356e-07
3.189861418672834970e-07
3.250525017911572365e-07
3.307413481658113335e-07
3.360176134726089521e-07
3.408462757388857114e-07
3.451945657417923051e-07
3.490316440682435162e-07
3.523281964797346853e-07
3.550587109645699754e-07
3.571996870550044387e-07
3.587318827092205622e-07
3.596398047358982939e-07
3.599111218675580790e-07
3.595388290745229011e-07
3.585191676927418256e-07
3.568536867964584095e-07
3.545484421547683991e-07
3.516131466990845481e-07
3.480630393993536086e-07
3.439165381986823378e-07
3.391969775471715437e-07
3.339315264491557405e-07
3.281501123528634632e-07
3.218869329597813115e-07
3.151779890208109160e-07
3.080624877548669638e-07
3.005816142088922352e-07
2.927773755996157472e-07
2.846938178725576690e-07
2.763746688913237425e-07
2.678645021513454020e-07
2.592075638641024648e-07
2.504467320417840028e-07
2.416245664696205385e-07
2.327812891050598402e-07
2.239558367341305074e-07
2.151849257430651026e-07
2.065022810907450140e-07
1.979394751243251789e-07
1.895251850743746088e-07
1.812846176076800036e-07
1.732405056400198820e-07
1.654118590991230419e-07
1.578149920485427284e-07
1.504631040301492862e-07
1.433660089407636981e-07
1.365311179883117375e-07
1.299626209588920472e-07
1.236624759144478380e-07
1.176302357087854381e-07
1.118629846203415282e-07
1.063562483794471651e-07
1.011034696702606348e-07
9.609689065213204401e-08
9.132750412987026420e-08
8.678507633570748327e-08
8.245891464966204460e-08
7.833749698595551699e-08
7.440918642622451854e-08
7.066220333575717294e-08
6.708464109346246530e-08
6.366505074799005050e-08
6.039212768284263801e-08
5.725523464670428913e-08
5.424433823704334927e-08
5.134997417666287409e-08
4.856364707630572466e-08
4.587753152503872089e-08
4.328481526977607359e-08
4.077958704193927723e-08
3.835674769772308074e-08
3.601224885529047768e-08
3.374280213128090482e-08
3.154607208465998338e-08
2.942052613126836553e-08
2.736530667022883738e-08
2.538034142076799974e-08
2.346607072477160844e-08
2.162352504124838999e-08
1.985415743595819058e-08
1.815969913503489754e-08
1.654217930605690041e-08
1.500368869086494645e-08
1.354638283834647086e-08
1.217232643834284513e-08
1.088336321904691610e-08
9.681093518860102598e-09
8.566701931910590671e-09
7.540939357013390634e-09
6.604018523188322728e-09
5.755538062421860965e-09
4.994476098520112157e-09
4.319113768476930568e-09
3.727053803296069729e-09
3.215205141816447232e-09
2.779795793155439181e-09
2.416431489485357089e-09
2.120131091010063933e-09
1.885418703655336654e-09
1.706408202261467488e-09
1.576907985949905580e-09
1.490554545862426229e-09
1.440935342004778417e-09
1.421742813563316442e-09
1.426920783969246054e-09
1.450814612681159688e-09
1.488333740765610955e-09
1.535090953541883792e-09
1.587553653310115927e-09
1.643170942550739914e-09
1.700485120494896953e-09
1.759240091753531913e-09
1.820446304348868068e-09
1.886445126451697769e-09
1.960932380324850808e-09
2.048953753893343513e-09
2.156890354726783498e-09
2.292389074645986856e-09
2.464293376044858792e-09
2.682529516826692571e-09
2.957965819016863854e-09
3.302275034075117574e-09
3.727740009744436796e-09
4.247084850714263505e-09
4.873269245534881364e-09
5.619268468244904495e-09
6.497897463253867064e-09
7.521567509936936146e-09
8.702127413266241615e-09
1.005066743621573572e-08
1.157732106401764814e-08
1.329118245166258253e-08
1.520010142927251205e-08
1.731066358334460315e-08
1.962809463345785023e-08
2.215615962590416467e-08
2.489727916754375303e-08
2.785238935620224761e-08
3.102113585593506864e-08
3.440189115041860648e-08
3.799174129892026353e-08
4.178682216780226114e-08
4.578217003536469810e-08
4.997211314811069093e-08
5.435031652511737596e-08
5.890975543134444847e-08
6.364320923138306374e-08
6.854295332276535420e-08
7.360126805724245133e-08
7.881037645942573699e-08
8.416227203625085635e-08
8.964928771338368800e-08
9.526348535208823315e-08
1.009972166567284043e-07
1.068428576504999391e-07
1.127924147030421651e-07
1.188381495668176595e-07
1.249716122261230266e-07
1.311842769879606882e-07
1.374670832874123140e-07
1.438098556040391980e-07
1.502019244498365661e-07
1.566316007793301604e-07
1.630855430567574728e-07
1.695496847927459684e-07
1.760078626462132667e-07
1.824428498226816461e-07
1.888358352817490139e-07
1.951658206057392251e-07
2.014109320836583945e-07
2.075469631526419516e-07
2.135488324477868012e-07
2.193901718466091059e-07
2.250428456174545723e-07
2.304787042557020086e-07
2.356680928582128881e-07
2.405817339172232729e-07
2.451904121939161226e-07
2.494645874718363431e-07
2.533764892713199845e-07
2.568985306831994032e-07
2.600054572981348927e-07
2.626739971862207253e-07
2.648824302716510371e-07
2.666127905569809528e-07
2.678490635928568840e-07
2.685793450348500521e-07
2.687952841780543363e-07
2.684914535017181757e-07
2.676673961894705677e-07
2.663255281849723622e-07
2.644730698244448027e-07
2.621211848214625322e-07
2.592840816646866162e-07
2.559807343986072552e-07
2.522325405706602629e-07
2.480649123186959775e-07
2.435061590364211242e-07
2.385863960878785800e-07
2.333389197290195986e-07
2.277978131599804852e-07
2.219992339478647813e-07
2.159802202572776911e-07
2.097775938667119249e-07
2.034290964933813845e-07
1.969712010523376482e-07
1.904402253883173567e-07
1.838712821316970099e-07
1.772973768317852326e-07
1.707504489028849507e-07
1.642595948034239848e-07
1.578521333609227065e-07
1.515528508202473756e-07
1.453834091564389653e-07
1.393633794609006701e-07
1.335089494397446272e-07
1.278339878576323313e-07
1.223496081463772603e-07
1.170638747093815715e-07
1.119828242450174498e-07
1.071095890936850623e-07
1.024454223967457432e-07
9.798949325335816211e-08
9.373878496236184361e-08
8.968903671750874681e-08
8.583413732162948123e-08
8.216703479465363558e-08
7.867963688169723151e-08
7.536277651215446733e-08
7.220700463978904592e-08
6.920211644196839532e-08
6.633789076078840281e-08
6.360400114376519017e-08
6.098996777193465370e-08
5.848577486319166823e-08
5.608145078513792928e-08
5.376763161075848026e-08
5.153544654073351297e-08
4.937643449015705969e-08
4.728300284095236367e-08
4.524804046073906064e-08
4.326533283115993752e-08
4.132942517045917895e-08
3.943551395264915804e-08
3.757977677053278057e-08
3.575902067660971565e-08
3.397097601844159393e-08
3.221414575402025571e-08
3.048768084228250723e-08
2.879159775043131909e-08
2.712646045683278603e-08
2.549356373962013294e-08
2.389476809985300711e-08
2.233235829257048323e-08
2.080915493334305757e-08
1.932822610012154298e-08
1.789296930321510409e-08
1.650693685134612137e-08
1.517368556697507522e-08
1.389680461950470300e-08
1.267967031804767890e-08
1.152546114942217255e-08
1.043700444008675323e-08
9.416652531072840480e-09
8.466281755629548873e-09
7.587129477338955626e-09
6.779807040988859709e-09
6.044220687419876031e-09
5.379526782073001531e-09
4.784172218438549353e-09
4.255854311480294207e-09
3.791595532026454112e-09
3.387777468427069908e-09
3.040205375230572422e-09
2.744229407443913268e-09
2.494826732910470005e-09
2.286752690548322288e-09
2.114669724494251862e-09
1.973290428201739509e-09
1.857549814940575308e-09
1.762743195517021714e-09
1.684695914122692329e-09
1.619903170317881391e-09
1.565660008115325835e-09
1.520193819388048844e-09
1.482749111365374965e-09
1.453676101790538405e-09
1.434474665820678671e-09
1.427809943304090441e-09
1.437513775636219243e-09
1.468529558494759379e-09
1.526850427602142586e-09
1.619410352074336748e-09
1.753945225789152075e-09
1.938844210987401190e-09
2.182962607273273890e-09
2.495412504750290366e-09
2.885365211353692547e-09
3.361805112154640812e-09
3.933323783453080051e-09
4.607889442025240355e-09
5.392614102374589987e-09
6.293590568895701302e-09
7.315664796698053633e-09
8.462326849253010314e-09
9.735571212643934690e-09
1.113576739408108255e-08
1.266168414972212743e-08
1.431037325912905091e-08
1.607728604562389526e-08
1.795630134339998683e-08
1.993975411192473952e-08
2.201871634706575701e-08
2.418298137561981056e-08
2.642142529732613575e-08
2.872215881252732450e-08
3.107264773261719888e-08
3.346019230614555153e-08
3.587188597410335260e-08
3.829512104102205245e-08
4.071771851824242185e-08
4.312798892646345223e-08
4.551526668697295578e-08
4.786967392315850095e-08
5.018262249372371139e-08
5.244676702383574030e-08
5.465586830585396966e-08
5.680525746946556651e-08
5.889130144818673940e-08
6.091181357885461977e-08
6.286577085097545025e-08
6.475295147872842881e-08
6.657431266445721030e-08
6.833119103825536581e-08
7.002565884525559223e-08
7.166008403483969076e-08
7.323664529592666193e-08
7.475772852815004939e-08
7.622501228555226316e-08
7.763990507909924390e-08
7.900311121759687635e-08
8.031418947614580478e-08
8.157211694147723475e-08
8.277442767117882014e-08
8.391786447156995678e-08
8.499808558197536917e-08
8.600938338352669733e-08
8.694549448450654563e-08
8.779887004528277426e-08
8.856156954442078600e-08
8.922512418033752951e-08
8.978040582424529992e-08
9.021862467334876994e-08
9.053067922131163562e-08
9.070818149665353559e-08
9.074336829719938212e-08
9.062899837287989423e-08
9.035936809633371240e-08
8.992961304690214425e-08
8.933667857092082420e-08
8.857912836936654708e-08
8.765692860107377549e-08
8.657230285689804838e-08
8.532888943366581131e-08
8.393250735768382847e-08
8.239078071274763505e-08
8.071275236029138329e-08
7.890949439967695700e-08
7.699313907921787753e-08
7.497740883247723663e-08
7.287710145545397710e-08
7.070759937597195991e-08
6.848528123436847875e-08
6.622655460967144370e-08
6.394823466467272241e-08
6.166702804877354799e-08
5.939907676858774944e-08
5.716029271808401046e-08
5.496554689280510376e-08
5.282901975921549508e-08
5.076381817397099725e-08
4.878166786168971029e-08
4.689327437582461747e-08
4.510775018543823881e-08
4.343300921185099563e-08
4.187556243425866118e-08
4.044037641358528122e-08
3.913128322023093105e-08
3.795061068636397406e-08
3.689960895526920647e-08
3.597836887798867734e-08
3.518577284805079796e-08
3.451990732082656748e-08
3.397778611839886709e-08
3.355575224452211297e-08
3.324942286044669765e-08
3.305363821408955252e-08
3.296282857679623755e-08
3.297073103740610804e-08
3.307073729368895217e-08
3.325580867051228208e-08
3.351838268834872829e-08
3.385070342229943729e-08
3.424450361761999973e-08
3.469133466652765533e-08
3.518246702415934201e-08
3.570878473944661704e-08
3.626114285079229969e-08
3.683004839327571161e-08
3.740604361803628770e-08
3.797964029783272337e-08
3.854125281983159761e-08
3.908163816336741915e-08
3.959160651689103809e-08
4.006249062813610439e-08
4.048612449986793335e-08
4.085481601724412021e-08
4.116179659898993267e-08
4.140120011676843386e-08
4.156802803111350643e-08
4.165864512208011113e-08
4.167045179829345724e-08
4.160234891956450689e-08
4.145463766434407690e-08
4.122889302857772078e-08
4.092834898867370343e-08
4.055744117951243574e-08
4.012212362198873037e-08
3.962961138337827878e-08
3.908809833113271806e-08
3.850695989290455134e-08
3.789615077834785835e-08
3.726634501567669895e-08
3.662854103075912059e-08
3.599366447390377367e-08
3.537263897206857495e-08
3.477573586411820870e-08
3.421263728906040593e-08
3.369203700168810035e-08
3.322127255556514892e-08
3.280642273631812927e-08
3.245177495549992910e-08
3.215998592904319664e-08
3.193184815388937816e-08
3.176610996462085987e-08
3.165976256298693068e-08
3.160774845727223206e-08
3.160334689667398110e-08
3.163819095345329605e-08
3.170233105910910686e-08
3.178475562147743813e-08
3.187332382984717549e-08
3.195535290210467729e-08
3.201781099819221187e-08
3.204752195497110979e-08
3.203179615719453136e-08
3.195842634104647143e-08
3.181630186663169996e-08
3.159557934967270572e-08
3.128782586989493142e-08
3.088653998553976075e-08
3.038700772346370950e-08
2.978672673514943329e-08
2.908536414046572914e-08
2.828467182367416334e-08
2.738872640807758089e-08
2.640354406000584516e-08
2.533720167638641577e-08
2.419953371898317655e-08
2.300180887315793625e-08
2.175668414143586686e-08
2.047765690946424781e-08
1.917895221027949311e-08
1.787509138636227549e-08
1.658048735971974864e-08
1.530927656579714423e-08
1.407481866971520758e-08
1.288955083340306756e-08
1.176465257464850893e-08
1.070977705977702720e-08
9.732976663904275987e-09
8.840448789379939826e-09
8.036547491769892829e-09
7.323705055559591954e-09
6.702425426219144048e-09
6.171420858168406519e-09
5.727653494590364158e-09
5.366553749657257918e-09
5.082186864563467216e-09
4.867458771823118646e-09
4.714409094377549752e-09
4.614419297936748156e-09
4.558523359109465384e-09
4.537652630411876668e-09
4.542872368774584924e-09
4.565659146664927575e-09
4.598065159381079449e-09
4.632941123261735236e-09
4.664065456185937657e-09
4.686234707576175465e-09
4.695374444322259016e-09
4.688518827468616205e-09
4.663841214016181189e-09
4.620586185985855701e-09
4.558967638617072569e-09
4.480096584995315526e-09
4.385795259418071275e-09
4.278481016455948273e-09
4.160979124188220216e-09
4.036332802822575089e-09
3.907668178685956357e-09
3.777987756755120227e-09
3.650056407802910314e-09
3.526254928266462430e-09
3.408460926250717269e-09
3.298002269939255956e-09
3.195573493481902218e-09
3.101249419093698857e-09
3.014486331053629151e-09
2.934155541459519776e-09
2.858642615539312796e-09
2.785913498852775999e-09
2.713656648283920433e-09
2.639402289559334698e-09
2.560652336907719205e-09
2.475046390772242064e-09
2.380474898184797704e-09
2.275231969296480095e-09
2.158120917585887395e-09
2.028542520904545331e-09
1.886586327921858622e-09
1.733054856777238227e-09
1.569497074131253258e-09
1.398185726373366306e-09
1.222068161990768521e-09
1.044705444807341032e-09
8.701597712203225291e-10
7.028826302365646465e-10
5.475691777708335206e-10
4.090034803558900920e-10
2.919029309045780604e-10
2.007518898604207134e-10
1.396488030117799996e-10
1.121595887045027855e-10
1.211898206692251204e-10
1.688802560989721168e-10
2.565265999970441673e-10
3.845316955588042072e-10
5.523888390679128210e-10
7.586959469815926408e-10
1.001208238238167454e-09
1.276918472122339670e-09
1.582160891876660719e-09
1.912755500549071461e-09
2.264147576897776425e-09
2.631588513230056115e-09
3.010305777935715296e-09
3.395665640431745407e-09
3.783365836338521428e-09
4.169559611414006881e-09
4.551018866412237681e-09
4.925231998817888363e-09
5.290463049698943573e-09
5.645835036323570380e-09
5.991288215585185933e-09
6.327591796020504610e-09
6.656256522270639459e-09
6.979404491643718776e-09
7.299684354981932956e-09
7.620041970228097091e-09
7.943589190502055388e-09
8.273377987316127058e-09
8.612161577863346334e-09
8.962252413340984486e-09
9.325247618476861029e-09
9.701919484392925547e-09
1.009203583930120061e-08
1.049420810257579711e-08
1.090589459804392432e-08
1.132327852020014527e-08
1.174137089615003325e-08
1.215404835494289604e-08
1.255413491320732262e-08
1.293366861262166817e-08
1.328401134485775183e-08
1.359620489130770877e-08
1.386122175810429003e-08
1.407023417952915073e-08
1.421504782987955267e-08
1.428831213391841415e-08
1.428394862255923285e-08
1.419740568494559736e-08
1.402588101865012970e-08
1.376865169648816390e-08
1.342712522386134191e-08
1.300505173650683672e-08
1.250851760447540921e-08
1.194587396051450312e-08
1.132771928223303604e-08
1.066661322020846369e-08
9.976905125478837206e-09
9.274369563570702339e-09
8.575795323390681921e-09
7.898617639029684053e-09
7.260372886418462707e-09
6.678261778684886764e-09
6.168615145805093574e-09
5.746377663553190801e-09
5.424673837119475233e-09
5.214320962149515652e-09
5.123482618721947493e-09
5.157332568553673135e-09
5.317801137738909748e-09
5.603460164843191180e-09
6.009428631538945434e-09
6.527456709362814651e-09
7.146062334785306297e-09
7.850761325985965269e-09
8.624461034370414610e-09
9.447838328548617858e-09
1.029990266284705375e-08
1.115854945487190555e-08
1.200114666371800694e-08
1.280525270051566340e-08
1.354918814614931611e-08
1.421275714280587534e-08
1.477782895143510471e-08
1.522885832523623799e-08
1.555346819710416051e-08
1.574274969743374696e-08
1.579166074046467577e-08
1.569917856898317996e-08
1.546833230286097784e-08
1.510624580655455470e-08
1.462385621660976150e-08
1.403570818315408504e-08
1.335950169336060023e-08
1.261554670629536364e-08
1.182623864563202343e-08
1.101530057950796474e-08
1.020713118796712322e-08
9.426019871788708307e-09
8.695369644508411423e-09
8.037011808404949010e-09
7.470452802682795345e-09
7.012290565386734980e-09
6.675648141732094062e-09
6.469719762392775468e-09
6.399486208622173593e-09
6.465486122389328009e-09
6.663800828904546372e-09
6.986133950681044438e-09
7.420031893436424258e-09
7.949290623320035209e-09
8.554411468746294630e-09
9.213247621461274472e-09
9.901691688253248738e-09
1.059442826446286966e-08
1.126580281478110189e-08
1.189060926951061059e-08
1.244497889518424694e-08
1.290716499742543412e-08
1.325826293069524955e-08
1.348293032935479365e-08
1.356987461622805590e-08
1.351234062352855187e-08
1.330837017232597745e-08
1.296090949990643792e-08
1.247783782362415806e-08
1.187171340088167361e-08
1.115947946188551239e-08
1.036194175109257410e-08
9.503119625737143287e-09
8.609534525279123764e-09
7.709346171870888734e-09
6.831431267547925567e-09
6.004464446110463932e-09
5.255928512369048838e-09
4.611204569775615108e-09
4.092678165461052658e-09
3.718936097113794354e-09
3.504093954096598399e-09
3.457227884995625921e-09
3.581991269585703721e-09
3.876384567894305972e-09
4.332707467989774635e-09
4.937715831384079980e-09
5.672936329629110043e-09
6.515189575415106928e-09
7.437259784405664312e-09
8.408706329622667913e-09
9.396831202458379618e-09
1.036769367919030852e-08
1.128724098412962457e-08
1.212243443000128541e-08
1.284236486597238592e-08
1.341937369943751811e-08
1.383002679525975286e-08
1.405604896203369301e-08
1.408506825505268171e-08
1.391119169367073939e-08
1.353543840133621521e-08
1.296589422172478321e-08
1.221771797845769897e-08
1.131287907115056699e-08
1.027968207604623050e-08
9.152115566021539956e-09
7.968959181790552192e-09
6.772766304589377982e-09
5.608674535798089361e-09
4.523114334552330352e-09
3.562458989263215307e-09
2.771621492560840137e-09
2.192677921781761680e-09
1.863529878664839872e-09
1.816661099656777690e-09
2.078026850158351670e-09
2.666101814838768483e-09
3.591129233095112847e-09
4.854587441901821047e-09
6.448894195766371901e-09
8.357370959252557732e-09
1.055445141968010382e-08
1.300615874288825606e-08
1.567081736373470113e-08
1.849998755404830668e-08
2.143962146275126841e-08
2.443136316011317103e-08
2.741401477160761237e-08
3.032507885739387440e-08
3.310235345270076643e-08
3.568555818749418803e-08
3.801789120354468904e-08
4.004753644071719816e-08
4.172902545538307138e-08
4.302444091394531742e-08
4.390443399298244450e-08
4.434899979412554746e-08
