5.717676606329127843e-04
5.716315147622539434e-04
5.714667223051349406e-04
5.712739145814492740e-04
5.710537436266140306e-04
5.708068792320041343e-04
5.705340059241815380e-04
5.702358198974559087e-04
5.699130259144199323e-04
5.695663341894531030e-04
5.691964572699992125e-04
5.688041073761265559e-04
5.683899910949117423e-04
5.679548102735410432e-04
5.674992572123197573e-04
5.670240093347219713e-04
5.665297281478692262e-04
5.660170592541805944e-04
5.654866276325307183e-04
5.649390320954559381e-04
5.643748453541857146e-04
5.637946151694420279e-04
5.631988595581111003e-04
5.625880612325193141e-04
5.619626689356472691e-04
5.613230998826644960e-04
5.606697350520843800e-04
5.600029137546474502e-04
5.593229363512158651e-04
5.586300680813204847e-04
5.579245345422226667e-04
5.572065164771199466e-04
5.564761539264118486e-04
5.557335514758777540e-04
5.549787739647573260e-04
5.542118415199635047e-04
5.534327351248941951e-04
5.526414032537960066e-04
5.518377607263179937e-04
5.510216692493136907e-04
5.501929737253374690e-04
5.493514807729478261e-04
5.484969662472426871e-04
5.476291837470943606e-04
5.467478405368612383e-04
5.458526387854147456e-04
5.449432589887795225e-04
5.440193410756283222e-04
5.430805283980186292e-04
5.421264428464905773e-04
5.411566943811432903e-04
5.401708914006699393e-04
5.391686131627495496e-04
5.381494579636826288e-04
5.371130238550636277e-04
5.360588871059077847e-04
5.349866526418954864e-04
5.338959252189522846e-04
5.327863200523117381e-04
5.316574741123180313e-04
5.305090144982065352e-04
5.293406122128112594e-04
5.281519595344484575e-04
5.269427452279896399e-04
5.257127100703816273e-04
5.244616135703242601e-04
5.231892447818873269e-04
5.218954336245328497e-04
5.205800147922557243e-04
5.192428858153207800e-04
5.178839806287878229e-04
5.165032411353400734e-04
5.151006765865928476e-04
5.136763256188033163e-04
5.122302665863875341e-04
5.107626282797175310e-04
5.092735493081332419e-04
5.077632394076503309e-04
5.062319491380630650e-04
5.046799378046598400e-04
5.031075357942483032e-04
5.015151021451051032e-04
4.999030341447690444e-04
4.982717772413981956e-04
4.966217803097388488e-04
4.949535595597288635e-04
4.932676647699292408e-04
4.915646440422707930e-04
4.898451086033273234e-04
4.881096866001873751e-04
4.863590321422893285e-04
4.845938346347673461e-04
4.828147822944483798e-04
4.810225708076102747e-04
4.792179821275826461e-04
4.774017200238546313e-04
4.755745932893834255e-04
4.737373501619105429e-04
4.718907452513675452e-04
4.700356083608582124e-04
4.681726760916593176e-04
4.663027792098611130e-04
4.644266733931272178e-04
4.625451078034233305e-04
4.606588953218937379e-04
4.587687653944123693e-04
4.568754336120660450e-04
4.549796728213160177e-04
4.530821647331251950e-04
4.511835705206617125e-04
4.492846028180414049e-04
4.473858516007833404e-04
4.454879794778916421e-04
4.435915472296078350e-04
4.416970860960598702e-04
4.398051712588165168e-04
4.379162462689329262e-04
4.360308213731237700e-04
4.341492977719923867e-04
4.322720415423603559e-04
4.303994585484425812e-04
4.285318431929139899e-04
4.266694532624705971e-04
4.248125856404072606e-04
4.229614248300896367e-04
4.211161186610072062e-04
4.192768547396538942e-04
4.174436834448315252e-04
4.156167214480654590e-04
4.137959747571966218e-04
4.119814156734711869e-04
4.101730602875633576e-04
4.083707913463443780e-04
4.065745633458900518e-04
4.047842254805110451e-04
4.029995995638956238e-04
4.012205582797938514e-04
3.994468736569821237e-04
3.976782954084905259e-04
3.959146294729025991e-04
3.941555865891366219e-04
3.924008609232039805e-04
3.906502087688167230e-04
3.889032716882867362e-04
3.871597830453844314e-04
3.854193912221552751e-04
3.836817384236224072e-04
3.819465393419104121e-04
3.802134045746234365e-04
3.784820468443659777e-04
3.767521044814490464e-04
3.750232200307306051e-04
3.732951185050036578e-04
3.715674565731123813e-04
3.698399008760031980e-04
3.681122058642962336e-04
3.663840631860438343e-04
3.646551795932516447e-04
3.629253542478122897e-04
3.611943031328916837e-04
3.594618625268240992e-04
3.577278135047605835e-04
3.559919589299680924e-04
3.542541996505090972e-04
3.525143596416882357e-04
3.507723874000329058e-04
3.490281812263117686e-04
3.472816650667518985e-04
3.455328633810245088e-04
3.437817520428880676e-04
3.420283334081810809e-04
3.402727103116603177e-04
3.385149375447964008e-04
3.367550961076175753e-04
3.349933662991351848e-04
3.332298554789337765e-04
3.314647935065868911e-04
3.296983608441784986e-04
3.279307613942802381e-04
3.261622940442388398e-04
3.243931821976600311e-04
3.226237660677122674e-04
3.208543326704087185e-04
3.190851872372210468e-04
3.173167232258912256e-04
3.155492777084104505e-04
3.137832019454489031e-04
3.120189305056565287e-04
3.102568379091928414e-04
3.084973083875945112e-04
3.067408041438525880e-04
3.049877001966500088e-04
3.032384692829264827e-04
3.014935174422105611e-04
2.997532524875630715e-04
2.980181509198288176e-04
2.962885957936340123e-04
2.945650581840832528e-04
2.928479359036735129e-04
2.911376207808996815e-04
2.894345419661425718e-04
2.877391190252640008e-04
2.860517161899367314e-04
2.843727082863912558e-04
2.827024570255754973e-04
2.810413098318288619e-04
2.793895551108322513e-04
2.777475959444953126e-04
2.761156867833198928e-04
2.744941076812333061e-04
2.728831196963533838e-04
2.712829215198752416e-04
2.696938197889712932e-04
2.681159719194015989e-04
2.665495569825187942e-04
2.649947325078147171e-04
2.634516342496840183e-04
2.619203345100247276e-04
2.604010084261864006e-04
2.588936842226141166e-04
2.573984100600119245e-04
2.559152125278563758e-04
2.544440563599233932e-04
2.529850073694785129e-04
2.515379888149768127e-04
2.501029448702102699e-04
2.486798004657551171e-04
2.472684223255097193e-04
2.458687785218070234e-04
2.444807008153737681e-04
2.431040447023587940e-04
2.417386505028624815e-04
2.403843056071804118e-04
2.390409005978311348e-04
2.377081973774396910e-04
2.363859857288511178e-04
2.350740455192230135e-04
2.337721478399462692e-04
2.324800185245611678e-04
2.311974900532164198e-04
2.299242763528298373e-04
2.286601250700896163e-04
2.274047809235716104e-04
2.261579501237484730e-04
2.249194486688635831e-04
2.236889824847402284e-04
2.224662960347088662e-04
2.212511364754431425e-04
2.200432547009639132e-04
2.188423706716711623e-04
2.176483172693570000e-04
2.164608266209520784e-04
2.152796742143650794e-04
2.141046438663463157e-04
2.129354936933362189e-04
2.117720961896641621e-04
2.106142295672781915e-04
2.094617180652639664e-04
2.083143975052725654e-04
2.071720818351348748e-04
2.060346993870238667e-04
2.049020891592914383e-04
2.037741372919074070e-04
2.026507431695755135e-04
2.015317865074974684e-04
2.004172597784575774e-04
1.993070694091777812e-04
1.982011684262347461e-04
1.970995231064975764e-04
1.960021127868797957e-04
1.949088976134493193e-04
1.938199464081750772e-04
1.927352437799849990e-04
1.916548182303184390e-04
1.905787095097341718e-04
1.895069369688665733e-04
1.884396236990989754e-04
1.873768086163681490e-04
1.863185708685744586e-04
1.852649978541109519e-04
1.842161845148599742e-04
1.831722025031129388e-04
1.821332199899251879e-04
1.810993197813885118e-04
1.800706194344390469e-04
1.790472401815509939e-04
1.780292768695506008e-04
1.770169143039452989e-04
1.760102504363381343e-04
1.750094130506852936e-04
1.740145295401046685e-04
1.730256977009096784e-04
1.720430987633068379e-04
1.710668256651786887e-04
1.700969964550003329e-04
1.691337249994687120e-04
1.681770927046348887e-04
1.672272583888927914e-04
1.662842916239276115e-04
1.653482830022082325e-04
1.644193158351901806e-04
1.634974656464631166e-04
1.625827730711233482e-04
1.616753501379899311e-04
1.607752196080961850e-04
1.598824216640068777e-04
1.589969868382847071e-04
1.581189099179628691e-04
1.572482533824244133e-04
1.563849916212004345e-04
1.555291147761966657e-04
1.546806026944901025e-04
1.538394249494845522e-04
1.530055159350998217e-04
1.521788750345009860e-04
1.513594164937462556e-04
1.505470699759875767e-04
1.497417556972077202e-04
1.489433604646927492e-04
1.481518352102163209e-04
1.473670493763219334e-04
1.465888888081097528e-04
1.458172318051575240e-04
1.450519260358667671e-04
1.442928834865790546e-04
1.435399391588872240e-04
1.427929463431883671e-04
1.420517535024774531e-04
1.413161819771581961e-04
1.405861183767555809e-04
1.398613773814936438e-04
1.391417944203781015e-04
1.384272032913429825e-04
1.377174368248568681e-04
1.370123054128716646e-04
1.363116863398502858e-04
1.356153912470020627e-04
1.349232557036997055e-04
1.342351175828862628e-04
1.335507961741564363e-04
1.328701789572679431e-04
1.321930927549543923e-04
1.315193907124083893e-04
1.308489312038607166e-04
1.301815783468818796e-04
1.295171817081333220e-04
1.288556599956637105e-04
1.281968764420116753e-04
1.275407226700117115e-04
1.268870981426102292e-04
1.262358902923664810e-04
1.255870556436081316e-04
1.249404985944959647e-04
1.242961526952342547e-04
1.236539604973749035e-04
1.230138540666078238e-04
1.223758335476499094e-04
1.217398492644667561e-04
1.211058804334863841e-04
1.204739153899819510e-04
1.198439324674442532e-04
1.192159760380375860e-04
1.185900418787160860e-04
1.179661533617362625e-04
1.173443420599211526e-04
1.167246474474229205e-04
1.161070982291806131e-04
1.154917854278305988e-04
1.148787516308651937e-04
1.142680642404912743e-04
1.136597965658860912e-04
1.130540095589611856e-04
1.124508225305184775e-04
1.118503056156685090e-04
1.112525506702353881e-04
1.106576528146363542e-04
1.100657098529548970e-04
1.094768045540948351e-04
1.088910726625625020e-04
1.083085992115563303e-04
1.077294867387445902e-04
1.071538374402680597e-04
1.065817359621235613e-04
1.060133152905636932e-04
1.054486562522788211e-04
1.048878536303331411e-04
1.043309988845697567e-04
1.037781635029307666e-04
1.032294629020107194e-04
1.026849590816816620e-04
1.021447247688158890e-04
1.016088267498919424e-04
1.010773098241126220e-04
1.005502588447301868e-04
1.000277044758144448e-04
9.950968548905794438e-05
9.899623274161113869e-05
9.848736887824668137e-05
9.798309304291157810e-05
9.748344084978244860e-05
9.698839376241305695e-05
9.649793932583215826e-05
9.601205593771489739e-05
9.553069820171398920e-05
9.505385528897770237e-05
9.458146322717514562e-05
9.411346351900704281e-05
9.364978856710943545e-05
9.319036180303941262e-05
9.273508379363212036e-05
9.228388877742787219e-05
9.183666028837258208e-05
9.139328793419795253e-05
9.095365356708526598e-05
9.051761798143745396e-05
9.008507598818600137e-05
8.965587467295305221e-05
8.922985527739192763e-05
8.880690701374617676e-05
8.838682015392302391e-05
8.796948699967462048e-05
8.755468965307075784e-05
8.714228605992546260e-05
8.673213058082980900e-05
8.632399732615523441e-05
8.591776227539160932e-05
8.551319723522945700e-05
8.511015062344199928e-05
8.470847038914132378e-05
8.430792961401422985e-05
8.390840343856715070e-05
8.350966899030154011e-05
8.311160555570629811e-05
8.271399684673740418e-05
8.231670453109148251e-05
8.191959424073005458e-05
8.152246418405050064e-05
8.112521485509627272e-05
8.072765705117895580e-05
8.032968024156065363e-05
7.993118066843652803e-05
7.953199202286859019e-05
7.913204998686637203e-05
7.873120590868235957e-05
7.832938998988916610e-05
7.792654141398936438e-05
7.752254103989556422e-05
7.711737074055759818e-05
7.671093269012191514e-05
7.630320733188387071e-05
7.589418549713334867e-05
7.548380309227960337e-05
7.507209519075958742e-05
7.465902092458640905e-05
7.424461619300817426e-05
7.382892775985873651e-05
7.341194992957569300e-05
7.299377335762897751e-05
7.257441556411316382e-05
7.215396835554253342e-05
7.173253391019149988e-05
7.131016345231116810e-05
7.088700076954954532e-05
7.046311837563446910e-05
7.003865964436308119e-05
6.961377690721961382e-05
6.918857214257264699e-05
6.876323522454100918e-05
6.833788575428626226e-05
6.791272915210075476e-05
6.748790075672056791e-05
6.706360062985054803e-05
6.664003452322250938e-05
6.621735741565515712e-05
6.579580451545890705e-05
6.537554101179083069e-05
6.495679176204667907e-05
6.453978434108781934e-05
6.412469461968289700e-05
6.371177275460607290e-05
6.330119852958878757e-05
6.289320608376418515e-05
6.248802905583907637e-05
6.208584819157494505e-05
6.168691251859144290e-05
6.129140016048617448e-05
6.089953831659254268e-05
6.051155049334141275e-05
6.012760610656484901e-05
5.974793708759963803e-05
5.937270399454848836e-05
5.900211150093476886e-05
5.863635768067682389e-05
5.827558554600186999e-05
5.791999537360582368e-05
5.756971587660649251e-05
5.722493113066771351e-05
5.688575369116500869e-05
5.655233429960624330e-05
5.622481393229128541e-05
5.590327789930913836e-05
5.558786272207470264e-05
5.527863388746956141e-05
5.497569182010484648e-05
5.467912578615358383e-05
5.438896968269021117e-05
5.410530543414507576e-05
5.382814502730476125e-05
5.355753309278187522e-05
5.329350253539768721e-05
5.303603187554466230e-05
5.278514550906510073e-05
5.254079963758219159e-05
5.230298179962201803e-05
5.207166807836180705e-05
5.184678184315149777e-05
5.162829120482328370e-05
5.141609844214557935e-05
5.121013680760593321e-05
5.101032914957301601e-05
5.081654789549104384e-05
5.062871001042933302e-05
5.044666952359400032e-05
5.027031190716005083e-05
5.009951394408616453e-05
4.993410479538654763e-05
4.977395873583837177e-05
4.961889040407664012e-05
4.946874701738853417e-05
4.932336931883995020e-05
4.918255357935717698e-05
4.904614234361502167e-05
4.891392206164782994e-05
4.878572603518463793e-05
4.866133291621668272e-05
4.854055625365140256e-05
4.842320669331713889e-05
4.830905506774600504e-05
4.819792066163002827e-05
4.808957169360235649e-05
4.798381315359098184e-05
4.788044973877770888e-05
4.777924959161817723e-05
4.768003094887149449e-05
4.758256439065266147e-05
4.748665908087711313e-05
4.739212633438254023e-05
4.729874392467134272e-05
4.720634119613054786e-05
4.711470292582972219e-05
4.702365403714226861e-05
4.693302372108232166e-05
4.684261026227510400e-05
4.675226465485557561e-05
4.666179598331468770e-05
4.657105464193605490e-05
4.647989696217001823e-05
4.638815053179174731e-05
4.629569632201371051e-05
4.620237555014823969e-05
4.610808293775266008e-05
4.601267416687041320e-05
4.591604700464987958e-05
4.581810661025056947e-05
4.571873154766772375e-05
4.561785379355224294e-05
4.551536770328818760e-05
4.541120960673266927e-05
4.530532361224182900e-05
4.519762814357430614e-05
4.508809438629078143e-05
4.497665682691152255e-05
4.486329127663347613e-05
4.474798120335190968e-05
4.463068483201665469e-05
4.451141198032696345e-05
4.439013625691606255e-05
4.426687146370959167e-05
4.414163849918435436e-05
4.401443306893486861e-05
4.388530086046395375e-05
4.375425149680751876e-05
4.362133326855525067e-05
4.348660065785920210e-05
4.335008270756773342e-05
4.321185648986961784e-05
4.307196291061016251e-05
4.293047972797185582e-05
4.278748974708806692e-05
4.264304989231538167e-05
4.249726293437371951e-05
4.235019522896068265e-05
4.220194798977672354e-05
4.205262619857411712e-05
4.190230841676048683e-05
4.175111674941500679e-05
4.159913658155955842e-05
4.144649591024505438e-05
4.129328589180127329e-05
4.113962964440671591e-05
4.098565221657513529e-05
4.083145147142304058e-05
4.067716557797970277e-05
4.052289559892138202e-05
4.036877253326214384e-05
4.021492806370083166e-05
4.006146621424521657e-05
3.990852909780832946e-05
3.975622153721801726e-05
3.960467637379603753e-05
3.945402599583337360e-05
3.930437475817496763e-05
3.915586302746095832e-05
3.900859379643157037e-05
3.886269630434159984e-05
3.871829833377932932e-05
3.857549936612184721e-05
3.843443298603286997e-05
3.829519541738755179e-05
3.815790752185704810e-05
3.802268783718778383e-05
3.788962642935729606e-05
3.775884573786531982e-05
3.763043093271805495e-05
3.750449891524930234e-05
3.738112936966030917e-05
3.726042464020692116e-05
3.714248373957514143e-05
3.702737709073844615e-05
3.691520536219260510e-05
3.680603215932236457e-05
3.669994251803570010e-05
3.659701754498780361e-05
3.649730972390201572e-05
3.640090046158863855e-05
3.630783426782451776e-05
3.621817599381640127e-05
3.613198604641992698e-05
3.604929619532047452e-05
3.597016596815239833e-05
3.589461815583165600e-05
3.582269493760538952e-05
3.575443360835456140e-05
3.568984282235617371e-05
3.562895798650860728e-05
3.557177792210734177e-05
3.551832002802502336e-05
3.546859645961433809e-05
3.542259074669368990e-05
3.538031234040563833e-05
3.534173426214496115e-05
3.530684746174312549e-05
3.527563738804041570e-05
3.524806092275549328e-05
3.522410023807385685e-05
3.520370126852279943e-05
3.518682742109591145e-05
3.517343648078056584e-05
3.516345780758987422e-05
3.515684565785448615e-05
3.515351832488035837e-05
3.515341891613222523e-05
3.515645472134457637e-05
3.516255026674078288e-05
3.517162460266512052e-05
3.518356879337617359e-05
3.519829872368642989e-05
3.521569494528636277e-05
3.523565542373177146e-05
3.525807304410844781e-05
3.528281326589493406e-05
3.530976670624895529e-05
3.533878935172785410e-05
3.536975510922651635e-05
3.540253349033234566e-05
3.543696740313664688e-05
3.547292560433473702e-05
3.551024318663151459e-05
3.554877401779320414e-05
3.558836857025374288e-05
3.562885182921211229e-05
3.567007567506530371e-05
3.571185958250676069e-05
3.575404299979593402e-05
3.579646329628774140e-05
3.583893377343204910e-05
3.588129600426276502e-05
3.592336070788448843e-05
3.596496750607494722e-05
3.600592586418498701e-05
3.604606740587657551e-05
3.608522399201100582e-05
3.612320586660637469e-05
3.615985391012095450e-05
3.619498075340740067e-05
3.622842300889519089e-05
3.626001942853213561e-05
3.628958914890883483e-05
3.631698381348116405e-05
3.634202889265276140e-05
3.636457575853300594e-05
3.638447991802138223e-05
3.640157936693475725e-05
3.641574648390041245e-05
3.642682961726220341e-05
3.643470489743080073e-05
3.643925454920604883e-05
3.644034537123075660e-05
3.643788027493730374e-05
3.643174022415652396e-05
3.642183565170576716e-05
3.640808486355604352e-05
3.639039266614122923e-05
3.636870140171152708e-05
3.634293334793012406e-05
3.631304158586684658e-05
3.627898851733658381e-05
3.624072466839526989e-05
3.619823905956080404e-05
3.615150218902802621e-05
3.610051618934531284e-05
3.604529348783749203e-05
3.598583581969591366e-05
3.592218376913525044e-05
3.585436046996585366e-05
3.578242785214008024e-05
3.570643066761987946e-05
3.562644538150881452e-05
3.554255909795967411e-05
3.545484893022923085e-05
3.536343012454552532e-05
3.526840099363948600e-05
3.516989073059770054e-05
3.506803857956258976e-05
3.496297350914822824e-05
3.485486117057637307e-05
3.474384986608446482e-05
3.463011717047646544e-05
3.451384939721176601e-05
3.439522161555975743e-05
3.427444335246994801e-05
3.415170570649972621e-05
3.402722669820415881e-05
3.390123108332023026e-05
3.377393075154552793e-05
3.364556912325197802e-05
3.351636949519781419e-05
3.338657908412027758e-05
3.325644923662949887e-05
3.312621624244993881e-05
3.299614442400603269e-05
3.286647576889327639e-05
3.273747877789847321e-05
3.260939861948449273e-05
3.248249937500476565e-05
3.235704487604577293e-05
3.223328013808565614e-05
3.211147271027077975e-05
3.199186413111341842e-05
3.187471097750905775e-05
3.176026618847355365e-05
3.164876095641516171e-05
3.154044496299999848e-05
3.143553909762298747e-05
3.133427543546453143e-05
3.123687906452901120e-05
3.114355043236580732e-05
3.105450462262904031e-05
3.096992525680740437e-05
3.089000356519747131e-05
3.081492071827676666e-05
3.074483061287171172e-05
3.067989837648784778e-05
3.062025533421046874e-05
3.056603736576260917e-05
3.051736772491711863e-05
3.047434023502527305e-05
3.043705722955473723e-05
3.040558543267249798e-05
3.037999381325501958e-05
3.036033685839206546e-05
3.034663813482232136e-05
3.033892788265413421e-05
3.033719963237173416e-05
3.034144777127910361e-05
3.035165122043668778e-05
3.036775730694480759e-05
3.038971922261093800e-05
3.041745318411144005e-05
3.045088125692980405e-05
3.048988867720557700e-05
3.053436135770228152e-05
3.058417001750582197e-05
3.063915438077544572e-05
3.069916076362844170e-05
3.076399966342848927e-05
3.083348343188087890e-05
3.090741063431092476e-05
3.098555039790973267e-05
3.106768027069715352e-05
3.115354389433129762e-05
3.124288897659840606e-05
3.133545179640553495e-05
3.143094163224494444e-05
3.152907899226328097e-05
3.162955321138119632e-05
3.173206080718457149e-05
3.183629004773288638e-05
3.194190539654057515e-05
3.204858615933762263e-05
3.215598388209865634e-05
3.226376111988383340e-05
3.237157599124931742e-05
3.247906658628368589e-05
3.258589001832266620e-05
3.269167954463015040e-05
3.279608921597801184e-05
3.289875087594954151e-05
3.299931344849508548e-05
3.309742736979497406e-05
3.319272888301454919e-05
3.328487952806190780e-05
3.337352284222737197e-05
3.345832389979018506e-05
3.353895360675224137e-05
3.361507289585446891e-05
3.368637236486523570e-05
3.375252873054508245e-05
3.381324446448368676e-05
3.386823193441155849e-05
3.391719750736639917e-05
3.395988114847784995e-05
3.399601273546728054e-05
3.402535159366147302e-05
3.404767049209823828e-05
3.406273968426593230e-05
3.407036624563712738e-05
3.407035040655959383e-05
3.406252475922488397e-05
3.404673814173508466e-05
3.402283966646851707e-05
3.399071755343099845e-05
3.395025568217168170e-05
3.390137222612435989e-05
3.384400348151640899e-05
3.377808795166487282e-05
3.370360442578493418e-05
3.362052898256787261e-05
3.352887280377111914e-05
3.342866073121779819e-05
3.331994722997865530e-05
3.320277418456704486e-05
3.307723423054618182e-05
3.294342835690970949e-05
3.280147635846974595e-05
3.265152689155320409e-05
3.249371624086298078e-05
3.232822966719757219e-05
3.215525995997191056e-05
3.197501738890036260e-05
3.178773919341853078e-05
3.159364956202998518e-05
3.139301866769276031e-05
3.118612242044571794e-05
3.097326143996230647e-05
3.075472216220218020e-05
3.053083383335276825e-05
3.030192938607917388e-05
3.006835441003967034e-05
2.983047557815384429e-05
2.958864332738300550e-05
2.934324612951984493e-05
2.909467294477609858e-05
2.884332163857826047e-05
2.858960683320629440e-05
2.833392430060818697e-05
2.807670240506462373e-05
2.781836628034931977e-05
2.755934571208909807e-05
2.730008245348467259e-05
2.704099641097500211e-05
2.678253425114948994e-05
2.652513538985846100e-05
2.626923937797421494e-05
2.601529273875293044e-05
2.576371696419217191e-05
2.551495437726966360e-05
2.526943595731146136e-05
2.502758828334256453e-05
2.478983996624058758e-05
2.455659140835924259e-05
2.432825810717609586e-05
2.410524027461956418e-05
2.388792940566683120e-05
2.367671439025146855e-05
2.347195292477613526e-05
2.327401252990351086e-05
2.308324185609922030e-05
2.289997695532896776e-05
2.272454716536295336e-05
2.255724800276393907e-05
2.239838024165683036e-05
2.224822273714963480e-05
2.210703848463431640e-05
2.197508037259895589e-05
2.185256533580227735e-05
2.173971189996678525e-05
2.163671430230601890e-05
2.154374842599554905e-05
2.146097751693806208e-05
2.138852733591031311e-05
2.132652261359380106e-05
2.127506220601146558e-05
2.123422499126592392e-05
2.120407564115988936e-05
2.118464048424430410e-05
2.117594333472257146e-05
2.117798139234901292e-05
2.119073118469838192e-05
2.121415447649389362e-05
2.124817454308305814e-05
2.129271183472285518e-05
2.134766031683880933e-05
2.141289353414333073e-05
2.148827072938346258e-05
2.157361322941047304e-05
2.166874038330919604e-05
2.177344604045933487e-05
2.188750480304911249e-05
2.201067841218942627e-05
2.214269196620110051e-05
2.228327052800226538e-05
2.243211545492451218e-05
2.258891705244906242e-05
2.275333047697365455e-05
2.292501312271869968e-05
2.310360064704512789e-05
2.328871368922151214e-05
2.347996483200550231e-05
2.367693391892340552e-05
2.387920665730534596e-05
2.408635006561853472e-05
2.429791949502251245e-05
2.451346593102267697e-05
2.473251056141483484e-05
2.495458478217601681e-05
2.517920489557654644e-05
2.540587944416631969e-05
2.563411684283159559e-05
2.586339909270529393e-05
2.609322327998315173e-05
2.632307541248757310e-05
2.655243805735973698e-05
2.678079827438765371e-05
2.700762043507983550e-05
2.723238920228213730e-05
2.745458245673844798e-05
2.767367921093759223e-05
2.788916779549079620e-05
2.810051780812950620e-05
2.830722445852727059e-05
2.850878060219654833e-05
2.870468488425486757e-05
2.889445011257409644e-05
2.907757442558109588e-05
2.925358678640121990e-05
2.942201820606607352e-05
2.958241005313340158e-05
2.973432253103106806e-05
2.987730521326010727e-05
3.001094337830516703e-05
3.013482856469935757e-05
3.024856696625467843e-05
3.035178791722734426e-05
3.044411399619425089e-05
3.052520781241387337e-05
3.059474208912860334e-05
3.065240805050756500e-05
3.069792380777244757e-05
3.073100427633271373e-05
3.075140795940147393e-05
3.075890680073800675e-05
3.075329445914036129e-05
3.073439448227516810e-05
3.070203031379722009e-05
3.065607157449348297e-05
3.059640395962999801e-05
3.052293729081246551e-05
3.043561336266657809e-05
3.033437633632637129e-05
3.021921799499695198e-05
3.009014798281497180e-05
2.994720882040885051e-05
2.979044682563971504e-05
2.961995617170357404e-05
2.943584961927420149e-05
2.923826589020925759e-05
2.902737665167290606e-05
2.880335836391227403e-05
2.856643438976017894e-05
2.831684661570690309e-05
2.805486230692694622e-05
2.778078048118341723e-05
2.749490496443248377e-05
2.719758409355187338e-05
2.688918351416456082e-05
2.657009243326204141e-05
2.624072931305430762e-05
2.590151638532314448e-05
2.555291655865131825e-05
2.519540765311582150e-05
2.482948798753161119e-05
2.445568134841319454e-05
2.407451317303668149e-05
2.368654436325560005e-05
2.329234717807062094e-05
2.289251011818896231e-05
2.248764215448713699e-05
2.207835073940663548e-05
2.166527233797581312e-05
2.124905015030120512e-05
2.083033828568378273e-05
2.040980526710061435e-05
1.998811397295795569e-05
1.956594881742193559e-05
1.914399541803029340e-05
1.872294408357776441e-05
1.830349264454766796e-05
1.788632836478627373e-05
1.747215183194176559e-05
1.706165862296139053e-05
1.665554216261528757e-05
1.625449596262200206e-05
1.585919747811393110e-05
1.547032889846164687e-05
1.508856079795139147e-05
1.471455445321067272e-05
1.434896360395111505e-05
1.399242016492400447e-05
1.364555223083327882e-05
1.330896963371796485e-05
1.298326583562529974e-05
1.266901934940460302e-05
1.236678115597121841e-05
1.207709034754843751e-05
1.180046145001359367e-05
1.153738602995378779e-05
1.128833393286004490e-05
1.105374220062510557e-05
1.083402886853891884e-05
1.062958185288436303e-05
1.044076042720570933e-05
1.026789644595315781e-05
1.011128451071004061e-05
9.971194502547648403e-06
9.847861785112161512e-06
9.741488712096702741e-06
9.652246005654439265e-06
9.580263884056017948e-06
9.525643947724541158e-06
9.488450408313486441e-06
9.468713791008111423e-06
9.466422608271828507e-06
9.481535178063602967e-06
9.513971446351251709e-06
9.563614945140342887e-06
9.630314841528440865e-06
9.713878005745488960e-06
9.814081284489784159e-06
9.930663768280941688e-06
1.006332919030765261e-05
1.021174852553804014e-05
1.037555213460629817e-05
1.055434303902340168e-05
1.074768930206793795e-05
1.095512697010342330e-05
1.117616330628177601e-05
1.141026870715115719e-05
1.165689144090099023e-05
1.191544982297011867e-05
1.218533576502892371e-05
1.246591868622567643e-05
1.275653692790053534e-05
1.305651430474147449e-05
1.336515178284995538e-05
1.368173165969317236e-05
1.400552215010663052e-05
1.433576806464341154e-05
1.467170939297000248e-05
1.501257223141412692e-05
1.535757357239593410e-05
1.570592651535820895e-05
1.605683002374192072e-05
1.640948961814346155e-05
1.676310735016630163e-05
1.711688713501605211e-05
1.747004049227667013e-05
1.782177525229573372e-05
1.817131829265678411e-05
1.851790441252900140e-05
1.886078210027777914e-05
1.919921966869270747e-05
1.953249284011825601e-05
1.985990932340966859e-05
2.018079650431656331e-05
2.049450750409744960e-05
2.080042754141898294e-05
2.109796038291658952e-05
2.138655443877252670e-05
2.166568924588020508e-05
2.193488164630089782e-05
2.219369218622348205e-05
2.244171047057956183e-05
2.267858236295366273e-05
2.290399529496433905e-05
2.311768437726692649e-05
2.331943863675564556e-05
2.350908535622621515e-05
2.368651790658314203e-05
2.385167996362000536e-05
2.400457581593473108e-05
2.414525397088619846e-05
2.427383514010621242e-05
2.439049566441437786e-05
2.449547302920430247e-05
2.458907133407927314e-05
2.467164409113953194e-05
2.474362198170100335e-05
2.480549541056050966e-05
2.485781945513186291e-05
2.490121868844640134e-05
2.493636928723970005e-05
2.496402615711226330e-05
2.498500474944612531e-05
2.500018531690572602e-05
2.501051698511435174e-05
2.501699926362240141e-05
2.502070825016353841e-05
2.502277782391836421e-05
2.502440312698362397e-05
2.502684383576611474e-05
2.503140512190820313e-05
2.503946280351936290e-05
2.505244398634301123e-05
2.507182974790542215e-05
2.509915762440111562e-05
2.513600200160102783e-05
2.518399827630712386e-05
2.524482295263377751e-05
2.532019557015781756e-05
2.541188049266277673e-05
2.552166662290848709e-05
2.565139086295794497e-05
2.580291758802021249e-05
2.597813992890541843e-05
2.617898102196087340e-05
2.640737283961468762e-05
2.666527948351029214e-05
2.695467585634186262e-05
2.727754847892471606e-05
2.763589643225352685e-05
2.803170898255795101e-05
2.846698949453771657e-05
2.894373300695544051e-05
2.946392683214680267e-05
3.002955148769890839e-05
3.064255667605153040e-05
3.130488685374798130e-05
3.201845729497255013e-05
3.278515478298123730e-05
3.360683888694356302e-05
3.448531573848259289e-05
3.542236652347933984e-05
3.641972149597366118e-05
3.747906112365941570e-05
3.860201811188708579e-05
3.979014831010870451e-05
4.104496359234270625e-05
4.236790316924538848e-05
4.376033559077650967e-05
4.522356195166857908e-05
4.675878316691078023e-05
4.836713886326335593e-05
5.004967523746026696e-05
5.180734834622418097e-05
5.364102894376242270e-05
5.555146529438451450e-05
5.753932979962720251e-05
5.960518257292263711e-05
6.174948611970111449e-05
6.397256395162151626e-05
6.627465467247470180e-05
6.865587149492772255e-05
7.111620895832617534e-05
7.365555182469612529e-05
7.627362765115393024e-05
7.897007176763680728e-05
8.174438091781856383e-05
8.459592247770090134e-05
8.752394618325549328e-05
9.052752980376251599e-05
9.360565666735576849e-05
9.675716255191934862e-05
9.998074779049407907e-05
1.032749921838462323e-04
1.066382929835822918e-04
1.100689564577655045e-04
1.135651372173402475e-04
1.171248535435678818e-04
1.207460057733242547e-04
1.244263059095648415e-04
1.281633844822106490e-04
1.319547215985995218e-04
1.357976657625903220e-04
1.396894559410546564e-04
1.436271422695794577e-04
1.476077091577721761e-04
1.516279974975372506e-04
1.556847271647968643e-04
1.597745228845791733e-04
1.638938256886607792e-04
1.680390328465562668e-04
1.722064108501129343e-04
1.763921216988843018e-04
1.805922525809649409e-04
1.848027179613005971e-04
1.890194164998793588e-04
1.932381346500332655e-04
1.974545767296515409e-04
2.016643983281741007e-04
2.058630991522910638e-04
2.100461966336572475e-04
2.142091202242495367e-04
2.183472451502691187e-04
2.224559293454462041e-04
2.265303974457167063e-04
2.305659303048455955e-04
2.345577503341903533e-04
2.385010587270641855e-04
2.423910756077666336e-04
2.462229158380945860e-04
2.499917931670158169e-04
2.536928972338204128e-04
2.573214339408077915e-04
2.608726683994818047e-04
2.643417934777664248e-04
2.677241468273000471e-04
2.710150804366526656e-04
2.742100400518879592e-04
2.773044287530137511e-04
2.802938327122435412e-04
2.831738855955370153e-04
2.859403134505687132e-04
2.885889813139131538e-04
2.911157518066326212e-04
2.935167194962228681e-04
2.957880700593271627e-04
2.979261268640448295e-04
2.999273986931813509e-04
3.017884348999332771e-04
3.035060654801034264e-04
3.050772565069200947e-04
3.064991577184320178e-04
3.077691506134517781e-04
3.088847018428880526e-04
3.098436058278450519e-04
3.106438381192491737e-04
3.112836032345937137e-04
3.117613823368145781e-04
3.120757866098645213e-04
3.122257990877983316e-04
3.122106276736297541e-04
3.120297524232498081e-04
3.116829719943026199e-04
3.111702587574506781e-04
3.104919964475842545e-04
3.096488345893425552e-04
3.086417344034192239e-04
3.074720132159921974e-04
3.061412029830696516e-04
3.046512804513847386e-04
3.030045246754354236e-04
3.012035607263408975e-04
2.992514012854862837e-04
2.971513101040584815e-04
2.949070215786703426e-04
2.925226029021365561e-04
2.900024947906968916e-04
2.873515495508315249e-04
2.845749007577045393e-04
2.816781695162557915e-04
2.786673325630665697e-04
2.755487592967722924e-04
2.723292457061928331e-04
2.690158912308107751e-04
2.656162894947539468e-04
2.621384033705405044e-04
2.585905977015905892e-04
2.549816686136826931e-04
2.513207281214049926e-04
2.476173777882047428e-04
2.438815913776883743e-04
2.401237427969472871e-04
2.363546304814874194e-04
2.325853698402114583e-04
2.288275491023205753e-04
2.250931197240763233e-04
2.213944192564633968e-04
2.177441906944344399e-04
2.141554823183228391e-04
2.106417859253857704e-04
2.072169346378005062e-04
2.038951206059270722e-04
2.006909094426741951e-04
1.976191464327881021e-04
1.946950783950915169e-04
1.919342579618530460e-04
1.893525762159314679e-04
1.869661728349424285e-04
1.847915465164305128e-04
1.828454633517567860e-04
1.811449657814207372e-04
1.797073793110986768e-04
1.785502255824651457e-04
1.776913215758499094e-04
1.771486912113182631e-04
1.769405702232220443e-04
1.770854097063600955e-04
1.776017892903176975e-04
1.785085096743362564e-04
1.798245047470904017e-04
1.815688432959410329e-04
1.837607305419535527e-04
1.864194179503390024e-04
1.895642948692979001e-04
1.932147978146970754e-04
1.973904102160494486e-04
2.021106633774629889e-04
2.073950388401355914e-04
2.132630660730092814e-04
2.197342249467432737e-04
2.268279449960446342e-04
2.345636075050481356e-04
2.429604357677979767e-04
2.520376068736612275e-04
2.618141428155441376e-04
2.723089110062568369e-04
2.835406294206534953e-04
2.955277395955003129e-04
3.082885415265148601e-04
3.218410683375789874e-04
3.362030900166729144e-04
3.513921237429607153e-04
3.674252840464703723e-04
3.843194506475566970e-04
4.020911211752072208e-04
4.207564202755672720e-04
4.403311174004006763e-04
4.608304482264974941e-04
4.822693258862078983e-04
5.046621658812538427e-04
5.280229028546360587e-04
5.523650182092333574e-04
5.777013266818472811e-04
6.040442418036823073e-04
6.314055669269509445e-04
6.597965220313309603e-04
6.892277835711322883e-04
7.197092300223018957e-04
7.512502725483422581e-04
7.838596059541497359e-04
8.175452479151646681e-04
8.523145934139241854e-04
8.881741131404457265e-04
9.251297602029277464e-04
9.631866748578763859e-04
1.002349321473438399e-03
1.042621144940911355e-03
1.084005045753103861e-03
1.126503043442743162e-03
1.170116343986220926e-03
1.214845426064573800e-03
1.260689639936786238e-03
1.307647776822888673e-03
1.355717675601391227e-03
1.404896308836648842e-03
1.455179889451403393e-03
1.506563406899956914e-03
1.559041299801592565e-03
1.612607000628970676e-03
1.667253042196499384e-03
1.722971186341799204e-03
1.779751892859330730e-03
1.837585103129493313e-03
1.896459718129512532e-03
1.956363726923241245e-03
2.017284358602735878e-03
2.079207480204036274e-03
2.142118497630445678e-03
2.206001763059114561e-03
2.270840726624410045e-03
2.336618112479146598e-03
2.403315242802708546e-03
2.470913060653479997e-03
2.539391463717431859e-03
2.608729479987101883e-03
2.678905468376053742e-03
2.749896366929888321e-03
2.821678840399838035e-03
2.894228538269331876e-03
2.967520294809733884e-03
3.041528354233402967e-03
3.116225542311615998e-03
3.191584539481612508e-03
3.267577062174922570e-03
3.344174087191171922e-03
3.421346100917558187e-03
3.499062194721794077e-03
3.577291462336243746e-03
3.656002104675201442e-03
3.735161678021852935e-03
3.814737366387785031e-03
3.894695002259198572e-03
3.975000584893827182e-03
4.055619310028841032e-03
4.136515840935305229e-03
4.217654602553370415e-03
4.298998730398647002e-03
4.380511704312285703e-03
4.462156305698948902e-03
4.543894910079899173e-03
4.625689801228924890e-03
4.707502052264924720e-03
4.789293267363577480e-03
4.871024470396983358e-03
4.952656417221606815e-03
5.034149927667163488e-03
5.115464704022022226e-03
5.196561171295088072e-03
5.277399302326317952e-03
5.357938947687759454e-03
5.438140183051792635e-03
5.517962071388764211e-03
5.597364590606346453e-03
5.676307401332732899e-03
5.754750519516008654e-03
5.832653038829523941e-03
5.909975119111204878e-03
5.986676713452893789e-03
6.062717923494286704e-03
6.138059367407206618e-03
6.212660859874030543e-03
6.286483464011159185e-03
6.359488174836856744e-03
6.431636284742832735e-03
6.502889758669596308e-03
6.573209880509769260e-03
6.642559353575928222e-03
6.710900949246165724e-03
6.778197879591070681e-03
6.844414176549839038e-03
6.909513314236938493e-03
6.973460342174222018e-03
7.036220508564641936e-03
7.097759636953073978e-03
7.158044506172825568e-03
7.217041458486795832e-03
7.274718549259382230e-03
7.331044154785601105e-03
7.385987349824164536e-03
7.439518285104932717e-03
7.491606791503298279e-03
7.542224529587327267e-03
7.591343592220386842e-03
7.638936879822930473e-03
7.684978472310140078e-03
7.729442239574917627e-03
7.772303974410784203e-03
7.813540000204692929e-03
7.853127540857178165e-03
7.891045084152725764e-03
7.927271008711244890e-03
7.961785684151276299e-03
7.994570094094915341e-03
8.025606197801307684e-03
8.054877282154836171e-03
8.082366614942312899e-03
8.108059496770951557e-03
8.131941909323104831e-03
8.154000865931784400e-03
8.174224749598533318e-03
8.192602001972684386e-03
8.209123112455732688e-03
8.223779301179148099e-03
8.236562855967763039e-03
8.247467454064920725e-03
8.256486895545051691e-03
8.263617016195793849e-03
8.268854414061483846e-03
8.272196770496084359e-03
8.273643153571914530e-03
8.273192803865358352e-03
8.270846959081602431e-03
8.266607632227213759e-03
8.260478204864729265e-03
8.252462259901555477e-03
8.242565327982814827e-03
8.230793712167493517e-03
8.217154775492469670e-03
8.201657207363717561e-03
8.184309920634128682e-03
8.165123692089455015e-03
8.144110050914516938e-03
8.121281545536079144e-03
8.096651987824081062e-03
8.070235419598297336e-03
8.042047639860784233e-03
8.012105162336594089e-03
7.980425460526170342e-03
7.947027189018764787e-03
7.911929223437462813e-03
7.875152068930855662e-03
7.836716890945057828e-03
7.796645737778872334e-03
7.754961738681350782e-03
7.711688220088368066e-03
7.666849991779261901e-03
7.620472453880244683e-03
7.572581796582735641e-03
7.523205175061740101e-03
7.472369903702784887e-03
7.420104618213855391e-03
7.366438460702937931e-03
7.311401256582808310e-03
7.255023666701108584e-03
7.197336460127972541e-03
7.138371552351609889e-03
7.078161269138689982e-03
7.016738501001409424e-03
6.954136833265492715e-03
6.890389896911193121e-03
6.825532284733212308e-03
6.759598893605951730e-03
6.692625057223153089e-03
6.624646655140267217e-03
6.555699540154454052e-03
6.485820335941875660e-03
6.415045856331401918e-03
6.343413217335692848e-03
6.270959926482955887e-03
6.197723384303350895e-03
6.123741568437039012e-03
6.049052527587436487e-03
5.973694474138995306e-03
5.897705855333440841e-03
5.821124925615536912e-03
5.743990323505840205e-03
5.666340637073548174e-03
5.588214478673022428e-03
5.509650539716579205e-03
5.430687229932087273e-03
5.351363154393658922e-03
5.271716746634936245e-03
5.191786327229015903e-03
5.111610144058385818e-03
5.031226073958419004e-03
4.950672008179808972e-03
4.869985548664693825e-03
4.789204052337550990e-03
4.708364658870230549e-03
4.627504049732998267e-03
4.546658751013910212e-03
4.465864887906309186e-03
4.385158259895879235e-03
4.304574141929848330e-03
4.224147527837031173e-03
4.143912927581550228e-03
4.063904390795752657e-03
3.984155517177963290e-03
3.904699305370328607e-03
3.825568330698738469e-03
3.746794590933637866e-03
3.668409521075066855e-03
3.590443996905343885e-03
3.512928225993817207e-03
3.435891869275013461e-03
3.359363929703027430e-03
3.283372760217742603e-03
3.207946062340538262e-03
3.133110813731676807e-03
3.058893342920556563e-03
2.985319255229029051e-03
2.912413435741761664e-03
2.840200044688824012e-03
2.768702476092757287e-03
2.697943394567864882e-03
2.627944692982869986e-03
2.558727492109840081e-03
2.490312134354799589e-03
2.422718168236671910e-03
2.355964355606207997e-03
2.290068655710118719e-03
2.225048223008313075e-03
2.160919400600782442e-03
2.097697725567111964e-03
2.035397914247889187e-03
1.974033867649113184e-03
1.913618668705016884e-03
1.854164576514875278e-03
1.795683047927044453e-03
1.738184707706862337e-03
1.681679370569162104e-03
1.626176038932777802e-03
1.571682898833955642e-03
1.518207353549515552e-03
1.465755984577527156e-03
1.414334585993923688e-03
1.363948163504338350e-03
1.314600932651055964e-03
1.266296360722305630e-03
1.219037123527946841e-03
1.172825148230008732e-03
1.127661614257131125e-03
1.083546954178751971e-03
1.040480900628278863e-03
9.984624428976851974e-04
9.574898748773747088e-04
9.175607981672661033e-04
8.786721257638676827e-04
8.408201312208984490e-04
8.040004081441113086e-04
7.682079203797749153e-04
7.334369988731143921e-04
6.996813909550106186e-04
6.669342237689977922e-04
6.351880545411202816e-04
6.044348778188189837e-04
5.746661339506551908e-04
5.458727568631863624e-04
5.180451437114983945e-04
4.911732035267495121e-04
4.652463665285473107e-04
4.402535948270137499e-04
4.161834272784745744e-04
3.930239561025527552e-04
3.707628724459097452e-04
3.493874774325479173e-04
3.288846946189919818e-04
3.092411109636210255e-04
2.904429604849362366e-04
2.724761657404656885e-04
2.553263501792356533e-04
2.389788518023741744e-04
2.234187596904150348e-04
2.086309042171118164e-04
1.945998938661828114e-04
1.813101283848669572e-04
1.687458130595248832e-04
1.568909906110443626e-04
1.457295370318192288e-04
1.352451935422592153e-04
1.254215800123216636e-04
1.162422092526267713e-04
1.076905144042104379e-04
9.974984913413238925e-05
9.240351486196109198e-05
8.563477391478720917e-05
7.942686325516125085e-05
7.376301775389987716e-05
6.862647325873198420e-05
6.400048949383844467e-05
5.986836243901588940e-05
5.621343696174082357e-05
5.301912656798852028e-05
5.026891774149308480e-05
4.794638913401743312e-05
4.603522270625589810e-05
4.451921479710327275e-05
4.338229309675443958e-05
4.260852063157787083e-05
4.218211201822563846e-05
4.208744296725873819e-05
4.230905940247619456e-05
4.283169249390175721e-05
4.364026072281555215e-05
4.471988407004907055e-05
4.605589155772963966e-05
4.763382811968524839e-05
4.943946857181861956e-05
5.145881632002297247e-05
5.367811639469044559e-05
5.608386078630682160e-05
5.866279285910355463e-05
6.140192112697737744e-05
6.428851334952165580e-05
6.731010931535096509e-05
7.045452380880297307e-05
7.370984844858169123e-05
7.706446608422395624e-05
8.050703924814169021e-05
8.402652353557362895e-05
8.761216488039717798e-05
9.125351497524108199e-05
9.494041463203482453e-05
9.866300818823299686e-05
1.024117420475332212e-04
1.061773618488101351e-04
1.099509297262246671e-04
1.137238008052379127e-04
1.174876394763237634e-04
1.212344155110032476e-04
1.249564038228842175e-04
1.286461786698507527e-04
1.322966392341995445e-04
1.359009501276494053e-04
1.394526094417149003e-04
1.429454167151393725e-04
1.463734334794975118e-04
1.497310658155715055e-04
1.530129633068591987e-04
1.562141047392854199e-04
1.593297589241255210e-04
1.623554381994926285e-04
1.652869937807298025e-04
1.681204979018979979e-04
1.708523422852736211e-04
1.734791920404527780e-04
1.759979326117760024e-04
1.784057775308449899e-04
1.807001346677474408e-04
1.828787169458532505e-04
1.849394897574356555e-04
1.868806120377035308e-04
1.887005371364039918e-04
1.903979566363080654e-04
1.919717382968196310e-04
1.934210516368323055e-04
1.947452119646191895e-04
1.959438084344401233e-04
1.970166424751877959e-04
1.979636612618113686e-04
1.987850925569608902e-04
1.994812775081566416e-04
2.000528075401079050e-04
2.005004582709500182e-04
2.008251195257323453e-04
2.010279376166681153e-04
2.011101393235084633e-04
2.010731757381201189e-04
2.009186526533511389e-04
2.006482581945896173e-04
2.002639105137095712e-04
1.997675755643342304e-04
1.991614158348644259e-04
1.984477182662593825e-04
1.976288206022472989e-04
1.967072623612606318e-04
1.956855991118896501e-04
1.945665539443061632e-04
1.933529440075964730e-04
1.920476066676949614e-04
1.906535516038288761e-04
1.891737742826859537e-04
1.876114080240840463e-04
1.859696502463458574e-04
1.842516894751796352e-04
1.824608564819615365e-04
1.806004395526066594e-04
1.786738350959961405e-04
1.766844746483442604e-04
1.746357536987105366e-04
1.725311799378994519e-04
1.703741927273726001e-04
1.681683103695970273e-04
1.659170588515499259e-04
1.636239033465058360e-04
1.612923918638503964e-04
1.589259810545677165e-04
1.565281785000798324e-04
1.541024740737893762e-04
1.516522748482890162e-04
1.491810427148967987e-04
1.466921283277810705e-04
1.441889070584249889e-04
1.416747137262940211e-04
1.391527814902757294e-04
1.366263723275854729e-04
1.340986205327634952e-04
1.315726613136346517e-04
1.290515694924409249e-04
1.265383027954544411e-04
1.240358244283049896e-04
1.215469571248093994e-04
1.190745037113501696e-04
1.166211902135356034e-04
1.141896137844705152e-04
1.117823569712971210e-04
1.094018528691729678e-04
1.070504973381893217e-04
1.047305967740894367e-04
1.024443207397770063e-04
1.001938078702071405e-04
9.798104224621892943e-05
9.580795729597332605e-05
9.367638830802455820e-05
9.158802965892698465e-05
8.954453263555921575e-05
8.754739271941775673e-05
8.559804552851227810e-05
8.369782397422111044e-05
8.184791981670364318e-05
8.004947398205083866e-05
7.830347405656024105e-05
7.661084291238190165e-05
7.497240024301326535e-05
7.338882803390107176e-05
7.186075420518400314e-05
7.038865927252828392e-05
6.897295853993925174e-05
6.761396759918333096e-05
6.631187118107093634e-05
6.506680115426162806e-05
6.387875102734360080e-05
6.274765277711262480e-05
6.167334577069312810e-05
6.065554836829128771e-05
5.969393144859805360e-05
5.878803921611974525e-05
5.793736185767611811e-05
5.714130724761816308e-05
5.639917460894573064e-05
5.571022481325473664e-05
5.507360582478596677e-05
5.448842243963862613e-05
5.395371006809994343e-05
5.346840973019571872e-05
5.303143639280492275e-05
5.264160733082344924e-05
5.229771020328834755e-05
5.199847817480100358e-05
5.174256552453524837e-05
5.152861523787742029e-05
5.135518859505574266e-05
5.122083277943180690e-05
5.112405660303141226e-05
5.106330604390767999e-05
5.103703220979100648e-05
5.104362057134676395e-05
5.108145918620575655e-05
5.114891433070322378e-05
5.124430534683761020e-05
5.136597394847363534e-05
5.151221169238808341e-05
5.168132974513145017e-05
5.187163379156423928e-05
5.208139766550893917e-05
5.230892484936059604e-05
5.255252268540946801e-05
5.281047507108321186e-05
5.308111546037640329e-05
5.336274919156895299e-05
5.365372716295524583e-05
5.395241852214268394e-05
5.425718154766227179e-05
5.456643958799008539e-05
5.487859917341347268e-05
5.519212669072036311e-05
5.550551921215388698e-05
5.581727336310246990e-05
5.612596440445823148e-05
5.643015973911596421e-05
5.672849873539040518e-05
5.701966149550099833e-05
5.730233564834956959e-05
5.757529855015602942e-05
5.783732612071538885e-05
5.808727573697100425e-05
5.832405288276801524e-05
5.854657594213575787e-05
5.875386127418512068e-05
5.894492762773051925e-05
5.911888181213339626e-05
5.927488330843698916e-05
5.941210726540297371e-05
5.952983200668458889e-05
5.962733956024655554e-05
5.970400362208504999e-05
5.975925233692537720e-05
5.979252981072523220e-05
5.980338543862324154e-05
5.979137133535733072e-05
5.975613194582513765e-05
5.969736531546650428e-05
5.961478352416070211e-05
5.950820308822835661e-05
5.937744027975502755e-05
5.922240161158216900e-05
5.904304400850976465e-05
5.883933463497889664e-05
5.861134152736128102e-05
5.835912793671687248e-05
5.808284282814974413e-05
5.778268043066037341e-05
5.745883997263146652e-05
5.711161564373645256e-05
5.674129118331126587e-05
5.634822948662293845e-05
5.593283205168517972e-05
5.549549915170194213e-05
5.503671820933059668e-05
5.455695988075084279e-05
5.405676585405203634e-05
5.353670872516367685e-05
5.299735312589049532e-05
5.243934161542718013e-05
5.186329348054517194e-05
5.126988984214849967e-05
5.065983448068551098e-05
5.003381640431366653e-05
4.939259242046499694e-05
4.873688979019784366e-05
4.806748782469186839e-05
4.738518014541587221e-05
4.669073912240428743e-05
4.598499437818801157e-05
4.526874030617577144e-05
4.454281343511975983e-05
4.380805655417160851e-05
4.306528538025908526e-05
4.231536236267377938e-05
4.155910990998698160e-05
4.079738292203203707e-05
4.003103513887876902e-05
3.926088831330803021e-05
3.848780082113386562e-05
3.771258724816085314e-05
3.693608563021395211e-05
3.615912630252314519e-05
3.538250376296359605e-05
3.460703974476417045e-05
3.383350960436936337e-05
3.306270396445090340e-05
3.229540025080851142e-05
3.153233733902282041e-05
3.077427290643926878e-05
3.002191684336670923e-05
2.927598715570510309e-05
2.853718428475322011e-05
2.780616853845428819e-05
2.708361170248813627e-05
2.637013748026967132e-05
2.566637167486337980e-05
2.497291929717594084e-05
2.429034469678344164e-05
2.361921757195978262e-05
2.296006023668485912e-05
2.231339226030712311e-05
2.167971028499538798e-05
2.105947069331940344e-05
2.045313030884625212e-05
1.986110009786596511e-05
1.928378459465152477e-05
1.872156427262355646e-05
1.817478051871566479e-05
1.764377145510531315e-05
1.712883151525474885e-05
1.663024611801140640e-05
1.614827637081744151e-05
1.568314606600172356e-05
1.523507317617975663e-05
1.480423460271628115e-05
1.439079667934127281e-05
1.399490193131146837e-05
1.361665776695897757e-05
1.325616430087967412e-05
1.291348346089277086e-05
1.258866599803091836e-05
1.228173998354217092e-05
1.199270084051857395e-05
1.172153622743494776e-05
1.146819860871481765e-05
1.123262952030073245e-05
1.101474945692966230e-05
1.081444887314171698e-05
1.063161091301344504e-05
1.046608650004352669e-05
1.031771665417648776e-05
1.018632340458859131e-05
1.007170138613651483e-05
9.973636287258941065e-06
9.891896200218124413e-06
9.826223398235408671e-06
9.776355310596983734e-06
9.742001645097928022e-06
9.722865282355180994e-06
9.718634060932248588e-06
9.728972572647548613e-06
9.753543085539004539e-06
9.791982719347998518e-06
9.843924486419709894e-06
9.908989154615508092e-06
9.986776728443393059e-06
1.007688807734751886e-05
1.017890129005180399e-05
1.029239360473456561e-05
1.041693301322336382e-05
1.055206912754438519e-05
1.069735620435630378e-05
1.085232788419897755e-05
1.101652068084239963e-05
1.118946501915645252e-05
1.137067522559969134e-05
1.155967455101293944e-05
1.175596760246292614e-05
1.195906596771202297e-05
1.216847841536952976e-05
1.238369979252386680e-05
1.260423854080351070e-05
1.282958624823578521e-05
1.305924587314211107e-05
1.329272087772040580e-05
1.352950286522525521e-05
1.376910196221747416e-05
1.401101305190021666e-05
1.425474693663598037e-05
1.449981822391837451e-05
1.474573158797474226e-05
1.499201525906930865e-05
1.523818364401636936e-05
1.548377163270565584e-05
1.572832110736475722e-05
1.597136576785324435e-05
1.621246783189132947e-05
1.645117689834032850e-05
1.668706746583858454e-05
1.691972399104471261e-05
1.714872427178055979e-05
1.737367932554004582e-05
1.759418850181036377e-05
1.780988014561415460e-05
1.802039518658840286e-05
1.822536912797849453e-05
1.842447494022414408e-05
1.861737457497471059e-05
1.880376257844070431e-05
1.898334824907324972e-05
1.915583633155499654e-05
1.932097264297071314e-05
1.947849227805429067e-05
1.962816586197150878e-05
1.976978036820129563e-05
1.990311866339179478e-05
2.002800748048720611e-05
2.014426272701718671e-05
2.025173796895823661e-05
2.035030405024586389e-05
2.043982767494962618e-05
2.052022125890958409e-05
2.059138585578509445e-05
2.065326138689614350e-05
2.070580524764862999e-05
2.074897014628836539e-05
2.078275530635870550e-05
2.080714760457787183e-05
2.082217300899023976e-05
2.082787439358999642e-05
2.082428887646214512e-05
2.081149981186670018e-05
2.078957678645905230e-05
2.075862770150793197e-05
2.071877604344090794e-05
2.067013797732872386e-05
2.061287456051601213e-05
2.054713126699028389e-05
2.047309014939490906e-05
2.039094682873352282e-05
2.030088760113936923e-05
2.020314132429743153e-05
2.009791913295347771e-05
1.998546614219684931e-05
1.986603842325724071e-05
1.973988037204837918e-05
1.960727576347606358e-05
1.946848828459379582e-05
1.932381229016448096e-05
1.917355002298949614e-05
1.901798947212994734e-05
1.885745415567518702e-05
1.869224503382473283e-05
1.852268989788739047e-05
1.834912107318609388e-05
1.817185396401798156e-05
1.799123520865697192e-05
1.780758644599930008e-05
1.762125200582855791e-05
1.743257730095238521e-05
1.724188821631640457e-05
1.704953737623846014e-05
1.685585012981196545e-05
1.666117030860959024e-05
1.646583947390966966e-05
1.627017726087519995e-05
1.607452560208186607e-05
1.587919717423798117e-05
1.568451909431431735e-05
1.549081313958797671e-05
1.529837710682609397e-05
1.510752694267637052e-05
1.491854776379429934e-05
1.473173546829805929e-05
1.454737799347720984e-05
1.436573769709581489e-05
1.418708578599962305e-05
1.401168420473828484e-05
1.383976861184462377e-05
1.367158731452604477e-05
1.350735631264321519e-05
1.334729777783797221e-05
1.319162296983646773e-05
1.304051613963584658e-05
1.289417170731535895e-05
1.275275157058642164e-05
1.261642189293659761e-05
1.248533697318083973e-05
1.235962395616895033e-05
1.223941853199287388e-05
1.212482418761379492e-05
1.201594759779282642e-05
1.191288332701894059e-05
1.181569919062963351e-05
1.172447081292477928e-05
1.163924241466962804e-05
1.156006115538498864e-05
1.148696250803924667e-05
1.141995608478250965e-05
1.135905943268581592e-05
1.130425988701607604e-05
1.125554825011857738e-05
1.121290465000060856e-05
1.117628462633450598e-05
1.114565256525104326e-05
1.112094411005774629e-05
1.110209958023309218e-05
1.108905010636557636e-05
1.108170376418305464e-05
1.107997905454382929e-05
1.108376735013970370e-05
1.109296645873739513e-05
1.110746681930422795e-05
1.112713747441746859e-05
1.115185998969096324e-05
1.118149042592933904e-05
1.121589343525458810e-05
1.125492830638330231e-05
1.129843457807191052e-05
1.134626676576627570e-05
1.139825538136055612e-05
1.145424192140001246e-05
1.151406456247068053e-05
1.157754323904863361e-05
1.164451550669870328e-05
1.171479618271364386e-05
1.178821354478897483e-05
1.186459449889898744e-05
1.194374897232794646e-05
1.202550719505196658e-05
1.210967760006866084e-05
1.219608450157042714e-05
1.228455258567529314e-05
1.237489050154681741e-05
1.246692978851075840e-05
1.256048075038456662e-05
1.265537182703720462e-05
1.275143329082993290e-05
1.284847995350667935e-05
1.294635190879822847e-05
1.304486817606419747e-05
1.314386792081018039e-05
1.324319327453734379e-05
1.334267111047866402e-05
1.344215571232845575e-05
1.354148006478022869e-05
1.364049901940185025e-05
1.373907119072593030e-05
1.383703978809757539e-05
1.393427726274974236e-05
1.403063420264999715e-05
1.412598448203089317e-05
1.422020622016908041e-05
1.431316168805796200e-05
1.440474392995824575e-05
1.449482329430417262e-05
1.458329454968309842e-05
1.467005692339198489e-05
1.475499312918768909e-05
1.483801790690750306e-05
1.491902228776285806e-05
1.499792260784017491e-05
1.507463967010622107e-05
1.514907696238742144e-05
1.522117101057661740e-05
1.529083353397482457e-05
1.535800224029900161e-05
1.542261917673809566e-05
1.548460822518548711e-05
1.554392712160919369e-05
1.560050770442197060e-05
1.565430833319247705e-05
1.570529151139226140e-05
1.575340075877890462e-05
1.579861411223569049e-05
1.584088270726463372e-05
1.588018462666129042e-05
1.591650188988506088e-05
1.594979681062343258e-05
1.598006676330928342e-05
1.600728136499443170e-05
1.603143753067570436e-05
1.605253593216248754e-05
1.607055695271851310e-05
1.608551647908183243e-05
1.609740196865580146e-05
1.610622846555263677e-05
1.611201463596210397e-05
1.611475843193520055e-05
1.611449365166797991e-05
1.611122518571188989e-05
1.610498573276481261e-05
1.609581151946535660e-05
1.608371778240333017e-05
1.606875583040337431e-05
1.605094776377202867e-05
1.603034362213254257e-05
1.600699689482699826e-05
1.598093992459849669e-05
1.595224120535497774e-05
1.592093986066708637e-05
1.588710295823246379e-05
1.585080091306991681e-05
1.581208290839783277e-05
1.577103417154726697e-05
1.572771048214976718e-05
1.568219539975822610e-05
1.563457565602532966e-05
1.558491667829705636e-05
1.553331147672744515e-05
1.547985607280647670e-05
1.542462512073140379e-05
1.536772866479560625e-05
1.530924719524913197e-05
1.524928826856209959e-05
1.518796206149960843e-05
1.512535720628703918e-05
1.506159697224528841e-05
1.499677492310181073e-05
1.493101091982111816e-05
1.486442687148813079e-05
1.479712283446327767e-05
1.472923247700899836e-05
1.466085948527774379e-05
1.459213282112711165e-05
1.452318272745381553e-05
1.445411712428937874e-05
1.438507626874121611e-05
1.431617000473067547e-05
1.424753220380295546e-05
1.417929706639673930e-05
1.411157582860104326e-05
1.404451059007229049e-05
1.397821244385054367e-05
1.391281508989729843e-05
1.384845145502920510e-05
1.378523070305531872e-05
1.372329126806828743e-05
1.366273983681216881e-05
1.360370419000372614e-05
1.354631014246553434e-05
1.349065882701037541e-05
1.343687903672672105e-05
1.338506696550611605e-05
1.333533839811770432e-05
1.328780594885041435e-05
1.324255656647862216e-05
1.319970335356803025e-05
1.315932590357589261e-05
1.312152202378685509e-05
1.308638522624936921e-05
1.305398237834309334e-05
1.302440522621352544e-05
1.299771110250718291e-05
1.297397442314919371e-05
1.295326435954532672e-05
1.293562253779022603e-05
1.292111454364964608e-05
1.290977071693054078e-05
1.290163771032911726e-05
1.289675624804043526e-05
1.289513875771566945e-05
1.289682117283346862e-05
1.290180348142568753e-05
1.291010166987631264e-05
1.292172545165793240e-05
1.293665570105364713e-05
1.295489689272405858e-05
1.297641703728971051e-05
1.300120035266721265e-05
1.302922482913181175e-05
1.306043932374633932e-05
1.309481698470086403e-05
1.313229418681470711e-05
1.317282427629851969e-05
1.321635482609847396e-05
1.326280424592585057e-05
1.331211652976725612e-05
1.336419880263405793e-05
1.341897647105766734e-05
1.347637001690681645e-05
1.353627098053951983e-05
1.359859834411052811e-05
1.366323431772397746e-05
1.373008119816675520e-05
1.379903755089481872e-05
1.386997343342195185e-05
1.394278868613400949e-05
1.401734662107697926e-05
1.409353284713156970e-05
1.417123069900179277e-05
1.425029558429677222e-05
1.433061540000545195e-05
1.441204183888365757e-05
1.449445138321641038e-05
1.457771985621829757e-05
1.466169579865697141e-05
1.474626316631530734e-05
1.483127003455590277e-05
1.491659189852433678e-05
1.500210524565371565e-05
1.508765989494662197e-05
1.517314406265716247e-05
1.525841032126955633e-05
1.534334127557048180e-05
1.542782208364644334e-05
1.551171172251847991e-05
1.559491044022248690e-05
1.567728290655958411e-05
1.575872626619924648e-05
1.583914156795566345e-05
1.591840395248406479e-05
1.599643244323181504e-05
1.607311030785624328e-05
1.614835542563604787e-05
1.622209061884159810e-05
1.629421278964722074e-05
1.636466494400498319e-05
1.643335385951550138e-05
1.650022264868207498e-05
1.656522001964394759e-05
1.662826841831661678e-05
1.668933813139666719e-05
1.674836242398790488e-05
1.680531213568364912e-05
1.686016392859726026e-05
1.691286751519311790e-05
1.696342165171864388e-05
1.701178696308041196e-05
1.705796237744844316e-05
1.710195244540387133e-05
1.714373375246600482e-05
1.718332138497391927e-05
1.722073574054948952e-05
1.725596850409588808e-05
1.728906122714435670e-05
1.732001499276968734e-05
1.734886935047043026e-05
1.737566836924769558e-05
1.740042597770928928e-05
1.742320588187697890e-05
1.744402961569069241e-05
1.746295676430612088e-05
1.748005037833110680e-05
1.749534179164525667e-05
1.750891167889762664e-05
1.752079676199223094e-05
1.753107112884511870e-05
1.753981112640472345e-05
1.754705976236620499e-05
1.755290872775366377e-05
1.755740400565821389e-05
1.756062811841535085e-05
1.756266460859148390e-05
1.756356211718343893e-05
1.756341722784758201e-05
1.756227918729470433e-05
1.756023294595248643e-05
1.755736332118430342e-05
1.755371882618936063e-05
1.754939522740818497e-05
1.754443954010455941e-05
1.753893376269627483e-05
1.753295879662894878e-05
1.752655807866082357e-05
1.751982177867048541e-05
1.751279018315219141e-05
1.750553805856310680e-05
1.749813837934071541e-05
1.749062579333650306e-05
1.748308142099525640e-05
1.747553568781793078e-05
1.746805328479463976e-05
1.746069673197802200e-05
1.745348968423726167e-05
1.744650232257300795e-05
1.743975364768710420e-05
1.743329703406162383e-05
1.742718363316794462e-05
1.742142550595366789e-05
1.741608162175026635e-05
1.741115958178202663e-05
1.740670178681164227e-05
1.740274866309182459e-05
1.739930159023361894e-05
1.739640954252334195e-05
1.739407017535429012e-05
1.739231664458366344e-05
1.739118062093950696e-05
1.739065496787058640e-05
1.739078107476128374e-05
1.739154921160454621e-05
1.739298605213411832e-05
1.739511742929360631e-05
1.739793070757979788e-05
1.740146286901350515e-05
1.740570002147715910e-05
1.741066568882850755e-05
1.741638325136919216e-05
1.742283795082801885e-05
1.743006579989996014e-05
1.743805211617231054e-05
1.744682065270513580e-05
1.745639566284795113e-05
1.746676347270524455e-05
1.747796229569425903e-05
1.748997965475461100e-05
1.750284243837102875e-05
1.751657852770479649e-05
1.753117787023410418e-05
1.754668329403650609e-05
1.756308667354219497e-05
1.758042001048344894e-05
1.759871656200179518e-05
1.761797134902871512e-05
1.763823308239689878e-05
1.765949891926129703e-05
1.768180668729212902e-05
1.770519545385033027e-05
1.772966540251540125e-05
1.775527100540306045e-05
1.778201420646250734e-05
1.780993793091176881e-05
1.783908603644607441e-05
1.786946249018295558e-05
1.790112594859113933e-05
1.793408118880503610e-05
1.796837407339051359e-05
1.800405082379270355e-05
1.804111642724287942e-05
1.807963081628223694e-05
1.811959834969260186e-05
1.816106443372956611e-05
1.820407405489934911e-05
1.824862934186177862e-05
1.829478756851262810e-05
1.834254846287151217e-05
1.839195271757930082e-05
1.844303971337932319e-05
1.849580415499047929e-05
1.855029615214577913e-05
1.860650610969430920e-05
1.866446538932730147e-05
1.872420314714330855e-05
1.878570195551926506e-05
1.884900024193834458e-05
1.891407448948142556e-05
1.898094233491110620e-05
1.904961843422987570e-05
1.912006897584545822e-05
1.919231677378498334e-05
1.926632048820534226e-05
1.934208045855497504e-05
1.941959350138855307e-05
1.949880621485696470e-05
1.957972302772588322e-05
1.966228213820871653e-05
1.974646438181817964e-05
1.983224685742087339e-05
1.991955492072892923e-05
2.000837348072515600e-05
2.009861935557911489e-05
2.019025346062878199e-05
2.028323315344435468e-05
2.037746281582836734e-05
2.047289205593619903e-05
2.056946723185705799e-05
2.066708114116850531e-05
2.076569004883433548e-05
2.086517972741186848e-05
2.096548346911542298e-05
2.106653215487307263e-05
2.116820238854930067e-05
2.127043736890003658e-05
2.137310867439145998e-05
2.147613815633719620e-05
2.157944645533650424e-05
2.168289950980647720e-05
2.178643339834212140e-05
2.188991169739146032e-05
2.199325136240202423e-05
2.209636960958491191e-05
2.219912874993631931e-05
2.230146505461700032e-05
2.240324158333574590e-05
2.250437808543509464e-05
2.260479618736971528e-05
2.270436252916391333e-05
2.280302162772144913e-05
2.290064415200141691e-05
2.299716079859137819e-05
2.309250575298711620e-05
2.318655813374596468e-05
2.327927875300602107e-05
2.337055389575781714e-05
2.346033305084800440e-05
2.354857064526235180e-05
2.363516582988845616e-05
2.372010296939914414e-05
2.380329106049545052e-05
2.388470513584583851e-05
2.396432630265868348e-05
2.404207993046530357e-05
2.411797965006162993e-05
2.419196261258947829e-05
2.426403433657210569e-05
2.433420711232159073e-05
2.440243667392554599e-05
2.446876945442063041e-05
2.453317393739543205e-05
2.459568869094298917e-05
2.465635922497007491e-05
2.471517324424479597e-05
2.477221089824838490e-05
2.482747250402308174e-05
2.488102950891246559e-05
2.493295990587076396e-05
2.498328217008850781e-05
2.503210825900277573e-05
2.507946798544026103e-05
2.512546267482629520e-05
2.517019925191526478e-05
2.521372295888812268e-05
2.525617290360631569e-05
2.529760333388532219e-05
2.533813980364658873e-05
2.537791204157024852e-05
2.541698553326518723e-05
2.545551948157690514e-05
2.549358517667872471e-05
2.553132455641000668e-05
2.556888195261274434e-05
2.560633459455662249e-05
2.564385292936862117e-05
2.568151620170519759e-05
2.571947338119998097e-05
2.575787385617318387e-05
2.579679688141346821e-05
2.583641430330460277e-05
2.587680336253902664e-05
2.591811005957211087e-05
2.596047882949503830e-05
2.600398091687931019e-05
2.604877965138417215e-05
2.609494037463414048e-05
2.614259641516878278e-05
2.619187773504927543e-05
2.624283817070801440e-05
2.629562350268992293e-05
2.635027829208647483e-05
2.640691473161173623e-05
2.646564020727066533e-05
2.652648330036630028e-05
2.658956498179552514e-05
2.665490203329989755e-05
2.672257912355037357e-05
2.679267518057139858e-05
2.686518800973454178e-05
2.694020901186537097e-05
2.701772276877326327e-05
2.709778275616376843e-05
2.718043637839689198e-05
2.726564802354766156e-05
2.735347775048782904e-05
2.744387654401476504e-05
2.753686611561943239e-05
2.763246241508509363e-05
2.773059691913891132e-05
2.783129975282242218e-05
2.793449007242309332e-05
2.804016041847111871e-05
2.814829849160856867e-05
2.825880645769517221e-05
2.837168896299480903e-05
2.848683808571804733e-05
2.860422269359262038e-05
2.872380825636037911e-05
2.884547394813272259e-05
2.896920598654567798e-05
2.909487660593830969e-05
2.922243883742944750e-05
2.935184412823442813e-05
2.948295703106164803e-05
2.961575424937053775e-05
2.975009712376704152e-05
2.988593220118271755e-05
3.002320644143486664e-05
3.016177930207580721e-05
3.030159818955683842e-05
3.044261212112837965e-05
3.058468216548318317e-05
3.072779026103963023e-05
3.087180041876443391e-05
3.101666916275711575e-05
3.116235647525583929e-05
3.130873338125607971e-05
3.145579717897669606e-05
3.160342513918655257e-05
3.175159140050302697e-05
3.190027504778778465e-05
3.204936472230289376e-05
3.219888043290318393e-05
3.234871949283034805e-05
3.249888002840020846e-05
3.264936607528821162e-05
3.280008912397547707e-05
3.295109664363539935e-05
3.310231005907218331e-05
3.325375500047819438e-05
3.340546333436179312e-05
3.355737157699817174e-05
3.370955624784551267e-05
3.386196373213397912e-05
3.401464739057402041e-05
3.416766646810733915e-05
3.432098132316999171e-05
3.447469573628159718e-05
3.462877852237901101e-05
3.478330763444361729e-05
3.493836591078711314e-05
3.509393307341453070e-05
3.525013514972442257e-05
3.540695769061990829e-05
3.556449703975399370e-05
3.572285288658804943e-05
3.588201698253369902e-05
3.604212988592060023e-05
3.620318560821346286e-05
3.636529027662174470e-05
3.652855145502193238e-05
3.669296351256897217e-05
3.685867196795682837e-05
3.702566933101816723e-05
3.719406145395922080e-05
3.736395356610893560e-05
3.753533220827651851e-05
3.770833752341394768e-05
3.788294999178899768e-05
3.805926483623009047e-05
3.823737469165166121e-05
3.841724799267159972e-05
3.859900962430929181e-05
3.878261817529174004e-05
3.896814882567424759e-05
3.915567254149425008e-05
3.934513077670650453e-05
3.953662494969244180e-05
3.973008377170900537e-05
3.992555509143749088e-05
4.012308147311398994e-05
4.032257105062922583e-05
4.052409632457145447e-05
4.072755107187511504e-05
4.093295164294954237e-05
4.114030875273200184e-05
4.134949430864927653e-05
4.156055002187560813e-05
4.177333337915045886e-05
4.198782887817458247e-05
4.220401583965100649e-05
4.242173102476399642e-05
4.264098751977583710e-05
4.286160925825088021e-05
4.308355263683532867e-05
4.330677014615246683e-05
4.353106859949393113e-05
4.375643868202560704e-05
4.398267755421275476e-05
4.420972121422182404e-05
4.443750374901807326e-05
4.466581101462433411e-05
4.489462114431971602e-05
4.512371484065550196e-05
4.535301874785751207e-05
4.558246014257651249e-05
4.581181593625574728e-05
4.604106431904275590e-05
4.626998245265755112e-05
4.649850099549255635e-05
4.672655408430500797e-05
4.695392356826222813e-05
4.718060183842756307e-05
4.740637675698783078e-05
4.763119735147915130e-05
4.785501898158187880e-05
4.807764275819975382e-05
4.829908948613158482e-05
4.851917179364696297e-05
4.873787089453189623e-05
4.895517688375781859e-05
4.917092333825256849e-05
4.938517219765995564e-05
4.959777317655573135e-05
4.980875139863851544e-05
5.001814281563227339e-05
5.022582402369916375e-05
5.043190783807022725e-05
5.063629016260679292e-05
5.083904824301785586e-05
5.104027124874771894e-05
5.123988536443534561e-05
5.143805979086430114e-05
5.163474129831202846e-05
5.183006283635909855e-05
5.202416935216368964e-05
5.221703822527918210e-05
5.240889545791069904e-05
5.259973813806102512e-05
5.278975318919631359e-05
5.297913851462261877e-05
5.316791883266827699e-05
5.335637190714155983e-05
5.354453908639418466e-05
5.373265407885145128e-05
5.392095950772128143e-05
5.410951817041107241e-05
5.429864930310071422e-05
5.448842724091500022e-05
5.467912026135431070e-05
5.487100260395166493e-05
5.506416112318995827e-05
5.525887724041579158e-05
5.545543624733236307e-05
5.565393115050632725e-05
5.585471546547811323e-05
5.605788250492125418e-05
5.626372092803256272e-05
5.647251947543479954e-05
5.668436599975238441e-05
5.689961124538291381e-05
5.711833543820029870e-05
5.734081501289462580e-05
5.756732265120000091e-05
5.779792125168929624e-05
5.803293948589204558e-05
5.827242492618173902e-05
5.851662280160373268e-05
5.876577111270665766e-05
5.901988919933216565e-05
5.927926608612470454e-05
5.954389913035695587e-05
5.981398586998685492e-05
6.008971388530820847e-05
6.037104353503641079e-05
6.065821028872370472e-05
6.095114764904496757e-05
6.124999332637304206e-05
6.155487341885080806e-05
6.186567881272374162e-05
6.218258282788458231e-05
6.250544699105461531e-05
6.283434288216814903e-05
6.316933011970529872e-05
6.351022586802647818e-05
6.385713918220816657e-05
6.420985809710935438e-05
6.456838853104714755e-05
6.493272550036493802e-05
6.530261515000322105e-05
6.567810716838537574e-05
6.605892162402261921e-05
6.644500627674020034e-05
6.683630041103491028e-05
6.723248880904481820e-05
6.763357351641997753e-05
6.803921890709403416e-05
6.844932864455198311e-05
6.886380152136113112e-05
6.928227682614481668e-05
6.970472658593149869e-05
7.013077746641365753e-05
7.056030845648671396e-05
7.099319813195244363e-05
7.142906092681555058e-05
7.186786077279154017e-05
7.230920863410650703e-05
7.275298177531921539e-05
7.319906192798521607e-05
7.364706205558851351e-05
7.409696207861816422e-05
7.454838107966155203e-05
7.500121878060670452e-05
7.545538417581403338e-05
7.591051247092396972e-05
7.636662334819697365e-05
7.682336713332121403e-05
7.728068888008087357e-05
7.773854713341670473e-05
7.819662081506346821e-05
7.865499027589440361e-05
7.911335696187252241e-05
7.957173030867861763e-05
8.003013640227284989e-05
8.048831466829401793e-05
8.094642180133281484e-05
8.140422467480016254e-05
8.186181010945103279e-05
8.231928329577519420e-05
8.277645420935259230e-05
8.323356442216930191e-05
8.369045314413726478e-05
8.414728986687687237e-05
8.460426249017996060e-05
8.506125342376021211e-05
8.551858928653202315e-05
8.597618002655364657e-05
8.643427446612373082e-05
8.689313812398704348e-05
8.735271896959322482e-05
8.781342010706506948e-05
8.827521188481392506e-05
8.873841048165790409e-05
8.920334543046879469e-05
8.967001496214712221e-05
9.013888194623889607e-05
9.060995877075672905e-05
9.108360930337950148e-05
9.156020609772146037e-05
9.203977520263517448e-05
9.252281587508241170e-05
9.300935779571740090e-05
9.349978699582319917e-05
9.399449266546848817e-05
9.449350121524680154e-05
9.499732056446787284e-05
9.550596897964878517e-05
9.601982585021432185e-05
9.653926792397588420e-05
9.706429230226975484e-05
9.759538640625683471e-05
9.813252741360060103e-05
9.867605906138886523e-05
9.922631701820132399e-05
9.978324038167228009e-05
1.003472687028599908e-04
1.009183106863304071e-04
1.014966484624087617e-04
1.020825516791970652e-04
1.026758769670435008e-04
1.032769936209891761e-04
1.038857199587358432e-04
1.045022567024469882e-04
1.051267892530203434e-04
1.057590745019343001e-04
1.063992583707641236e-04
1.070474706933653946e-04
1.077034041156655139e-04
1.083672892491208313e-04
1.090387754904253293e-04
1.097179146083721447e-04
1.104047427500924508e-04
1.110988456056892970e-04
1.118003667220100522e-04
1.125088511531251005e-04
1.132242626235990682e-04
1.139465519304710088e-04
1.146752077047693272e-04
1.154102994265897048e-04
1.161512821205921124e-04
1.168980485669621157e-04
1.176504833751900131e-04
1.184079987353494338e-04
1.191706133938462946e-04
1.199377168394854761e-04
1.207091577270245962e-04
1.214847829539760036e-04
1.222639578969462570e-04
1.230466822382008567e-04
1.238323124269937435e-04
1.246206870953132722e-04
1.254116505721724099e-04
1.262045572359133229e-04
1.269994246597225967e-04
1.277956135495259557e-04
1.285929905047788558e-04
1.293914355477644891e-04
1.301903303784823014e-04
1.309897488759048667e-04
1.317890941666738564e-04
1.325882986599641897e-04
1.333873153388888194e-04
1.341855898647303198e-04
1.349832880766499150e-04
1.357798902873507470e-04
1.365754281467514229e-04
1.373699596217775002e-04
1.381630250439990859e-04
1.389549109390356542e-04
1.397452020273449785e-04
1.405340541905789921e-04
1.413216532356627981e-04
1.421076550978190222e-04
1.428924851404865266e-04
1.436758486169390989e-04
1.444580388610186832e-04
1.452393800727003052e-04
1.460196519631592397e-04
1.467994236228575518e-04
1.475785233382319783e-04
1.483573811274260898e-04
1.491364558808937343e-04
1.499156447569989069e-04
1.506956508308684799e-04
1.514764131395032916e-04
1.522584828391680667e-04
1.530424350738027119e-04
1.538282633950494287e-04
1.546167806696423458e-04
1.554080100442266810e-04
1.562025943012240162e-04
1.570011928041247537e-04
1.578038611276136674e-04
1.586114850908532179e-04
1.594241330065389664e-04
1.602424982262564497e-04
1.610672814259595843e-04
1.618985554996827661e-04
1.627372330571191599e-04
1.635833798861031745e-04
1.644376911595359873e-04
1.653008591856463280e-04
1.661729234581588936e-04
1.670547724533544851e-04
1.679464177422007294e-04
1.688485048215048910e-04
1.697616662769620046e-04
1.706858567140029717e-04
1.716218901489499681e-04
1.725696737187669937e-04
1.735297545348266665e-04
1.745026580144635184e-04
1.754882072622350822e-04
1.764870977084200421e-04
1.774990889467475529e-04
1.785245893287853980e-04
1.795639790355366844e-04
1.806169133616756324e-04
1.816839364558216891e-04
1.827646295327804791e-04
1.838592350760659563e-04
1.849679640714290178e-04
1.860902825866203386e-04
1.872265664684202391e-04
1.883762040785848691e-04
1.895392619136434316e-04
1.907157753303422661e-04
1.919050178258488427e-04
1.931071983233498279e-04
1.943215167050253494e-04
1.955478723747116569e-04
1.967861377898384408e-04
1.980354099402050155e-04
1.992957514065165660e-04
2.005661973228617758e-04
2.018465079051750763e-04
2.031364241772733040e-04
2.044349013201424376e-04
2.057418940404971870e-04
2.070563141778970003e-04
2.083778275309679186e-04
2.097060913289437170e-04
2.110399693696837493e-04
2.123793614349620993e-04
2.137231115281553633e-04
2.150708485026679609e-04
2.164222050784171886e-04
2.177760149891253211e-04
2.191321852932361059e-04
2.204895561293476877e-04
2.218477837566203191e-04
2.232065412317948321e-04
2.245646981221325179e-04
2.259222336617883057e-04
2.272780498723882844e-04
2.286318947406167481e-04
2.299835450320473096e-04
2.313319694689661089e-04
2.326769992097615014e-04
2.340185003303169801e-04
2.353555276483700097e-04
2.366882969465948711e-04
2.380159296270839477e-04
2.393384334481073671e-04
2.406558586815633189e-04
2.419674374938344771e-04
2.432735881731037952e-04
2.445736220683766187e-04
2.458677552393667958e-04
2.471562496993211732e-04
2.484385399870244642e-04
2.497152651555265132e-04
2.509859425914984623e-04
2.522510062974571790e-04
2.535109349053336816e-04
2.547653672396729750e-04
2.560151577126309943e-04
2.572600219319591650e-04
2.585005972853574529e-04
2.597375596047759401e-04
2.609707296054152178e-04
2.622011474485316210e-04
2.634286951190424717e-04
2.646541751522586542e-04
2.658784179313708170e-04
2.671013808922886325e-04
2.683242383211406146e-04
2.695469853394183587e-04
2.707705309556018435e-04
2.719957979879899504e-04
2.732228168643470998e-04
2.744528271500296297e-04
2.756858676688312207e-04
2.769228805065055733e-04
2.781648054790711528e-04
2.794116702481121367e-04
2.806647005460274598e-04
2.819239005556384205e-04
2.831901649548112078e-04
2.844643697167280501e-04
2.857464601322960598e-04
2.870375671219912647e-04
2.883375815806660594e-04
2.896472719428694548e-04
2.909673729351060223e-04
2.922976729743659687e-04
2.936391342459556048e-04
2.949914643775875802e-04
2.963552372426297207e-04
2.977309811170037314e-04
2.991182668346557350e-04
3.005178293976039643e-04
3.019291401533908889e-04
3.033525285738218700e-04
3.047882711338172849e-04
3.062356815743413701e-04
3.076952316486151941e-04
3.091661269987362758e-04
3.106484274132382769e-04
3.121421376712018659e-04
3.136463013064590567e-04
3.151611176681942531e-04
3.166855249594615154e-04
3.182193159823875099e-04
3.197622322000550472e-04
3.213130625202161006e-04
3.228717531778238937e-04
3.244370019133428675e-04
3.260083654875970825e-04
3.275853583180818318e-04
3.291665580031724082e-04
3.307517036695027711e-04
3.323393060028144138e-04
3.339287419133617923e-04
3.355193593032339727e-04
3.371095913203703688e-04
3.386990378318368699e-04
3.402860969180831791e-04
3.418700410766432039e-04
3.434501299604501975e-04
3.450247356651798517e-04
3.465934009831459048e-04
3.481544989557027511e-04
3.497072840122657364e-04
3.512510148657973022e-04
3.527840934695216485e-04
3.543060927740397854e-04
3.558154519123187583e-04
3.573114947802810042e-04
3.587935656530984630e-04
3.602601847705568156e-04
3.617110375518154102e-04
3.631447138732542702e-04
3.645606858901341237e-04
3.659584593134081578e-04
3.673367488678021416e-04
3.686954203858035261e-04
3.700332833495221488e-04
3.713500192957636635e-04
3.726453520317239286e-04
3.739182464312155963e-04
3.751687945762694149e-04
3.763960712092117374e-04
3.776000038896367306e-04
3.787805656972663762e-04
3.799370009719274044e-04
3.810696467085433726e-04
3.821778607680189114e-04
3.832618250674517803e-04
3.843217644946120607e-04
3.853572032447678212e-04
3.863687129819016520e-04
3.873559235798951055e-04
3.883192509962047571e-04
3.892591461902351370e-04
3.901753856621723200e-04
3.910687384209538897e-04
3.919390686890736374e-04
3.927869806812430841e-04
3.936131012726395398e-04
3.944174082064282830e-04
3.952005883665664159e-04
3.959633424334721387e-04
3.967057372692763006e-04
3.974287281475997417e-04
3.981324267699811056e-04
3.988175986842586217e-04
3.994850073221488970e-04
4.001348091232403742e-04
4.007679772120745589e-04
4.013846829238698708e-04
4.019856932846559692e-04
4.025717575893859239e-04
4.031430480471764389e-04
4.037004795537181339e-04
4.042442115639254506e-04
4.047749404472721925e-04
4.052933314139625003e-04
4.057995071256829543e-04
4.062942588411458606e-04
4.067776746300279331e-04
4.072503220111066413e-04
4.077127276536257378e-04
4.081649160465465912e-04
4.086075078098570573e-04
4.090404794420536040e-04
4.094642321287445658e-04
4.098791212605949730e-04
4.102850469066760594e-04
4.106824354849966381e-04
4.110711355030346775e-04
4.114513687972293698e-04
4.118233115408143226e-04
4.121867379358412718e-04
4.125418817496194382e-04
4.128884718514745948e-04
4.132265624406921550e-04
4.135561668835097062e-04
4.138769557335494095e-04
4.141889949068990116e-04
4.144919242338562901e-04
4.147856634986124775e-04
4.150701001547266568e-04
4.153448425103748332e-04
4.156098315839003169e-04
4.158646653600440806e-04
4.161091777479729260e-04
4.163431809819118112e-04
4.165662745698844025e-04
4.167783281891436942e-04
4.169789538415403433e-04
4.171679551806730269e-04
4.173451252085275294e-04
4.175101113817261136e-04
4.176627673095554801e-04
4.178027745207251115e-04
4.179299600467476557e-04
4.180441498675894325e-04
4.181450903982938060e-04
4.182326672559349024e-04
4.183066778663665163e-04
4.183670157278583613e-04
4.184135799316519833e-04
4.184462531079422096e-04
4.184649861289708095e-04
4.184697222907254746e-04
