2.996010971E+1
2.977277565E+1
2.947353745E+1
2.915437889E+1
2.887824631E+1
2.859185219E+1
2.818259239E+1
2.787404060E+1
2.767533493E+1
2.740354156E+1
2.709562111E+1
2.679221153E+1
2.641930962E+1
2.622355080E+1
2.579353333E+1
2.559790039E+1
2.530915833E+1
2.496869278E+1
2.456594658E+1
2.428004456E+1
2.406997108E+1
2.377993584E+1
2.347574615E+1
2.315901184E+1
2.287070465E+1
2.254559708E+1
2.220960617E+1
2.194839096E+1
2.164886093E+1
2.134901047E+1
2.103866768E+1
2.073112297E+1
2.042801094E+1
2.012320900E+1
1.983902740E+1
1.952417946E+1
1.921553993E+1
1.892178726E+1
1.869373703E+1
1.828476334E+1
1.810483170E+1
1.770227242E+1
1.738252640E+1
1.707172012E+1
1.680382729E+1
1.660223389E+1
1.627153206E+1
1.589524651E+1
1.570142174E+1
1.536613655E+1
1.507011986E+1
1.476622391E+1
1.443917656E+1
1.416501045E+1
1.383943272E+1
1.355022717E+1
1.321928978E+1
1.292438030E+1
1.265028191E+1
1.234162235E+1
1.203430176E+1
1.170835495E+1
1.142974567E+1
1.110192299E+1
1.091789246E+1
1.048571491E+1
1.030879498E+1
9.871892929E+0
9.659209251E+0
9.380394936E+0
9.062223434E+0
8.782607079E+0
8.456562996E+0
8.169179916E+0
7.854831696E+0
7.546748161E+0
7.236356258E+0
6.912338257E+0
6.622080326E+0
6.362757206E+0
6.023499489E+0
5.683761120E+0
5.400278568E+0
5.080241203E+0
4.892293453E+0
4.596060276E+0
4.256025791E+0
3.962785721E+0
3.658104420E+0
3.363957167E+0
3.057072401E+0
2.740773201E+0
2.448567867E+0
2.145132542E+0
1.827785373E+0
1.521358371E+0
1.235120177E+0
8.951416612E-1
5.865233541E-1
2.833532393E-1
7.200319087E-4
-2.639391720E-1
-4.968946874E-1
-8.160238862E-1
-1.131574392E+0
-1.438974380E+0
-1.744664073E+0
-2.069326162E+0
-2.370490074E+0
-2.674755335E+0
-2.973479271E+0
-3.287890911E+0
-3.508939028E+0
-3.929925919E+0
-4.113289833E+0
-4.429148197E+0
-4.751721382E+0
-5.070569038E+0
-5.398348808E+0
-5.696121693E+0
-6.007698536E+0
-6.235567093E+0
-6.543693066E+0
-6.806028366E+0
-7.158939362E+0
-7.469592094E+0
-7.747438431E+0
-8.080763817E+0
-8.401599884E+0
-8.696293831E+0
-8.909875870E+0
-9.221838951E+0
-9.518212318E+0
-9.841260910E+0
-1.017506695E+1
-1.050842857E+1
-1.079797935E+1
-1.099338341E+1
-1.145163631E+1
-1.163229942E+1
-1.194121170E+1
-1.223562908E+1
-1.257446003E+1
-1.288141823E+1
-1.318776226E+1
-1.338767815E+1
-1.372328472E+1
-1.402338123E+1
-1.435543728E+1
-1.469056034E+1
-1.500757980E+1
-1.528106117E+1
-1.559765148E+1
-1.579082966E+1
-1.611440277E+1
-1.644800758E+1
-1.676058006E+1
-1.705455780E+1
-1.736484528E+1
-1.765353584E+1
-1.796635246E+1
-1.828135109E+1
-1.858947945E+1
-1.888129616E+1
-1.920965958E+1
-1.950421906E+1
-1.982040024E+1
-2.000263405E+1
-2.030752373E+1
-2.061218834E+1
-2.095422363E+1
-2.123331261E+1
-2.151614380E+1
-2.181294823E+1
-2.214574432E+1
-2.247574997E+1
-2.274967003E+1
-2.309132385E+1
-2.340737534E+1
-2.366029167E+1
-2.400048637E+1
-2.430280113E+1
-2.460876083E+1
-2.478932571E+1
-2.521747780E+1
-2.554020309E+1
-2.571681976E+1
-2.602399063E+1
-2.633556747E+1
-2.666333961E+1
-2.696410751E+1
-2.726982307E+1
-2.757152557E+1
-2.787580872E+1
-2.820326805E+1
-2.848963165E+1
-2.878236389E+1
-2.910981369E+1
-2.933218002E+1
-2.976925278E+1
-2.994415474E+1
