5.807063542E-3
1.550946012E-2
-8.270123601E-2
1.489767432E-2
-8.284332603E-2
4.075713456E-2
5.361581966E-2
-4.357983917E-2
-4.840307683E-2
6.243737787E-2
-3.883553669E-2
4.610335454E-2
5.870153755E-2
5.659843981E-2
8.117052168E-2
-8.059550822E-2
-2.389612235E-2
-7.430990040E-2
-6.660535187E-2
1.561010815E-2
2.408498712E-2
-5.622735620E-2
3.100145422E-2
-4.928654805E-2
3.298416734E-2
-1.631129533E-2
6.235186011E-2
-5.637935363E-3
6.600678712E-2
-4.751832690E-3
6.392145157E-2
1.646397822E-2
1.018357277E-1
2.744783461E-2
-9.060642868E-2
1.296101045E-2
-5.720555782E-2
2.451652475E-2
2.962131798E-2
3.562142327E-2
2.211016789E-2
5.941594392E-2
-3.040012904E-2
6.991168857E-2
-2.631633310E-3
-2.365535684E-2
-9.880304337E-2
1.232357249E-1
-9.228324890E-2
1.939857565E-2
-7.757539302E-2
2.743007243E-2
-5.747000501E-2
1.947883144E-2
-2.591370046E-2
7.590653002E-2
-3.901841491E-2
6.765597314E-2
2.474939823E-2
-1.071299091E-1
3.256775811E-2
-6.051512063E-2
3.016797826E-2
-7.336723059E-2
-3.255387768E-2
-3.602592647E-2
-2.356062829E-2
-1.083548367E-2
-1.625340618E-2
-6.700005382E-2
2.012811415E-2
-7.566767186E-2
3.853233904E-2
-1.408715732E-2
7.608283311E-2
-2.931404486E-2
8.600428700E-2
5.075552035E-3
6.932753325E-2
-3.443725780E-2
-7.678270340E-2
6.760860980E-2
-2.239428833E-2
8.052057773E-2
8.841656148E-2
1.019218657E-2
-6.680533290E-2
4.427194223E-2
-9.519815445E-3
7.187795639E-2
-3.320385702E-3
5.885481089E-2
1.375304256E-2
-1.029454246E-1
6.578702945E-3
1.360562593E-1
3.547933325E-2
-5.949679390E-2
7.597165555E-2
-3.877238557E-2
-5.053643510E-2
2.376462147E-2
3.893690929E-2
-5.719240010E-2
5.630570278E-2
-2.769380063E-2
8.672592789E-2
1.281168219E-2
1.255861670E-1
3.421760723E-2
-5.100678653E-2
5.449534580E-2
8.775214851E-2
7.137208432E-2
8.049558103E-2
2.260354348E-2
-4.257335141E-2
1.130195241E-2
-1.190841105E-2
5.652607977E-2
-5.558995530E-3
-2.598741557E-3
-6.969585270E-2
5.796739459E-2
-3.716398031E-2
5.343228579E-2
-1.821506768E-2
9.024599940E-2
3.899282590E-2
-9.335683286E-2
-3.710345924E-2
5.280471221E-2
-2.006094903E-2
-7.661890239E-2
1.801449247E-2
-5.855017155E-2
3.727390245E-2
4.762295261E-2
7.896151394E-2
8.913360536E-2
9.221880697E-3
-5.839097500E-2
3.041532449E-2
-4.542506114E-2
4.124459252E-2
7.434023172E-2
-1.429963857E-2
-8.775274456E-2
2.459415048E-2
-4.497576132E-2
3.678842261E-2
-3.387086466E-2
7.833788544E-2
6.522133201E-2
2.295285463E-2
-9.932930768E-2
3.516685963E-2
-5.988886207E-2
5.558669195E-2
-1.977742277E-2
-8.419978619E-2
1.731126755E-2
-4.350089654E-2
4.522119835E-2
-3.879343718E-2
1.198215708E-1
-1.924523525E-2
8.603516966E-3
-6.902880967E-2
3.818829358E-2
-4.519481957E-2
6.867495924E-2
-2.031553164E-2
8.380974829E-2
1.933805458E-2
-6.003424525E-2
5.332637206E-2
-2.892789617E-2
7.471322268E-2
1.417993917E-3
-8.334591240E-2
2.896743082E-2
-7.604263723E-2
-4.389428347E-2
1.159797795E-2
-8.772248775E-2
-8.521547914E-2
3.079818375E-2
-2.554136701E-2
7.713405043E-2
-6.891109515E-3
-1.025336236E-1
1.978077739E-2
-5.072720721E-2
5.639385432E-2
-2.214168012E-2
7.407183200E-2
1.729807351E-3
9.513301775E-3
2.025968023E-2
2.552630194E-2
