2.603806996057513480e-09
4.005180013575287462e-09
5.846769644131853717e-09
2.598584475283422802e-09
1.129075647670732267e-10
1.331727172470016439e-09
1.293522854735247296e-09
3.056093922399517604e-10
1.374071048257260850e-09
1.498848757318992767e-09
2.072828808732076711e-10
1.183668855926728775e-09
1.643995337811134963e-09
2.829620232311799296e-10
5.601739092728018513e-09
1.618602279058134515e-08
1.631209869125459405e-08
6.017039493276970026e-09
2.574381822061303271e-09
7.536819246435583825e-09
8.624080240318937782e-09
6.372489519967843474e-09
6.898690852746734442e-09
7.389321221426216885e-09
8.212241194081218454e-09
1.260939558838663168e-08
1.292309284045585605e-08
5.646095526005883878e-09
2.985391569014219014e-09
7.281872207127132997e-09
6.188464778377460562e-09
1.979956977671860921e-09
5.516809809445217697e-09
9.410401680059243223e-09
5.226027025642715074e-09
2.738245497329009754e-09
5.863893314663890135e-09
4.896670358445796862e-09
8.597022603319623404e-10
1.115594139868791482e-09
1.856531672199064408e-09
1.404842215321830668e-09
5.402283665308045546e-09
1.072278013770724380e-08
1.283972243547079872e-08
1.592354670079554288e-08
2.056786051919951994e-08
3.405322746129748835e-08
7.825537671864868856e-08
1.421329757559935896e-07
1.774358469497253146e-07
1.832370927035975571e-07
2.056076755412770385e-07
2.312160837838561551e-07
2.003505218133187609e-07
1.226902270922139078e-07
6.135146397260416880e-08
3.752955864206494075e-08
3.583463029835483293e-08
3.701934404547544461e-08
1.926632507046330071e-08
2.744089868044075423e-09
6.047913074595290928e-08
3.101538355076091067e-07
1.093941223883176852e-06
3.053138334845271939e-06
6.672611461686298531e-06
1.196939798545548933e-05
1.896151704010528666e-05
2.770862752476996018e-05
3.714931711635391414e-05
4.491162072355398867e-05
4.947823514736116696e-05
5.161231704149681526e-05
5.246424675107100994e-05
5.149578426927749181e-05
4.772788687046175245e-05
4.181502789169659390e-05
3.527452779742965060e-05
2.864838301520195290e-05
2.184992371945206061e-05
1.543278631245384298e-05
1.022364280717869494e-05
6.329046243926687947e-06
3.418626244329907144e-06
1.440236073184467133e-06
4.279296489316480857e-07
8.565731635329752713e-08
1.013226097922388636e-08
2.109931652762778863e-08
8.247555373477822172e-08
1.545487486226688241e-07
2.126946815303017789e-07
2.644296573420084181e-07
3.327553534815409313e-07
4.497722210672691795e-07
5.986859825999398368e-07
6.847290373802462902e-07
6.487023892652656415e-07
5.484036960891958259e-07
4.550975523056266987e-07
3.610742050880222845e-07
2.480278557269762767e-07
1.466816775832705493e-07
8.261906361713899099e-08
4.264402779182043459e-08
1.449070089589172424e-08
1.685648364137350008e-09
8.958512645083316122e-10
2.815331101187524037e-09
4.530955187568080017e-09
4.957456655225462190e-09
3.126696821489290579e-09
1.785861133795469377e-09
1.644045020591217695e-09
5.753520600139877881e-10
4.690880784338763109e-10
2.825064899296968520e-09
5.645459770127950027e-09
1.324948620763138754e-08
3.062686996587840117e-08
4.719182273784903004e-08
5.321386140539300723e-08
6.276563792037997971e-08
8.647459348346227021e-08
1.010555544490954908e-07
8.477310748101139439e-08
5.799310264822720870e-08
4.939491402966168990e-08
5.010498794382595332e-08
3.810788622336631669e-08
1.966832579224585586e-08
1.268196263186961166e-08
1.343092335898953008e-08
8.598590199233410203e-09
1.121449753856314374e-09
1.375058606932855045e-09
6.830774856318386304e-09
7.729408581751133882e-09
3.318142639999512433e-09
3.497575480239936102e-10
1.906743764800956041e-09
5.259399319354649946e-09
6.512360529969593794e-09
4.105470332678743258e-09
6.660618759873781502e-10
5.300261444061458111e-10
3.264877343262834750e-09
4.137382307225166582e-09
2.333864608072778469e-09
1.448976809794812008e-09
1.747473919224224582e-09
7.951274567822688444e-10
4.384336451269256393e-11
1.748117193499118594e-09
3.181303532365158325e-09
1.756979824470961556e-09
9.015678119291953283e-11
4.244749790158172902e-10
1.084016712200776235e-09
1.107740861359523498e-09
1.328249604681117363e-09
1.206903598902038453e-09
3.652397222254259018e-10
2.721411519808102848e-10
9.523283685581966223e-10
7.497613246209009668e-10
8.242775893937498817e-11
2.332562269750613356e-10
3.544087284234993191e-10
1.014549187743033937e-10
1.116396010936347155e-09
2.963500385905121200e-09
2.933696372157363627e-09
1.077604068361874899e-09
5.197265466144453021e-11
4.152733287389767020e-10
6.496094322735216690e-10
3.475096145554130273e-10
1.125062318476582278e-10
3.995405438418693959e-11
8.906744833591222677e-12
5.393815616817576264e-11
6.991625326035785520e-11
2.665411245195942973e-11
9.557424148615870457e-11
2.564276028441683808e-10
3.384925718854400320e-10
3.628339513516259887e-10
4.594563343381690113e-10
6.277193361100971800e-10
7.133004938022169755e-10
6.167050415509581314e-10
4.805522217064031119e-10
4.092945099630328026e-10
2.431694578002699865e-10
3.129333381643565355e-11
9.621973845726551590e-11
3.331960388648020252e-10
4.111522112697235257e-10
4.266070776908157786e-10
3.691406939563967034e-10
1.344117504531393816e-10
7.379472773512755533e-10
3.279787461830168290e-09
6.642194935221477976e-09
9.001211327001173850e-09
1.058278202614385508e-08
1.201217970360537060e-08
1.213508245616070698e-08
1.018859022971617020e-08
7.632380494447099136e-09
6.219089597440543284e-09
6.391306187018132295e-09
7.502265829914121922e-09
7.997315748846194856e-09
6.557205444563582631e-09
4.127994376180965015e-09
4.595562035720265727e-09
1.389813614018996814e-08
3.596644785884802402e-08
6.669836638179039678e-08
9.762005764675030448e-08
1.286945878185877406e-07
1.648983259182058829e-07
1.949808597881807362e-07
1.942052438323458648e-07
1.589660717117910496e-07
1.167447055318776428e-07
8.983633720853797912e-08
7.132496418163362936e-08
4.767076695004797135e-08
2.266212813105881966e-08
7.116486801827157097e-09
1.924663061762788715e-09
1.442394139310570246e-09
3.206106631959854211e-09
7.506617913535796217e-09
1.252635476059201025e-08
1.448258477666457620e-08
1.223643331580300469e-08
9.223903429945851663e-09
8.798970040208250616e-09
9.766573566829647592e-09
9.273427116562573096e-09
7.294658099550864429e-09
5.514199040251137522e-09
4.814379156860838053e-09
5.362886189405116583e-09
6.361383834616578657e-09
6.059131138453599550e-09
4.136305348164063040e-09
2.198618431762464466e-09
1.128734197350996672e-09
7.061694763721072348e-10
1.093601449488439326e-09
1.946239498649072134e-09
1.966759227773217406e-09
1.039216368304656955e-09
2.946215109214978321e-10
7.030150771290472204e-11
2.812727402291494056e-10
1.240757650553400001e-09
2.394548789738550082e-09
2.624429603381468105e-09
2.138629133936293771e-09
1.954060667360770715e-09
2.972585942954311207e-09
6.541691703174087332e-09
1.269092104374996533e-08
1.810974605907571383e-08
1.988477963170373343e-08
1.973357260878644743e-08
2.106129026718129224e-08
2.438521642104479411e-08
2.795446182247809549e-08
3.032680321892219424e-08
3.184600542060038174e-08
3.501094020294030855e-08
4.161961041142701676e-08
4.940934539861937287e-08
5.473723147454017656e-08
5.771206702145667374e-08
6.206657984483147287e-08
7.207372259113326735e-08
8.975440832114815648e-08
1.109581023565010196e-07
1.260881850892045535e-07
1.300984713521005509e-07
1.291856454057846715e-07
1.336027485087640079e-07
1.469478695046527286e-07
1.637484492814421873e-07
1.747703155131973844e-07
1.768877366834403231e-07
1.794302423454089355e-07
1.955396919715623879e-07
2.268260724076928845e-07
2.623363430835676626e-07
2.907028519762226718e-07
3.096667272959749427e-07
3.293691969804847739e-07
3.661048523176455616e-07
4.221205189854811148e-07
4.742082997593744932e-07
4.961606451493767759e-07
4.903431284500203992e-07
4.865742252254271472e-07
5.130241660124321096e-07
5.714779038751411492e-07
6.343241923013023160e-07
6.678230477165565701e-07
6.661854123132310816e-07
6.566071028465023049e-07
6.663531115192312399e-07
6.969657875439210859e-07
7.332176349926997879e-07
7.642414384061177764e-07
7.963280478954419329e-07
8.504561149759545304e-07
9.331439865759312744e-07
1.005818554887897349e-06
1.009990455380739049e-06
9.335297209609183920e-07
8.290672940603352978e-07
7.615508138339979815e-07
7.567333543152150173e-07
7.956202551504205033e-07
8.369589123955882312e-07
8.513040385306912776e-07
8.499272878512829285e-07
8.710663121218697170e-07
9.270659624234360774e-07
9.797725316097441985e-07
9.806624757517431430e-07
9.258185042696323858e-07
8.623570406595988598e-07
8.450655905600474643e-07
8.886581772454792232e-07
9.553009829621078258e-07
9.861263679444205669e-07
9.533559715374202807e-07
8.852410629361042773e-07
8.286494908044235387e-07
7.859236752663206874e-07
7.134986603520913066e-07
5.917811615173991160e-07
4.634733564330445402e-07
3.883725788711497859e-07
3.962520372931475106e-07
4.910378770773527527e-07
6.475701940829207504e-07
7.910362109643374657e-07
8.384271368327697176e-07
7.810456864584575791e-07
6.859966467778183759e-07
6.172178599147224005e-07
5.910539334512454884e-07
5.876732756648046505e-07
5.661941198803041127e-07
4.936231875927107382e-07
3.876322780102822809e-07
3.142031914352616203e-07
3.684950110785967220e-07
7.196142968182450925e-07
1.634671334339950725e-06
3.356700164335186336e-06
5.961773392646268639e-06
9.371002150003003692e-06
1.339652099308126074e-05
1.767371155772965723e-05
2.167324945989887499e-05
2.494575212322625114e-05
2.728232236335361889e-05
2.850640192449321387e-05
2.823938209747518628e-05
2.611087642279084288e-05
2.221717761855043969e-05
1.724435672121284036e-05
1.213148525933996325e-05
7.661416593878751346e-06
4.270141176149942054e-06
2.043145692600848451e-06
8.005529722556161069e-07
2.345144803423547814e-07
4.560303550116628283e-08
1.746518644363979033e-08
2.895603448627425205e-08
3.533795608893275627e-08
3.659321936693425834e-08
4.740948746721673404e-08
7.970618481633970745e-08
1.319755698279264928e-07
1.850047502691043271e-07
2.157162987510623605e-07
2.181121303344194433e-07
2.025557875376630297e-07
1.772225890237849394e-07
1.426695465036290224e-07
1.026295855429039708e-07
6.679269785110982996e-08
4.135722100309380636e-08
2.501383531304409261e-08
1.448405249751437625e-08
8.316709434801352145e-09
5.630804092395527312e-09
5.211745105209060315e-09
5.954610178079170349e-09
6.634251139146018766e-09
6.089796381761324990e-09
4.410078083795526371e-09
2.831798489433576264e-09
2.261699868581153428e-09
3.122430484625709386e-09
6.149949646546086815e-09
1.135407430690173776e-08
1.662833279835219529e-08
1.972057970303480827e-08
2.114980785020271211e-08
2.264534215056340363e-08
2.334089772422154489e-08
2.057542263361784067e-08
1.432342505885397843e-08
8.044247305827993833e-09
4.867071227121670919e-09
4.766072898249854938e-09
5.521921898665527385e-09
5.206895056218340547e-09
3.650368138965285217e-09
1.995610997768783081e-09
1.073966266290714195e-09
7.131255699174070618e-10
6.608997359142970217e-10
1.104263090150235420e-09
1.912509273280548576e-09
2.457505262433196547e-09
2.539912620784630709e-09
2.545720441537043925e-09
2.551789706178729233e-09
2.196799904150166213e-09
1.489344501101581170e-09
9.179298121842265883e-10
7.185162611875915840e-10
7.020661423935644651e-10
7.965034058531333625e-10
1.147492163086458855e-09
1.676480142592271944e-09
2.070171038134315405e-09
2.187246480227119710e-09
2.070981610299892009e-09
1.778016971733882620e-09
1.559733911289211024e-09
1.750898352758439425e-09
2.121746082227313202e-09
2.000726110599440644e-09
1.315613969423812737e-09
7.138090281395700518e-10
5.626020876348427903e-10
7.042914041189367472e-10
1.016385976690665357e-09
1.325688073457488903e-09
1.213482093547387255e-09
6.765749048578596654e-10
3.118248643554476571e-10
3.504296304125815126e-10
4.070539663394578961e-10
3.752087376944704212e-10
5.099310738187077589e-10
6.770489959364522302e-10
5.801365658656151725e-10
4.804755497121312283e-10
7.760294810273060191e-10
1.250786425162670111e-09
1.420684595270846018e-09
1.193054900099081184e-09
7.920767070196687124e-10
4.434607701923597186e-10
2.786885665355305923e-10
2.672498102646620865e-10
3.096837601262004738e-10
4.572186225856821227e-10
7.329469100626021914e-10
8.512373008054899896e-10
5.971300028372342416e-10
2.568858939839667056e-10
1.497611310260169194e-10
1.278960091531770302e-10
1.027552261965576810e-10
4.963771504148208590e-10
1.499957258626454034e-09
2.516394003564864579e-09
3.053360702983749354e-09
3.478635501296736415e-09
4.126003371706503319e-09
4.390031266653961425e-09
3.591746347213167930e-09
2.142479333959236663e-09
1.012112476350408225e-09
5.440704418194309682e-10
5.514594570332560902e-10
1.065972410445667516e-09
2.068156841786050867e-09
3.011166642157497119e-09
4.502525588633585477e-09
1.126308196922858608e-08
3.153191477341533496e-08
7.158865511023968295e-08
1.323707767687780045e-07
2.131610173210333692e-07
3.137083854904266098e-07
4.250794462663271110e-07
5.206123478161068660e-07
5.680092052764718088e-07
5.565350260835925055e-07
5.060572926069443074e-07
4.442964580254718596e-07
3.810294109065537359e-07
3.102744960799523288e-07
2.312551734907853495e-07
1.564091073065731980e-07
9.857687432312102277e-08
5.906716310704005428e-08
3.184071006392005153e-08
1.338772210098264881e-08
3.591947702071882583e-09
6.046206504911631254e-10
3.517092755213509968e-10
2.483629602128927782e-10
9.192678947747473216e-11
1.453105071247832994e-10
6.098930052050398723e-10
1.868923107204652094e-09
3.558997495233498944e-09
4.514789713516065227e-09
4.470305159802167340e-09
4.310196048276186051e-09
4.225648329329218549e-09
3.389460109180519479e-09
1.755659864537146159e-09
4.591438823863917634e-10
1.369645988622474252e-10
2.402673837621098125e-10
1.802919845465322799e-10
5.371247845660242203e-11
9.304265901442411654e-11
2.011488446586439357e-10
2.052420815462709162e-10
1.222409553441536360e-10
5.261836862281027126e-11
3.230528264572693860e-11
5.350636394650208026e-11
1.277521430508273804e-10
2.806241555264136677e-10
5.088480743861998930e-10
7.617403444872359954e-10
9.630694061718196257e-10
1.036395692362033771e-09
9.134578775124125409e-10
5.916428051600454080e-10
2.365832495027687841e-10
9.856357815909202608e-11
1.902958682216741911e-10
2.284703929494321497e-10
1.013571448406043244e-10
1.118266764645533662e-10
4.402805924632800632e-10
7.354332113963768709e-10
6.643516622021310194e-10
4.600961419627780635e-10
4.503614852111919611e-10
4.821986893110650551e-10
2.980823289093160990e-10
5.562969920858829347e-11
3.836391595512409072e-11
2.210070905469013267e-10
4.237318534802760016e-10
5.589220624347162231e-10
5.635851832204275877e-10
4.025717693752428003e-10
1.959601328583327641e-10
8.967402703192931747e-11
5.296642833995897124e-11
8.613185936400936322e-12
2.256877738444322836e-11
1.721543813593535570e-10
3.750784297813200164e-10
4.992099204705497886e-10
5.114795586145727491e-10
4.333719532084802832e-10
2.824223342285422571e-10
1.161855636473313260e-10
2.101534826872143372e-11
1.809586303282847905e-11
7.187826475419242583e-11
2.158112863432170448e-10
5.586822717394305038e-10
1.077471271716053673e-09
1.514572569572898055e-09
1.718938756374944161e-09
2.057258903125995408e-09
3.034773422023592099e-09
4.302511476774651400e-09
4.642166082365844725e-09
3.498356807273007992e-09
1.961537917975526394e-09
1.401467159040435008e-09
1.622361104290200277e-09
1.432692248227020699e-09
6.393458084538009304e-10
1.746686612185926086e-10
4.031719058052116486e-10
6.499096234447940180e-10
4.780643180550354535e-10
2.228218346811926160e-10
1.370375041940512010e-10
8.062891296767433390e-11
1.123933439718228587e-10
4.096292697742414375e-10
6.923290989417014530e-10
6.843277452628917901e-10
8.827130760768939211e-10
1.924583431034110766e-09
3.687572726497826761e-09
5.936516514976745446e-09
8.929950992734802028e-09
1.222354942380027199e-08
1.405655655016168883e-08
1.333438185489918789e-08
1.105502033225274509e-08
8.553408096029073097e-09
5.822406056278784274e-09
2.801980607411651675e-09
6.650488133385100171e-10
4.245469488697652852e-10
1.462300272981721379e-09
2.549784755541022489e-09
4.104377472259308130e-09
9.784775085835904183e-09
2.634707247841512481e-08
6.176267178314444785e-08
1.249495675488071071e-07
2.289037008376472066e-07
3.906436659564871962e-07
6.248931201694312273e-07
9.437053398851723571e-07
1.364114526704620620e-06
1.893240572888042406e-06
2.476078141888571133e-06
2.964100439055310540e-06
3.176102197040249094e-06
3.018506905872605657e-06
2.546955321238938629e-06
1.916038669353521416e-06
1.286030841373455359e-06
7.674984225658498290e-07
4.084431179285727866e-07
1.985048670022591530e-07
9.047722820749537478e-08
3.664972406381660573e-08
1.086935754559806431e-08
1.841535133389361652e-09
4.594785384826252707e-10
2.749720261995958397e-10
8.626422954372059183e-10
3.457695187627482262e-09
6.934843164431473747e-09
1.005165174065637652e-08
1.293205714659021141e-08
1.473810670825516519e-08
1.359002624996330348e-08
9.651512636637205242e-09
5.455644414199444587e-09
2.842779830688152073e-09
1.593444713220731446e-09
8.994957080352475873e-10
4.775565649799358596e-10
2.703946938266902731e-10
1.566571186587079444e-10
7.263130962360017899e-11
3.034970966579143621e-11
5.414237378318686927e-11
1.590690559467901572e-10
2.832125578986640034e-10
3.156838271396041070e-10
2.555398148604208522e-10
1.895431319950604368e-10
1.433390630558483671e-10
1.849108526668327997e-10
5.377565917553041646e-10
1.228431477712201070e-09
1.771974733380673940e-09
1.664401605363704053e-09
1.081758088709071709e-09
6.299983803489238246e-10
5.196562247528812175e-10
4.678819766647161308e-10
2.974950156188688543e-10
1.342795116372159056e-10
6.955094611784133745e-11
4.063129277854409433e-11
1.501861139172604187e-11
1.827972608575309417e-11
3.380177173269476026e-11
3.140045361329993941e-11
2.188677209155036867e-11
2.074909307000754187e-11
3.187505805718341676e-11
7.393628117790809071e-11
1.719383108847131146e-10
3.186251744411730915e-10
4.366221605852923671e-10
4.141016139240786343e-10
2.550099866596406709e-10
1.124699481472093620e-10
6.797499139287299057e-11
4.111688791107142405e-11
1.169247081701300192e-11
6.374950670576916064e-11
1.494737211067724972e-10
1.397796659676590818e-10
8.391447552798260200e-11
8.310640818415633650e-11
7.458418014553288891e-11
3.728810730092130875e-11
8.635644189263901406e-11
1.612512585323625610e-10
8.629433030991975880e-11
8.122557290843176385e-13
1.725039856490836558e-10
4.994498288094802357e-10
7.623312910934596167e-10
1.036950678377903732e-09
1.332601114862012866e-09
1.380204243403082580e-09
1.258551594082846470e-09
1.512448879173540336e-09
2.204311582407572678e-09
2.597596713453052884e-09
2.173336140113217486e-09
1.305696286940846177e-09
6.478734630195391402e-10
3.926047259805925022e-10
3.421509532997409698e-10
2.921681276340040016e-10
1.719257702828105913e-10
4.116921702956926941e-11
1.925737211778503099e-11
8.460456304723246660e-11
6.463497308536445327e-11
3.676863183151690414e-11
4.122621621898035974e-10
1.173633810675298903e-09
1.559306717047064200e-09
1.323116220439629116e-09
1.711082365883814917e-09
4.146585260737875533e-09
8.550854899733851337e-09
1.377139445259481152e-08
1.857723051797036700e-08
2.151528309212228952e-08
2.128401077999432653e-08
1.788311001905616415e-08
1.229161700224531608e-08
5.835156447956461097e-09
1.135446420623344925e-09
7.721683220731860277e-10
3.011827141231786092e-09
4.178947343487230165e-09
8.968883760641285779e-09
3.285950520000880007e-08
9.361797149728945564e-08
2.127551077495656793e-07
4.257634481159857926e-07
7.625702637432809731e-07
1.194325498123269025e-06
1.615821789980799994e-06
1.910970545222896915e-06
2.036610362342835963e-06
2.027408502977953311e-06
1.930662413442353556e-06
1.764337696763542116e-06
1.535660036144883344e-06
1.266948970092804816e-06
9.875027571479715906e-07
7.174664890674308114e-07
4.729164189230164136e-07
2.747110359294815977e-07
1.387073080556599162e-07
6.164389024998829197e-08
2.477851507060966967e-08
8.969538356247067664e-09
2.704559499708064244e-09
5.187467232766491023e-10
7.382785071742650669e-12
5.144102559606045182e-10
2.224680809331221894e-09
5.376697598674293673e-09
9.424878776706603315e-09
1.246455929253807608e-08
1.249548937071690391e-08
9.679390323853245716e-09
6.182244005524405521e-09
3.659531832680613359e-09
2.157946258735600527e-09
1.284883262656613227e-09
9.480405154986202180e-10
9.098289792224916410e-10
7.511651602833080674e-10
3.959560609191669957e-10
1.059729321398494839e-10
3.321730398810132084e-11
8.275588508792709205e-11
1.091324840618235062e-10
8.655094402166859376e-11
9.145301627624424310e-11
1.584453503634380844e-10
2.405495219472563609e-10
3.228039365125446402e-10
4.683985644313651034e-10
8.077695368941174472e-10
1.555123530606032956e-09
2.810200557742277610e-09
4.270589858684070242e-09
5.419338718390629654e-09
5.908050534333124186e-09
5.494865426106555342e-09
4.131535580746368935e-09
2.554884026308320361e-09
1.915365438528743194e-09
2.216926591295199841e-09
2.213190722716687146e-09
1.415662941928227611e-09
9.007133769325077633e-10
1.640802492700320861e-09
3.318657690424934305e-09
4.905724009948521002e-09
5.336036333162084937e-09
4.499430782440932028e-09
4.918153136427366348e-09
1.037797154294434993e-08
2.045155122227647613e-08
2.860998625581444361e-08
2.889940497910640667e-08
2.261018732746893482e-08
1.544178168328627819e-08
1.037467952901020413e-08
6.686328515773913190e-09
3.875688174512498335e-09
2.628464746855647544e-09
2.636031467748187083e-09
2.466649183085952810e-09
1.573533808674892701e-09
7.006887182529825235e-10
4.646784986463965064e-10
7.153828961366929214e-10
1.191959844641747787e-09
1.924474499142547742e-09
2.804878699212594714e-09
3.337646476616336623e-09
3.252330100115448882e-09
3.009244233280835985e-09
3.097686977277955058e-09
3.146553249107246152e-09
2.512853438372951124e-09
1.441983700795566968e-09
7.428282540218239671e-10
5.959611990668487080e-10
5.425125807002517499e-10
3.538242058900433310e-10
1.814124627428315415e-10
1.337691087211966968e-10
2.054741197341317330e-10
3.548081224147772867e-10
4.305651876571329966e-10
3.038171366022905137e-10
9.338504929117214292e-11
1.716366448906315786e-11
1.155169096235451971e-10
2.762400712596716040e-10
3.879435351790903269e-10
3.978537871894351879e-10
3.222487693492842569e-10
2.052212100866115008e-10
7.891111728185714789e-11
1.012723479116550568e-11
5.438093010499688282e-11
1.178196817479545751e-10
7.696845026001621594e-11
5.346901675093718921e-12
2.727775634293779749e-11
8.372041743777653536e-11
7.832650646519244544e-11
3.968062764689779258e-11
1.862418192832960777e-11
6.751015129086911653e-11
2.302256947804158259e-10
3.418845698861331615e-10
1.972280940862174216e-10
4.891596756201714204e-11
3.419755105219829139e-10
9.594161586229360184e-10
1.444982017794875258e-09
1.712189583956011183e-09
1.780870301953972418e-09
1.387451426838106412e-09
6.066661007201805946e-10
7.988840319435417303e-11
4.957122649172417773e-11
8.171874092982430407e-11
4.446145048497482117e-12
7.510714874469968835e-11
2.250562406169884842e-10
1.694377297757699023e-10
4.459949163759017315e-11
1.017428377906061935e-10
1.937344191892398063e-10
1.427255506298264961e-10
7.209327502627936356e-11
6.701525168605069817e-11
4.784943981519157384e-11
3.102001448758611138e-11
7.270614670155486898e-11
9.617354526877801972e-11
5.476454369475279526e-11
2.306956400342826740e-11
2.913130506252627649e-11
3.928487234815006442e-11
5.123859762344096775e-11
5.104222709975417412e-11
3.616554523231594641e-11
8.150211487068561651e-11
1.869301203509653531e-10
2.122395713199677039e-10
1.259408676183122570e-10
5.594186411190560696e-11
3.235834594622149897e-11
3.953554771578340922e-12
4.618217469197263301e-11
2.207444643260037670e-10
3.793246881588952502e-10
3.717893263131563126e-10
2.578297943014533085e-10
1.662872320780558452e-10
1.372826566209348866e-10
1.425096019158460539e-10
1.297728459251435760e-10
7.953812919823118737e-11
3.628597665468274753e-11
1.990193381608809622e-11
2.968105052959188893e-12
1.215901898531621677e-11
6.896704398381696905e-11
8.313748897016548355e-11
3.204281280131937414e-11
6.697991714058098159e-11
2.135781902327746759e-10
2.615789501231440494e-10
1.388144628105309537e-10
3.557814381991994649e-11
5.229358867369550302e-11
8.627166090362027437e-11
8.361271557962014366e-11
9.932734566608897831e-11
1.514347119414959389e-10
1.974933739679646428e-10
1.897970630405268069e-10
1.190971817867868264e-10
5.051150048105616698e-11
4.172512475909138635e-11
6.897660963530504904e-11
1.622594359993774961e-10
4.120117689171127166e-10
6.917788308541766061e-10
7.183428126160137249e-10
4.923190317209472303e-10
2.631987298325381736e-10
1.096237344086786909e-10
1.026023806909803847e-11
8.691594778151264476e-11
3.458972114905356177e-10
5.756542530773065585e-10
7.596144278404966476e-10
1.019824276513527334e-09
1.138540416067293533e-09
8.837539774348268115e-10
6.112297487355585744e-10
7.198949082536456785e-10
8.940075082322367275e-10
6.869013611658230151e-10
3.314773904126011350e-10
2.520102829386900250e-10
3.370034847557814267e-10
2.776113518792012220e-10
1.248372091124851282e-10
9.497659927589382703e-11
1.773875288312802639e-10
1.984022530630345841e-10
1.152683495577119521e-10
7.458067745138209377e-11
1.355107190391478353e-10
1.495874547997659740e-10
1.957079070700406158e-10
7.581438791836648070e-10
1.889879312513236627e-09
2.719087189439744842e-09
2.606021329913580711e-09
2.166204670924712801e-09
2.261791138898830300e-09
2.746371008434900300e-09
3.063182396413179121e-09
3.203464607899986204e-09
3.318863891862592791e-09
3.285562534380138349e-09
3.278970703809022911e-09
4.120490448577461771e-09
6.805583000960748888e-09
1.226121720218449581e-08
2.186349931120685202e-08
3.814942649843117419e-08
6.427540262193245981e-08
1.011434511363228087e-07
1.455663510759548182e-07
1.947135280716610396e-07
2.518214590223042167e-07
3.203190492356909842e-07
3.896179190503881760e-07
4.348947772251576786e-07
4.369785378642192188e-07
3.972608568643579804e-07
3.300432740879895451e-07
2.491540714019180086e-07
1.674602596734821219e-07
9.949149849546746953e-08
5.431921430249721728e-08
2.914509053390179026e-08
1.532552556704890498e-08
7.373396108323120887e-09
3.332028907365432256e-09
1.474091688531673251e-09
5.742409784861800659e-10
6.602676852765746229e-10
1.416037877486369210e-09
1.756185565903672180e-09
1.407989101855170834e-09
1.019688135344445955e-09
8.036747556579355951e-10
5.081415166545263428e-10
2.352275855901521826e-10
2.048602213029629602e-10
2.459680492854881370e-10
1.547771553475374269e-10
3.587835425331976148e-11
4.495611511236416315e-12
4.969594901688457821e-12
8.670535319209202373e-14
1.105867833114490720e-11
1.626462018584569767e-11
1.124524507125990685e-11
5.237025021711937342e-11
1.310624882652792516e-10
1.544385807206008912e-10
1.087911021692726988e-10
8.423829020869852775e-11
1.242977174926830097e-10
2.229142872958020961e-10
4.214296029310736463e-10
6.885916187652281845e-10
8.146780227051741413e-10
6.892995167633464050e-10
5.009270593543940928e-10
3.983138558184339543e-10
2.686866261397720514e-10
9.982608006313678802e-11
1.019318691139600948e-10
2.495113857815080074e-10
2.548429650934870171e-10
1.237187034830225492e-10
1.299670908924404632e-10
2.410781895142176204e-10
1.947488707390916740e-10
4.246450975765418840e-11
5.364059214455241727e-11
2.311971908237063315e-10
3.325264123338971517e-10
2.279380416971120610e-10
4.344974741595880084e-11
2.647523972223868979e-11
2.328511159580047903e-10
3.827567886376120245e-10
2.614185918003503709e-10
8.011479319129327418e-11
8.369364875300212785e-11
1.349982565656171078e-10
6.839561535301882944e-11
2.122859252722789866e-12
1.002924406366534330e-11
3.810317246571302325e-12
4.228577819202388767e-11
2.131103611728741529e-10
3.209477151060561026e-10
1.983688580312193301e-10
3.316992474822514546e-11
5.539256555873283650e-12
2.231500128933941590e-11
2.055828232279007476e-11
6.403746698461677760e-11
1.085450705211571188e-10
8.279668382431001701e-11
5.650695263372442413e-11
5.942987143461697094e-11
3.040747945348191226e-11
4.194148561485450694e-11
1.879986029039707916e-10
3.123559862858625471e-10
2.385008265498425167e-10
8.101952572568809649e-11
1.918426416737412709e-11
3.257508300404485896e-11
4.812043840501447103e-11
5.949018627235360814e-11
4.949017304127362893e-11
3.065446839601335762e-11
7.441115313043492300e-11
1.512677558690825463e-10
1.398500759049746341e-10
5.279564750813109422e-11
1.365548856976608939e-11
4.240020743737012706e-11
8.442270755354489387e-11
1.377522657196532833e-10
1.858627220921102830e-10
1.668410921167293752e-10
9.614220058156410948e-11
4.920816033005327302e-11
2.846016217772460552e-11
4.786252157283482971e-12
6.252473576043539999e-12
3.837513213404566054e-11
4.667857360202764379e-11
3.355871659952311166e-11
5.815170686250966789e-11
1.068855671655130750e-10
1.332183757915612384e-10
1.836566157888571601e-10
2.970001556016157241e-10
3.509021295146635368e-10
2.215337449667134960e-10
3.979614841488364868e-11
6.715373330175213852e-11
3.223870711785961848e-10
5.275211838418125803e-10
4.636146184669636497e-10
2.226293309473070629e-10
3.962948427926408064e-11
6.340340684071011643e-12
4.671454617947041130e-11
7.524148926959146453e-11
6.552703691200914796e-11
2.616958961095379461e-11
2.511034171994593171e-12
4.355859537107884438e-11
1.092251336388786027e-10
1.028764950402191471e-10
3.249673979500093014e-11
4.921945874129753172e-12
3.786497110555108892e-11
4.675000742415911958e-11
2.091119363785362936e-11
2.223314179507019878e-11
3.552087741903889922e-11
1.575590066487000889e-11
1.682419943415857264e-11
8.654137401511504298e-11
1.409041457153964403e-10
1.044997114793866390e-10
4.006658635891310934e-11
2.008324636534174951e-11
2.048088524918667998e-11
1.045769460713826079e-11
5.032139988555689252e-12
7.401599476261393874e-12
5.810548934564455870e-12
6.158155096625390760e-12
1.242482706881077577e-11
2.040449226948143357e-11
3.213992738881232574e-11
3.881216100818044130e-11
3.940119708284361222e-11
7.408611874767991656e-11
1.446444967358005631e-10
1.604425273677408308e-10
8.360994956817328824e-11
1.398847267050419703e-11
1.740998353932682366e-11
3.276611613154268837e-11
2.806998968991131131e-11
5.168128615409289331e-11
9.196551770329776310e-11
8.166951412295116146e-11
3.277927448027364889e-11
8.856330440884466767e-12
1.505980220168610728e-11
1.889763347762665277e-11
1.126814160936705970e-11
9.276761331657252667e-12
4.894628952352313927e-11
1.372816520281385780e-10
1.965058172488749012e-10
1.540694275090996588e-10
6.210022533054383309e-11
1.050522610931355754e-11
4.805354149212828281e-13
6.629650201720136465e-12
3.553503453705627666e-11
5.807055936664085215e-11
3.681332790505719992e-11
2.117587608378609254e-11
5.992857667394421380e-11
9.150388807430427999e-11
6.162539364084283263e-11
2.321010853344436406e-11
1.821859760983000212e-11
1.572357691341792468e-11
1.009182376561531229e-11
2.300103281528449774e-11
3.090642646731918130e-11
2.479366317849406726e-11
5.331814622868216380e-11
1.078310177174121327e-10
1.040799169034945453e-10
3.928136212087145368e-11
5.622256155188992956e-12
2.754036013035432684e-11
4.606639288690621964e-11
4.745602221772352201e-11
6.292333918423581432e-11
7.959187686364868299e-11
6.457936476852696024e-11
3.162120014105775701e-11
1.271457778155993410e-11
9.029065561156332216e-12
6.237967393853014516e-12
6.405624050486832382e-12
2.780215161898608106e-11
7.104952251595106193e-11
9.150679308777122301e-11
5.353652803623149547e-11
6.833240138243484870e-12
1.462667415623326140e-11
3.385534890734937706e-11
9.335429670905812357e-12
1.476118635454687364e-11
1.085345230859468760e-10
1.767425035936540120e-10
1.397302637037629340e-10
1.167991652961269396e-10
1.699716337781586984e-10
1.846082526461721900e-10
2.020563182904863976e-10
4.494675919488855171e-10
8.533051263160900772e-10
1.049838980959227974e-09
1.064835236189832089e-09
1.393315270725856079e-09
2.186476978590598667e-09
2.901476043249501626e-09
2.975704168312741944e-09
2.436662140897193759e-09
1.697546844750848550e-09
1.069340107629850051e-09
6.197322606607081630e-10
3.306974738724844556e-10
2.095564707909905972e-10
2.134317366032963478e-10
2.019433400095501799e-10
1.034118445082799324e-10
1.794664654250956744e-11
2.155295384018029657e-11
3.803506859028095275e-11
2.184008395198458787e-11
3.673190961685047941e-11
7.824826096011861022e-11
7.301077455350989345e-11
4.899592013817509528e-11
6.385071069152911907e-11
6.717303845794518633e-11
3.039213573307360806e-11
2.483959104463951075e-11
5.437515066030618027e-11
5.396285601769411169e-11
6.685948558967673686e-11
1.566439177281169138e-10
2.261176394167830983e-10
1.716614097921570721e-10
7.105347683909068818e-11
3.300189884583422625e-11
3.760974841089154857e-11
3.191463569896028582e-11
1.964310029099913347e-11
2.257701463052187567e-11
5.166521565518534663e-11
8.744805703327358769e-11
8.185828396426434384e-11
4.738646095803241949e-11
6.125571239162189822e-11
1.115372224517965339e-10
9.792018951423281124e-11
2.730031708776854580e-11
7.221971041193412696e-12
5.012195665281684797e-11
8.695823986662552208e-11
1.116807459921608998e-10
1.359062964673184852e-10
1.128338754405060208e-10
3.963833405729134295e-11
4.843622315615793514e-13
2.863642836253082869e-11
5.995873544676199910e-11
5.156563098104948042e-11
2.816568665578531837e-11
1.375744160865384008e-11
7.087796791591676278e-12
9.287710502140335590e-12
1.968812044985754175e-11
2.216081627560044381e-11
8.246335751647548445e-12
3.604392414664443212e-12
4.935622609459011660e-11
1.452904228635904353e-10
2.196029154571798866e-10
1.946940752910758186e-10
1.042801072287309017e-10
7.955029643825032024e-11
1.548736174128489890e-10
1.890949435241489730e-10
1.088509824126435487e-10
7.795115140144088270e-11
2.071082280180368097e-10
2.975118454244865375e-10
1.740895327232626663e-10
2.480377468908057183e-11
6.485795813693715910e-11
1.615629019515399507e-10
1.242217886568535359e-10
2.936616018861569202e-11
7.853428409771465871e-13
1.283366880575619710e-11
3.569446837860040069e-11
6.521967953158288786e-11
5.282072266635613976e-11
2.261894498812623287e-11
4.997635103281145526e-11
6.764063211774995009e-11
2.990685226984272562e-11
1.134426862482189600e-10
3.505834658609144042e-10
4.371681335651250148e-10
2.895740620659276330e-10
2.430428904071444200e-10
4.313903709279213784e-10
6.203975390958867821e-10
7.330513899208237765e-10
8.888408004257451568e-10
1.030407657208648914e-09
1.016882339583020310e-09
8.657845317429352072e-10
7.396867006918673466e-10
9.663449978478015048e-10
1.749109863357173488e-09
2.604154138363840247e-09
2.930922473541993265e-09
3.246718306323361108e-09
4.479527962980640440e-09
6.129344192511044582e-09
6.901232338682327591e-09
6.826875507135607087e-09
6.830718039309332022e-09
6.852897254146185471e-09
6.315431824332318565e-09
5.516824776171146975e-09
4.896397867964551280e-09
4.067932337311097750e-09
2.829491717992984101e-09
1.814115433904387667e-09
1.349835551602129931e-09
1.015345783168287896e-09
6.472044254718197503e-10
5.146917400326544069e-10
5.272549514515057680e-10
3.533860714356793575e-10
9.218512417615002104e-11
5.408949461044746220e-11
2.181035287389707661e-10
3.557652026138623251e-10
3.476376685528739495e-10
2.070135345598592087e-10
4.911714978029657404e-11
3.934158118049745764e-12
4.384568008799426816e-11
5.464141266402328121e-11
4.575058327602065545e-11
7.911054343134202429e-11
1.116998684146963380e-10
9.016050159934644401e-11
4.882063632581975918e-11
2.350675220809445407e-11
1.306430380883683122e-11
2.066663241005387561e-11
3.339767629753040887e-11
3.133441972489270030e-11
3.813386330274241950e-11
6.371242926782662486e-11
6.009609745117821429e-11
2.255299181156090630e-11
8.424331797871468535e-12
1.709780010771689493e-11
7.935509014923531572e-12
2.778567687164106330e-12
2.049837087108099045e-11
1.795504131742145661e-11
6.611212884512549278e-13
2.444762231463306182e-11
5.567854581273639966e-11
3.070915248198083496e-11
3.508805935884436643e-12
3.642577571630414170e-11
7.074933617978702682e-11
6.413106489152068138e-11
7.375739245174139413e-11
1.087242656092099524e-10
1.048302471958780964e-10
6.395969839613416986e-11
3.409225850114301206e-11
1.354071995362444175e-11
6.104976812996148708e-12
4.050655710065208061e-11
7.418125738258014965e-11
4.467015312493013841e-11
2.325986628949414566e-12
2.684325901819274735e-11
8.784806632864646418e-11
1.145599810470971164e-10
9.580764396914143289e-11
5.223235310659606892e-11
1.317586070719854732e-11
5.573971034401367814e-12
8.756078101850031546e-12
3.973888671723942486e-13
2.395618404474102450e-11
8.803860878378829269e-11
1.056319441993488335e-10
5.283223091137120529e-11
1.612043451202385576e-11
1.951449216642080745e-11
1.339086178505309188e-11
9.161931035993146032e-12
2.650528164588569660e-11
2.426505492129525989e-11
1.440112209962362629e-11
5.294888211944689307e-11
9.343711362631879687e-11
6.830021852850131529e-11
2.705405319433617807e-11
2.001021718020783939e-11
2.687342402336290447e-11
5.830039381956378712e-11
1.020409147265865594e-10
7.168947129131384285e-11
5.096672474518408567e-12
4.109474326426794801e-11
1.114249710989197718e-10
6.187543200693456220e-11
1.674477700588505114e-12
7.097785849587303899e-11
1.225999287215980698e-10
4.764959796936988855e-11
1.025943034513384533e-12
4.025784150306004775e-11
3.871363025405272117e-11
5.599229666426713175e-12
1.942454393166713167e-11
2.158848136395920324e-11
4.336924269336062213e-12
4.559144826653218215e-11
6.840108042778938574e-11
1.117713847512058147e-11
4.334140174761362804e-11
1.927035930387215819e-10
2.030325246018486832e-10
5.049694065368833683e-11
1.447360842464503376e-11
1.534237103451404978e-10
2.883608666776910288e-10
3.523613415340270576e-10
3.279567851718129835e-10
1.852725769758631073e-10
6.614307073176228392e-11
1.010858155750028069e-10
1.450591182014316196e-10
7.692572048734435088e-11
1.827738413171626246e-11
2.589170525186533856e-11
2.217744664939181128e-11
3.435819951568873004e-11
8.830417216947200063e-11
8.513816614577373302e-11
2.598228663709464841e-11
7.728437198188642211e-12
7.708243309509730952e-12
1.027325637219914435e-11
7.848164010616805001e-11
1.271038432976782184e-10
6.026326191025721380e-11
3.005825269641527733e-11
1.067509279991500580e-10
1.022637793453412702e-10
2.024968634984702918e-11
4.497493521171780811e-11
8.247357635010310553e-11
1.852533419542932728e-11
6.380739885901496314e-11
2.456879140087404860e-10
2.440755351707789465e-10
6.287567892443992068e-11
1.843569160859893414e-11
8.679860059542632460e-11
6.219323334601080624e-11
1.283554159351509885e-11
2.456585462177541998e-11
2.017320758538631327e-11
1.398878433353705985e-11
4.820434307789582959e-11
5.896404290621154489e-11
6.005831941069018796e-11
7.526246728408440499e-11
2.857739841892796730e-11
2.843081047669823974e-11
2.069497560725838917e-10
2.812213644097667914e-10
8.909700712228245137e-11
2.459981332538123562e-11
1.665845300881611674e-10
1.051180466384912710e-10
1.735448622420160364e-11
3.201270510124878368e-10
5.348546886232308429e-10
2.265878357740717013e-10
7.893276600385294230e-12
1.941829802321000652e-10
2.079960791188356076e-10
1.896629495962568307e-11
9.793269504106221785e-11
1.967752151759147965e-10
4.702825376427657496e-11
6.075826953644849057e-11
2.133656006340628411e-10
8.824595414233888379e-11
2.149599713945493157e-11
2.635889436506005400e-10
2.424852964025735333e-10
6.667849146076797487e-12
2.037174760827442069e-10
4.321221495620422098e-10
1.522804410826617668e-10
2.325035338183299826e-11
2.771648287782880581e-10
1.958209602974429689e-10
1.251740488268711660e-12
2.640956491797552523e-10
3.510280570912333538e-10
4.330223682331053172e-11
1.350629140756407156e-10
3.280173183884009874e-10
5.344803727123268240e-11
2.025533152793133490e-10
7.787780794540960555e-10
4.640975794567584943e-10
3.113366083530695085e-11
7.647502636787653069e-10
1.039967997045040220e-09
1.512542542475304455e-10
3.081123349431391331e-10
1.088897200586721452e-09
3.795368838633668232e-10
2.125264651169302611e-10
1.761987333523361064e-09
1.414514246339808527e-09
3.239353260922207296e-12
2.054695695721389900e-09
3.636775460062604718e-09
7.549210252424463591e-10
1.221982758901025461e-09
6.008438308578663519e-09
3.458247105714296880e-09
5.346845483684201159e-10
1.325298311452653484e-08
1.975701263459155192e-08
2.003866867792730516e-09
2.616491498003900924e-08
1.585037616816521277e-07
3.079783403104172423e-07
