3.380313283E-3
1.684289053E-2
1.979196072E-2
2.152074873E-2
3.660817444E-2
5.698458850E-2
5.878968537E-2
8.350452036E-2
7.471255958E-2
9.967868775E-2
9.580732882E-2
-7.737606764E-2
1.110664532E-1
-7.430727035E-2
-6.958994269E-2
-9.402585030E-2
-2.824046090E-2
-1.880909130E-2
-1.819730550E-2
-1.658363827E-2
3.462542547E-3
8.251447976E-2
7.617755979E-2
-7.014779001E-2
-6.342867017E-2
-1.034795865E-1
-4.108269885E-2
-2.646562271E-2
-4.888395593E-2
-4.123136774E-2
3.411193611E-4
1.136313099E-2
4.422980361E-3
5.353359133E-2
5.811010487E-3
1.977880299E-2
5.736679211E-2
6.651858240E-2
7.413563877E-2
8.056531101E-2
5.995405465E-2
9.113144875E-2
9.972605109E-2
1.260321736E-1
2.016561106E-2
2.631175518E-2
5.743849650E-2
3.728771955E-2
4.619150236E-2
7.992786914E-2
9.058412910E-2
7.781819999E-2
-8.087311685E-2
1.027159095E-1
-8.575950563E-2
-9.215299785E-2
-6.844070554E-2
-7.537756860E-2
-7.888053358E-2
-3.803232312E-2
-3.239862993E-2
-2.156146988E-2
1.056715194E-2
-2.212194353E-2
3.077709582E-3
3.345912322E-2
4.620597512E-2
-6.599816680E-2
-4.430213943E-2
-5.126005039E-2
-1.159593929E-2
-2.513021976E-2
-4.624871071E-3
8.445636369E-3
1.694551110E-2
6.243207492E-3
3.868561611E-2
4.601520300E-2
5.422563106E-2
5.754177645E-2
6.155982614E-2
8.394526690E-2
-1.073312089E-1
-7.649851590E-2
-8.024422824E-2
-4.595724866E-2
-6.475749612E-2
-3.034552932E-2
-2.924431488E-2
-1.833282039E-2
-1.456211060E-1
8.924346417E-2
-1.180400923E-1
-1.244158149E-1
-7.615578920E-2
-6.963072717E-2
-4.524218291E-2
-6.560280919E-2
-5.722660944E-2
-3.920129314E-2
-4.033477977E-3
5.092655774E-3
-6.729282439E-3
1.561401761E-3
2.327453531E-2
4.423638340E-3
3.230791539E-2
3.039953671E-2
5.435259640E-2
5.281852558E-2
7.827999443E-2
7.886546850E-2
7.828986645E-2
9.612637758E-2
-4.803008586E-2
-6.272873282E-2
-6.030922011E-2
-5.981518701E-2
-2.956402302E-2
-2.664784342E-2
-1.771313883E-2
1.038493123E-2
1.092961803E-2
2.369686402E-2
2.756821923E-2
2.390737087E-2
3.596547246E-2
-1.209457442E-1
6.499240547E-2
-1.098888665E-1
1.234389991E-1
-4.894118756E-2
2.085567825E-2
4.196228832E-2
6.214464083E-2
5.916070566E-2
9.081700444E-2
-1.076384112E-1
-9.735777974E-2
-1.072667390E-1
-6.506864727E-2
-6.461606175E-2
-6.241889298E-2
-6.288661063E-2
-5.017659813E-2
-4.789062589E-2
-8.068633266E-3
2.723009139E-2
7.323371246E-3
3.524251282E-2
5.835222825E-2
1.615347899E-2
4.006903991E-2
4.040124640E-2
6.823091954E-2
7.956540585E-2
-9.774722159E-2
-9.742224962E-2
-1.156330705E-1
1.204695329E-1
-5.105612427E-2
-2.556636371E-2
-2.343695424E-2
-2.681032941E-2
8.034490049E-3
-2.046814933E-2
2.038137987E-2
3.707129136E-2
1.613571867E-2
3.103763610E-2
4.490543902E-2
7.249894738E-2
7.618874311E-2
-1.081186309E-1
8.205728233E-2
-7.966598868E-2
-7.776024193E-2
-3.628642857E-2
-4.141161591E-2
-1.830190048E-2
-2.008923702E-2
4.978192504E-3
1.026915293E-2
5.349868909E-3
2.870692872E-2
3.841919452E-2
2.380738035E-2
6.125590578E-2
-7.841544598E-2
-8.049683273E-2
-6.556136906E-2
-4.380284250E-2
-1.943403482E-2
3.994730301E-3
-5.275468808E-3
1.279852539E-2
3.656673059E-2
6.439969689E-2
4.686973244E-2
6.710076332E-2
-8.526876569E-2
-5.347169191E-2
-5.064563453E-2
-6.234981865E-2
-1.265439484E-2
-6.816116627E-3
1.809277385E-2
4.063214734E-2
4.411603883E-2
5.259354785E-2
7.636503875E-2
7.647753507E-2
-3.726307186E-4
2.309297211E-2
4.657633603E-2
7.161547989E-2
7.278839499E-2
7.687683403E-2
-8.257295936E-2
-6.390231103E-2
-5.106730759E-2
-3.347616270E-2
1.340833772E-2
-1.000417471E-1
-7.929562777E-2
-3.448791057E-2
-2.365732938E-2
-1.660012174E-3
8.496252121E-4
2.112736367E-2
1.015399466E-3
4.980301484E-2
7.195360959E-2
-1.091205180E-1
-8.409189433E-2
1.045841575E-1
-8.805140108E-2
-4.587830976E-2
-2.973966487E-2
-4.079526290E-3
-1.317280577E-3
3.934608027E-2
2.561773919E-2
3.390381858E-2
6.745007634E-2
6.655476242E-2
9.907347709E-2
-7.609066367E-2
-8.224864304E-2
-3.214536235E-2
-5.198301002E-2
-1.315763779E-2
5.353157874E-3
1.947554201E-2
3.263551369E-2
-2.867791988E-2
2.465993352E-2
1.080791932E-2
2.071227133E-2
5.667869747E-2
5.142194405E-2
9.934713691E-2
-8.923616260E-2
-5.263032019E-2
-3.296765685E-2
-2.702873014E-2
-7.834443823E-3
1.500358526E-2
2.175625414E-2
3.748112172E-2
5.030819215E-3
4.775451869E-2
6.847497821E-2
-9.692163765E-2
-5.093771219E-2
-2.069510147E-2
-4.110111669E-2
-7.231209893E-3
1.452797092E-2
6.963536143E-3
4.844919220E-2
6.514173001E-2
6.234264746E-2
-1.014626697E-1
-1.127043962E-1
-5.418741331E-2
-2.265018597E-2
-3.282227367E-2
-9.135640226E-3
1.453915425E-2
1.332018804E-2
6.659620255E-2
8.826921135E-2
-1.115327924E-1
-9.683546424E-2
-2.373627014E-2
-2.305409499E-2
-3.407413512E-2
1.919201575E-2
6.058356259E-3
5.301390216E-2
