-3.609174863E-3
2.895032801E-2
2.740639076E-2
-6.311816722E-2
-3.831387684E-2
7.766093593E-3
-5.666942149E-2
-9.328447282E-2
-7.274360210E-2
1.684617810E-2
-9.174452163E-3
-1.265044790E-2
9.362529218E-2
-6.104862317E-2
1.104539726E-2
-5.500378460E-2
5.139036849E-2
8.138234168E-2
-2.329025790E-2
-7.874765247E-2
-1.115689725E-1
3.385448083E-2
1.868416741E-2
-2.934299037E-2
4.743152112E-2
9.167744964E-2
-1.808349974E-2
-9.267729521E-2
-7.497300208E-2
5.570181459E-2
-6.669481844E-2
-4.245888814E-2
6.279392540E-2
-1.848148927E-2
-7.310146093E-2
2.994036861E-2
3.155337647E-2
-5.565043539E-2
5.786016583E-2
-1.359746158E-1
7.318728603E-4
-1.120518222E-1
1.837630197E-2
-3.585423157E-2
-5.474723130E-2
4.170310125E-2
-8.152177557E-3
-3.065471165E-2
-3.646996617E-2
2.375409566E-2
-6.348589808E-2
-5.938299000E-2
1.818158291E-2
-2.826348506E-2
6.713891774E-2
7.374291867E-2
-4.255168140E-3
7.993839681E-2
-1.549360715E-2
9.784464538E-2
-1.122820675E-1
1.592652686E-2
-6.398059428E-2
-6.142687798E-2
6.777175516E-2
-3.953222185E-3
8.289075643E-2
-6.840584427E-2
1.786055975E-2
-3.732844070E-2
4.923332855E-2
6.629952043E-2
1.091185678E-2
-9.458830208E-2
1.112104766E-2
3.647200391E-2
-5.809363350E-2
5.123248696E-2
4.244908690E-2
-1.582055166E-2
9.230568260E-2
1.715334947E-3
-8.127110451E-2
-6.961296499E-2
5.458283797E-2
-3.888224438E-2
-8.544905111E-3
1.494372264E-2
2.688143961E-2
3.624768183E-2
-7.206010818E-2
4.325361550E-2
5.693878629E-4
3.134941217E-3
-7.500194758E-2
6.750467420E-2
3.720413661E-3
4.414103553E-2
-5.687466636E-2
-3.604303300E-2
6.199597195E-2
-7.629857399E-3
-1.089751348E-1
-4.773011431E-2
5.392500386E-2
1.435755403E-3
8.137708157E-2
8.738573641E-2
1.430167630E-2
-6.985176355E-2
-6.561070681E-2
6.631728262E-2
-3.824414313E-2
-9.464816004E-2
-7.535652071E-2
3.670553491E-2
-4.410413280E-2
7.064648718E-2
-1.145279109E-1
-1.618104428E-2
-7.556636631E-2
-4.748934507E-2
5.236264691E-2
-1.700004749E-2
1.429177122E-3
-1.042051762E-1
1.979393326E-2
-5.551689491E-2
-4.222864658E-2
4.156364128E-2
-1.391615835E-3
2.278576419E-2
-9.160830826E-2
-1.187183186E-1
6.075463817E-2
-1.477262098E-2
7.404617965E-2
-1.913669333E-2
-9.971874952E-2
-1.002029181E-1
3.306047618E-2
-6.474696845E-2
-6.361483783E-2
4.582048580E-2
-2.830098011E-2
8.591876924E-2
-9.973519295E-2
4.322730377E-2
3.500108793E-2
-1.656587608E-2
7.437114418E-2
2.179765841E-3
2.555656061E-2
-4.080574960E-2
3.536421061E-2
6.871443242E-2
4.146690015E-3
3.507275367E-3
1.381488293E-1
2.216148004E-2
-3.996109217E-2
-1.346813608E-2
8.466164768E-2
7.848980837E-3
3.948422521E-2
-3.585752100E-2
-2.714187652E-2
7.155824453E-2
3.448070260E-3
3.918688744E-2
-7.357773185E-2
-1.091968641E-2
9.730653465E-2
2.554143034E-2
-8.664626628E-2
-8.617789298E-2
8.090475947E-2
-7.938443869E-2
4.113275930E-2
1.011173725E-1
-9.588887915E-3
-6.215839088E-2
6.897098571E-2
8.164086938E-2
4.431532230E-3
-3.934802953E-3
-6.025527790E-2
-2.780234255E-2
8.431365341E-2
-7.473486662E-2
3.419524059E-2
-3.991241381E-2
8.809159696E-2
-8.253283054E-2
1.154535078E-2
4.937213287E-2
-4.043144360E-2
1.383592933E-2
-9.157344699E-2
2.175296471E-2
-3.140398487E-2
-2.115032263E-2
-1.055636033E-1
2.912399545E-2
3.876521438E-2
-3.621209413E-2
8.564704098E-3
-1.104598641E-1
2.780503780E-2
-7.120558619E-2
-1.474104449E-2
8.109816164E-2
-1.003825068E-1
1.569957472E-2
-5.914551020E-2
8.446166664E-2
8.719496429E-2
1.704151859E-3
-4.424556717E-2
7.672553509E-2
6.402801722E-2
-1.527981088E-2
9.442456067E-2
-7.616236806E-2
3.893888369E-2
-4.341274872E-2
-3.401098028E-2
4.217279330E-2
-3.121189773E-2
-7.777669281E-2
3.344202042E-2
3.160666302E-2
-7.459478453E-3
-1.313164979E-1
-1.019770950E-1
3.451691940E-2
6.011917070E-2
-1.356944256E-2
8.788897842E-2
8.489583433E-2
2.603546530E-2
-5.879159644E-2
-2.715174481E-2
5.911334231E-2
-1.190117467E-2
3.682920709E-2
-7.161147147E-2
5.812461674E-2
7.609796524E-2
3.180989530E-3
-7.961270213E-2
-5.557347089E-2
3.962171450E-2
-1.154265553E-2
2.703471482E-2
-5.204156041E-2
4.346477985E-2
6.178941205E-2
-2.443752065E-2
-7.792338729E-2
-1.060214564E-1
-4.321609158E-3
-7.568020839E-3
2.445468865E-2
2.199438959E-2
-5.722595006E-2
6.012640521E-2
4.139454104E-3
2.895295992E-2
-7.342383731E-3
1.888086088E-2
-7.970874757E-2
2.463822439E-2
5.459928140E-2
8.879149333E-3
-1.126668975E-1
-5.579384416E-2
2.884902060E-2
-2.961401828E-2
-1.716253161E-2
8.676145226E-2
-7.550847530E-2
4.240171984E-2
-3.298344463E-2
-1.512193121E-2
-9.029856324E-2
-4.653680325E-2
5.579456687E-2
4.682166968E-3
-3.003309714E-3
-8.804614097E-2
2.513752133E-2
5.090291426E-2
-3.351563215E-2
1.158153173E-2
-8.471223712E-2
4.159324244E-2
-3.006266057E-2
-1.186894067E-2
8.738245070E-2
-1.045577750E-1
