2.983282866E-5	2.456244147E-5	-9.169414261E-5
1.602536213E-4	3.313478010E-5	1.329115476E-4
1.296331757E-4	2.134077295E-5	1.812494447E-4
2.167884231E-4	2.874080383E-4	1.947786659E-4
1.579314994E-4	2.822563110E-4	2.224050841E-4
1.030916465E-4	3.339699833E-5	6.546879740E-5
-5.962574141E-5	-6.083681001E-6	-1.957130553E-5
2.829558216E-4	2.537555702E-4	2.288516262E-4
1.699746936E-4	1.423505018E-4	1.789285743E-4
2.548501361E-4	2.549850615E-4	2.332935546E-4
1.915831672E-4	1.412368001E-4	1.412002312E-4
1.174008357E-4	7.091263251E-5	9.760466492E-5
2.670958056E-4	2.877493389E-4	2.542678558E-4
3.657320631E-4	2.553249651E-4	3.738040687E-4
3.506759531E-4	3.074338019E-4	3.580250195E-4
4.621194967E-4	4.422942875E-4	4.077796766E-4
3.147045209E-4	3.456958802E-4	3.659014765E-4
6.502987235E-4	6.728596054E-4	6.394581287E-4
1.582692930E-4	1.631032064E-4	1.829500106E-4
2.610788506E-4	2.765787940E-4	2.880458778E-4
4.126977001E-4	3.711034078E-4	4.275791580E-4
3.188502742E-4	4.546462151E-4	3.918425937E-4
3.395762760E-4	4.725838662E-4	4.332581593E-4
4.745202605E-4	4.578097432E-4	4.084716202E-4
4.869161930E-4	4.646679736E-4	4.625761940E-4
4.805930366E-4	4.339389852E-4	4.780364688E-4
7.449526456E-4	7.514647441E-4	7.865363732E-4
4.784165649E-4	4.432603309E-4	4.773648106E-4
4.817317531E-4	5.416958011E-4	5.026704748E-4
5.049107713E-4	5.180683220E-4	4.799326125E-4
7.098795613E-4	6.684938562E-4	6.709697773E-4
8.578826673E-4	8.531479398E-4	8.682303596E-4
1.345211931E-4	1.458408951E-4	1.380508766E-4
7.596709765E-4	7.485547103E-4	7.967979764E-4
5.622622557E-4	5.287493113E-4	5.854321062E-4
6.876241532E-4	7.029665285E-4	6.375371595E-4
5.145957693E-4	5.538779660E-4	5.153553211E-4
6.931745447E-4	6.751305773E-4	6.965444190E-4
7.252889918E-4	6.970097893E-4	7.284596795E-4
8.009898011E-4	7.908571861E-4	8.134740056E-4
7.407899247E-4	7.710508071E-4	7.291879156E-4
7.431598497E-4	7.626590668E-4	7.855896256E-4
7.235768135E-4	7.205053698E-4	7.087721606E-4
9.249357390E-4	9.140095208E-4	8.851299644E-4
7.869217661E-4	7.945557591E-4	7.927265251E-4
1.272892929E-3	1.287490595E-3	1.272446476E-3
6.112506380E-4	6.123827770E-4	6.123731728E-4
9.981401963E-4	9.875536198E-4	1.047277474E-3
8.486568113E-4	8.914023638E-4	8.986072498E-4
7.264222950E-4	7.355292910E-4	7.351172389E-4
7.619143580E-4	8.003219846E-4	7.601430407E-4
7.999144145E-4	7.658138056E-4	8.152915980E-4
1.032852335E-3	1.022105920E-3	1.025281847E-3
8.670766838E-4	8.425345877E-4	8.827785496E-4
1.019949559E-3	1.038415823E-3	1.011469052E-3
8.240918396E-4	8.369519492E-4	8.081372944E-4
9.254157194E-4	9.218525374E-4	9.636480827E-4
6.705325795E-4	6.750109605E-4	6.735739298E-4
8.498768439E-4	8.981199935E-4	8.794711903E-4
9.150160477E-4	9.655379108E-4	9.162145434E-4
6.715742638E-4	6.961614708E-4	7.084260578E-4
8.525332087E-4	8.707997040E-4	8.869670564E-4
9.344221326E-4	9.383654105E-4	9.806338931E-4
9.473676328E-4	9.361775592E-4	9.399870760E-4
1.014263486E-3	9.858863195E-4	9.678397328E-4
1.103538671E-3	1.100447029E-3	1.069549238E-3
1.050655614E-3	1.158291590E-3	1.091624610E-3
1.069236780E-3	1.031049062E-3	1.040779520E-3
1.035466907E-3	9.989358950E-4	1.007221756E-3
1.080369577E-3	1.060655690E-3	1.071356237E-3
7.495473837E-4	7.601937978E-4	7.650994812E-4
1.253258088E-3	1.243551145E-3	1.253704308E-3
1.080078306E-3	1.097927918E-3	1.077375258E-3
1.358592301E-3	1.364445663E-3	1.358749112E-3
7.006087690E-4	7.176887593E-4	7.197337691E-4
1.191926771E-3	1.186810783E-3	1.198832528E-3
9.594152798E-4	9.770805482E-4	9.677357739E-4
1.144484617E-3	1.189993112E-3	1.193738310E-3
1.120696077E-3	1.124375733E-3	1.124526374E-3
1.044121920E-3	1.030210522E-3	1.043155557E-3
1.210874063E-3	1.258392935E-3	1.215169556E-3
8.443577099E-4	8.690667455E-4	8.410494193E-4
1.427357900E-3	1.459936728E-3	1.441149856E-3
7.663584547E-4	7.720742724E-4	7.786015049E-4
1.629140112E-3	1.608254272E-3	1.624738215E-3
7.064238889E-4	7.130790036E-4	7.205659058E-4
1.612148248E-3	1.593609806E-3	1.592628658E-3
8.507668390E-4	8.484998252E-4	8.298595203E-4
1.263339887E-3	1.254500938E-3	1.265797997E-3
9.285927517E-4	9.268389549E-4	9.253908647E-4
1.346878358E-3	1.325887861E-3	1.336672110E-3
1.231074217E-3	1.247109729E-3	1.244868035E-3
1.233941759E-3	1.236415934E-3	1.235091360E-3
1.240195124E-3	1.234632568E-3	1.265253872E-3
1.013467787E-3	1.022084849E-3	1.009721309E-3
1.182724955E-3	1.162809203E-3	1.164930756E-3
1.172395190E-3	1.186736394E-3	1.168267452E-3
1.409457764E-3	1.394429361E-3	1.379958005E-3
1.463960041E-3	1.432369812E-3	1.454365556E-3
1.584934420E-3	1.549676759E-3	1.555534545E-3
1.372994971E-3	1.378158573E-3	1.372824190E-3
1.430731965E-3	1.422754489E-3	1.422355301E-3
9.886203334E-4	9.992300766E-4	1.006764942E-3
1.421706751E-3	1.418704866E-3	1.412778394E-3
7.900233613E-4	7.635017973E-4	7.555732154E-4
1.588430023E-3	1.552387141E-3	1.556544681E-3
6.017998094E-4	6.181616336E-4	6.328612799E-4
1.685002586E-3	1.681155874E-3	1.680046669E-3
8.168054046E-4	7.840879261E-4	8.181720041E-4
1.463350025E-3	1.486094086E-3	1.460294588E-3
1.259890967E-3	1.252343645E-3	1.249585301E-3
9.482309106E-4	9.397227550E-4	9.607056272E-4
1.919341506E-3	1.904071076E-3	1.911761588E-3
5.993847735E-4	5.972270155E-4	5.949043552E-4
2.622307744E-3	2.624517307E-3	2.616797574E-3
2.923548454E-4	2.954755619E-4	2.710323315E-4
2.865309361E-3	2.858132124E-3	2.873261226E-3
3.028713982E-4	3.169949050E-4	2.999984426E-4
2.708236920E-3	2.735437360E-3	2.724983264E-3
7.276214310E-4	7.218215615E-4	7.138414658E-4
2.217197558E-3	2.231917810E-3	2.220789436E-3
1.227618195E-3	1.199601800E-3	1.221330022E-3
1.725678914E-3	1.716081868E-3	1.706098439E-3
1.634158310E-3	1.640879782E-3	1.611993648E-3
1.312121516E-3	1.339962706E-3	1.318371040E-3
1.757970080E-3	1.770450152E-3	1.758716535E-3
1.301811892E-3	1.284566941E-3	1.290771528E-3
1.697687665E-3	1.687408076E-3	1.681609312E-3
1.497721765E-3	1.502596657E-3	1.498860889E-3
1.544491271E-3	1.576916897E-3	1.582525321E-3
1.649607671E-3	1.635633525E-3	1.649944694E-3
1.547221793E-3	1.553522539E-3	1.539394492E-3
1.587304519E-3	1.571891014E-3	1.592595247E-3
1.789217698E-3	1.776576741E-3	1.788081136E-3
1.236241078E-3	1.259299577E-3	1.256059040E-3
2.307710471E-3	2.307999879E-3	2.312756144E-3
8.305085357E-4	8.418709040E-4	8.218155708E-4
2.662106883E-3	2.671563998E-3	2.684726380E-3
5.657698493E-4	5.779655767E-4	5.770031712E-4
2.585915849E-3	2.566348296E-3	2.583257621E-3
9.010880603E-4	9.109930252E-4	8.886985015E-4
2.117264317E-3	2.090830356E-3	2.111577429E-3
1.817260636E-3	1.841687248E-3	1.829442801E-3
1.253605937E-3	1.254228642E-3	1.244728104E-3
3.058467293E-3	3.053857712E-3	3.057574853E-3
2.969723719E-4	2.941831481E-4	2.968182962E-4
3.783628577E-3	3.809024347E-3	3.796879668E-3
-5.796119221E-4	-5.743452930E-4	-5.629464285E-4
4.074767232E-3	4.070915282E-3	4.064549692E-3
-5.538293044E-4	-5.446007708E-4	-5.511658383E-4
3.836939344E-3	3.819050966E-3	3.842709120E-3
2.352061274E-4	2.455200010E-4	2.312402939E-4
3.006963292E-3	3.014427377E-3	3.010807792E-3
1.161656808E-3	1.150785596E-3	1.163085806E-3
2.168075880E-3	2.171414439E-3	2.174626803E-3
1.885401085E-3	1.885375008E-3	1.879553078E-3
1.595727634E-3	1.613822998E-3	1.604394871E-3
2.132351277E-3	2.119326731E-3	2.123965649E-3
1.606469858E-3	1.611692598E-3	1.623400487E-3
1.952877734E-3	1.949391328E-3	1.960622380E-3
1.874653390E-3	1.882862998E-3	1.884277794E-3
1.632339205E-3	1.623781747E-3	1.626377925E-3
2.108403482E-3	2.102919156E-3	2.097611781E-3
1.595460461E-3	1.583770500E-3	1.601765514E-3
1.964445924E-3	1.972822705E-3	1.977744745E-3
1.901369891E-3	1.903397962E-3	1.910849009E-3
1.470845426E-3	1.480516396E-3	1.486839028E-3
2.610403579E-3	2.610217780E-3	2.609553980E-3
9.465122130E-4	9.729749290E-4	9.561633924E-4
3.044398036E-3	3.041116288E-3	3.050864907E-3
7.504018140E-4	7.657091483E-4	7.593504270E-4
2.848475939E-3	2.853591228E-3	2.847499447E-3
1.371849794E-3	1.377565670E-3	1.384799019E-3
2.094456926E-3	2.110840986E-3	2.112064511E-3
2.480319468E-3	2.482274780E-3	2.464614110E-3
8.022568072E-4	8.002992254E-4	8.002677350E-4
3.846545937E-3	3.839615500E-3	3.829795867E-3
-5.307371612E-4	-5.371589214E-4	-5.377602647E-4
4.804527387E-3	4.798613954E-3	4.791620187E-3
-1.064794371E-3	-1.076711109E-3	-1.057984773E-3
5.072262604E-3	5.084792152E-3	5.097062327E-3
-7.320134318E-4	-7.386979414E-4	-7.298788405E-4
4.635821562E-3	4.627950490E-3	4.637530074E-3
9.025701002E-5	7.102976815E-5	9.821234562E-5
3.448723583E-3	3.441318637E-3	3.440066008E-3
1.004007179E-3	1.003550715E-3	1.003996003E-3
2.460755641E-3	2.446536673E-3	2.454706002E-3
1.825493295E-3	1.827641623E-3	1.840041950E-3
1.909784274E-3	1.920297276E-3	1.919332426E-3
2.154839458E-3	2.154868795E-3	2.155909082E-3
1.732046367E-3	1.734497026E-3	1.735361060E-3
2.162011806E-3	2.164652338E-3	2.150550252E-3
1.745490124E-3	1.747972565E-3	1.734715886E-3
2.172032371E-3	2.164498903E-3	2.173525048E-3
1.785952714E-3	1.757509657E-3	1.766370493E-3
2.302530222E-3	2.311437391E-3	2.296223771E-3
1.708360738E-3	1.720383647E-3	1.730920165E-3
2.253571758E-3	2.269269899E-3	2.267634729E-3
1.909479499E-3	1.904876553E-3	1.907908823E-3
1.888139523E-3	1.893131528E-3	1.889175735E-3
2.824160038E-3	2.814978594E-3	2.831026213E-3
7.659412804E-4	7.673242944E-4	7.694474189E-4
4.183277488E-3	4.180040210E-3	4.180355929E-3
-1.373958774E-3	-1.372009283E-3	-1.369240577E-3
5.903314799E-3	5.912219174E-3	5.905992351E-3
-3.123025643E-3	-3.107933095E-3	-3.120184643E-3
7.574318908E-3	7.573331241E-3	7.580322213E-3
-3.761748318E-3	-3.761845641E-3	-3.749918193E-3
8.117567748E-3	8.128929883E-3	8.129797876E-3
-3.296404378E-3	-3.319593146E-3	-3.300338518E-3
7.144322153E-3	7.151891477E-3	7.149775513E-3
-1.909821760E-3	-1.896188594E-3	-1.905512298E-3
5.041647237E-3	5.067843013E-3	5.050605629E-3
-5.985370444E-5	-5.649191371E-5	-4.946424815E-5
3.472780343E-3	3.469125368E-3	3.469465766E-3
1.293706009E-3	1.308041974E-3	1.305485843E-3
2.733320463E-3	2.745696111E-3	2.754304092E-3
1.666290802E-3	1.672226237E-3	1.662145369E-3
2.615035279E-3	2.630481264E-3	2.629340859E-3
1.832391950E-3	1.849360764E-3	1.837949501E-3
2.122084377E-3	2.117829630E-3	2.117383294E-3
3.298625117E-3	3.302501282E-3	3.307799110E-3
-3.813611402E-4	-3.784682194E-4	-3.757542581E-4
7.102174684E-3	7.083455101E-3	7.098601200E-3
-5.450049415E-3	-5.444886163E-3	-5.445641931E-3
1.267039124E-2	1.267644111E-2	1.266761031E-2
-1.128148567E-2	-1.128407102E-2	-1.127341017E-2
1.752262376E-2	1.751497015E-2	1.751822419E-2
-1.386412606E-2	-1.386872027E-2	-1.388043724E-2
1.680356637E-2	1.680750586E-2	1.679390855E-2
-7.690034807E-3	-7.683152799E-3	-7.697258145E-3
5.631766282E-3	5.617232528E-3	5.614387803E-3
1.058967412E-2	1.059308369E-2	1.059336681E-2
-1.875092275E-2	-1.869828999E-2	-1.872299425E-2
3.823962808E-2	3.823751584E-2	3.824446723E-2
-4.934153333E-2	-4.931026697E-2	-4.930533096E-2
7.122197002E-2	7.120836526E-2	7.120270282E-2
-8.526507020E-2	-8.526767045E-2	-8.524945378E-2
1.015089825E-1	1.014878973E-1	1.015120819E-1
-1.104810610E-1	-1.104656756E-1	-1.104230881E-1
1.147090569E-1	1.146910936E-1	1.147037819E-1
-1.062764972E-1	-1.062967479E-1	-1.063339263E-1
1.028225049E-1	1.028037891E-1	1.028240770E-1
-7.190609723E-2	-7.188849896E-2	-7.189062238E-2
5.675804242E-2	5.672881380E-2	5.670583621E-2
-2.552236058E-2	-2.553961053E-2	-2.554301359E-2
-1.656407025E-3	-1.648023608E-3	-1.656218199E-3
2.970513515E-2	2.971405350E-2	2.972776070E-2
-5.526353419E-2	-5.525648594E-2	-5.527246371E-2
9.326415509E-2	9.324569255E-2	9.321986884E-2
-1.104286686E-1	-1.104129255E-1	-1.104138270E-1
1.405368298E-1	1.405067742E-1	1.404977292E-1
-1.448700577E-1	-1.448857486E-1	-1.448429823E-1
1.532386392E-1	1.532184184E-1	1.532118618E-1
-1.432455331E-1	-1.432822049E-1	-1.432589442E-1
1.223627850E-1	1.223682538E-1	1.223477349E-1
-9.182449430E-2	-9.180584550E-2	-9.178540856E-2
6.900941581E-2	6.901079416E-2	6.901113689E-2
-3.479523584E-2	-3.483545408E-2	-3.482437506E-2
1.537448075E-2	1.537536923E-2	1.538033038E-2
1.060478948E-2	1.063418109E-2	1.060215198E-2
-3.033710457E-2	-3.043537773E-2	-3.044337966E-2
5.011468753E-2	5.011072382E-2	5.012997612E-2
-5.914463103E-2	-5.915847421E-2	-5.916438252E-2
6.700091809E-2	6.700914353E-2	6.700205803E-2
-6.429141015E-2	-6.429343671E-2	-6.429466605E-2
6.487883627E-2	6.488734484E-2	6.488242000E-2
-5.625467002E-2	-5.626427382E-2	-5.624445155E-2
5.131115019E-2	5.129533261E-2	5.130165443E-2
-3.773270175E-2	-3.772964329E-2	-3.772104904E-2
3.150864318E-2	3.150179982E-2	3.149247915E-2
-1.897685416E-2	-1.895647682E-2	-1.896398142E-2
1.549948379E-2	1.550769620E-2	1.549243834E-2
-6.006261334E-3	-5.989158526E-3	-5.995903630E-3
5.420312751E-3	5.423304625E-3	5.416102707E-3
5.552164512E-4	5.708402023E-4	5.557115073E-4
1.214165706E-3	1.227486879E-3	1.204223721E-3
2.437073737E-3	2.423462691E-3	2.418589313E-3
5.735327723E-4	5.790499854E-4	5.834588083E-4
2.977470635E-3	2.973463386E-3	2.972587943E-3
8.441285463E-4	8.503049030E-4	8.450887399E-4
4.014834762E-3	4.045353737E-3	4.029616248E-3
-2.061676969E-5	-8.496295777E-6	-9.296056305E-6
5.771488883E-3	5.780563690E-3	5.783565342E-3
-1.531054149E-3	-1.535035437E-3	-1.545297680E-3
7.682509255E-3	7.689715829E-3	7.688229904E-3
-2.530385274E-3	-2.514283638E-3	-2.524531446E-3
8.030324243E-3	8.038555272E-3	8.049442433E-3
-2.220194554E-3	-2.221607603E-3	-2.223746851E-3
6.742430851E-3	6.741923746E-3	6.752635818E-3
-2.433225309E-4	-2.515318338E-4	-2.511235361E-4
4.311770666E-3	4.304714967E-3	4.295836668E-3
2.333437791E-3	2.326200251E-3	2.316913335E-3
1.790874056E-3	1.789617236E-3	1.788715133E-3
4.297409672E-3	4.305873532E-3	4.313185811E-3
5.617380957E-4	5.616303533E-4	5.711802514E-4
5.194580182E-3	5.184300244E-3	5.182955414E-3
7.077159244E-4	7.077449700E-4	7.020329940E-4
4.759341478E-3	4.765038379E-3	4.761686549E-3
1.765067340E-3	1.766972360E-3	1.779204584E-3
3.712837351E-3	3.723909147E-3	3.714478109E-3
2.947852481E-3	2.944616834E-3	2.941648476E-3
3.103007562E-3	3.098216839E-3	3.110446734E-3
3.402977018E-3	3.388423007E-3	3.378050635E-3
3.223126987E-3	3.225445980E-3	3.219367238E-3
3.026999533E-3	3.025412560E-3	3.017810872E-3
3.999402747E-3	4.004575312E-3	3.997081891E-3
2.426419407E-3	2.430604305E-3	2.421373734E-3
4.364212044E-3	4.367477261E-3	4.370949697E-3
2.387419110E-3	2.386474749E-3	2.390777692E-3
3.872008994E-3	3.867385676E-3	3.872555448E-3
3.410944715E-3	3.416963387E-3	3.413107479E-3
2.432227135E-3	2.432257403E-3	2.428547479E-3
4.959328566E-3	4.955209792E-3	4.965700675E-3
9.779535467E-4	9.712770698E-4	9.664554382E-4
6.066657137E-3	6.052516401E-3	6.058527157E-3
6.472417590E-5	6.977254816E-5	6.996237789E-5
6.221379153E-3	6.212660111E-3	6.226304919E-3
6.558914320E-4	6.680230726E-4	6.530027022E-4
5.096283741E-3	5.096927285E-3	5.087835714E-3
2.298144624E-3	2.308450639E-3	2.302513923E-3
3.087694990E-3	3.087105462E-3	3.086110577E-3
4.394802265E-3	4.394626711E-3	4.385785200E-3
1.059293747E-3	1.064825803E-3	1.057406189E-3
6.050249096E-3	6.048395764E-3	6.054894533E-3
-1.097689255E-5	-2.444314487E-5	-3.870738055E-6
6.306378171E-3	6.308685057E-3	6.316804327E-3
3.724123526E-4	3.725022252E-4	3.761851985E-4
5.256303120E-3	5.250520539E-3	5.260977428E-3
1.798418351E-3	1.796521479E-3	1.795405173E-3
3.636823501E-3	3.624797566E-3	3.629451618E-3
3.510894021E-3	3.504749388E-3	3.515442135E-3
2.252259525E-3	2.242274350E-3	2.248758916E-3
4.467546940E-3	4.468702711E-3	4.460871220E-3
1.856678398E-3	1.847923268E-3	1.858700998E-3
4.232853651E-3	4.221283831E-3	4.224098288E-3
2.449869178E-3	2.443572273E-3	2.443554113E-3
3.224492772E-3	3.225367283E-3	3.230820643E-3
3.467777511E-3	3.463098779E-3	3.471480217E-3
2.227543388E-3	2.227644436E-3	2.225217177E-3
4.180932883E-3	4.189290106E-3	4.178896546E-3
1.875365619E-3	1.869851025E-3	1.865183352E-3
3.950991202E-3	3.954092041E-3	3.960906528E-3
2.510616789E-3	2.510777442E-3	2.497393871E-3
2.836846048E-3	2.839148976E-3	2.824275754E-3
3.903821809E-3	3.896913957E-3	3.911942244E-3
1.463741064E-3	1.455435413E-3	1.455691527E-3
5.251591094E-3	5.236387253E-3	5.246976390E-3
5.229763337E-4	5.238485173E-4	5.262936465E-4
5.840055179E-3	5.838364363E-3	5.828154273E-3
6.122978521E-4	6.062004832E-4	6.133963470E-4
5.265010986E-3	5.267180502E-3	5.264666863E-3
1.641436713E-3	1.640877454E-3	1.638099551E-3
3.857873380E-3	3.853041446E-3	3.848542692E-3
3.194873221E-3	3.205853747E-3	3.194464138E-3
2.269082703E-3	2.271517878E-3	2.264943440E-3
4.589064512E-3	4.582310095E-3	4.590197466E-3
1.253057504E-3	1.248329529E-3	1.247770037E-3
5.175339524E-3	5.173018202E-3	5.169011652E-3
1.197261503E-3	1.198847196E-3	1.196115860E-3
4.824808333E-3	4.809787031E-3	4.828892183E-3
1.887797262E-3	1.890043728E-3	1.887934632E-3
3.899354488E-3	3.876982722E-3	3.898974508E-3
3.016477916E-3	3.002417274E-3	3.001424251E-3
3.026440972E-3	3.028222360E-3	3.036179114E-3
3.786543850E-3	3.786831163E-3	3.780890256E-3
2.660716185E-3	2.653380390E-3	2.659857739E-3
3.891279921E-3	3.888167441E-3	3.894027555E-3
2.865962917E-3	2.857373096E-3	2.870948054E-3
3.414019942E-3	3.405040363E-3	3.417476080E-3
3.490712959E-3	3.488949034E-3	3.490944393E-3
2.898877254E-3	2.901949687E-3	2.907931572E-3
4.066731781E-3	4.065518733E-3	4.068033304E-3
2.705594292E-3	2.702228492E-3	2.706039231E-3
4.100355320E-3	4.102807958E-3	4.097659141E-3
3.051235108E-3	3.050005995E-3	3.045121906E-3
3.536598990E-3	3.546994645E-3	3.546443768E-3
3.847222775E-3	3.854249371E-3	3.851798363E-3
2.775081899E-3	2.786326921E-3	2.775844419E-3
4.692742135E-3	4.688790068E-3	4.684044514E-3
2.205761615E-3	2.209353726E-3	2.198603703E-3
5.097104702E-3	5.106261466E-3	5.104362499E-3
2.094096038E-3	2.101538004E-3	2.095863456E-3
4.909329116E-3	4.909743555E-3	4.911281634E-3
2.559202956E-3	2.562419511E-3	2.550647827E-3
4.381413106E-3	4.382191692E-3	4.374725744E-3
3.336367896E-3	3.343839198E-3	3.342485288E-3
3.656718181E-3	3.660633462E-3	3.654108616E-3
3.983560018E-3	3.991280217E-3	3.983879462E-3
3.135690698E-3	3.138179891E-3	3.128456417E-3
4.281895701E-3	4.288823344E-3	4.294964951E-3
3.147887997E-3	3.146691248E-3	3.137559164E-3
4.286617972E-3	4.277301952E-3	4.296614788E-3
3.334610257E-3	3.341629170E-3	3.336283611E-3
3.934536595E-3	3.943030722E-3	3.935147077E-3
3.642727155E-3	3.639215836E-3	3.638977418E-3
3.705292940E-3	3.701651236E-3	3.689014819E-3
3.787534544E-3	3.794019111E-3	3.786002053E-3
3.799010301E-3	3.812403884E-3	3.807368688E-3
3.906959202E-3	3.890758613E-3	3.907030448E-3
3.837936092E-3	3.842441132E-3	3.828293411E-3
3.671792336E-3	3.663296113E-3	3.666656325E-3
4.004037939E-3	3.998893779E-3	4.004582763E-3
3.563556122E-3	3.560034325E-3	3.561596386E-3
4.029900301E-3	4.020969383E-3	4.020738881E-3
3.707755357E-3	3.731986275E-3	3.714484628E-3
4.182232544E-3	4.185419995E-3	4.181622528E-3
3.772191703E-3	3.767157672E-3	3.773791483E-3
3.865139326E-3	3.860311583E-3	3.856722964E-3
4.247115925E-3	4.254040308E-3	4.254058469E-3
3.604293801E-3	3.588204738E-3	3.597621107E-3
4.401470069E-3	4.393493757E-3	4.391686525E-3
3.472286044E-3	3.471793840E-3	3.472477198E-3
4.857242573E-3	4.864980932E-3	4.861374851E-3
3.362948075E-3	3.375594970E-3	3.357191104E-3
4.550212063E-3	4.555382766E-3	4.552723840E-3
3.788046073E-3	3.770714160E-3	3.776539350E-3
4.485480022E-3	4.488240927E-3	4.487794824E-3
3.887608182E-3	3.888697363E-3	3.882638877E-3
4.210299347E-3	4.210554529E-3	4.198641516E-3
4.420883954E-3	4.418855533E-3	4.413667601E-3
3.961579874E-3	3.953708801E-3	3.961631563E-3
4.261172842E-3	4.248220474E-3	4.239460453E-3
4.205876030E-3	4.203050397E-3	4.208379425E-3
4.474928603E-3	4.476231057E-3	4.484927747E-3
4.076757003E-3	4.069158342E-3	4.067697562E-3
4.314665683E-3	4.307648167E-3	4.321438260E-3
4.493996501E-3	4.490570165E-3	4.500357900E-3
4.260817543E-3	4.267985001E-3	4.267767072E-3
4.230101127E-3	4.224364646E-3	4.225553945E-3
4.548291676E-3	4.540962167E-3	4.545718431E-3
4.539797083E-3	4.531799816E-3	4.534218460E-3
4.332497250E-3	4.335903563E-3	4.320967011E-3
4.221008159E-3	4.223016091E-3	4.227447324E-3
4.879059736E-3	4.873460159E-3	4.873173311E-3
4.271339159E-3	4.256412853E-3	4.267396405E-3
4.598659929E-3	4.589593969E-3	4.584737122E-3
4.465415142E-3	4.462904297E-3	4.464818630E-3
4.764871206E-3	4.759732168E-3	4.753957037E-3
4.280616064E-3	4.282583948E-3	4.289747216E-3
4.384711850E-3	4.386433400E-3	4.387583584E-3
5.056174938E-3	5.045919213E-3	5.047913641E-3
4.320239183E-3	4.328265321E-3	4.329717718E-3
4.800967872E-3	4.799916875E-3	4.806545097E-3
4.429868888E-3	4.438875243E-3	4.429862835E-3
5.119291134E-3	5.107464269E-3	5.124005955E-3
4.191821441E-3	4.182157107E-3	4.182115197E-3
4.958176054E-3	4.970861133E-3	4.954855423E-3
4.704995081E-3	4.685822874E-3	4.700302612E-3
4.874361679E-3	4.871227778E-3	4.878915381E-3
4.656041041E-3	4.641724750E-3	4.650013987E-3
4.938892089E-3	4.952292424E-3	4.966299515E-3
5.035887472E-3	5.043613259E-3	5.031555891E-3
4.806738347E-3	4.806163721E-3	4.809845239E-3
5.122476723E-3	5.118078087E-3	5.121565424E-3
5.211086478E-3	5.208567251E-3	5.213871133E-3
5.073744338E-3	5.061777774E-3	5.074226763E-3
5.094877444E-3	5.075666122E-3	5.088329315E-3
5.172833335E-3	5.167200696E-3	5.167248659E-3
5.275967065E-3	5.268154200E-3	5.268150009E-3
5.113326013E-3	5.112512037E-3	5.105906166E-3
5.236806814E-3	5.236614496E-3	5.229081493E-3
5.369235761E-3	5.367342383E-3	5.371372215E-3
5.153942388E-3	5.148466676E-3	5.146618467E-3
5.453695077E-3	5.440880544E-3	5.444479175E-3
5.173273850E-3	5.168017931E-3	5.156083498E-3
5.644438788E-3	5.652634427E-3	5.639911629E-3
5.242056213E-3	5.264340900E-3	5.252160598E-3
5.818993784E-3	5.827718414E-3	5.811938085E-3
5.555732641E-3	5.538699217E-3	5.549942143E-3
5.834092386E-3	5.833072588E-3	5.831577349E-3
5.713949911E-3	5.721867085E-3	5.725838710E-3
5.779090803E-3	5.789234303E-3	5.787541158E-3
5.971554667E-3	5.960160866E-3	5.971610546E-3
5.784032866E-3	5.769398063E-3	5.782293621E-3
6.138549186E-3	6.127318367E-3	6.126121152E-3
5.747791380E-3	5.747461691E-3	5.738075823E-3
6.106067449E-3	6.108617410E-3	6.108971313E-3
5.946857855E-3	5.942785647E-3	5.974351428E-3
6.233404391E-3	6.231138017E-3	6.239671260E-3
6.133463234E-3	6.134452298E-3	6.134894211E-3
6.315655075E-3	6.322276313E-3	6.326519419E-3
6.354474463E-3	6.354510318E-3	6.361171138E-3
6.353150588E-3	6.339755375E-3	6.343623158E-3
6.475953851E-3	6.464961916E-3	6.466215942E-3
6.401311141E-3	6.393710617E-3	6.405937951E-3
6.643309724E-3	6.641730666E-3	6.648588460E-3
6.566140801E-3	6.571881473E-3	6.565399934E-3
6.674653385E-3	6.668812130E-3	6.676621735E-3
6.710928865E-3	6.693148520E-3	6.696218625E-3
6.832330488E-3	6.831357256E-3	6.832926068E-3
6.887764670E-3	6.883298513E-3	6.874437444E-3
6.865488831E-3	6.861442234E-3	6.866486743E-3
6.881560665E-3	6.873459090E-3	6.887502503E-3
6.918757223E-3	6.914273370E-3	6.919746287E-3
7.049153559E-3	7.062958553E-3	7.051490247E-3
7.121750619E-3	7.130885497E-3	7.120933384E-3
7.162233815E-3	7.138533518E-3	7.141103037E-3
7.228282746E-3	7.246816531E-3	7.238818333E-3
7.183424663E-3	7.185528986E-3	7.173371967E-3
7.288603112E-3	7.266440894E-3	7.265716791E-3
7.245649118E-3	7.240980398E-3	7.234231103E-3
7.344980258E-3	7.350682281E-3	7.343027741E-3
7.381892297E-3	7.383584511E-3	7.379368879E-3
7.491480559E-3	7.504696026E-3	7.481433917E-3
7.611768786E-3	7.618104573E-3	7.605799474E-3
7.661669049E-3	7.668338716E-3	7.651819848E-3
7.720636204E-3	7.701128721E-3	7.702191826E-3
7.587395143E-3	7.593723014E-3	7.574057672E-3
7.781359367E-3	7.790025789E-3	7.778988685E-3
7.858205587E-3	7.847093977E-3	7.852479815E-3
8.011814207E-3	7.996202447E-3	8.002867922E-3
8.131546900E-3	8.132886142E-3	8.118401282E-3
8.355251513E-3	8.344735950E-3	8.363981731E-3
8.674472570E-3	8.687161840E-3	8.696258999E-3
8.788327686E-3	8.787709288E-3	8.804901503E-3
8.949073032E-3	8.961647749E-3	8.967288770E-3
9.093018249E-3	9.083679877E-3	9.119652212E-3
9.098497219E-3	9.092113003E-3	9.124451317E-3
9.001403116E-3	8.998547681E-3	9.015449323E-3
8.741928264E-3	8.759456687E-3	8.768885396E-3
8.702947758E-3	8.698527701E-3	8.719485253E-3
8.570064791E-3	8.574556559E-3	8.580961265E-3
8.586257696E-3	8.581157774E-3	8.604598232E-3
8.543371223E-3	8.536673151E-3	8.539573289E-3
8.483383805E-3	8.454349823E-3	8.453615941E-3
8.429713547E-3	8.425191045E-3	8.405029774E-3
8.231756277E-3	8.226265199E-3	8.213552646E-3
8.037151769E-3	8.062442765E-3	8.050931618E-3
7.683284115E-3	7.696004584E-3	7.686208468E-3
7.536040153E-3	7.517884485E-3	7.520598825E-3
7.077693474E-3	7.073603570E-3	7.071182132E-3
6.500246469E-3	6.502403878E-3	6.499689538E-3
6.189602427E-3	6.190537941E-3	6.189015228E-3
6.033936981E-3	6.060998421E-3	6.028375123E-3
6.081389263E-3	6.088770926E-3	6.066894624E-3
5.884744227E-3	5.892244168E-3	5.867356434E-3
5.611987785E-3	5.627191160E-3	5.592342466E-3
5.369800609E-3	5.365397781E-3	5.341626704E-3
5.104533397E-3	5.120513029E-3	5.097714253E-3
4.706441425E-3	4.701990169E-3	4.667955451E-3
4.102922976E-3	4.113137256E-3	4.063218366E-3
3.545488929E-3	3.532803385E-3	3.512688912E-3
3.015816212E-3	3.013194073E-3	2.992525231E-3
2.531457692E-3	2.540654968E-3	2.537498716E-3
1.926312922E-3	1.928941114E-3	1.911596046E-3
9.815758094E-4	9.672471206E-4	9.535336867E-4
-1.492822630E-4	-1.557532378E-4	-1.601321128E-4
-1.729364856E-3	-1.723250607E-3	-1.734178746E-3
-3.330046544E-3	-3.320678603E-3	-3.348221071E-3
-4.547983874E-3	-4.538817331E-3	-4.559728783E-3
-4.953287542E-3	-4.950931296E-3	-4.961358383E-3
-5.533900578E-3	-5.508875940E-3	-5.497004371E-3
-6.399807520E-3	-6.389522925E-3	-6.337738596E-3
-7.212392054E-3	-7.213216741E-3	-7.130267564E-3
-7.687492762E-3	-7.674834691E-3	-7.569356356E-3
-7.566301618E-3	-7.570207119E-3	-7.502797525E-3
-8.009420708E-3	-8.040965535E-3	-7.965521887E-3
-8.769295178E-3	-8.796689101E-3	-8.729436435E-3
-9.451794438E-3	-9.486248717E-3	-9.425167926E-3
-1.004028134E-2	-1.006219350E-2	-1.001856942E-2
-1.032985188E-2	-1.033602376E-2	-1.033243723E-2
-1.069210935E-2	-1.068157051E-2	-1.071313210E-2
-1.099741831E-2	-1.098161191E-2	-1.097396854E-2
-1.107683126E-2	-1.107891183E-2	-1.109002624E-2
-1.095493045E-2	-1.095003542E-2	-1.098396350E-2
-1.056311559E-2	-1.055627503E-2	-1.058835536E-2
-1.013788860E-2	-1.014029142E-2	-1.018013991E-2
-9.687968530E-3	-9.701943956E-3	-9.754800238E-3
-9.098174050E-3	-9.097754024E-3	-9.145488031E-3
-8.499979042E-3	-8.492204361E-3	-8.549089544E-3
-7.760773879E-3	-7.739350200E-3	-7.825397886E-3
-7.088037208E-3	-7.084749173E-3	-7.147787604E-3
-6.597726140E-3	-6.576727610E-3	-6.615005899E-3
-5.925354082E-3	-5.896629766E-3	-5.942981225E-3
-5.229411647E-3	-5.226546898E-3	-5.257350393E-3
-4.567977041E-3	-4.552613012E-3	-4.571189638E-3
-3.957697656E-3	-3.942805808E-3	-3.941816743E-3
-3.384204581E-3	-3.391019767E-3	-3.375801491E-3
-2.978797071E-3	-2.972716698E-3	-2.967086621E-3
-2.490560524E-3	-2.500982955E-3	-2.461810131E-3
-2.107662149E-3	-2.101454418E-3	-2.061668318E-3
-1.689730445E-3	-1.696240157E-3	-1.650285674E-3
-1.265583793E-3	-1.265166327E-3	-1.218443387E-3
-1.082497183E-3	-1.084598829E-3	-1.036334666E-3
-6.667849957E-4	-6.717930082E-4	-6.482171011E-4
-4.189232131E-4	-4.323004687E-4	-4.084089596E-4
-7.643397839E-5	-8.760450874E-5	-7.041427307E-5
1.432985300E-4	1.476913167E-4	1.479950151E-4
5.305868108E-4	5.029621534E-4	5.207434879E-4
8.875522180E-4	8.819295908E-4	8.769994602E-4
1.086227479E-3	1.071193954E-3	1.083005918E-3
1.529007335E-3	1.532618189E-3	1.525392057E-3
1.777940663E-3	1.771892887E-3	1.775018638E-3
2.101766877E-3	2.095846459E-3	2.095900709E-3
2.420452191E-3	2.415875904E-3	2.411321271E-3
2.644920256E-3	2.637835918E-3	2.620339859E-3
2.821137663E-3	2.815471031E-3	2.810066333E-3
3.002482466E-3	2.991603687E-3	2.978221048E-3
3.270293819E-3	3.271962516E-3	3.264504950E-3
3.383002244E-3	3.383056028E-3	3.361906856E-3
3.461289452E-3	3.479580628E-3	3.452772973E-3
3.538308898E-3	3.552674083E-3	3.554378636E-3
3.615577240E-3	3.612025874E-3	3.629538696E-3
3.910511732E-3	3.894191934E-3	3.902771510E-3
3.902120283E-3	3.901279764E-3	3.910655621E-3
4.171792883E-3	4.181134049E-3	4.181873519E-3
4.162430763E-3	4.173640162E-3	4.185674246E-3
4.372835625E-3	4.388732836E-3	4.375091754E-3
4.365230910E-3	4.365516827E-3	4.365410190E-3
4.521034658E-3	4.516843706E-3	4.528214224E-3
4.621861968E-3	4.617407918E-3	4.627862480E-3
4.593852442E-3	4.599309061E-3	4.583015107E-3
4.693329334E-3	4.699531477E-3	4.695109092E-3
4.609206691E-3	4.610923585E-3	4.605316557E-3
4.719867837E-3	4.727048334E-3	4.721452016E-3
4.634167068E-3	4.638072103E-3	4.633383825E-3
4.811937921E-3	4.788282793E-3	4.783879034E-3
4.752646200E-3	4.770854488E-3	4.757329356E-3
4.892644472E-3	4.873073194E-3	4.865852650E-3
4.916016012E-3	4.928811919E-3	4.914781079E-3
5.006816704E-3	4.995260853E-3	4.989822395E-3
5.142006557E-3	5.138581619E-3	5.137185100E-3
5.138943437E-3	5.139401648E-3	5.140561610E-3
5.256065633E-3	5.255721044E-3	5.256573204E-3
5.216444377E-3	5.206837784E-3	5.206727888E-3
5.352343898E-3	5.354224239E-3	5.370972212E-3
5.503315944E-3	5.491810385E-3	5.494978745E-3
5.562594160E-3	5.558327306E-3	5.567498971E-3
5.674139131E-3	5.692803767E-3	5.686788354E-3
5.676778033E-3	5.650346633E-3	5.678548478E-3
5.951763596E-3	5.954621825E-3	5.952308420E-3
6.010092795E-3	6.029692478E-3	6.004582625E-3
6.164900027E-3	6.157305557E-3	6.163684186E-3
6.234779023E-3	6.223805714E-3	6.227774080E-3
6.341940723E-3	6.336273160E-3	6.329878233E-3
6.544837262E-3	6.539741065E-3	6.559968460E-3
6.714204792E-3	6.719415076E-3	6.719120312E-3
7.029570173E-3	7.034643553E-3	7.038180251E-3
7.089013234E-3	7.093472872E-3	7.092674728E-3
7.417862304E-3	7.431617007E-3	7.441228721E-3
7.329446264E-3	7.339883596E-3	7.332855370E-3
7.579208352E-3	7.597279269E-3	7.583454251E-3
7.629425731E-3	7.628337014E-3	7.631239947E-3
7.791561075E-3	7.804572582E-3	7.804297376E-3
7.839319296E-3	7.868258283E-3	7.873730734E-3
7.954964414E-3	7.944552228E-3	7.958269678E-3
7.987923920E-3	8.001555689E-3	8.002118208E-3
7.932296954E-3	7.911379449E-3	7.908851840E-3
8.028456941E-3	8.020506240E-3	8.017876185E-3
8.066573180E-3	8.050343022E-3	8.057471365E-3
8.221747354E-3	8.219852112E-3	8.204212412E-3
8.440920152E-3	8.419820108E-3	8.409533650E-3
8.428853005E-3	8.416815661E-3	8.409892209E-3
8.475788869E-3	8.473350666E-3	8.484154008E-3
8.543156087E-3	8.525636047E-3	8.518492803E-3
8.665738627E-3	8.671462536E-3	8.669295348E-3
8.865573443E-3	8.867935278E-3	8.869138546E-3
8.903106675E-3	8.906749077E-3	8.908184245E-3
9.141381830E-3	9.146665223E-3	9.135061875E-3
8.916813880E-3	8.921864443E-3	8.905815892E-3
9.333309717E-3	9.322299622E-3	9.319029748E-3
9.093973786E-3	9.093382396E-3	9.088862687E-3
9.469123557E-3	9.473033249E-3	9.457487613E-3
9.380061179E-3	9.380027652E-3	9.385254234E-3
9.657233022E-3	9.655200876E-3	9.645247832E-3
9.828490205E-3	9.833718650E-3	9.840480052E-3
9.900128469E-3	9.875554591E-3	9.894520044E-3
1.030802261E-2	1.030984987E-2	1.033626776E-2
1.012621541E-2	1.012795232E-2	1.014902350E-2
1.070528384E-2	1.068409253E-2	1.072468795E-2
1.050453447E-2	1.047398616E-2	1.050927583E-2
1.101578120E-2	1.099493075E-2	1.102010068E-2
1.114111673E-2	1.113286521E-2	1.113888528E-2
1.137576066E-2	1.135225687E-2	1.135732513E-2
1.183334924E-2	1.179752313E-2	1.181894727E-2
1.170226745E-2	1.170623675E-2	1.169351861E-2
1.241812296E-2	1.244733483E-2	1.242007408E-2
1.216261368E-2	1.216682419E-2	1.214617025E-2
1.290297043E-2	1.293497533E-2	1.288757194E-2
1.283793058E-2	1.284820586E-2	1.281361841E-2
1.291400567E-2	1.291195955E-2	1.289141830E-2
1.338176150E-2	1.337292790E-2	1.336778793E-2
1.226363517E-2	1.225805283E-2	1.224237774E-2
1.379509270E-2	1.379742008E-2	1.377810445E-2
1.146115642E-2	1.144174021E-2	1.145486347E-2
1.403755322E-2	1.404802687E-2	1.404798124E-2
1.090119593E-2	1.091352478E-2	1.091320813E-2
1.368810982E-2	1.366912108E-2	1.369947940E-2
9.728836827E-3	9.738142602E-3	9.756328538E-3
1.171232760E-2	1.170171052E-2	1.171858981E-2
7.840563543E-3	7.837437093E-3	7.853684016E-3
7.460815832E-3	7.469223347E-3	7.454821374E-3
4.584301729E-3	4.574157763E-3	4.576164298E-3
9.146934608E-4	9.282661485E-4	8.970884955E-4
-1.437078696E-3	-1.436888939E-3	-1.447157585E-3
-8.705778047E-3	-8.669136092E-3	-8.716207929E-3
-1.079570130E-2	-1.081234030E-2	-1.081093773E-2
-2.107106894E-2	-2.106995136E-2	-2.104732208E-2
-2.292839438E-2	-2.289546281E-2	-2.288155258E-2
-3.461701423E-2	-3.466101363E-2	-3.460681438E-2
-3.732733428E-2	-3.733165562E-2	-3.729292378E-2
-4.848677665E-2	-4.844426736E-2	-4.847590998E-2
-5.284064636E-2	-5.285223946E-2	-5.284656212E-2
-6.149055064E-2	-6.151924655E-2	-6.148388237E-2
-6.711792201E-2	-6.711841375E-2	-6.709800661E-2
-7.314248383E-2	-7.318542153E-2	-7.317232341E-2
-7.908010483E-2	-7.913587242E-2	-7.909278572E-2
-8.088453114E-2	-8.088134229E-2	-8.092618734E-2
-8.537302911E-2	-8.537431806E-2	-8.542829752E-2
-8.415824920E-2	-8.414640278E-2	-8.421756327E-2
-8.779293299E-2	-8.775918931E-2	-8.784162998E-2
-8.621696383E-2	-8.614204824E-2	-8.624160290E-2
-8.844381571E-2	-8.838552237E-2	-8.843957633E-2
-8.671411127E-2	-8.666456491E-2	-8.671105653E-2
-8.703458309E-2	-8.703530580E-2	-8.702082932E-2
-8.543759584E-2	-8.542148024E-2	-8.542023599E-2
-8.394915611E-2	-8.389432728E-2	-8.392231911E-2
-8.253410459E-2	-8.249691129E-2	-8.251661062E-2
-7.956589013E-2	-7.959741354E-2	-7.955180854E-2
-7.750941813E-2	-7.748312503E-2	-7.750059664E-2
-7.325499505E-2	-7.326044142E-2	-7.321435213E-2
-7.044195384E-2	-7.042239606E-2	-7.039863616E-2
-6.612279266E-2	-6.611423939E-2	-6.609153003E-2
-6.206376106E-2	-6.205692142E-2	-6.200660020E-2
-5.697446316E-2	-5.699497461E-2	-5.694093183E-2
-5.174147338E-2	-5.173113942E-2	-5.172274634E-2
-4.653742537E-2	-4.653264582E-2	-4.650921002E-2
-4.099026695E-2	-4.099763930E-2	-4.098189250E-2
-3.613086045E-2	-3.610063717E-2	-3.613181040E-2
-3.087797575E-2	-3.085425869E-2	-3.087618575E-2
-2.562334761E-2	-2.558088861E-2	-2.559710667E-2
-1.995952427E-2	-1.993951015E-2	-1.994193718E-2
-1.436303835E-2	-1.437802333E-2	-1.433076803E-2
-9.781952947E-3	-9.767515585E-3	-9.794439189E-3
-5.143272225E-3	-5.137299187E-3	-5.130427890E-3
-1.452584169E-3	-1.477199490E-3	-1.437274506E-3
2.290701494E-3	2.284325426E-3	2.292258665E-3
4.816368688E-3	4.846551921E-3	4.824105185E-3
6.706683896E-3	6.701431237E-3	6.701661274E-3
8.343250491E-3	8.341589011E-3	8.346932940E-3
9.339322336E-3	9.342877194E-3	9.346751496E-3
1.038629469E-2	1.039333176E-2	1.039628685E-2
1.065653376E-2	1.067247707E-2	1.066148560E-2
1.142511517E-2	1.140507311E-2	1.142865326E-2
1.172739267E-2	1.172400452E-2	1.171372738E-2
1.220939122E-2	1.220837608E-2	1.219334360E-2
1.242966577E-2	1.243190002E-2	1.241491642E-2
1.244634390E-2	1.247776300E-2	1.243863441E-2
1.262633409E-2	1.262494642E-2	1.262289286E-2
1.241257694E-2	1.237294730E-2	1.238398906E-2
1.236040704E-2	1.234005671E-2	1.237804536E-2
1.203395426E-2	1.202064008E-2	1.203084271E-2
1.205519214E-2	1.206384879E-2	1.205088478E-2
1.170731336E-2	1.171001699E-2	1.172752120E-2
1.147216652E-2	1.146944147E-2	1.147582754E-2
1.136201341E-2	1.135996636E-2	1.136521436E-2
1.084016077E-2	1.084837131E-2	1.084707119E-2
1.067400072E-2	1.068908069E-2	1.068017352E-2
1.005284581E-2	1.006306615E-2	1.003864966E-2
9.819339029E-3	9.800176136E-3	9.783192538E-3
9.119886905E-3	9.145617485E-3	9.130442515E-3
8.598652668E-3	8.590688929E-3	8.599655703E-3
8.018746972E-3	8.032521233E-3	8.015926927E-3
7.510809693E-3	7.502433844E-3	7.507391740E-3
7.412422914E-3	7.435854059E-3	7.414698601E-3
7.090992760E-3	7.092941087E-3	7.092707790E-3
7.259546313E-3	7.247803733E-3	7.261465304E-3
7.007988170E-3	7.013392635E-3	7.032043301E-3
7.140336558E-3	7.130776066E-3	7.153302431E-3
7.027541753E-3	7.021743339E-3	7.034697104E-3
6.985305343E-3	6.983992178E-3	6.983686239E-3
6.916525308E-3	6.931411102E-3	6.931295618E-3
6.717126817E-3	6.700982340E-3	6.710618734E-3
6.781320553E-3	6.784691941E-3	6.777479313E-3
6.553350948E-3	6.562969647E-3	6.548947655E-3
6.496133748E-3	6.511572283E-3	6.496089976E-3
6.215909030E-3	6.213036366E-3	6.202685181E-3
6.078638136E-3	6.082570646E-3	6.083971355E-3
5.876915064E-3	5.889289081E-3	5.881418474E-3
5.636464339E-3	5.628057756E-3	5.625163671E-3
5.542487837E-3	5.545074120E-3	5.564284045E-3
5.242838524E-3	5.232072901E-3	5.240432918E-3
5.260081030E-3	5.275649950E-3	5.259495229E-3
4.904211033E-3	4.883342423E-3	4.896868486E-3
4.844814073E-3	4.857452121E-3	4.854757339E-3
4.621922970E-3	4.613545723E-3	4.606955685E-3
4.442559090E-3	4.443645943E-3	4.431231879E-3
4.338927567E-3	4.317224957E-3	4.319853615E-3
4.131850321E-3	4.122613464E-3	4.123306368E-3
4.164963495E-3	4.149727523E-3	4.150983877E-3
3.880134551E-3	3.866276471E-3	3.871296765E-3
3.849001369E-3	3.863380989E-3	3.866035491E-3
3.561999882E-3	3.556482261E-3	3.564040875E-3
3.491783515E-3	3.498290200E-3	3.505342873E-3
3.285118146E-3	3.299040021E-3	3.304025857E-3
3.052673768E-3	3.030107822E-3	3.049431136E-3
2.933964832E-3	2.942036837E-3	2.937529935E-3
2.748006722E-3	2.746450948E-3	2.738010371E-3
2.685074927E-3	2.688718494E-3	2.682816703E-3
2.422082005E-3	2.417644020E-3	2.411071910E-3
2.379264915E-3	2.373201307E-3	2.362730447E-3
2.189859748E-3	2.189652994E-3	2.189762192E-3
2.029493451E-3	2.044737805E-3	2.036733320E-3
1.857102150E-3	1.875923946E-3	1.861958997E-3
1.707647694E-3	1.720047323E-3	1.702626469E-3
1.612525666E-3	1.606745995E-3	1.585873892E-3
1.463882043E-3	1.455614460E-3	1.445635338E-3
1.321678632E-3	1.324723475E-3	1.309248968E-3
1.131300349E-3	1.127720810E-3	1.140628126E-3
9.338318487E-4	9.427041514E-4	9.348579333E-4
8.101568092E-4	8.285684162E-4	8.273498970E-4
6.411412614E-4	6.341446424E-4	6.244445103E-4
5.008556182E-4	5.016425857E-4	4.879070912E-4
3.971811675E-4	4.070060386E-4	4.039402411E-4
3.138103639E-4	2.965904714E-4	3.211974981E-4
2.509425394E-4	2.291296842E-4	2.293987636E-4
8.324896044E-5	7.411487604E-5	9.220089123E-5
1.819463250E-5	1.298777261E-5	7.583841125E-6
-6.212759763E-5	-7.275342068E-5	-6.557442975E-5
-1.107858334E-4	-1.273449743E-4	-9.671223233E-5
-1.599898533E-4	-1.546422573E-4	-1.486230467E-4
-9.315374336E-5	-1.015069502E-4	-9.097137809E-5
-1.497429766E-4	-1.584698766E-4	-1.551070163E-4
-1.696087274E-4	-1.603827841E-4	-1.620177209E-4
-1.917187183E-4	-1.923453674E-4	-1.907721016E-4
-2.205633646E-4	-2.231074905E-4	-2.282892819E-4
-2.340430365E-4	-2.382027305E-4	-2.352353476E-4
-2.700559271E-4	-2.759666531E-4	-2.765610989E-4
-2.825137635E-4	-2.820509835E-4	-3.132067795E-4
-4.027563264E-4	-4.041599459E-4	-3.964293574E-4
-3.860745928E-4	-3.963741765E-4	-4.071511503E-4
-3.979332687E-4	-3.952723055E-4	-4.147406726E-4
-3.938262234E-4	-3.826889442E-4	-3.793453798E-4
-4.190576437E-4	-4.129190638E-4	-4.135724157E-4
-4.790154926E-4	-4.464564554E-4	-4.730669316E-4
-4.894936574E-4	-4.630883341E-4	-4.935262259E-4
-5.375707406E-4	-5.438429071E-4	-5.439317320E-4
-4.710213980E-4	-4.783220356E-4	-4.895235179E-4
-3.961640759E-4	-4.081745574E-4	-4.059258790E-4
-3.956878791E-4	-3.927606449E-4	-3.893008397E-4
-2.866638533E-4	-2.849998709E-4	-2.643078915E-4
-2.733825240E-4	-3.028808569E-4	-2.830492449E-4
-2.196107525E-4	-2.246421791E-4	-2.278265456E-4
-3.062095493E-4	-3.077223664E-4	-3.154113947E-4
-2.611757373E-4	-2.726654639E-4	-2.710158296E-4
-2.002141409E-4	-2.125947212E-4	-2.175459813E-4
-1.949823200E-4	-2.034576319E-4	-2.019936219E-4
-1.153227204E-4	-1.189996547E-4	-1.181531698E-4
-4.534031177E-5	-5.292179412E-5	-5.565707761E-5
5.378688729E-5	4.907666516E-5	4.162868572E-5
1.468782721E-4	1.115484556E-4	1.304303441E-4
1.312804816E-4	1.259120909E-4	1.300378644E-4
2.004537237E-4	1.905360550E-4	2.038247912E-4
1.903893281E-4	2.048615279E-4	2.141607110E-4
2.625491179E-4	2.663950145E-4	2.822465904E-4
2.315555757E-4	2.244185307E-4	2.237352601E-4
2.955237869E-4	2.890616306E-4	2.948363544E-4
3.764754802E-4	3.744681890E-4	3.731629404E-4
4.711477377E-4	4.662963038E-4	4.831838014E-4
4.832982668E-4	4.748529464E-4	4.765252816E-4
4.217424139E-4	4.287973570E-4	4.162265395E-4
3.939031158E-4	4.110901209E-4	4.036363971E-4
3.173197911E-4	3.187038819E-4	3.236606426E-4
2.579154680E-4	2.524725860E-4	2.603871399E-4
2.877635998E-4	2.972448128E-4	2.923462016E-4
2.792021842E-4	2.845346171E-4	2.835545165E-4
2.026439615E-4	1.972782338E-4	1.919635979E-4
1.053584565E-4	1.080919974E-4	9.758599481E-5
2.787993253E-5	1.471897940E-5	9.769610188E-6
-3.585957165E-5	-5.111986684E-5	-3.359862603E-5
-1.070836515E-4	-9.412517102E-5	-1.178037564E-4
-1.725127076E-4	-1.645840821E-4	-1.651933417E-4
-2.151011868E-4	-2.163191384E-4	-2.255450672E-4
-3.264239058E-4	-3.109817044E-4	-3.172291326E-4
-3.055860579E-4	-3.157446918E-4	-3.047208884E-4
-4.082680098E-4	-4.069644492E-4	-4.027631949E-4
-5.999198765E-4	-5.822938983E-4	-5.942208227E-4
-6.725808489E-4	-6.954432465E-4	-6.918411236E-4
-6.515329587E-4	-6.783088902E-4	-6.518820883E-4
-6.544038770E-4	-6.555237924E-4	-6.459184224E-4
-7.014203002E-4	-6.913584075E-4	-7.013059803E-4
-6.962478510E-4	-6.990457769E-4	-7.038561744E-4
-7.619964308E-4	-7.492310833E-4	-7.868362009E-4
-8.069675532E-4	-7.997024222E-4	-8.068413008E-4
-7.412270643E-4	-7.523010136E-4	-7.685180753E-4
-7.337644929E-4	-7.405042415E-4	-7.408416714E-4
-6.648820709E-4	-6.653545424E-4	-6.665170658E-4
-7.245852612E-4	-7.199789397E-4	-7.185756112E-4
-8.269788814E-4	-8.198906435E-4	-8.197190473E-4
-9.339679964E-4	-9.178395849E-4	-9.096389404E-4
-1.001257333E-3	-1.003957703E-3	-9.962480981E-4
-1.017528004E-3	-1.032074797E-3	-1.015878399E-3
-1.092091901E-3	-1.092349179E-3	-1.081463066E-3
-1.271971501E-3	-1.268806751E-3	-1.259902143E-3
-1.544479746E-3	-1.531409915E-3	-1.547043095E-3
-1.749685849E-3	-1.737182843E-3	-1.735672820E-3
-1.888143481E-3	-1.898470335E-3	-1.890853164E-3
-2.090911381E-3	-2.084249863E-3	-2.096228302E-3
-2.283132402E-3	-2.273293911E-3	-2.290217672E-3
-2.468932187E-3	-2.451842418E-3	-2.471809508E-3
-2.625890542E-3	-2.595440252E-3	-2.601665212E-3
-2.857213141E-3	-2.845211420E-3	-2.868648851E-3
-3.189547220E-3	-3.213519230E-3	-3.204863053E-3
-3.386899829E-3	-3.378473688E-3	-3.379510948E-3
-3.718635300E-3	-3.702354850E-3	-3.725706367E-3
-3.952305764E-3	-3.962101880E-3	-3.975326661E-3
-4.244318698E-3	-4.264641553E-3	-4.266255070E-3
-4.574819468E-3	-4.575523082E-3	-4.573083948E-3
-4.973604344E-3	-4.986761604E-3	-4.995863885E-3
-5.652373191E-3	-5.667120218E-3	-5.667717196E-3
-6.197210867E-3	-6.188044325E-3	-6.179774646E-3
-6.709106732E-3	-6.705663167E-3	-6.696144119E-3
-6.992481649E-3	-6.996070966E-3	-6.995981093E-3
-7.573215291E-3	-7.559381891E-3	-7.556118071E-3
-8.105361834E-3	-8.111146279E-3	-8.117806166E-3
-8.801740594E-3	-8.796948008E-3	-8.798945695E-3
-9.523859248E-3	-9.509661235E-3	-9.504003450E-3
-9.965848178E-3	-9.967044927E-3	-9.960907511E-3
-1.038459782E-2	-1.038163155E-2	-1.039472315E-2
-1.039805543E-2	-1.036611293E-2	-1.037864201E-2
-1.047406532E-2	-1.048149541E-2	-1.047144551E-2
-1.038809121E-2	-1.040642802E-2	-1.035669632E-2
-1.048169099E-2	-1.046719868E-2	-1.045774389E-2
-1.038443949E-2	-1.035407092E-2	-1.037414558E-2
-1.009296905E-2	-1.010303944E-2	-1.008749846E-2
-9.838577360E-3	-9.865619242E-3	-9.845805354E-3
-9.202085435E-3	-9.201239794E-3	-9.201817214E-3
-8.840069175E-3	-8.836025372E-3	-8.841061965E-3
-8.050490171E-3	-8.054390550E-3	-8.068295196E-3
-7.526620291E-3	-7.531065494E-3	-7.531760260E-3
-6.759301294E-3	-6.753222551E-3	-6.752604153E-3
-6.094164215E-3	-6.112241186E-3	-6.116914097E-3
-5.339270458E-3	-5.356493406E-3	-5.338518415E-3
-4.592051264E-3	-4.591326229E-3	-4.583049100E-3
-4.206458572E-3	-4.216630012E-3	-4.226183053E-3
-3.633688204E-3	-3.642098978E-3	-3.635493107E-3
-3.491678275E-3	-3.498795209E-3	-3.498603124E-3
-3.039520932E-3	-3.039217554E-3	-3.030845895E-3
-2.889352851E-3	-2.902240027E-3	-2.902766922E-3
-2.507160883E-3	-2.509457059E-3	-2.506888937E-3
-2.270041965E-3	-2.275736304E-3	-2.282375935E-3
-2.100960584E-3	-2.094189171E-3	-2.094599186E-3
-1.695646439E-3	-1.672940445E-3	-1.672329381E-3
-1.697401749E-3	-1.679802663E-3	-1.701280242E-3
-1.228802023E-3	-1.224653912E-3	-1.212835545E-3
-1.231550006E-3	-1.217151992E-3	-1.212689909E-3
-7.566458080E-4	-7.437455934E-4	-7.364209159E-4
-7.850265247E-4	-7.908104453E-4	-7.817423320E-4
-5.931681953E-4	-5.854814663E-4	-5.900882534E-4
-3.854624811E-4	-3.888660576E-4	-3.761428816E-4
-3.741533146E-4	-3.685774864E-4	-3.955819702E-4
-4.274171442E-5	-3.713291517E-5	-2.849695738E-5
-1.196469020E-4	-1.092777311E-4	-1.132993784E-4
2.163167374E-4	2.138146810E-4	2.050368494E-4
5.316818715E-5	4.916187027E-5	5.671019971E-5
2.685847576E-4	2.683999192E-4	2.646435751E-4
2.295071754E-4	2.174220863E-4	2.260104520E-4
3.094375425E-4	3.006260085E-4	3.073214029E-4
5.149429198E-4	5.010548048E-4	5.160071305E-4
3.830029164E-4	4.142983526E-4	3.935987770E-4
7.572248578E-4	7.494583260E-4	7.640375406E-4
4.848878307E-4	5.002527614E-4	5.058204988E-4
7.974791224E-4	7.987310528E-4	7.944789249E-4
6.004451425E-4	6.040706066E-4	6.187764229E-4
8.061111439E-4	8.047618321E-4	8.029215387E-4
8.941047126E-4	8.968450129E-4	9.150048718E-4
8.518238901E-4	8.426551358E-4	8.335630409E-4
1.188884256E-3	1.185689471E-3	1.179774641E-3
8.620012086E-4	8.500380791E-4	8.653564728E-4
1.269395230E-3	1.262802863E-3	1.279199030E-3
9.634976159E-4	9.500539163E-4	9.519049199E-4
1.297102193E-3	1.306850929E-3	1.298666233E-3
1.192698139E-3	1.188031281E-3	1.190947485E-3
1.228708541E-3	1.228922512E-3	1.223974046E-3
1.383699477E-3	1.368293655E-3	1.372746774E-3
1.152778394E-3	1.157743041E-3	1.162383240E-3
1.505753607E-3	1.527331304E-3	1.529328409E-3
1.127953874E-3	1.135024708E-3	1.124227536E-3
1.517467201E-3	1.534974435E-3	1.519471989E-3
1.226583845E-3	1.240856713E-3	1.225895830E-3
1.389253768E-3	1.400292851E-3	1.400565845E-3
1.389420475E-3	1.386847813E-3	1.391584869E-3
1.290885033E-3	1.271631452E-3	1.283246209E-3
1.562594203E-3	1.559610828E-3	1.549034612E-3
1.152518671E-3	1.154086087E-3	1.164480345E-3
1.509665977E-3	1.495590783E-3	1.504520769E-3
1.191661460E-3	1.180213876E-3	1.189951319E-3
1.472418313E-3	1.488474314E-3	1.487480709E-3
1.353727072E-3	1.351056155E-3	1.343168784E-3
1.334412256E-3	1.330818981E-3	1.324183191E-3
1.443844172E-3	1.458589453E-3	1.435337821E-3
1.205201144E-3	1.208793954E-3	1.211819239E-3
1.569643267E-3	1.572269597E-3	1.562596764E-3
1.187691349E-3	1.184729510E-3	1.203124295E-3
1.587640378E-3	1.579498756E-3	1.591496053E-3
1.224071602E-3	1.234380761E-3	1.242806786E-3
1.436702209E-3	1.427875948E-3	1.434080885E-3
1.351803658E-3	1.336874790E-3	1.342633972E-3
1.250211499E-3	1.251490321E-3	1.252981368E-3
1.411020407E-3	1.406880794E-3	1.414339058E-3
1.084561460E-3	1.086028875E-3	1.088182325E-3
1.445100293E-3	1.454676851E-3	1.455944264E-3
1.075392705E-3	1.089205733E-3	1.066132216E-3
1.359480782E-3	1.369304955E-3	1.373153296E-3
1.051795902E-3	1.048577484E-3	1.058600261E-3
1.167787355E-3	1.154423575E-3	1.170426025E-3
1.093336381E-3	1.119567314E-3	1.100229449E-3
9.486073977E-4	9.500001324E-4	9.670267464E-4
1.131125144E-3	1.108948141E-3	1.120401197E-3
7.927870611E-4	7.927138940E-4	7.824802888E-4
1.039456693E-3	1.027887105E-3	1.044119359E-3
7.122044335E-4	6.953759585E-4	7.017092430E-4
8.829142316E-4	8.987677866E-4	8.881769609E-4
7.304788451E-4	7.260718266E-4	7.111798041E-4
6.556230364E-4	6.664397079E-4	6.764898426E-4
7.437909953E-4	7.279483252E-4	7.257317775E-4
4.787696234E-4	4.721106961E-4	4.736314295E-4
7.359433803E-4	7.067982224E-4	7.287389017E-4
4.140630481E-4	4.015683371E-4	4.155563656E-4
6.452723173E-4	6.325119175E-4	6.445196923E-4
4.232060746E-4	4.361106548E-4	4.011410347E-4
4.683959414E-4	4.603829584E-4	4.718445125E-4
5.191412638E-4	5.306105013E-4	5.162288435E-4
3.494787961E-4	3.574471339E-4	3.596275928E-4
4.956938792E-4	5.017507938E-4	4.959894577E-4
2.419467346E-4	2.300107590E-4	2.444283164E-4
4.587338772E-4	4.561722453E-4	4.595188075E-4
2.643868793E-4	2.672864357E-4	2.609036164E-4
3.542388440E-4	3.505876521E-4	3.448522766E-4
2.997679985E-4	3.021934826E-4	2.882948902E-4
1.991893514E-4	2.108224871E-4	2.142397861E-4
3.282118705E-4	3.240857914E-4	3.081974864E-4
1.065560282E-4	1.071379957E-4	1.229555928E-4
2.814878535E-4	2.859705710E-4	2.875986684E-4
1.534028415E-4	1.651705243E-4	1.612769265E-4
2.155695402E-4	2.224347991E-4	2.087686298E-4
2.850881428E-4	2.734932641E-4	3.047964710E-4
1.381330221E-4	1.422633359E-4	1.271592337E-4
4.370821116E-4	4.219124676E-4	4.350666131E-4
1.091956656E-4	1.045134486E-4	1.085431213E-4
4.631998891E-4	4.669310583E-4	4.707317858E-4
1.712536905E-4	1.863506186E-4	1.793815027E-4
3.217259073E-4	3.114338906E-4	3.065381024E-4
3.037165152E-4	2.981889120E-4	3.160261549E-4
9.467516065E-5	9.905145998E-5	9.563385538E-5
4.676888348E-4	4.658034595E-4	4.676004464E-4
-1.380259782E-4	-1.400750916E-4	-1.484041422E-4
4.954817705E-4	4.968817229E-4	5.037360825E-4
-1.662952418E-4	-1.592938643E-4	-1.622004056E-4
3.542562481E-4	3.547376255E-4	3.554067225E-4
6.909967851E-6	-1.402364433E-5	1.156069743E-6
4.585523129E-5	4.694257950E-5	4.030934724E-5
2.547159384E-4	2.691239642E-4	2.659112797E-4
-3.048010694E-4	-3.345523437E-4	-3.162289795E-4
4.876170424E-4	4.851829726E-4	5.118292174E-4
-5.290191621E-4	-5.553590017E-4	-5.246910732E-4
5.068888422E-4	5.031919573E-4	5.108999903E-4
-4.629498289E-4	-4.685303720E-4	-4.615498765E-4
2.228775702E-4	2.228268568E-4	2.270680852E-4
-1.616170775E-4	-1.903293596E-4	-1.812333649E-4
-1.830831316E-4	-1.635548397E-4	-1.633750508E-4
2.110935020E-4	2.092482027E-4	1.903374650E-4
-6.135824951E-4	-6.347862654E-4	-6.311597535E-4
5.567654734E-4	5.606199848E-4	5.605571787E-4
-8.864044794E-4	-8.899849490E-4	-8.955076337E-4
5.631149397E-4	5.608006613E-4	5.562055740E-4
-8.377008489E-4	-8.201457676E-4	-8.374689496E-4
1.483236410E-4	1.567505387E-4	1.497531048E-4
-4.554424959E-4	-4.581796529E-4	-4.530208826E-4
-3.152407298E-4	-3.064549819E-4	-3.120585170E-4
-2.038569313E-8	-1.356596113E-5	2.240704760E-7
-8.415852790E-4	-8.525745361E-4	-8.493344067E-4
3.779086983E-4	3.690302256E-4	3.577265015E-4
-1.292375149E-3	-1.280812896E-3	-1.279667835E-3
3.024126054E-4	3.240885853E-4	3.102410119E-4
-1.211020746E-3	-1.210682560E-3	-1.199304475E-3
-1.259586716E-4	-1.147084113E-4	-1.019617121E-4
-8.052537451E-4	-8.251235122E-4	-8.271326078E-4
-6.356766680E-4	-6.468294305E-4	-6.537376903E-4
-4.384804342E-4	-4.312940582E-4	-4.348359362E-4
-1.220277394E-3	-1.224298263E-3	-1.219680998E-3
-1.181853440E-5	-2.243909512E-5	-4.023161819E-5
-1.550676301E-3	-1.547710737E-3	-1.550571411E-3
-2.413939001E-5	-3.381571878E-5	-4.275630272E-5
-1.375521300E-3	-1.388071571E-3	-1.369548379E-3
-4.567937285E-4	-4.658156831E-4	-4.710195644E-4
-1.013433794E-3	-1.019623014E-3	-1.028202823E-3
-9.466449847E-4	-9.450187790E-4	-9.414799279E-4
-5.587573978E-4	-5.674616550E-4	-5.704616196E-4
-1.471941359E-3	-1.478968305E-3	-1.485457644E-3
-1.922411029E-4	-2.022114350E-4	-1.846989617E-4
-1.725778333E-3	-1.726894523E-3	-1.728045871E-3
-2.848131408E-4	-3.043458855E-4	-3.214642056E-4
-1.515968819E-3	-1.522576436E-3	-1.507843495E-3
-6.938604638E-4	-7.135519991E-4	-6.968218368E-4
-1.184215886E-3	-1.191150048E-3	-1.178276492E-3
-1.228365814E-3	-1.239154139E-3	-1.242102589E-3
-7.751836092E-4	-7.671748172E-4	-7.657716633E-4
-1.800869824E-3	-1.791973831E-3	-1.785095665E-3
-5.322031211E-4	-5.195927224E-4	-5.181262968E-4
-2.026684815E-3	-2.022166038E-3	-2.009738237E-3
-6.709866575E-4	-6.580757909E-4	-6.725162966E-4
-1.870363718E-3	-1.863054698E-3	-1.878737588E-3
-1.047695405E-3	-1.035827911E-3	-1.032885048E-3
-1.554221730E-3	-1.553759677E-3	-1.564700156E-3
-1.594374538E-3	-1.580838813E-3	-1.573884161E-3
-1.237177174E-3	-1.240940532E-3	-1.240932499E-3
-2.090312541E-3	-2.083242405E-3	-2.096902113E-3
-1.048909966E-3	-1.034528832E-3	-1.024713740E-3
-2.270869212E-3	-2.270717639E-3	-2.278340748E-3
-1.140918699E-3	-1.151858945E-3	-1.163301640E-3
-2.150522079E-3	-2.150763758E-3	-2.150099957E-3
-1.451702323E-3	-1.447279938E-3	-1.441092812E-3
-1.865782193E-3	-1.875475049E-3	-1.871961867E-3
-1.887110528E-3	-1.875556074E-3	-1.876273076E-3
-1.579285832E-3	-1.577414572E-3	-1.570567722E-3
-2.243439434E-3	-2.264486393E-3	-2.257212996E-3
-1.483412343E-3	-1.485358924E-3	-1.499678474E-3
-2.374231117E-3	-2.380664693E-3	-2.379382262E-3
-1.567253261E-3	-1.563341357E-3	-1.547816209E-3
-2.270502271E-3	-2.270669444E-3	-2.271280624E-3
-1.835261006E-3	-1.833647606E-3	-1.824298175E-3
-2.038295381E-3	-2.029846655E-3	-2.041809028E-3
-2.132552210E-3	-2.126136329E-3	-2.129235072E-3
-1.808728091E-3	-1.788609778E-3	-1.808101893E-3
-2.318004379E-3	-2.325015841E-3	-2.331689699E-3
-1.737013110E-3	-1.717766165E-3	-1.709833043E-3
-2.348315436E-3	-2.355498262E-3	-2.346177120E-3
-1.793612610E-3	-1.801658422E-3	-1.796608558E-3
-2.200590912E-3	-2.190080239E-3	-2.184722573E-3
-1.934016705E-3	-1.947485958E-3	-1.935943379E-3
-1.950023347E-3	-1.926544588E-3	-1.944707939E-3
-2.141376026E-3	-2.139903372E-3	-2.142400015E-3
-1.799701480E-3	-1.794055686E-3	-1.792130410E-3
-2.252750332E-3	-2.238632645E-3	-2.241827780E-3
-1.795535791E-3	-1.780814258E-3	-1.784649328E-3
-2.329920419E-3	-2.321458654E-3	-2.320721745E-3
-2.057135804E-3	-2.055024263E-3	-2.044060268E-3
-2.306845738E-3	-2.283367561E-3	-2.302841749E-3
-2.240525791E-3	-2.241657814E-3	-2.229496837E-3
-2.122225007E-3	-2.125313273E-3	-2.134123351E-3
-2.381967381E-3	-2.398873214E-3	-2.378387144E-3
-2.089028480E-3	-2.103439532E-3	-2.092314418E-3
-2.511206549E-3	-2.505948767E-3	-2.510996535E-3
-2.222155221E-3	-2.206627978E-3	-2.223546850E-3
-2.573818667E-3	-2.565271920E-3	-2.556617605E-3
-2.421023324E-3	-2.418562770E-3	-2.423160011E-3
-2.525097225E-3	-2.540424233E-3	-2.525713760E-3
-2.611914650E-3	-2.611717442E-3	-2.604951616E-3
-2.483852673E-3	-2.460349584E-3	-2.480243333E-3
-2.728167921E-3	-2.742388286E-3	-2.737074159E-3
-2.493242733E-3	-2.493958455E-3	-2.509974176E-3
-2.808870049E-3	-2.794838743E-3	-2.802920761E-3
-2.613731660E-3	-2.620300977E-3	-2.620895393E-3
-2.804228570E-3	-2.792663639E-3	-2.805233700E-3
-2.705625491E-3	-2.730218228E-3	-2.707292791E-3
-2.760397037E-3	-2.736608963E-3	-2.749330364E-3
-2.889686264E-3	-2.880672226E-3	-2.878819127E-3
-2.789248247E-3	-2.787204226E-3	-2.775264671E-3
-2.994037699E-3	-2.993899630E-3	-2.981600584E-3
-2.846856136E-3	-2.826240379E-3	-2.833794337E-3
-3.087438177E-3	-3.096888307E-3	-3.079123329E-3
-2.989791567E-3	-2.991014160E-3	-2.991724294E-3
-3.163423855E-3	-3.165752161E-3	-3.163815709E-3
-3.202264197E-3	-3.192013595E-3	-3.183372086E-3
-3.234866774E-3	-3.225173568E-3	-3.233445575E-3
-3.362451913E-3	-3.377160756E-3	-3.364806063E-3
-3.319171257E-3	-3.320786869E-3	-3.308526473E-3
-3.567199456E-3	-3.558849683E-3	-3.562934930E-3
-3.494258970E-3	-3.489611903E-3	-3.495967714E-3
-3.707678057E-3	-3.700063331E-3	-3.703687340E-3
-3.616675967E-3	-3.616813337E-3	-3.639994655E-3
-3.712106030E-3	-3.731751814E-3	-3.728209529E-3
-3.752009245E-3	-3.739716019E-3	-3.748492803E-3
-3.721200861E-3	-3.720342647E-3	-3.732270794E-3
-3.821515711E-3	-3.819561563E-3	-3.817168763E-3
-3.686334006E-3	-3.686975921E-3	-3.684498603E-3
-3.772473196E-3	-3.794179298E-3	-3.791878698E-3
-3.617165610E-3	-3.617191222E-3	-3.616220551E-3
-3.729780205E-3	-3.740930697E-3	-3.740569809E-3
-3.671369981E-3	-3.675580723E-3	-3.676172579E-3
-3.700852627E-3	-3.700047266E-3	-3.696280764E-3
-3.680136055E-3	-3.691208782E-3	-3.682256443E-3
-3.552176757E-3	-3.560417797E-3	-3.563152160E-3
-3.636803012E-3	-3.641720163E-3	-3.635142697E-3
-3.482067259E-3	-3.473644145E-3	-3.483334091E-3
-3.559974721E-3	-3.577851225E-3	-3.562839702E-3
-3.441444365E-3	-3.443301655E-3	-3.436377039E-3
-3.487491049E-3	-3.483749926E-3	-3.482486354E-3
-3.450470511E-3	-3.454062855E-3	-3.457354847E-3
-3.401139984E-3	-3.390487283E-3	-3.405590076E-3
-3.437495558E-3	-3.439589404E-3	-3.438598942E-3
-3.340918804E-3	-3.332463093E-3	-3.335469868E-3
-3.369976999E-3	-3.368982347E-3	-3.374079010E-3
-3.262092127E-3	-3.260236001E-3	-3.264367348E-3
-3.297974356E-3	-3.301504068E-3	-3.305500373E-3
-3.268801840E-3	-3.265424399E-3	-3.259085119E-3
-3.228719812E-3	-3.222960513E-3	-3.224652261E-3
-3.256411524E-3	-3.257176606E-3	-3.250578884E-3
-3.218094353E-3	-3.225140041E-3	-3.218403319E-3
-3.291916335E-3	-3.280185862E-3	-3.275820753E-3
-3.231958253E-3	-3.221353516E-3	-3.228718648E-3
-3.287850413E-3	-3.284965409E-3	-3.291051835E-3
-3.236349905E-3	-3.231656039E-3	-3.233295633E-3
-3.234724747E-3	-3.227138426E-3	-3.234099131E-3
-3.225170542E-3	-3.231260926E-3	-3.242790932E-3
-3.194142831E-3	-3.204196924E-3	-3.189794486E-3
-3.214784432E-3	-3.198378952E-3	-3.207162954E-3
-3.135518171E-3	-3.141321708E-3	-3.136940999E-3
-3.202799475E-3	-3.206498688E-3	-3.197984071E-3
-3.169708420E-3	-3.172607627E-3	-3.170654410E-3
-3.200541716E-3	-3.193357494E-3	-3.191609168E-3
-3.180180443E-3	-3.200930776E-3	-3.191794734E-3
-3.235372249E-3	-3.227987560E-3	-3.228567075E-3
-3.267708933E-3	-3.269054228E-3	-3.251791000E-3
-3.290868131E-3	-3.291229950E-3	-3.282826161E-3
-3.353086067E-3	-3.353421343E-3	-3.354070708E-3
-3.387603676E-3	-3.384788055E-3	-3.391466103E-3
-3.462979803E-3	-3.478991333E-3	-3.468272975E-3
-3.505183384E-3	-3.494860139E-3	-3.502839711E-3
-3.564231098E-3	-3.567325417E-3	-3.551396774E-3
-3.602642566E-3	-3.599382006E-3	-3.609492444E-3
-3.661093302E-3	-3.652750514E-3	-3.654747736E-3
-3.693293780E-3	-3.687016200E-3	-3.693564562E-3
-3.715960309E-3	-3.719504923E-3	-3.721182700E-3
-3.747660900E-3	-3.755234880E-3	-3.755771788E-3
-3.763759043E-3	-3.769449657E-3	-3.765614936E-3
-3.817538964E-3	-3.841448808E-3	-3.838239703E-3
-3.870163579E-3	-3.859172575E-3	-3.870056011E-3
-3.969487734E-3	-3.967483994E-3	-3.970854916E-3
-4.004852846E-3	-3.991945647E-3	-4.000626504E-3
-4.064126406E-3	-4.078051541E-3	-4.063240252E-3
-4.127323627E-3	-4.120478872E-3	-4.131240305E-3
-4.180604126E-3	-4.190111067E-3	-4.188566469E-3
-4.271917045E-3	-4.253516439E-3	-4.260662477E-3
-4.297333770E-3	-4.301143810E-3	-4.290426150E-3
-4.430267029E-3	-4.415127914E-3	-4.419539589E-3
-4.458830692E-3	-4.454938229E-3	-4.451296292E-3
-4.576222971E-3	-4.556769971E-3	-4.560998175E-3
-4.565919284E-3	-4.564524163E-3	-4.560992587E-3
-4.574311897E-3	-4.567403346E-3	-4.575777333E-3
-4.615420476E-3	-4.604422953E-3	-4.618389532E-3
-4.576933570E-3	-4.574555438E-3	-4.591190256E-3
-4.672619514E-3	-4.665804561E-3	-4.655823577E-3
-4.630050156E-3	-4.621136468E-3	-4.614952020E-3
-4.684556276E-3	-4.666606896E-3	-4.671531264E-3
-4.614348058E-3	-4.623747896E-3	-4.629360978E-3
-4.593164660E-3	-4.597294144E-3	-4.598877393E-3
-4.597020801E-3	-4.614060279E-3	-4.617208615E-3
-4.555058666E-3	-4.568798933E-3	-4.569265060E-3
-4.602324683E-3	-4.624050111E-3	-4.633874632E-3
-4.562567454E-3	-4.567957018E-3	-4.577400628E-3
-4.567323253E-3	-4.583837464E-3	-4.588551354E-3
-4.548970610E-3	-4.557764623E-3	-4.554403480E-3
-4.538649693E-3	-4.552756902E-3	-4.539448768E-3
-4.500632174E-3	-4.507631529E-3	-4.517728928E-3
-4.436859395E-3	-4.449734930E-3	-4.428604152E-3
-4.433027934E-3	-4.454924259E-3	-4.440012854E-3
-4.369680304E-3	-4.372594412E-3	-4.364577588E-3
-4.345368594E-3	-4.353045952E-3	-4.347364884E-3
-4.251541104E-3	-4.239225760E-3	-4.253486171E-3
-4.131563473E-3	-4.128625151E-3	-4.118324257E-3
-4.050865304E-3	-4.040392581E-3	-4.044370260E-3
-3.927752376E-3	-3.938781563E-3	-3.924257122E-3
-3.860344179E-3	-3.870838322E-3	-3.872298868E-3
-3.761064960E-3	-3.756342689E-3	-3.759310581E-3
-3.674189560E-3	-3.683882300E-3	-3.661253257E-3
-3.588530933E-3	-3.578255186E-3	-3.578323405E-3
-3.507259302E-3	-3.497778438E-3	-3.517082660E-3
-3.424700815E-3	-3.430988407E-3	-3.415050684E-3
-3.304308979E-3	-3.319385462E-3	-3.317927942E-3
-3.212950425E-3	-3.221253166E-3	-3.223969601E-3
-3.069817787E-3	-3.081630683E-3	-3.070979845E-3
-2.901088214E-3	-2.896692371E-3	-2.898127306E-3
-2.760617761E-3	-2.756611910E-3	-2.758137416E-3
-2.582178917E-3	-2.599330619E-3	-2.592472592E-3
-2.483564662E-3	-2.472913591E-3	-2.479850547E-3
-2.303624293E-3	-2.298915060E-3	-2.304918598E-3
-2.095126081E-3	-2.070311224E-3	-2.077171113E-3
-1.899911440E-3	-1.897647628E-3	-1.901040203E-3
-1.694363775E-3	-1.698867884E-3	-1.689760131E-3
-1.591934008E-3	-1.575795352E-3	-1.586853992E-3
-1.410852768E-3	-1.409320743E-3	-1.409197808E-3
-1.317016431E-3	-1.309291925E-3	-1.310150023E-3
-1.247043023E-3	-1.246208558E-3	-1.247564564E-3
-1.143593690E-3	-1.144517912E-3	-1.157862600E-3
-1.107763732E-3	-1.089815749E-3	-1.104740775E-3
-9.914025431E-4	-9.998540627E-4	-9.904820472E-4
-9.497163701E-4	-9.569608956E-4	-9.539962630E-4
-8.405601839E-4	-8.260947652E-4	-8.421087987E-4
-8.251933032E-4	-8.242456242E-4	-8.192302776E-4
-8.630779921E-4	-8.590022335E-4	-8.572287043E-4
-8.637949941E-4	-8.650110685E-4	-8.660737658E-4
-8.819131181E-4	-8.842462557E-4	-8.770178538E-4
-8.117521647E-4	-8.106097230E-4	-8.153152885E-4
-7.271714858E-4	-7.377652219E-4	-7.326162886E-4
-5.339655909E-4	-5.367636331E-4	-5.430069286E-4
-4.180542892E-4	-4.191971966E-4	-4.152127076E-4
-3.076491412E-4	-2.993555099E-4	-3.001863079E-4
-1.960789232E-4	-2.025689319E-4	-2.000449313E-4
-7.306793123E-5	-7.725372416E-5	-7.998432557E-5
7.725325850E-5	6.429565838E-5	7.793238910E-5
1.437810861E-4	1.553420734E-4	1.618372189E-4
3.723378759E-4	3.780959523E-4	3.727346775E-4
6.324084243E-4	6.326219882E-4	6.324472488E-4
8.147269255E-4	8.264211938E-4	8.343046647E-4
9.435287793E-4	9.396725218E-4	9.370988118E-4
1.030316809E-3	1.043486060E-3	1.032105065E-3
1.179943909E-3	1.185687026E-3	1.183472108E-3
1.260114717E-3	1.266503241E-3	1.259851735E-3
1.400695764E-3	1.400707290E-3	1.404066803E-3
1.532259514E-3	1.538051059E-3	1.527796616E-3
1.634486951E-3	1.649063430E-3	1.628912985E-3
1.744179986E-3	1.739610685E-3	1.740960870E-3
1.847495441E-3	1.845256309E-3	1.840041252E-3
1.942656701E-3	1.941786148E-3	1.934076194E-3
1.967247576E-3	1.969010103E-3	1.966948155E-3
2.018319210E-3	2.018752042E-3	2.009489806E-3
2.108890098E-3	2.097994555E-3	2.104613231E-3
2.184301149E-3	2.182339784E-3	2.182019642E-3
2.223875374E-3	2.225754317E-3	2.225411823E-3
2.281748690E-3	2.271759324E-3	2.278586151E-3
2.383656800E-3	2.387536457E-3	2.380092395E-3
2.429495333E-3	2.430413151E-3	2.422259655E-3
2.432318870E-3	2.425803803E-3	2.435499337E-3
2.453397494E-3	2.439557575E-3	2.458078554E-3
2.458191477E-3	2.462911187E-3	2.465104917E-3
2.459448064E-3	2.459065523E-3	2.463390119E-3
2.483550226E-3	2.488191240E-3	2.481852658E-3
2.529599005E-3	2.524574287E-3	2.524184762E-3
2.559687011E-3	2.544739051E-3	2.555271145E-3
2.579980763E-3	2.576257801E-3	2.577348379E-3
2.578850836E-3	2.565056086E-3	2.556766383E-3
2.566711046E-3	2.556640189E-3	2.559890505E-3
2.554393839E-3	2.541971859E-3	2.556742402E-3
2.540089888E-3	2.537202090E-3	2.518203110E-3
2.575526945E-3	2.568988129E-3	2.558120061E-3
2.554514213E-3	2.548982622E-3	2.545904601E-3
2.558412496E-3	2.557483735E-3	2.552391728E-3
2.554794075E-3	2.549008932E-3	2.560547087E-3
2.549968893E-3	2.536631189E-3	2.537346445E-3
2.510001184E-3	2.500982489E-3	2.506423043E-3
2.441249555E-3	2.420895733E-3	2.432664391E-3
2.412481001E-3	2.413019072E-3	2.420547884E-3
2.340936335E-3	2.332850592E-3	2.331744181E-3
2.280886052E-3	2.290384844E-3	2.277972410E-3
2.185377060E-3	2.183332574E-3	2.193220425E-3
2.134117065E-3	2.126427600E-3	2.127672080E-3
2.075568307E-3	2.075948054E-3	2.068257425E-3
1.982912887E-3	1.986090792E-3	1.995245693E-3
1.922293101E-3	1.926363097E-3	1.919749775E-3
1.762520405E-3	1.761086285E-3	1.775847981E-3
1.707479940E-3	1.706743496E-3	1.709371805E-3
1.588750398E-3	1.582795405E-3	1.591001754E-3
1.577024814E-3	1.575337723E-3	1.588184154E-3
1.534239273E-3	1.543443068E-3	1.531123300E-3
1.508402056E-3	1.509459573E-3	1.507234876E-3
1.482213149E-3	1.484825392E-3	1.479423721E-3
1.390730380E-3	1.403277740E-3	1.393917948E-3
1.390721533E-3	1.400073292E-3	1.389416284E-3
1.282073441E-3	1.270115492E-3	1.271582209E-3
1.303329249E-3	1.314645167E-3	1.312781591E-3
1.239081030E-3	1.240974874E-3	1.244294457E-3
1.281211502E-3	1.289994456E-3	1.286031678E-3
1.247740816E-3	1.251993468E-3	1.247274689E-3
1.242565922E-3	1.244026469E-3	1.247859909E-3
1.280896598E-3	1.281252014E-3	1.267863903E-3
1.199932420E-3	1.184996217E-3	1.196004916E-3
1.285847044E-3	1.265139785E-3	1.271950314E-3
1.146980096E-3	1.146237715E-3	1.137497020E-3
1.237128861E-3	1.241171849E-3	1.236286713E-3
1.133952523E-3	1.119435998E-3	1.120934729E-3
1.218687044E-3	1.219458762E-3	1.222656225E-3
1.167499111E-3	1.163109206E-3	1.162513741E-3
1.185852336E-3	1.188101131E-3	1.181657193E-3
1.250982750E-3	1.246518921E-3	1.241499558E-3
1.127357944E-3	1.133652637E-3	1.136748469E-3
1.245898195E-3	1.250225119E-3	1.238468685E-3
1.055967994E-3	1.054311870E-3	1.057829591E-3
1.202742802E-3	1.217361889E-3	1.201659557E-3
1.024224330E-3	1.007070998E-3	1.010984182E-3
1.161320833E-3	1.167298993E-3	1.166931470E-3
1.088922611E-3	1.092520426E-3	1.093475614E-3
1.092184102E-3	1.096285181E-3	1.105265925E-3
1.159910113E-3	1.150236349E-3	1.154165249E-3
9.873255622E-4	9.814236546E-4	9.783315472E-4
1.182218431E-3	1.190772979E-3	1.190850744E-3
9.210139397E-4	9.268770227E-4	9.307895671E-4
1.207388355E-3	1.204772503E-3	1.219805679E-3
9.697095957E-4	9.707081481E-4	9.781650733E-4
1.161728171E-3	1.161837252E-3	1.157888793E-3
1.084057498E-3	1.078883070E-3	1.086498261E-3
1.044160454E-3	1.045941259E-3	1.041445648E-3
1.195595949E-3	1.203486812E-3	1.196299563E-3
9.582827915E-4	9.539654129E-4	9.431662038E-4
1.256333897E-3	1.251770882E-3	1.268835040E-3
9.061202290E-4	9.060570737E-4	8.922641864E-4
1.236243523E-3	1.246215543E-3	1.253335155E-3
9.673098102E-4	9.669936262E-4	9.637043695E-4
1.149796066E-3	1.144093578E-3	1.143212547E-3
1.106885378E-3	1.122930436E-3	1.107048243E-3
1.015157439E-3	1.023960649E-3	1.020385069E-3
1.252247253E-3	1.257352298E-3	1.268458902E-3
8.875071071E-4	8.827718557E-4	8.815671317E-4
1.353260246E-3	1.346573001E-3	1.349419006E-3
8.391398587E-4	8.466952713E-4	8.480770048E-4
1.327947830E-3	1.326120459E-3	1.315922826E-3
9.286573622E-4	9.313031915E-4	9.376684320E-4
1.184921828E-3	1.190678566E-3	1.187956193E-3
1.099826302E-3	1.112208236E-3	1.118044602E-3
1.019664109E-3	1.018172596E-3	1.018411829E-3
1.289879903E-3	1.305188402E-3	1.300377888E-3
8.636573912E-4	8.613626705E-4	8.598098648E-4
1.422777423E-3	1.424463582E-3	1.426003873E-3
7.986912969E-4	8.100199047E-4	8.069231408E-4
1.396654174E-3	1.396668260E-3	1.400056644E-3
8.555648383E-4	8.677694132E-4	8.712444105E-4
1.233982155E-3	1.231227769E-3	1.231953735E-3
1.029193867E-3	1.021271688E-3	1.033111941E-3
1.052648877E-3	1.044111559E-3	1.059797942E-3
1.196903992E-3	1.198712504E-3	1.205020701E-3
8.158273995E-4	8.102105348E-4	8.173965034E-4
1.293339650E-3	1.271225745E-3	1.292788656E-3
7.093558670E-4	7.211462944E-4	7.257722900E-4
1.314085443E-3	1.313090906E-3	1.315085799E-3
7.733312086E-4	7.764418842E-4	7.826591609E-4
1.160409534E-3	1.171416254E-3	1.162238768E-3
8.795509348E-4	8.750702837E-4	8.843583637E-4
9.469574434E-4	9.479419678E-4	9.499448934E-4
1.034753397E-3	1.047929050E-3	1.046217280E-3
7.360336022E-4	7.325328770E-4	7.523177192E-4
1.158771222E-3	1.159507665E-3	1.168859657E-3
6.226982805E-4	6.193226436E-4	6.235960755E-4
1.128774602E-3	1.122459536E-3	1.137507148E-3
6.426427281E-4	6.467021885E-4	6.360328407E-4
9.929944063E-4	9.944178164E-4	9.964773199E-4
7.731075748E-4	7.686865283E-4	7.594869239E-4
8.000274538E-4	8.058697567E-4	8.008819423E-4
9.072392713E-4	9.129972314E-4	9.015768301E-4
6.101017352E-4	6.168546388E-4	5.965721793E-4
9.753077757E-4	9.737884975E-4	9.694719920E-4
5.345284007E-4	5.295171868E-4	5.333704175E-4
9.745442076E-4	9.800540283E-4	9.813297074E-4
6.123626954E-4	6.235687761E-4	6.308073062E-4
9.116308647E-4	9.119510069E-4	9.289449663E-4
7.836541045E-4	7.900596247E-4	7.972166059E-4
7.914176094E-4	7.855288568E-4	7.845222135E-4
9.323468548E-4	9.547899826E-4	9.359166725E-4
6.947714137E-4	6.870019715E-4	6.891118246E-4
1.056522946E-3	1.045046141E-3	1.055006403E-3
7.270904025E-4	7.282462320E-4	7.241002168E-4
1.076970366E-3	1.085748198E-3	1.074059750E-3
8.329421980E-4	8.316335734E-4	8.345908718E-4
1.049888670E-3	1.050485298E-3	1.035645138E-3
1.018929644E-3	1.012011082E-3	1.017653965E-3
9.792067576E-4	9.737596847E-4	9.738969384E-4
1.166008296E-3	1.161809545E-3	1.170072006E-3
9.491096716E-4	9.424403543E-4	9.383220458E-4
1.229692483E-3	1.229656860E-3	1.227215049E-3
9.576816810E-4	9.645771934E-4	9.583247593E-4
1.205092412E-3	1.194222830E-3	1.202352927E-3
1.033442328E-3	1.030507497E-3	1.031580265E-3
1.123509835E-3	1.125868759E-3	1.111906720E-3
1.139159082E-3	1.142955967E-3	1.142866910E-3
1.042169635E-3	1.033832785E-3	1.048871083E-3
1.234433032E-3	1.213407610E-3	1.212954987E-3
9.865754982E-4	9.902354795E-4	9.998332243E-4
1.226480235E-3	1.224217005E-3	1.226722961E-3
1.012777910E-3	1.021200675E-3	1.013495377E-3
1.191024319E-3	1.185303438E-3	1.197004691E-3
1.124351635E-3	1.130670775E-3	1.121085719E-3
1.144130947E-3	1.142512774E-3	1.139134169E-3
1.208189176E-3	1.210430171E-3	1.218257472E-3
1.065618359E-3	1.070750877E-3	1.067052479E-3
1.239022589E-3	1.238062861E-3	1.243197825E-3
1.046720077E-3	1.051197527E-3	1.049324055E-3
1.221228391E-3	1.229157904E-3	1.239268924E-3
1.092037186E-3	1.092496794E-3	1.095238142E-3
1.197554986E-3	1.192809199E-3	1.189620118E-3
1.160212560E-3	1.163694309E-3	1.171470853E-3
1.115311519E-3	1.122916117E-3	1.116491389E-3
1.208079746E-3	1.208903384E-3	1.198521117E-3
1.062083407E-3	1.074198517E-3	1.067582751E-3
1.208145055E-3	1.219519298E-3	1.225083834E-3
1.056018285E-3	1.052761450E-3	1.052926527E-3
1.172786113E-3	1.192517811E-3	1.174672856E-3
1.082232222E-3	1.084188465E-3	1.086426200E-3
1.142770401E-3	1.120738569E-3	1.124412520E-3
1.145246555E-3	1.158352359E-3	1.138351508E-3
1.068913378E-3	1.069238293E-3	1.066461438E-3
1.178892562E-3	1.173520577E-3	1.182880951E-3
1.052337815E-3	1.053736079E-3	1.045294222E-3
1.171760494E-3	1.171358163E-3	1.179777901E-3
1.077465713E-3	1.072040177E-3	1.072599436E-3
1.165935886E-3	1.165047521E-3	1.156829647E-3
1.137106447E-3	1.136422390E-3	1.121920068E-3
1.127113821E-3	1.123893890E-3	1.126097166E-3
1.198322163E-3	1.203153981E-3	1.206019777E-3
1.125836861E-3	1.126860967E-3	1.121235662E-3
1.251410809E-3	1.252447721E-3	1.249946654E-3
1.132741687E-3	1.141157583E-3	1.134606544E-3
1.259008306E-3	1.257157419E-3	1.254247734E-3
1.192070311E-3	1.189355506E-3	1.201833133E-3
1.218142221E-3	1.227908535E-3	1.225562999E-3
1.254388946E-3	1.235525706E-3	1.236027572E-3
1.220141654E-3	1.205071108E-3	1.199789462E-3
1.296587870E-3	1.301882439E-3	1.303901197E-3
1.215702388E-3	1.209368114E-3	1.211149036E-3
1.330740051E-3	1.334187225E-3	1.325631049E-3
1.259322977E-3	1.254735049E-3	1.247837325E-3
1.319549279E-3	1.313347719E-3	1.310077030E-3
1.296457718E-3	1.281942939E-3	1.302703284E-3
1.308740000E-3	1.300795586E-3	1.295999275E-3
1.359504065E-3	1.370150479E-3	1.372033730E-3
1.313292305E-3	1.303416910E-3	1.317926217E-3
1.406507683E-3	1.406874973E-3	1.403485076E-3
1.342770411E-3	1.340133720E-3	1.333118998E-3
1.401900896E-3	1.413196442E-3	1.408166718E-3
1.352721476E-3	1.350456383E-3	1.359361340E-3
1.397933229E-3	1.398775144E-3	1.398817985E-3
1.441339962E-3	1.441915520E-3	1.433807309E-3
1.423910726E-3	1.413923805E-3	1.423175912E-3
1.501669409E-3	1.497314195E-3	1.505152322E-3
1.456674421E-3	1.455608290E-3	1.452653203E-3
1.542011276E-3	1.550230896E-3	1.550496556E-3
1.501831808E-3	1.496067620E-3	1.502038911E-3
1.563833794E-3	1.558201271E-3	1.552272239E-3
1.568046981E-3	1.575356466E-3	1.572798123E-3
1.575873117E-3	1.580910408E-3	1.577574294E-3
1.616522786E-3	1.613624627E-3	1.622319571E-3
1.593240886E-3	1.595907146E-3	1.588864834E-3
1.652799547E-3	1.653270447E-3	1.659596222E-3
1.607745071E-3	1.600532210E-3	1.607626444E-3
1.658884808E-3	1.668545301E-3	1.675497042E-3
1.634631306E-3	1.621706062E-3	1.625751262E-3
1.632514060E-3	1.644448726E-3	1.654572086E-3
1.631981810E-3	1.628775848E-3	1.624127966E-3
1.604596851E-3	1.603624434E-3	1.602121745E-3
1.635387540E-3	1.638132031E-3	1.624248223E-3
1.563483384E-3	1.567307627E-3	1.578774885E-3
1.605143072E-3	1.620775321E-3	1.625004224E-3
1.568629290E-3	1.557250158E-3	1.575006754E-3
1.591361943E-3	1.596330549E-3	1.594149158E-3
1.550355228E-3	1.542146318E-3	1.549111330E-3
1.532744849E-3	1.525828731E-3	1.536650932E-3
1.518593170E-3	1.509642228E-3	1.516997931E-3
1.467656577E-3	1.475558267E-3	1.470436342E-3
1.486919820E-3	1.497664256E-3	1.493874937E-3
1.440410386E-3	1.441452652E-3	1.429104595E-3
1.471843920E-3	1.464567264E-3	1.468848321E-3
1.420517685E-3	1.419778331E-3	1.420039102E-3
1.445129979E-3	1.432942925E-3	1.438187202E-3
1.414684113E-3	1.425884198E-3	1.417990308E-3
1.395818777E-3	1.392315025E-3	1.393674989E-3
1.402980997E-3	1.390527934E-3	1.403233851E-3
1.366785611E-3	1.367535791E-3	1.360225142E-3
1.384738716E-3	1.377937966E-3	1.377314562E-3
1.338310190E-3	1.352326362E-3	1.345021534E-3
1.349505153E-3	1.348778605E-3	1.356642810E-3
1.331255306E-3	1.329207909E-3	1.344298711E-3
1.344569260E-3	1.338406117E-3	1.337426598E-3
1.332529006E-3	1.324703335E-3	1.319534727E-3
1.314006862E-3	1.305557671E-3	1.311245840E-3
1.308349310E-3	1.322483295E-3	1.313474379E-3
1.279378776E-3	1.277605770E-3	1.271483023E-3
1.297187759E-3	1.300305128E-3	1.291335211E-3
1.290910412E-3	1.289140317E-3	1.295606722E-3
1.287811087E-3	1.294631744E-3	1.282405108E-3
1.292018569E-3	1.277061994E-3	1.284347149E-3
1.279208227E-3	1.275684219E-3	1.286140992E-3
1.272122026E-3	1.273097470E-3	1.275363960E-3
1.265915693E-3	1.260418561E-3	1.258598058E-3
1.267382293E-3	1.293602749E-3	1.281541190E-3
1.280877041E-3	1.284370548E-3	1.300290693E-3
1.295541530E-3	1.307996106E-3	1.303147990E-3
1.305385726E-3	1.306240563E-3	1.301652985E-3
1.313450746E-3	1.320779556E-3	1.319739386E-3
1.343573094E-3	1.332784421E-3	1.335216919E-3
1.337209949E-3	1.344950870E-3	1.334189903E-3
1.369572594E-3	1.374007436E-3	1.363706077E-3
1.363505377E-3	1.367925317E-3	1.368774800E-3
1.400868292E-3	1.388923265E-3	1.403016620E-3
1.407116069E-3	1.405854709E-3	1.394277671E-3
1.442613662E-3	1.439464511E-3	1.431926619E-3
1.460724510E-3	1.457481412E-3	1.459115651E-3
1.475938829E-3	1.474185265E-3	1.477003796E-3
1.509778551E-3	1.511098933E-3	1.507406123E-3
1.505241496E-3	1.524149906E-3	1.504750689E-3
1.547910506E-3	1.553286100E-3	1.535104937E-3
1.542936312E-3	1.538613462E-3	1.541140489E-3
1.561984769E-3	1.562923659E-3	1.562400255E-3
1.586958650E-3	1.578590833E-3	1.575301285E-3
1.582867117E-3	1.594222500E-3	1.576962415E-3
1.599742915E-3	1.606145757E-3	1.596887712E-3
1.596694114E-3	1.594249276E-3	1.599167241E-3
1.608342514E-3	1.617587055E-3	1.614500186E-3
1.602460281E-3	1.603904879E-3	1.610749285E-3
1.634646207E-3	1.612667576E-3	1.616390771E-3
1.625392470E-3	1.632026397E-3	1.631637453E-3
1.640115515E-3	1.621912001E-3	1.626343117E-3
