1.436723854534514710e-05
1.434498060028394134e-05
1.432303393747211720e-05
1.430166743303507281e-05
1.428113634341160524e-05
1.426167918080704668e-05
1.424351478730448509e-05
1.422683964316719310e-05
1.421182544203770461e-05
1.419861696252531735e-05
1.418733026209237611e-05
1.417805122633695112e-05
1.417083441379551653e-05
1.416570242977730856e-05
1.416264554125459573e-05
1.416162166563144717e-05
1.416255685262866734e-05
1.416534617335550674e-05
1.416985486199448202e-05
1.417591979252673579e-05
1.418335143284492343e-05
1.419193614080289219e-05
1.420143859862591556e-05
1.421160448436185944e-05
1.422216354052485915e-05
1.423283285925150377e-05
1.424332013625031926e-05
1.425332701458668162e-05
1.426255270275917550e-05
1.427069764772259200e-05
1.427746697846322999e-05
1.428257387142442538e-05
1.428574305421568591e-05
1.428671419747758141e-05
1.428524488241127770e-05
1.428111333368146376e-05
1.427412117323092140e-05
1.426409592177472711e-05
1.425089299178176471e-05
1.423439687510503656e-05
1.421452341932475366e-05
1.419122024531722848e-05
1.416446753555303474e-05
1.413427846345025121e-05
1.410069839523029952e-05
1.406380539439190585e-05
1.402370885628257530e-05
1.398054772082023167e-05
1.393448995503196897e-05
1.388572993294085586e-05
1.383448639707278549e-05
1.378100016213244569e-05
1.372553060322608524e-05
1.366835386514468944e-05
1.360975916911299856e-05
1.355004493031442372e-05
1.348951659914117154e-05
1.342848243101074774e-05
1.336725023879422555e-05
1.330612418091027286e-05
1.324540053710176084e-05
1.318536572577070095e-05
1.312629254478173694e-05
1.306843654432258964e-05
1.301203460667742271e-05
1.295730155837272113e-05
1.290442815106319947e-05
1.285357934843176922e-05
1.280489176266144419e-05
1.275847374621745724e-05
1.271440374877726223e-05
1.267272898802298205e-05
1.263346663936735908e-05
1.259660299896211412e-05
1.256209419394558267e-05
1.252986725479933662e-05
1.249982026975892447e-05
1.247182536463532878e-05
1.244572974246758824e-05
1.242135695979411586e-05
1.239851078052783927e-05
1.237697668362978472e-05
1.235652484528949596e-05
1.233691329379750379e-05
1.231788983948390435e-05
1.229919678375910986e-05
1.228057326783511129e-05
1.226175759197463769e-05
1.224249200380489051e-05
1.222252466760213548e-05
1.220161291220236933e-05
1.217952636005351632e-05
1.215604874349381984e-05
1.213098065754846147e-05
1.210414386658283444e-05
1.207537922982361542e-05
1.204455312814355013e-05
1.201155479655941384e-05
1.197629922525120207e-05
1.193872980677311286e-05
1.189881463880937752e-05
1.185655153044485773e-05
1.181196362606806728e-05
1.176510074732929558e-05
1.171604046626823943e-05
1.166488334438678367e-05
1.161175339611436583e-05
1.155679831835963079e-05
1.150018389069008476e-05
1.144209371867268771e-05
1.138272880602255307e-05
1.132230071472712087e-05
1.126103395057220121e-05
1.119915887050544102e-05
1.113691076686003779e-05
1.107452892519746140e-05
1.101224939450750109e-05
1.095030720625343913e-05
1.088892922858422719e-05
1.082833339743179375e-05
1.076872807679172816e-05
1.071030590199764884e-05
1.065324346813492943e-05
1.059770122672873229e-05
1.054381793184101530e-05
1.049171100402317436e-05
1.044147716057152452e-05
1.039318700214538383e-05
1.034688935909917319e-05
1.030260644693755634e-05
1.026033563342800726e-05
1.022005150741063326e-05
1.018170189066646431e-05
1.014521364763585824e-05
1.011048924025102494e-05
1.007740988738631419e-05
1.004583897962691584e-05
1.001561996696780299e-05
9.986580183576975156e-06
9.958534866077330382e-06
9.931285545223518944e-06
9.904624326115593258e-06
9.878338282380949356e-06
9.852207461789507707e-06
9.826012607357031289e-06
9.799533194105674000e-06
9.772551902415720012e-06
9.744859056081284029e-06
9.716250475977757729e-06
9.686534979377355156e-06
9.655531985107068788e-06
9.623075470113754394e-06
9.589017756224356626e-06
9.553227221528976131e-06
9.515591671386267316e-06
9.476021481086841086e-06
9.434446620731481520e-06
9.390819309212921636e-06
9.345116404581516392e-06
9.297335025240093404e-06
9.247497676738795282e-06
9.195647369065845678e-06
9.141848991079596346e-06
9.086190419978962995e-06
9.028776959122638320e-06
8.969735223886800553e-06
8.909207184565729902e-06
8.847350462093678738e-06
8.784338423551964838e-06
8.720354436921574250e-06
8.655591737810663648e-06
8.590253157780971955e-06
8.524545159219479252e-06
8.458677485224237963e-06
8.392862741945828313e-06
8.327309836410597084e-06
8.262226684819474820e-06
8.197813776926813806e-06
8.134263962188611070e-06
8.071762285718916502e-06
8.010479954283452507e-06
7.950577445745455886e-06
7.892198813643237077e-06
7.835472149047612004e-06
7.780510180544966133e-06
7.727405808784161730e-06
7.676233144602399917e-06
7.627048714277097817e-06
7.579887688159256029e-06
7.534765547399342905e-06
7.491679925431688343e-06
7.450606963422575663e-06
7.411506423194495076e-06
7.374318465185963778e-06
7.338966299428915666e-06
7.305358977603512800e-06
7.273388734708397056e-06
7.242936887050917071e-06
7.213871452594399305e-06
7.186050475525119484e-06
7.159324858801329135e-06
7.133539037997868781e-06
7.108531711041225246e-06
7.084139353096542692e-06
7.060197514798128500e-06
7.036542653681353221e-06
7.013012828404235434e-06
6.989453809275771272e-06
6.965714148011691743e-06
6.941651113287561729e-06
6.917131027833595002e-06
6.892029489131688179e-06
6.866236871965870007e-06
6.839652824238026315e-06
6.812191457980441913e-06
6.783780938911466163e-06
6.754363987355930011e-06
6.723897134361491735e-06
6.692355133537779796e-06
6.659724516745016667e-06
6.626007659058555073e-06
6.591221327784011643e-06
6.555395092268608058e-06
6.518574812679705237e-06
6.480815508739357898e-06
6.442184581678463009e-06
6.402759670635081959e-06
6.362626435038126796e-06
6.321881355948342964e-06
6.280624240041514252e-06
6.238960905131555080e-06
6.197000704910593595e-06
6.154854068233506621e-06
6.112635000771685603e-06
6.070453662073915048e-06
6.028418927555740333e-06
5.986636017911101767e-06
5.945205191203442215e-06
5.904219558986418310e-06
5.863767781434471569e-06
5.823927286046283079e-06
5.784767197843907807e-06
5.746346593193815827e-06
5.708712922663876626e-06
5.671905217589144911e-06
5.635948145957121985e-06
5.600855524031169168e-06
5.566629318274851218e-06
5.533259729070420579e-06
5.500724524047069764e-06
5.468993002353063968e-06
5.438021108632179846e-06
5.407755672780670724e-06
5.378134267142792938e-06
5.349085201696090993e-06
5.320531993548217128e-06
5.292389164751372868e-06
5.264566881304919149e-06
5.236971263931129394e-06
5.209504769727589116e-06
5.182070873301856725e-06
5.154570216659715120e-06
5.126905314038692038e-06
5.098980960076331410e-06
5.070704633845697786e-06
5.041991020601204716e-06
5.012758142923330802e-06
4.982931762530892291e-06
4.952445524038272948e-06
4.921241840667856406e-06
4.889271873435324818e-06
4.856499416806280078e-06
4.822896616503398908e-06
4.788447620127365932e-06
4.753148063591233057e-06
4.717004457633746108e-06
4.680037320661277712e-06
4.642276404480858024e-06
4.603763572387134151e-06
4.564551649792384645e-06
4.524703930927421165e-06
4.484292829933226729e-06
4.443402111450652258e-06
4.402121622724641387e-06
4.360549340874231018e-06
4.318789626213588154e-06
4.276951444796841510e-06
4.235150051649030408e-06
4.193501572951289092e-06
4.152124622673385453e-06
4.111138358027628446e-06
4.070660569456395172e-06
4.030809126284792680e-06
3.991696731962780360e-06
3.953432437115193891e-06
3.916119829878904586e-06
3.879855323163694772e-06
3.844729700280625789e-06
3.810823351675563945e-06
3.778208003041828615e-06
3.746945335213430164e-06
3.717086352824161360e-06
3.688670261135324474e-06
3.661726486671709163e-06
3.636270757415578010e-06
3.612307378353532914e-06
3.589828591386213542e-06
3.568814085408261186e-06
3.549233552211282197e-06
3.531043510919868271e-06
3.514190108123279576e-06
3.498609095829231609e-06
3.484226501639816420e-06
3.470958829630972141e-06
3.458716185266465311e-06
3.447399804891066322e-06
3.436905334355194105e-06
3.427123323998872692e-06
3.417939783207100322e-06
3.409239556182053881e-06
3.400904146873247688e-06
3.392815133340239255e-06
3.384854790626199695e-06
3.376906710484174837e-06
3.368859142000187052e-06
3.360602801455178094e-06
3.352034132275452560e-06
3.343055756668598082e-06
3.333576869363394916e-06
3.323516258200327450e-06
3.312799827969303185e-06
3.301363446707048070e-06
3.289152983665998723e-06
3.276124785176465210e-06
3.262245514921966576e-06
3.247494520493642182e-06
3.231860805248910311e-06
3.215345171953090798e-06
3.197959606776106144e-06
3.179726568146452893e-06
3.160680729747013127e-06
3.140865482192844635e-06
3.120334474522232148e-06
3.099150485717086413e-06
3.077384722146562344e-06
3.055115542732570452e-06
3.032429564869758480e-06
3.009417787709458892e-06
2.986176584770169438e-06
2.962806183973876889e-06
2.939409135857700447e-06
2.916091110129206894e-06
2.892956961477653869e-06
2.870111515137901417e-06
2.847657992691423617e-06
2.825696478568810192e-06
2.804324667887527683e-06
2.783634134833815699e-06
2.763711171309478180e-06
2.744635414893937270e-06
2.726478561623421028e-06
2.709305316288336641e-06
2.693170081888584252e-06
2.678118078781747425e-06
2.664184377443527435e-06
2.651393461184909445e-06
2.639758469665383052e-06
2.629282629106611329e-06
2.619956607668319732e-06
2.611760154996276564e-06
2.604661751658617328e-06
2.598618370766984868e-06
2.593577383945682901e-06
2.589474473174562465e-06
2.586235730155814806e-06
2.583777796677372319e-06
2.582008499231172264e-06
2.580827158495432082e-06
2.580126990311097357e-06
2.579793532827062129e-06
2.579707172265823312e-06
2.579743698444754513e-06
2.579774905366689222e-06
2.579671235240146967e-06
2.579300429330277829e-06
2.578530215878606928e-06
2.577228996575675157e-06
2.575266536221455373e-06
2.572516640975752042e-06
2.568855825304057125e-06
2.564165950823430259e-06
2.558334834334463319e-06
2.551256822733505865e-06
2.542835291103579254e-06
2.532981145710833264e-06
2.521615213263358792e-06
2.508668591814095543e-06
2.494083327328911524e-06
2.477812636490746230e-06
2.459822954968536205e-06
2.440092092710981085e-06
2.418611123687396274e-06
2.395384278459480123e-06
2.370428771039471384e-06
2.343776350866999508e-06
2.315471132506591769e-06
2.285570980364644248e-06
2.254146981214608720e-06
2.221283197175295744e-06
2.187076003521142606e-06
2.151635009195232322e-06
2.115080559884968774e-06
2.077544516048813374e-06
2.039169278806261483e-06
2.000106783630065734e-06
1.960518945240988622e-06
1.920575001681689715e-06
1.880451575810211607e-06
1.840332850474703235e-06
1.800406496726845968e-06
1.760866838005005259e-06
1.721909431180242886e-06
1.683733760740654858e-06
1.646540485562333353e-06
1.610528886795422639e-06
1.575899198221854948e-06
1.542847584935789188e-06
1.511568366703074064e-06
1.482251423120073116e-06
1.455079791420715243e-06
1.430231662197138405e-06
1.407875814191473108e-06
1.388173992597994670e-06
1.371276528522915247e-06
1.357324273493513764e-06
1.346446401006799991e-06
1.338758345220650584e-06
1.334363746270007080e-06
1.333350502155305218e-06
1.335792805439961231e-06
1.341749306062282893e-06
1.351261346405817353e-06
1.364355195378846083e-06
1.381038447598200729e-06
1.401302431240652501e-06
1.425120755436298973e-06
1.452447852683914098e-06
1.483221764558941805e-06
1.517360760784900785e-06
1.554766369492155791e-06
1.595322295477710576e-06
1.638893253152461141e-06
1.685328527766501946e-06
1.734458660188353702e-06
1.786099302132818943e-06
1.840050454025026457e-06
1.896095543454385078e-06
1.954005914155348714e-06
2.013537410218327233e-06
2.074435177237340339e-06
2.136433129844082091e-06
2.199253200364075848e-06
2.262610804970858961e-06
2.326211161881768073e-06
2.389755048387404034e-06
2.452938369549150524e-06
2.515451470046092807e-06
2.576985500930611783e-06
2.637228319289085835e-06
2.695871843743108279e-06
2.752607749301775992e-06
2.807134331323034548e-06
2.859155937283428043e-06
2.908382133748610534e-06
2.954534951981572365e-06
2.997343997551978250e-06
3.036553765486716317e-06
3.071922750946988253e-06
3.103222325069373461e-06
3.130244178884567166e-06
3.152794783487858727e-06
3.170702760531096688e-06
3.183817494876926910e-06
3.192007571857560438e-06
3.195167981783162135e-06
3.193213932143439432e-06
3.186087832014613636e-06
3.173757272312469623e-06
3.156212916367021289e-06
3.133475023464871874e-06
3.105586696168786121e-06
3.072620057312463509e-06
3.034673539251570243e-06
2.991869189160857524e-06
2.944358136526805680e-06
2.892313449595335208e-06
2.835935948052227404e-06
2.775446972071535600e-06
2.711092903927866527e-06
2.643141589971072170e-06
2.571878941931297103e-06
2.497612557636673314e-06
2.420664487636947596e-06
2.341374415565243915e-06
2.260095688446303563e-06
2.177191637048136603e-06
2.093037866849655833e-06
2.008015373386038920e-06
1.922512467923797667e-06
1.836920720118357110e-06
1.751631280958265162e-06
1.667036059019797200e-06
1.583521551930970414e-06
1.501469792157960048e-06
1.421254566128179369e-06
1.343238070550584270e-06
1.267771356389753341e-06
1.195189207175230714e-06
1.125810525639442370e-06
1.059935197308254025e-06
9.978414050519448859e-07
9.397858279161286307e-07
8.859998043330820445e-07
8.366896550625447299e-07
7.920344986360706999e-07
7.521844837443992480e-07
7.172612500121150460e-07
6.873554730553235582e-07
6.625276059975547104e-07
6.428068330933598885e-07
6.281903604776389652e-07
6.186445744091992958e-07
6.141038939090602304e-07
6.144724713125294151e-07
6.196235074290245190e-07
6.294011818558976835e-07
6.436211954393983241e-07
6.620714796753359445e-07
6.845147617922983585e-07
7.106887949334920743e-07
7.403093199897523420e-07
7.730714955653720426e-07
8.086513537216390527e-07
8.467093898659687361e-07
8.868912656629049308e-07
9.288317086018867246e-07
9.721564494213009275e-07
1.016484050602264653e-06
1.061430290233231252e-06
1.106608830086184304e-06
1.151635755856020299e-06
1.196131550223716187e-06
1.239722848842192413e-06
1.282047211064394849e-06
1.322753259479330677e-06
1.361505414935516293e-06
1.397985419762061082e-06
1.431893578608686771e-06
1.462953408227460304e-06
1.490910849037838084e-06
1.515539062807729311e-06
1.536637195571485682e-06
1.554034530506710747e-06
1.567590713877843892e-06
1.577195695412835457e-06
1.582773365461670393e-06
1.584279111495544927e-06
1.581703014219439512e-06
1.575068881080366114e-06
1.564433053271693386e-06
1.549886868453423709e-06
1.531553057997748217e-06
1.509587704076712164e-06
1.484178087471954624e-06
1.455540406487621740e-06
1.423920910118934517e-06
1.389591381905712397e-06
1.352849791886890589e-06
1.314017171412938903e-06
1.273434476377911028e-06
1.231462474058233745e-06
1.188476713554972652e-06
1.144867043484837028e-06
1.101033897103190167e-06
1.057384680420884046e-06
1.014332728669769598e-06
9.722922452433031441e-07
9.316770718072801606e-07
8.928968718376151453e-07
8.563535069549060617e-07
8.224395648154446580e-07
7.915337434770043475e-07
7.639994169721777353e-07
7.401812256235384317e-07
7.204019065865408262e-07
7.049610008193655775e-07
6.941310687739432076e-07
6.881568265107373785e-07
6.872517676972186738e-07
6.915974672958528280e-07
7.013414508738145122e-07
7.165952821566775729e-07
7.374345343547501460e-07
7.638965031619733706e-07
7.959806995584239992e-07
8.336479272587659727e-07
8.768195015763871029e-07
9.253786931613294575e-07
9.791694703792105978e-07
1.037998559116096683e-06
1.101635742054800936e-06
1.169814184888023626e-06
1.242233596582986991e-06
1.318559739500727897e-06
1.398428206521924827e-06
1.481445743587503466e-06
1.567191466660583172e-06
1.655221727205365877e-06
1.745069971790112594e-06
1.836252129394343165e-06
1.928268577397177634e-06
2.020605874612352835e-06
2.112743060439239986e-06
2.204151359174974409e-06
2.294301345453496258e-06
2.382662441742436332e-06
2.468709917760590322e-06
2.551926904466005182e-06
2.631806047897419933e-06
2.707856944982155489e-06
2.779604795280000887e-06
2.846597844076138733e-06
2.908408789809506406e-06
2.964635800083614660e-06
3.014909954419277531e-06
3.058892681263704307e-06
3.096282953792240292e-06
3.126817636835073574e-06
3.150271470026422548e-06
3.166463817528733658e-06
3.175254698397142094e-06
3.176551067474301027e-06
3.170305800240965867e-06
3.156516398118528875e-06
3.135230436043144408e-06
3.106540206235349139e-06
3.070587542005138313e-06
3.027561341482856936e-06
2.977694941004925133e-06
2.921269837381045444e-06
2.858609178760927901e-06
2.790080800474900877e-06
2.716093410920392088e-06
2.637092782147394312e-06
2.553563579507523630e-06
2.466022115409128823e-06
2.375017534433734652e-06
2.281126993460740650e-06
2.184951003684403547e-06
2.087113490064845362e-06
1.988254345844166976e-06
1.889029397531078281e-06
1.790103042755429767e-06
1.692147281699297860e-06
1.595836345806971523e-06
1.501841665617446372e-06
1.410830185255251497e-06
1.323457605520590223e-06
1.240366532482564148e-06
1.162181427926123308e-06
1.089503966670658978e-06
1.022910921115379756e-06
9.629485018790217740e-07
9.101303664666407360e-07
8.649334646029990716e-07
8.277942940081910090e-07
7.991071628433890533e-07
7.792199614671437290e-07
7.684328340958362883e-07
7.669953744661071698e-07
7.751041678944746013e-07
7.929022240584728883e-07
8.204762970346957531e-07
8.578569641484656373e-07
9.050174355270967974e-07
9.618725848550561753e-07
1.028280209212889089e-06
1.104039770279051819e-06
1.188894696262986990e-06
1.282531601789774547e-06
1.384583237975095770e-06
1.494629542457830695e-06
1.612198664042566180e-06
1.736771410988335076e-06
1.867781324169899297e-06
2.004619941138234570e-06
2.146639090160183716e-06
2.293152964491745370e-06
2.443444862943914117e-06
2.596767499439700109e-06
2.752350426784505461e-06
2.909403032547856284e-06
3.067117137143068572e-06
3.224675657333608919e-06
3.381252452171494129e-06
3.536021431213841122e-06
3.688159571392637138e-06
3.836849401539146000e-06
3.981288927791603604e-06
4.120690335249237307e-06
4.254290046895432167e-06
4.381351041090789073e-06
4.501164567944959376e-06
4.613060476505990506e-06
4.716404216972004513e-06
4.810606963621995884e-06
4.895126584249269749e-06
4.969468019496661742e-06
5.033193079906043541e-06
5.085915413157585173e-06
5.127309784664176258e-06
5.157111228403952344e-06
5.175113701850006299e-06
5.181178491873260954e-06
5.175227097960317203e-06
5.157249888529523558e-06
5.127298207240385384e-06
5.085491206166320345e-06
5.032012169931178734e-06
4.967104597652205948e-06
4.891077628307225850e-06
4.804296519072996107e-06
4.707187184384594994e-06
4.600230724282379270e-06
4.483957950023844725e-06
4.358952383919129706e-06
4.225839771533455219e-06
4.085290265046460847e-06
3.938011679934688091e-06
3.784743003095382033e-06
3.626255139851720761e-06
3.463340313427326387e-06
3.296812194169979935e-06
3.127498635376703866e-06
2.956234895723521797e-06
2.783862650147016093e-06
2.611220204952038885e-06
2.439141186557704045e-06
2.268447624761087609e-06
2.099943706715603020e-06
1.934413824746761422e-06
1.772614476238288976e-06
1.615272633642179253e-06
1.463078522976903673e-06
1.316683694670811516e-06
1.176695995601290556e-06
1.043675337267132657e-06
9.181318997894985881e-07
8.005214670605306142e-07
6.912441013831882173e-07
5.906412261273191640e-07
4.989934828717720020e-07
4.165200351285249096e-07
3.433767021729383951e-07
2.796559555947528612e-07
2.253864126704349584e-07
1.805329926638446984e-07
1.449978891825896052e-07
1.186213727092468389e-07
1.011835480100219775e-07
9.240619738793741087e-08
9.195510250743867622e-08
9.944291201302040275e-08
1.144321245370237078e-07
1.364386849548399790e-07
1.649357574485816152e-07
1.993577478536783306e-07
2.391049060866185677e-07
2.835477133203285742e-07
3.320320148617127059e-07
3.838840043840246605e-07
4.384152174734338110e-07
4.949283442830508033e-07
5.527220727306430376e-07
6.110971234078283701e-07
6.693615385148114055e-07
7.268357645661512122e-07
7.828588745147256716e-07
8.367928908612543315e-07
8.880290191572541349e-07
9.359915119891567453e-07
9.801435011300888899e-07
1.019991134147146565e-06
1.055087299673360332e-06
1.085036847602920730e-06
1.109498797591273790e-06
1.128190923982729802e-06
1.140892125413729511e-06
1.147444329498685344e-06
1.147755958333831094e-06
1.141801997972096050e-06
1.129626578351521650e-06
1.111343100159434596e-06
1.087133923327082472e-06
1.057251484444492190e-06
1.022016094444782779e-06
9.818160589100546144e-07
9.371054471815240902e-07
8.884015163782226916e-07
8.362832634768543494e-07
7.813871731977186655e-07
7.244048255680079407e-07
6.660785681468116013e-07
6.071969777640063841e-07
5.485910678055084509e-07
4.911285069390360891e-07
4.357091709341952137e-07
3.832589430102213940e-07
3.347245417832245033e-07
2.910673047308607764e-07
2.532569557213116037e-07
2.222657069080286422e-07
1.990615514193191062e-07
1.846021588871008796e-07
1.798283323863549154e-07
1.856575463080437556e-07
2.029778350000211393e-07
2.326413250614313684e-07
2.754583775921054596e-07
3.321916230092203473e-07
4.035501069746050008e-07
4.901842400216795842e-07
5.926801693104489190e-07
7.115554415968223061e-07
8.472544017667890657e-07
1.000143650353639551e-06
1.170509313908294671e-06
1.358552592129475317e-06
1.564388135761080549e-06
1.788041346510259769e-06
2.029445600420414035e-06
2.288442910198920596e-06
2.564780648540624379e-06
2.858113590899776591e-06
3.168003317252583591e-06
3.493917332382215039e-06
3.835233854693293420e-06
4.191239367248029850e-06
4.561134900538445518e-06
4.944036581220442063e-06
5.338981194502218762e-06
5.744923344988366134e-06
6.160749454009897770e-06
6.585276047624536355e-06
7.017256399368921440e-06
7.455388322805787107e-06
7.898310762515189275e-06
8.344623537300377205e-06
8.792884802553812006e-06
9.241619913550295582e-06
9.689331310961048660e-06
1.013449366083822761e-05
1.057557871187049785e-05
1.101105094288034976e-05
1.143938132068530229e-05
1.185904067260642776e-05
1.226852784551723266e-05
1.266636325069023261e-05
1.305109945763246882e-05
1.342133235038266870e-05
1.377569167790623237e-05
1.411287203796741508e-05
1.443162317385586593e-05
1.473076009391576589e-05
1.500917342351661054e-05
1.526581671881242265e-05
1.549973862856275763e-05
1.571006957344227677e-05
1.589603045016323602e-05
1.605694123183185805e-05
1.619220499301460154e-05
1.630133956959104176e-05
1.638396066325339953e-05
1.643978840641774670e-05
1.646865351850907921e-05
1.647047838675047739e-05
1.644530669859773110e-05
1.639328344600581288e-05
1.631465893510440746e-05
1.620979214597487308e-05
1.607912959075282161e-05
1.592323170901614361e-05
1.574275064070767565e-05
1.553843161914454510e-05
1.531111355938508022e-05
1.506170672262081392e-05
1.479121509590380042e-05
1.450071310687096569e-05
1.419134469102797706e-05
1.386432149714225741e-05
1.352090058331045505e-05
1.316240248887777441e-05
1.279018823786286606e-05
1.240565667366612146e-05
1.201024097001081150e-05
1.160538764272666083e-05
1.119257049827037855e-05
1.077326929243611676e-05
1.034896613697635319e-05
9.921141201364667623e-06
9.491254235879965781e-06
9.060754985569867043e-06
8.631064732445956715e-06
8.203572670691540431e-06
7.779631751976930215e-06
7.360543688963614495e-06
6.947566705057270451e-06
6.541900907707989104e-06
6.144685489864506385e-06
5.756995601398586314e-06
5.379831463921499881e-06
5.014124452949514787e-06
4.660726860877110806e-06
4.320410618125990584e-06
3.993865876059887225e-06
3.681694454357332540e-06
3.384415213981026115e-06
3.102458318367438381e-06
2.836165902010968893e-06
2.585792754662273521e-06
2.351503891059194989e-06
2.133379985598626461e-06
1.931415784881708278e-06
1.745523298762922233e-06
1.575532245290013670e-06
1.421195891258288580e-06
1.282192261545707506e-06
1.158128331634779344e-06
1.048544352942486521e-06
9.529170860403493176e-07
8.706662967421192454e-07
8.011585416932200326e-07
7.437127455090207822e-07
6.976058761179481006e-07
6.620778667155634263e-07
6.363386004702686651e-07
6.195730780458060896e-07
6.109476457531167747e-07
6.096162274657825181e-07
6.147257529691343831e-07
6.254231654144903228e-07
6.408607421458870000e-07
6.602021152660113240e-07
6.826281638871345827e-07
7.073418355199604049e-07
7.335745216133349280e-07
7.605904286396454806e-07
7.876915446020053973e-07
8.142223366463163123e-07
8.395730616335494957e-07
8.631848111238359117e-07
8.845520951022528040e-07
9.032260578769282993e-07
9.188173070042147201e-07
9.309971279230608438e-07
9.395006101725370689e-07
9.441269710555816618e-07
9.447405904636304691e-07
9.412715905893236573e-07
9.337147498648373510e-07
9.221303694456142673e-07
9.066422730701758963e-07
8.874365713043311689e-07
8.647599713803566739e-07
8.389165702932773187e-07
8.102664623761137497e-07
7.792217420306431951e-07
7.462432688659893197e-07
7.118370548340784857e-07
6.765494465021256925e-07
6.409638509974808547e-07
6.056953799559213058e-07
5.713862084716719829e-07
5.387007015027123880e-07
5.083197202873949223e-07
4.809361879423713786e-07
4.572491977698668101e-07
4.379587866857345565e-07
4.237606714665271420e-07
4.153404996422659309e-07
4.133692252502403692e-07
4.184975346865538171e-07
4.313510553197584019e-07
4.525251131095468739e-07
4.825807334016922821e-07
5.220398544425535204e-07
5.713813223392347396e-07
6.310372326833383600e-07
7.013888490225954142e-07
7.827643242232489977e-07
8.754353557617770109e-07
9.796149255193960969e-07
1.095455560233814847e-06
1.223046722478970719e-06
1.362415120577623821e-06
1.513522997594316097e-06
1.676268045899742924e-06
1.850483953928739258e-06
2.035939233625455245e-06
2.232340677228902459e-06
2.439333099593967439e-06
2.656501506768156030e-06
2.883373930499285985e-06
3.119421311623681431e-06
3.364064275568507985e-06
3.616673803671117734e-06
3.876575379322185096e-06
4.143053753812365199e-06
4.415353225461578058e-06
4.692687507815124877e-06
4.974240551348042435e-06
5.259172091659025578e-06
5.546623702310499595e-06
5.835718644908950379e-06
6.125574260899324176e-06
6.415302045928750364e-06
6.704013832993745710e-06
6.990828318486927549e-06
7.274869638821083018e-06
7.555281483202908609e-06
7.831225560395141771e-06
8.101887596505664049e-06
8.366483496031113765e-06
8.624255930052787697e-06
8.874489276756774778e-06
9.116505807939398795e-06
9.349670771577831888e-06
9.573397470149204043e-06
9.787141401436310492e-06
9.990415192238707586e-06
1.018278213666408626e-05
1.036385984689769338e-05
1.053332377011181603e-05
1.069089876071180006e-05
1.083637335967884921e-05
1.096959068508585013e-05
1.109045042790398216e-05
1.119891063923589676e-05
1.129497697362641270e-05
1.137871593839009849e-05
1.145024350506420322e-05
1.150972554461149978e-05
1.155737803977324382e-05
1.159345456098950343e-05
1.161825841011374796e-05
1.163212962719024443e-05
1.163544424241384568e-05
1.162861334508975368e-05
1.161206958305731327e-05
1.158627839453101227e-05
1.155172427783622285e-05
1.150891187156241083e-05
1.145835231474053029e-05
1.140057401927736818e-05
1.133610901482100411e-05
1.126549158025332333e-05
1.118925684423331470e-05
1.110792775167519745e-05
1.102202567452538262e-05
1.093205761583837457e-05
1.083851538821152275e-05
1.074187484895920535e-05
1.064258419911193491e-05
1.054107486709765036e-05
1.043775023802485740e-05
1.033298586998058578e-05
1.022712982852709175e-05
1.012049279825207642e-05
1.001335954481259038e-05
9.905979555462474226e-06
9.798568558595344052e-06
9.691310181049943867e-06
9.584348051314853795e-06
9.477797938154860550e-06
9.371740372474989721e-06
9.266223468232168668e-06
9.161265852193826621e-06
9.056850636241303305e-06
8.952938090456240080e-06
8.849460020339137552e-06
8.746323628920878301e-06
8.643415413720476927e-06
8.540596634205693783e-06
8.437716153303870695e-06
8.334606116829332875e-06
8.231086394009394698e-06
8.126968946146174251e-06
8.022054253412880910e-06
7.916143795873903426e-06
7.809036457742641758e-06
7.700532971223362236e-06
7.590440167799079775e-06
7.478567777504232109e-06
7.364739950556854124e-06
7.248791801852682831e-06
7.130573278084022086e-06
7.009952719191207441e-06
6.886813504051781384e-06
6.761064050804752643e-06
6.632634019907495517e-06
6.501477124639815605e-06
6.367573550839428082e-06
6.230926077600021590e-06
6.091568132995751034e-06
5.949559361986006527e-06
5.804987085506796710e-06
5.657967327515896043e-06
5.508640255261268257e-06
5.357176084509406667e-06
5.203769953828765627e-06
5.048642910977622820e-06
4.892036856365879899e-06
4.734218754115999869e-06
4.575475071110084167e-06
4.416110823443002397e-06
4.256448248749452341e-06
4.096821373221893646e-06
3.937578358572621223e-06
3.779075721221964426e-06
3.621676467500038553e-06
3.465747954033966667e-06
3.311656508515597195e-06
3.159768405688603337e-06
3.010444360661081253e-06
2.864037284598936319e-06
2.720889896051095834e-06
2.581329919680068742e-06
2.445670339549722074e-06
2.314204718011803164e-06
2.187205181095552991e-06
2.064920400637349318e-06
1.947571894975656280e-06
1.835354261192233312e-06
1.728431828797602950e-06
1.626937458462161054e-06
1.530971466042738610e-06
1.440599453136022318e-06
1.355853157751649015e-06
1.276728814428824946e-06
1.203187221072251163e-06
1.135154024481620005e-06
1.072519328364818277e-06
1.015139627184294775e-06
9.628380290550140569e-07
9.154058277338149427e-07
8.726043330342137386e-07
8.341662626845626087e-07
7.997989571485495447e-07
7.691863573481959094e-07
7.419920403512356357e-07
7.178624883599841548e-07
6.964300008537291628e-07
6.773170655028654881e-07
6.601397059385125808e-07
6.445116394611089690e-07
6.300485767918279221e-07
6.163721301521375501e-07
6.031148863381845691e-07
5.899244910335618442e-07
5.764683112545594873e-07
5.624380926022699788e-07
5.475541271260224005e-07
5.315702962341153039e-07
5.142780778435566008e-07
4.955108937605863312e-07
4.751482703551010806e-07
4.531194045902585412e-07
4.294072741778845319e-07
4.040516775343360872e-07
3.771523611741088404e-07
3.488717761511015823e-07
3.194371714411696612e-07
2.891428556490115075e-07
2.583514322560181308e-07
2.274948672295852170e-07
1.970750365036294662e-07
1.676636000888424965e-07
1.399016747692118081e-07
1.144986177005802877e-07
9.223043828773514666e-08
7.393752791076070337e-08
6.052196929633724032e-08
5.294410289393532568e-08
5.221860161567835287e-08
5.940996519896658285e-08
7.562740954620417424e-08
1.020192919830809361e-07
1.397669261178873255e-07
1.900779306641281473e-07
2.541791295599681153e-07
3.333088222748796348e-07
4.287089832947965779e-07
5.416167655494061827e-07
6.732558266712716332e-07
8.248274673415128100e-07
9.975009432391494937e-07
1.192404739489654654e-06
1.410616628382432264e-06
1.653154192926249337e-06
1.920965535059557353e-06
2.214918668598052823e-06
2.535793725063131838e-06
2.884272756637731871e-06
3.260931071776466776e-06
3.666229198691386808e-06
4.100502637385892218e-06
4.563957203884689198e-06
5.056659916931162037e-06
5.578532938845422614e-06
6.129348596128727421e-06
6.708720798747838704e-06
7.316105771606804241e-06
7.950795274307257576e-06
8.611914829371672956e-06
9.298423415322915758e-06
1.000910764019807208e-05
1.074258977559223118e-05
1.149732420724707470e-05
1.227160119936246421e-05
1.306355236471508232e-05
1.387114820424304510e-05
1.469221464054381238e-05
1.552443300287701202e-05
1.636534984221227069e-05
1.721238848345321809e-05
1.806284985977330530e-05
1.891393769884616943e-05
1.976276157951113312e-05
2.060635235981777161e-05
2.144167912475517405e-05
2.226565244812542144e-05
2.307515714633113984e-05
2.386705712292202738e-05
2.463821493965430155e-05
2.538551243948145798e-05
2.610585479563086572e-05
2.679620850296127727e-05
2.745360600139281078e-05
2.807517070557183795e-05
2.865812009383186094e-05
2.919980550668709428e-05
2.969771481938703216e-05
3.014949296436870266e-05
3.055296219823903507e-05
3.090612174819752737e-05
3.120718634098904731e-05
3.145458412024442271e-05
3.164697325738227387e-05
3.178325750083671084e-05
3.186257999316604412e-05
3.188435652003731674e-05
3.184826641685777651e-05
3.175426228740573078e-05
3.160257796569476018e-05
3.139371470285617157e-05
3.112846567998634351e-05
3.080789847501426226e-05
3.043335576708495574e-05
3.000645383706438204e-05
2.952906039249983351e-05
2.900330812296880687e-05
2.843156857969535251e-05
2.781644314078852539e-05
2.716075168547510250e-05
2.646750277420809944e-05
2.573989581670689801e-05
2.498128780708134939e-05
2.419517559565889138e-05
2.338517620631086832e-05
2.255499172781917424e-05
2.170840177220521283e-05
2.084922618206740911e-05
1.998130154300991940e-05
1.910845649909005903e-05
1.823447528809455154e-05
1.736308426130843033e-05
1.649791516336590393e-05
1.564248051196772993e-05
1.480014888204085668e-05
1.397411225149665548e-05
1.316737206279251791e-05
1.238270868740175948e-05
1.162266147421412265e-05
1.088951000021225158e-05
1.018525102204303109e-05
9.511590534441597542e-06
8.869925329964643750e-06
8.261333897969766785e-06
7.686569819187110550e-06
7.146053943471542790e-06
6.639878874784107685e-06
6.167807965512453704e-06
5.729282656686147630e-06
5.323433376560872694e-06
4.949091490647049335e-06
4.604811492794936309e-06
4.288891294220740705e-06
3.999399994293702709e-06
3.734209826678811392e-06
3.491030485819626408e-06
3.267452082605591375e-06
3.060988297410693459e-06
2.869126080254255505e-06
2.689379531168667134e-06
2.519346560531944823e-06
2.356772619327698754e-06
2.199615407195489448e-06
2.046115111521986232e-06
1.894866842776797669e-06
1.744898665843381536e-06
1.595750497194128234e-06
1.447556994339780889e-06
1.301132894441233247e-06
1.158059889438816485e-06
1.020776788778090932e-06
8.926697583778235273e-07
7.781644259836509299e-07
6.828186347160774089e-07
6.134151541146524145e-07
5.780549959835988306e-07
5.862494185884653454e-07
6.490112948392792556e-07
7.789449948954691724e-07
9.903339480077687503e-07
1.299226479210038132e-06
1.723518064230936316e-06
2.283030535869319560e-06
2.999587666545258811e-06
3.897085052619017517e-06
5.001557821982850330e-06
6.341240642055714647e-06
7.946623229878577887e-06
9.850500484952393282e-06
1.208801161123344399e-05
1.469668096838692024e-05
1.771644338725316317e-05
2.118966584266272719e-05
2.516116278658137300e-05
2.967819185794664687e-05
3.479046309823724526e-05
4.055011814381228192e-05
4.701171077004466905e-05
5.423218129928300535e-05
6.227079753649163965e-05
7.118913338759284013e-05
8.105099226327872291e-05
9.192234327620088638e-05
1.038712529690650024e-04
1.169677619963890218e-04
1.312838414874907956e-04
1.468932531923695137e-04
1.638714430219382571e-04
1.822954334325187328e-04
2.022436285151730747e-04
2.237957646614280565e-04
2.470327022327716091e-04
2.720362833832433262e-04
2.988891937283703589e-04
3.276746905434442785e-04
3.584765727204398001e-04
3.913789006740655001e-04
4.264658304387929848e-04
4.638214581953068404e-04
5.035294678880842438e-04
5.456731533577348142e-04
5.903350644902766089e-04
6.375968866998009714e-04
6.875390220742003556e-04
7.402406814455929612e-04
7.957794704250798976e-04
8.542312241387251589e-04
9.156698673417969399e-04
9.801669101225903361e-04
1.047791666827633215e-03
1.118610765219275448e-03
1.192688010267299505e-03
1.270084282608787817e-03
1.350856945617937791e-03
1.435060237604306611e-03
1.522744700966369505e-03
1.613957096475014457e-03
1.708740361576794155e-03
1.807132924291375564e-03
1.909169315417382157e-03
2.014879512534584020e-03
2.124288924964183589e-03
2.237418431618393502e-03
2.354283595257240617e-03
2.474895539038683874e-03
2.599260197665678035e-03
2.727378390389940781e-03
2.859245954766170047e-03
2.994852852547120244e-03
3.134184349885424815e-03
3.277220165140672797e-03
3.423934643134484042e-03
3.574296996536451259e-03
3.728270292404586329e-03
3.885812967956521133e-03
4.046877861889217054e-03
4.211412497919712720e-03
4.379359439971928884e-03
4.550655146390649407e-03
4.725231843885153472e-03
4.903016427009664231e-03
5.083930853234361162e-03
5.267892612040904650e-03
5.454813432446497211e-03
5.644601527049328618e-03
5.837160342880653649e-03
6.032389064284399832e-03
6.230183189922806029e-03
6.430433078698322320e-03
6.633026564455368930e-03
6.837847541004897327e-03
7.044776563401103538e-03
7.253691521171508338e-03
7.464466008221102948e-03
7.676972297377348230e-03
7.891079743200614394e-03
8.106655467275064933e-03
8.323565111149393292e-03
8.541671017494293153e-03
8.760835543026451733e-03
8.980919264879446903e-03
9.201781731671354603e-03
9.423282276064197382e-03
9.645277997398161302e-03
9.867627382258194191e-03
1.009018830373545166e-02
1.031281881762616606e-02
1.053537801249908312e-02
1.075772378824940353e-02
1.097971674623953245e-02
1.120121797568992932e-02
1.142209052369493397e-02
1.164219701010706619e-02
1.186140370249392541e-02
1.207957813216515436e-02
1.229658991837483117e-02
1.251231163050673702e-02
1.272661620318034717e-02
1.293938120141791340e-02
1.315048622953236476e-02
1.335981374437914676e-02
1.356724989747252509e-02
1.377268176224021728e-02
1.397600174382272048e-02
1.417710479443468410e-02
1.437588920136661369e-02
1.457225739513086545e-02
1.476611300823652169e-02
1.495736538601519228e-02
1.514592662996989102e-02
1.533171235136925915e-02
1.551464243704665791e-02
1.569463796647577528e-02
1.587162578389808565e-02
1.604553539882298124e-02
1.621629970185973352e-02
1.638385568584992125e-02
1.654814125486508622e-02
1.670909982306292146e-02
1.686667710832750328e-02
1.702082181281978218e-02
1.717148630306033000e-02
1.731862335018021989e-02
1.746219072659180652e-02
1.760214793417927762e-02
1.773845685724501769e-02
1.787108241029573830e-02
1.799998925291857246e-02
1.812514636071508797e-02
1.824652373295005542e-02
1.836409302948732725e-02
1.847782819874084492e-02
1.858770221247164206e-02
1.869369159176119746e-02
1.879577314020209472e-02
1.889392457853103502e-02
1.898812516699531494e-02
1.907835250487961362e-02
1.916458699501024168e-02
1.924680864721403997e-02
1.932499772433646582e-02
1.939913537286551762e-02
1.946920052901205539e-02
1.953517430601289448e-02
1.959703690870831516e-02
1.965476830240357048e-02
1.970834886296666047e-02
1.975775642595546666e-02
1.980297057979648473e-02
1.984396972620302083e-02
1.988073247733922536e-02
1.991323484081571060e-02
1.994145442349927466e-02
1.996536762834779863e-02
1.998495037872134727e-02
2.000017881624930119e-02
2.001102667527554849e-02
2.001746935407726011e-02
2.001948129943184607e-02
2.001703675878486674e-02
2.001011050052468182e-02
1.999867539107654316e-02
1.998270630629181768e-02
1.996217771424438694e-02
1.993706444463642577e-02
1.990734242006627144e-02
1.987298643984615129e-02
1.983397390037961935e-02
1.979028257784814712e-02
1.974189139811066349e-02
1.968878116167575854e-02
1.963093253003704575e-02
1.956832952115922925e-02
1.950095748603731041e-02
1.942880385764194501e-02
1.935185884800490197e-02
1.927011362611531428e-02
1.918356355393677215e-02
1.909220634491487142e-02
1.899604276786332271e-02
1.889507729242274198e-02
1.878931644282806276e-02
1.867877174171165069e-02
1.856345803488726118e-02
1.844339412584153695e-02
1.831860334614866109e-02
1.818911206695064675e-02
1.805495232238675876e-02
1.791616028351949302e-02
1.777277680138015722e-02
1.762484788173655087e-02
1.747242333589727609e-02
1.731555906283848215e-02
1.715431565581605755e-02
1.698875883650105556e-02
1.681895981852907576e-02
1.664499408097347075e-02
1.646694329768456574e-02
1.628489406257311797e-02
1.609893820378743151e-02
1.590917302719330878e-02
1.571570019908519536e-02
1.551862732221150412e-02
1.531806676936917598e-02
1.511413587414915313e-02
1.490695705319915708e-02
1.469665678885398973e-02
1.448336686292165179e-02
1.426722329245644870e-02
1.404836640155819952e-02
1.382694082916725159e-02
1.360309460665450401e-02
1.337698007173999774e-02
1.314875290447381842e-02
1.291857209213297109e-02
1.268659983661368090e-02
1.245300072602813397e-02
1.221794236121528411e-02
1.198159449349107258e-02
1.174412901691246867e-02
1.150571921655618203e-02
1.126654019400635809e-02
1.102676808935216211e-02
1.078657990358408356e-02
1.054615327893759780e-02
1.030566584665069951e-02
1.006529544220900740e-02
9.825219437294384350e-03
9.585614517873474252e-03
9.346656429950703573e-03
9.108519431632169927e-03
8.871376346659461815e-03
8.635398011463703977e-03
8.400753035792364251e-03
8.167607540787448148e-03
7.936124719767284966e-03
7.706464778936524332e-03
7.478784503448870739e-03
7.253237026437732264e-03
7.029971584794200354e-03
6.809133191446916679e-03
6.590862509690518373e-03
6.375295539785788557e-03
6.162563419394989465e-03
5.952792219075551255e-03
5.746102726227735394e-03
5.542610294573613663e-03
5.342424649614175951e-03
5.145649739064106325e-03
4.952383585277680793e-03
4.762718177746138107e-03
4.576739332380761610e-03
4.394526610438841130e-03
4.216153232039995986e-03
4.041685996954094522e-03
3.871185278897471167e-03
3.704704921026451356e-03
3.542292259085936569e-03
3.383988104948587247e-03
3.229826740911498698e-03
3.079836005389693324e-03
2.934037242063865063e-03
2.792445414324960361e-03
2.655069159496773346e-03
2.521910855495428008e-03
2.392966784154435238e-03
2.268227142449505147e-03
2.147676232103763565e-03
2.031292579197238428e-03
1.919049066199864529e-03
1.810913156350765600e-03
1.706846966927466408e-03
1.606807515385943368e-03
1.510746893847739625e-03
1.418612454528409570e-03
1.330347076559708179e-03
1.245889293933044378e-03
1.165173577974731259e-03
1.088130539375586382e-03
1.014687214806555583e-03
9.447672293587537802e-04
8.782910931601345655e-04
8.151764359058180903e-04
7.553382470079995957e-04
6.986891691578112984e-04
6.451396889128481861e-04
5.945984327652219887e-04
5.469724097562501507e-04
5.021672559808516194e-04
4.600875162274761050e-04
4.206368441093666626e-04
3.837182788470887176e-04
3.492344776523695587e-04
3.170879462500609137e-04
2.871812917766428455e-04
2.594174137384374582e-04
2.336997454505134104e-04
2.099324595719116629e-04
1.880206684004756795e-04
1.678706343117843623e-04
1.493899346846893359e-04
1.324876555953558694e-04
1.170745569956582120e-04
1.030632299806794240e-04
9.036825502486449326e-05
7.890632754334363707e-05
6.859639584396964146e-05
5.935977666282026401e-05
5.112026107103710161e-05
4.380421533959131505e-05
3.734065855355374238e-05
3.166134165835634477e-05
2.670080898822969946e-05
2.239644953284268945e-05
1.868854008058299965e-05
1.552027170928124803e-05
1.283777163990339142e-05
1.059011152307504121e-05
8.729305922614840566e-06
7.210302040677361250e-06
5.990957351341503235e-06
5.032010476756634784e-06
4.297041810319535924e-06
3.752425772158707459e-06
3.367275487221708810e-06
3.113378695797199909e-06
2.965127587121246848e-06
2.899441339780577986e-06
2.895682484002688122e-06
2.935568004104099800e-06
3.003074420723266667e-06
3.084339111633034256e-06
3.167557133764565607e-06
3.242874511137615198e-06
3.302279074676168856e-06
3.339487878197692229e-06
3.349833773639965686e-06
3.330150180431263453e-06
3.278655080676102279e-06
3.194835334926354990e-06
3.079330175124476765e-06
2.933816597636234967e-06
2.760895479914169961e-06
2.563979465167727643e-06
2.347183506532766615e-06
2.115217099985723550e-06
1.873280495205768230e-06
1.626963774779962903e-06
1.382150100505141350e-06
1.144922410082456770e-06
9.214751488905246400e-07
7.180303165472048961e-07
5.407584473325487457e-07
3.957047934338776972e-07
2.887205425541053046e-07
2.253996934343750305e-07
2.110213246186466114e-07
2.504974958002371218e-07
3.483267902042830640e-07
5.085536178525884007e-07
7.347329390435059242e-07
1.029900996795602050e-06
1.396551394683262696e-06
1.836616235137820564e-06
2.351453814407365058e-06
2.941839576931892448e-06
3.607964384964208511e-06
4.349436189106090144e-06
5.165285299442496416e-06
6.053978000734570479e-06
7.013428258374239766e-06
8.041020056088910169e-06
9.133628942307789171e-06
1.028764518328004146e-05
1.149900854648456449e-05
1.276323277077615420e-05
1.407544651554974579e-05
1.543042711488228349e-05
1.682263375403503575e-05
1.824625539554036995e-05
1.969524783495018758e-05
2.116336892339730814e-05
2.264423395850964163e-05
2.413134178141650255e-05
2.561813178870259869e-05
2.709801999623958211e-05
2.856443148777551206e-05
3.001085995368057063e-05
3.143088416303170475e-05
3.281822659066726671e-05
3.416678148870972738e-05
3.547063815788874670e-05
3.672413872906359929e-05
3.792187922364069567e-05
3.905876447574046720e-05
4.013002323652436202e-05
4.113121803250497684e-05
4.205829667046007879e-05
4.290757489026891515e-05
4.367578380842210197e-05
4.436006956969621101e-05
4.495798806759755857e-05
4.546754736175599449e-05
4.588717188763794902e-05
4.621574039218266639e-05
4.645257019343528211e-05
4.659739749224894238e-05
4.665040964556000221e-05
4.661219357990620114e-05
4.648376386694990633e-05
4.626653388320190992e-05
4.596228449192835841e-05
4.557318667147372158e-05
4.510173882406938206e-05
4.455078603081049358e-05
4.392348203822366747e-05
4.322325048813579037e-05
4.245379957792139869e-05
4.161905413633942965e-05
4.072316806112084966e-05
3.977048193652061220e-05
3.876548161664148464e-05
3.771280729750089007e-05
3.661718647500542527e-05
3.548344204615139111e-05
3.431645045349839647e-05
3.312110229397789799e-05
3.190230839948758856e-05
3.066493917321525458e-05
2.941383085101601625e-05
2.815374846631304618e-05
2.688935238335046174e-05
2.562520377522746533e-05
2.436571454605823898e-05
2.311515388972112416e-05
2.187761925296805398e-05
2.065701147893926138e-05
1.945704155154514688e-05
1.828119361819924578e-05
1.713273337490974857e-05
1.601468880662719021e-05
1.492983520906844609e-05
1.388070437245253171e-05
1.286956141149896284e-05
1.189841578636550378e-05
1.096901215440143196e-05
1.008282514580429198e-05
9.241071421906429343e-06
8.444699360526453021e-06
7.694402816515270917e-06
6.990621134716568105e-06
6.333542377549955087e-06
5.723118024536809298e-06
5.159063256411360691e-06
4.640872962354857541e-06
4.167828990193118067e-06
3.739009689323377702e-06
3.353306495255912893e-06
3.009431728266716954e-06
2.705935924547053351e-06
2.441219817530289863e-06
2.213547624875504718e-06
2.021064422739672282e-06
1.861808061257746859e-06
1.733726654680408583e-06
1.634692610096459345e-06
1.562517043795011107e-06
1.514966699721306480e-06
1.489776744986719941e-06
1.484667191109374870e-06
1.497356469379777398e-06
1.525574649626120929e-06
1.567078676956938161e-06
1.619663348830522959e-06
1.681175528653536371e-06
1.749525227912792423e-06
1.822695826706917851e-06
1.898756560879274732e-06
1.975869767695054192e-06
2.052301959645146707e-06
2.126431010407403076e-06
2.196752236749381733e-06
2.261887329796269401e-06
2.320586849597710819e-06
2.371737517138193134e-06
2.414364810909429794e-06
2.447634463714158728e-06
2.470857365234843016e-06
2.483487157822637468e-06
2.485123449478884025e-06
2.475509818588148859e-06
2.454530922516471252e-06
2.422213276597506948e-06
2.378718549643956837e-06
2.324342776053616423e-06
2.259510365300226105e-06
2.184767549436450823e-06
2.100779341689659507e-06
2.008319677075595592e-06
1.908267085769760608e-06
1.801595759960927969e-06
1.689366444302666800e-06
1.572719971702079264e-06
1.452867194951676137e-06
1.331078965026853786e-06
1.208678577130391267e-06
1.087029918290253449e-06
9.675293443933639915e-07
8.515948627100959090e-07
7.406556695789211605e-07
6.361433066657543497e-07
5.394804503997633423e-07
4.520720538768333995e-07
3.752951792371975618e-07
3.104893653627915127e-07
2.589479679496689450e-07
2.219087218918325454e-07
2.005456454436364548e-07
1.959607311310214060e-07
2.091761864960596107e-07
2.411275391035796446e-07
2.926566411648683650e-07
3.645058839843819014e-07
4.573126171378328810e-07
5.716039540639088538e-07
7.077931766030510827e-07
8.661752904750589631e-07
1.046924992764215899e-06
1.250094240977755933e-06
1.475609881063356008e-06
1.723274671701557793e-06
1.992764913719717853e-06
2.283633345276102862e-06
2.595309777063217194e-06
2.927101333458863546e-06
3.278199041972976187e-06
3.647676527193318235e-06
4.034498592755532269e-06
4.437524337803735114e-06
4.855509359479142078e-06
5.287118349413567355e-06
5.730923437737984915e-06
6.185418697038929270e-06
6.649024723654998929e-06
7.120091789965393510e-06
7.596918312207683578e-06
8.077747214571611852e-06
8.560786017915847433e-06
9.044211569026892119e-06
9.526172906628252942e-06
1.000481488396845195e-05
1.047827093798530434e-05
1.094468787695492977e-05
1.140222931975754139e-05
1.184907698820470556e-05
1.228345826055575949e-05
1.270363398800039372e-05
1.310792664439257604e-05
1.349472112191543129e-05
1.386246330020063511e-05
1.420968994314316734e-05
1.453501068262291667e-05
1.483713790263621858e-05
1.511488382487292218e-05
1.536715552098299743e-05
1.559298539573487064e-05
1.579150710039031643e-05
1.596198543317268949e-05
1.610380910448083760e-05
1.621648181328965612e-05
1.629965160754489321e-05
1.635308121317647392e-05
1.637667635354206162e-05
1.637047414754545929e-05
1.633463040145416881e-05
1.626944639241398246e-05
1.617533480294345641e-05
1.605284517234348946e-05
1.590264847056366556e-05
1.572552128459905999e-05
1.552236899189776481e-05
1.529418907134406043e-05
1.504209284985953107e-05
1.476728732207511108e-05
1.447105735534297955e-05
1.415478474109517517e-05
1.381991102318210053e-05
1.346795522342267404e-05
1.310049436115989140e-05
1.271914509325173047e-05
1.232557867456824955e-05
1.192148554394675910e-05
1.150858922578946309e-05
1.108862718497592378e-05
1.066333341168766222e-05
1.023444980883283419e-05
9.803694585780275731e-06
9.372772966758280674e-06
8.943359967807003804e-06
8.517085316184248980e-06
8.095542147074813691e-06
7.680260800874519242e-06
7.272717267132395388e-06
6.874319200294016743e-06
6.486394249415218149e-06
6.110197146089385677e-06
5.746889848457496474e-06
5.397548780083305601e-06
5.063154954348949559e-06
4.744586332814702797e-06
4.442624405879429361e-06
4.157940872227943833e-06
3.891104691289459188e-06
3.642576633615100410e-06
3.412705757994365413e-06
3.201736439080290175e-06
3.009801025380663572e-06
2.836927533678398141e-06
2.683038370499912955e-06
2.547950500755098118e-06
2.431383599118481311e-06
2.332957499873415516e-06
2.252201063756843369e-06
2.188554309487754877e-06
2.141371417126644470e-06
2.109930324745045315e-06
2.093433355298198922e-06
2.091017434201686911e-06
2.101758501268054227e-06
2.124676209497104317e-06
2.158744913909373673e-06
2.202895685646090504e-06
2.256027707824957898e-06
2.317013653157062656e-06
2.384704836296325562e-06
2.457942478082249799e-06
2.535563029020645956e-06
2.616403023869503577e-06
2.699311370556778991e-06
2.783150170362465904e-06
2.866806924019222928e-06
2.949198821617867683e-06
3.029276296398823281e-06
3.106035193248533937e-06
3.178515292759450301e-06
3.245812072346093504e-06
3.307079041987171749e-06
3.361529267981420964e-06
3.408446589696309965e-06
3.447181293293144564e-06
3.477160636754455072e-06
3.497888697851450623e-06
3.508945518208515509e-06
3.509996581782225658e-06
3.500785657530558110e-06
3.481143378271182707e-06
3.450984491980520934e-06
3.410304665476245617e-06
3.359187593195415321e-06
3.297795537066074724e-06
3.226375428819898195e-06
3.145253813466208884e-06
3.054831692181991105e-06
2.955588873778172874e-06
2.848073110881998855e-06
2.732903451127662310e-06
2.610763478168545928e-06
2.482394820190210139e-06
2.348598660929788552e-06
2.210224556308210048e-06
2.068171064328979144e-06
1.923378087405326763e-06
1.776819800061639766e-06
1.629503570218343765e-06
1.482459522648384783e-06
1.336738800755077335e-06
1.193405877869944887e-06
1.053531658993208828e-06
9.181903942853795264e-07
7.884508485179060682e-07
6.653728601929002462e-07
5.500004223371723409e-07
4.433556005001557446e-07
3.464343180131761327e-07
2.601996328625793924e-07
1.855775318816202028e-07
1.234514035014975735e-07
7.465721336947964593e-08
3.997927631540828097e-08
2.014569042021010796e-08
1.582450948516703885e-08
2.761997269328263307e-08
5.606912397051669273e-08
1.016388338860383554e-07
1.647229602772037867e-07
2.456401578295141966e-07
3.446319299496362641e-07
4.618606047577412768e-07
5.974089120683394896e-07
7.512779954990577512e-07
9.233881264640007741e-07
1.113578339797368341e-06
1.321605422295399515e-06
1.547147274033989889e-06
1.789800545148890357e-06
2.049085413756211451e-06
2.324446293829722385e-06
2.615251280391032820e-06
2.920800329482992458e-06
3.240321076912406453e-06
3.572978617133027129e-06
3.917876558579187672e-06
4.274056224643995654e-06
4.640510383525688076e-06
5.016175752435598192e-06
5.399948391279688218e-06
5.790684248765165439e-06
6.187197354051265993e-06
6.588279440190758646e-06
6.992687753653219870e-06
7.399166279450687169e-06
7.806444884365906477e-06
8.213235756571602491e-06
8.618258830129080282e-06
9.020223796246449292e-06
9.417856943176427912e-06
9.809898065712645192e-06
1.019509451740607472e-05
1.057223190295607327e-05
1.094010959808819557e-05
1.129757256340090042e-05
1.164350534762246377e-05
1.197682330007518399e-05
1.229650760092581587e-05
1.260157410073439645e-05
1.289110909965487864e-05
1.316426001236210457e-05
1.342022353065511844e-05
1.365828375390886041e-05
1.387777470666510707e-05
1.407811880581824767e-05
1.425881405511177491e-05
1.441941922611577885e-05
1.455959366906206647e-05
1.467905440081474613e-05
1.477761584450092857e-05
1.485517375068100554e-05
1.491168775089526610e-05
1.494722139356386455e-05
1.496189515819451547e-05
1.495592605978409333e-05
1.492960881630050015e-05
1.488329639101225108e-05
1.481743891175625644e-05
1.473253430857516451e-05
1.462916652563282685e-05
1.450798473272581061e-05
1.436968267936125891e-05
1.421502972719858794e-05
1.404484935771114682e-05
1.385999826417365776e-05
1.366140134439900755e-05
1.345000244357098538e-05
1.322679843082390785e-05
1.299281739693002051e-05
1.274909809213595546e-05
1.249672168914406881e-05
1.223676493548913935e-05
1.197033102293568136e-05
1.169852856110843085e-05
1.142245229477104844e-05
1.114321151648424381e-05
1.086188710598621851e-05
1.057955917359311822e-05
1.029728779340021687e-05
1.001609578838809449e-05
9.736994039117445552e-06
9.460943446347776237e-06
9.188879667979349083e-06
8.921696381617990961e-06
8.660230692588580809e-06
8.405285875009916558e-06
8.157598762016320630e-06
7.917862149039779052e-06
7.686711056922854155e-06
7.464711025656075666e-06
7.252379005389249099e-06
7.050156121494945312e-06
6.858428459088797276e-06
6.677516453683548268e-06
6.507666020449078605e-06
6.349068370093386386e-06
6.201837582833824973e-06
6.066030510727523328e-06
5.941639079063472400e-06
5.828583908834240261e-06
5.726733768728902601e-06
5.635886986121901298e-06
5.555791112653967217e-06
5.486137621971147701e-06
5.426557450622482265e-06
5.376640631429015426e-06
5.335920319117733064e-06
5.303892682669167546e-06
5.280013272205983299e-06
5.263693760348015683e-06
5.254322064885136961e-06
5.251247697788665097e-06
5.253802107275343003e-06
5.261295884037923175e-06
5.273015947181571352e-06
5.288246193160511681e-06
5.306252989934577145e-06
5.326305929484876337e-06
5.347675059773304562e-06
5.369627826743114865e-06
5.391450020821202181e-06
5.412430507780803302e-06
5.431882105232373561e-06
5.449138152671982963e-06
5.463548678080694340e-06
5.474501188099978185e-06
5.481404107256830042e-06
5.483707291577337644e-06
5.480897460347114110e-06
5.472493274507004774e-06
5.458065359395715697e-06
5.437218354095740654e-06
5.409610445677430202e-06
5.374947447442968421e-06
5.332976720967828164e-06
5.283505748749735539e-06
5.226383110684587682e-06
5.161516377805051511e-06
5.088864892565475608e-06
5.008432699865433374e-06
4.920285008066866440e-06
4.824528750199656288e-06
4.721328220672269186e-06
4.610896854877100921e-06
4.493489523941980736e-06
4.369416333245110899e-06
4.239023645410188090e-06
4.102706972237934946e-06
3.960902231981759253e-06
3.814077883911044459e-06
3.662745701600056955e-06
3.507443205833727329e-06
3.348743523687872309e-06
3.187246701695415379e-06
3.023572197226436038e-06
2.858366510203601188e-06
2.692287891172197406e-06
2.526013130256138128e-06
2.360229515310229516e-06
2.195628157571035479e-06
2.032908645487585588e-06
1.872766671924360492e-06
1.715897992995400378e-06
1.562991546770342523e-06
1.414723981474278781e-06
1.271761780917828278e-06
1.134752128039016783e-06
1.004324549743346870e-06
8.810855686231535370e-07
7.656146421254334981e-07
6.584644714746708055e-07
5.601550313198557168e-07
4.711736631187112468e-07
3.919714414991510843e-07
3.229605457495460657e-07
2.645136750451710174e-07
2.169607760077961320e-07
1.805885367337302081e-07
1.556384361944298490e-07
1.423053795864847932e-07
1.407372775683133121e-07
1.510336441685098794e-07
1.732455531922714578e-07
2.073751289436779542e-07
2.533751068381238462e-07
3.111496749342636416e-07
3.805538363906058504e-07
4.613949034207518926e-07
5.534330037308612545e-07
6.563810956749447642e-07
7.699081070758113601e-07
8.936377912167087019e-07
1.027152743758947960e-06
1.169995360559704679e-06
1.321667755591544528e-06
1.481637290682576300e-06
1.649337497331133552e-06
1.824167659496989951e-06
2.005501332217937626e-06
2.192681711084515284e-06
2.385031232125153603e-06
2.581851903591589326e-06
2.782423886751045338e-06
2.986018010102743595e-06
3.191887507569280665e-06
3.399281620729257710e-06
3.607444708571334675e-06
3.815613339683422334e-06
4.023032881752994093e-06
4.228944825281919400e-06
4.432604371889339279e-06
4.633277785156715872e-06
4.830237632154794496e-06
5.022783171091874749e-06
5.210222858270000450e-06
5.391895558621644442e-06
5.567165754680995753e-06
5.735416740893103409e-06
5.896074203890060409e-06
6.048583939289531390e-06
6.192436011411851636e-06
6.327157636085489573e-06
6.452304322246973044e-06
6.567485775769615804e-06
6.672339286393728913e-06
6.766555926861587661e-06
6.849871149367943176e-06
6.922054066880286826e-06
6.982934641449698548e-06
7.032373595449268641e-06
7.070289601481595576e-06
7.096647858532346359e-06
7.111447889593003295e-06
7.114750915963032392e-06
7.106647459542367227e-06
7.087284446685687154e-06
7.056852233482177725e-06
7.015571446067328298e-06
6.963719496537109013e-06
6.901597240421500813e-06
6.829554999021668514e-06
6.747978659784742360e-06
6.657276183072700293e-06
6.557902371642101535e-06
6.450326007675388388e-06
6.335053974234769404e-06
6.212617146876242638e-06
6.083557222650964000e-06
5.948449090079859609e-06
5.807869786329394381e-06
5.662420143457620667e-06
5.512711199064127419e-06
5.359351964443889007e-06
5.202969023492305672e-06
5.044178432584592101e-06
4.883604598466023213e-06
4.721867866514047101e-06
4.559573738633793844e-06
4.397329621856070793e-06
4.235720467097123948e-06
4.075324868074723311e-06
3.916704343959108427e-06
3.760394356315405731e-06
3.606918397042528534e-06
3.456767766700248754e-06
3.310415135670061560e-06
3.168305841911450783e-06
3.030850860286710602e-06
2.898438636616258008e-06
2.771418989364816676e-06
2.650114570140761165e-06
2.534814272765896042e-06
2.425768102998650408e-06
2.323197311576745300e-06
2.227282014627881406e-06
2.138171114502127648e-06
2.055977692965924460e-06
1.980775541281440095e-06
1.912608211359524770e-06
1.851479635584090527e-06
1.797363115006539590e-06
1.750198375928632419e-06
1.709889373300481572e-06
1.676312866915606856e-06
1.649311114872673172e-06
1.628700507878858945e-06
1.614269828320068313e-06
1.605778851298005233e-06
1.602966972117557573e-06
1.605546968463920409e-06
1.613213768100957686e-06
1.625643377595496202e-06
1.642491783229116584e-06
1.663404022920038092e-06
1.688008061919285804e-06
1.715924042867988887e-06
1.746763351927334938e-06
1.780127364470086411e-06
1.815617188467366011e-06
1.852826861694913874e-06
1.891353266901913159e-06
1.930794869942841400e-06
1.970749951564295542e-06
2.010827070551057215e-06
2.050637037757710249e-06
2.089803504567165100e-06
2.127961025723713173e-06
2.164752550846659873e-06
2.199840483687701909e-06
2.232897181585751322e-06
2.263616060905702305e-06
2.291708786043437029e-06
2.316901941260585399e-06
2.338948414453432652e-06
2.357616468768973895e-06
2.372701070668576262e-06
2.384020163598049245e-06
2.391410581309353202e-06
2.394737812719340261e-06
2.393891767659629404e-06
2.388782314367716388e-06
2.379350361674533278e-06
2.365555381244760428e-06
2.347386253203476549e-06
2.324856339598583872e-06
2.297998589221973164e-06
2.266875849059707575e-06
2.231568153269660497e-06
2.192182694033778044e-06
2.148848473518100879e-06
2.101711263333944453e-06
2.050942721831214598e-06
1.996728108010923104e-06
1.939274976692554968e-06
1.878807731943230586e-06
1.815562743246053420e-06
1.749795929945800921e-06
1.681771532434664065e-06
1.611769227122073370e-06
1.540078914377410182e-06
1.466996270419363381e-06
1.392828593511306453e-06
1.317885158904275079e-06
1.242482591322313422e-06
1.166940192307584875e-06
1.091576153259867438e-06
1.016711626637595976e-06
9.426630226450299912e-07
8.697456502813573583e-07
7.982698292425094262e-07
7.285379144009252456e-07
6.608467406692086747e-07
5.954820104652570079e-07
5.327203988598857023e-07
4.728266118598758935e-07
4.160512850818891064e-07
3.626321305843496166e-07
3.127903390355579626e-07
2.667315169208907796e-07
2.246437544904071327e-07
1.866963699193554077e-07
1.530402365344536841e-07
1.238059065563767084e-07
9.910388512284807847e-08
7.902366595577725635e-08
6.363320447458264439e-08
5.297900273761870518e-08
4.708547503105876287e-08
4.595514425155358156e-08
4.956850021737749123e-08
5.788400790166839509e-08
7.083855905835161496e-08
8.834746300770307870e-08
1.103051620340937638e-07
1.365856754919649565e-07
1.670428891404762221e-07
2.015119395400682355e-07
2.398091410148556696e-07
2.817337539431229894e-07
3.270687070331745727e-07
3.755808770042932763e-07
4.270238577691146347e-07
4.811371360209571495e-07
5.376493162111071932e-07
5.962787729164632672e-07
6.567336224481468036e-07
7.187161576730332708e-07
7.819206624387786002e-07
8.460383165093489725e-07
9.107574274757529635e-07
9.757628211854919169e-07
1.040742017810062816e-06
1.105381223975241765e-06
1.169371934666823746e-06
1.232410433897162996e-06
1.294196389950902651e-06
1.354440637328680155e-06
1.412859091215957824e-06
1.469180859952707054e-06
1.523146784764797229e-06
1.574507115188015690e-06
1.623030573824814435e-06
1.668496178988324711e-06
1.710702508423966226e-06
1.749465163690219923e-06
1.784613512207262740e-06
1.816000572129053112e-06
1.843492977856905168e-06
1.866980915410759724e-06
1.886374533098776855e-06
1.901599856176840615e-06
1.912608954030464165e-06
1.919368508948761076e-06
1.921869888889320863e-06
1.920124664622750212e-06
1.914159914548589665e-06
1.904028131472737327e-06
1.889795027919896794e-06
1.871549225199336652e-06
1.849397157802234421e-06
1.823458072432109985e-06
1.793873191534912043e-06
1.760793484598776291e-06
1.724388525173678753e-06
1.684841146915621353e-06
1.642342487810925411e-06
1.597100037585571826e-06
1.549326109910462676e-06
1.499245535092935486e-06
1.447090464911678302e-06
1.393095811414680436e-06
1.337505944947610984e-06
1.280564515700799267e-06
1.222520788670275347e-06
1.163624970551031476e-06
1.104124341247937383e-06
1.044268516631798523e-06
9.843011017140499554e-07
9.244646155993963731e-07
8.649966371058400026e-07
8.061268336858647383e-07
7.480808389795199463e-07
6.910739982111781822e-07
6.353149573567645841e-07
5.810028079228584295e-07
5.283250973212572255e-07
4.774604823996013355e-07
4.285745825673135814e-07
3.818224084424371916e-07
3.373465502427937013e-07
2.952761256109428486e-07
2.557282427386313678e-07
2.188067801698188343e-07
1.846018271708960526e-07
1.531909016855109342e-07
1.246376397894661743e-07
9.899289960755659882e-08
7.629438866465665488e-08
5.656674534923810407e-08
3.982224965895590617e-08
2.606068202375262904e-08
1.526998783624468854e-08
7.426508128729116371e-09
2.495430016218581075e-09
4.313052092195723034e-10
1.178504334282335609e-09
4.671754102422746446e-09
1.083668529375380563e-08
1.959036619374005891e-08
3.084193567527279896e-08
4.449307548858127724e-08
6.043872387280944740e-08
7.856765867813801468e-08
9.876285615497053027e-08
1.209025233698351758e-07
1.448600747878650673e-07
1.705053034325653707e-07
1.977047586864252879e-07
2.263217328955490230e-07
2.562179422585018028e-07
2.872526070745336205e-07
3.192843232749897716e-07
3.521710599607469481e-07
3.857696528135969050e-07
4.199383312579435232e-07
4.545346410621026373e-07
4.894182025999834933e-07
5.244502260332438068e-07
5.594924670896112069e-07
5.944107287846424399e-07
6.290715080478601394e-07
6.633457506588551640e-07
6.971078474080465272e-07
7.302340708267448556e-07
7.626070919201758371e-07
7.941113611079917994e-07
8.246378750399967621e-07
8.540826654304944514e-07
8.823447768707203415e-07
9.093317373626633552e-07
9.349537871516283378e-07
9.591295664336695932e-07
9.817841370623429146e-07
1.002846580579178410e-06
1.022256256077353028e-06
1.039956064917621780e-06
1.055898863207260416e-06
1.070045068969203188e-06
1.082359961080594261e-06
1.092820464332015372e-06
1.101407685835097387e-06
1.108113768695489645e-06
1.112939141635337357e-06
1.115889592469083164e-06
1.116983255701693941e-06
1.116242682800011432e-06
1.113701801206877522e-06
1.109402868881879402e-06
1.103393389592073007e-06
1.095732958795253891e-06
1.086485139729442625e-06
1.075724188891869999e-06
1.063531791008664810e-06
1.049993884266446020e-06
1.035207055175767517e-06
1.019270487804407404e-06
1.002292169512189590e-06
9.843855037366045023e-07
9.656661227944680466e-07
9.462576117176403204e-07
9.262837775861588131e-07
9.058741535093367153e-07
8.851606124746199463e-07
8.642742593705611785e-07
8.433503957645496148e-07
8.225213163954592404e-07
8.019210696477132670e-07
7.816822158502758495e-07
7.619329003202900296e-07
7.428011236356410040e-07
7.244082091826923288e-07
7.068729299950989784e-07
6.903085577245539934e-07
6.748202150713013700e-07
6.605086605719736482e-07
6.474644841685064735e-07
6.357718439386383394e-07
6.255059280819641951e-07
6.167306605997012353e-07
6.095023165469116862e-07
6.038643972563657158e-07
5.998513084452307403e-07
5.974863035104748560e-07
5.967795687223034767e-07
5.977320307585954529e-07
6.003307518636912803e-07
6.045529033569903398e-07
6.103641792135279925e-07
6.177172215598120482e-07
6.265559553506690573e-07
6.368112446209118992e-07
6.484054658827416669e-07
6.612512897637508009e-07
6.752503363860057943e-07
6.902982757329135449e-07
7.062804199748465463e-07
7.230770883237300749e-07
7.405625708172294716e-07
7.586038428404631386e-07
7.770665227842884977e-07
7.958100604515541473e-07
8.146939314221586968e-07
8.335765418627210327e-07
8.523137989030047254e-07
8.707649987917671923e-07
8.887915742961579748e-07
9.062554823394793563e-07
9.230263113489199092e-07
9.389752556429321538e-07
9.539823210676752047e-07
9.679346294227188025e-07
9.807243711382685832e-07
9.922562765295817374e-07
1.002440665930007605e-06
1.011200902984548791e-06
1.018471099042745680e-06
1.024193536886991862e-06
1.028326145030945121e-06
1.030834691773941094e-06
1.031700132121297298e-06
1.030915669547962060e-06
1.028483660743975293e-06
1.024422744099785787e-06
1.018759411745481247e-06
1.011534931580521812e-06
1.002801855652604593e-06
9.926205265963634523e-07
9.810655946900711128e-07
9.682173320839834030e-07
9.541679107303683093e-07
9.390175668431491013e-07
9.228709219535709088e-07
9.058427566141801576e-07
8.880494959722019529e-07
8.696147628911071209e-07
8.506654882295795165e-07
8.313283103853314648e-07
8.117346257887681170e-07
7.920126576212589218e-07
7.722923479854545215e-07
7.527017235558392329e-07
7.333636326064129529e-07
7.144002274267787888e-07
6.959259283332445835e-07
6.780518360149301234e-07
6.608826142845392569e-07
6.445137609261233514e-07
6.290357650714660391e-07
6.145281148333468258e-07
6.010634756383428916e-07
5.887052450448063936e-07
5.775054451137530655e-07
5.675088215509061945e-07
5.587478481662839755e-07
5.512469181920390515e-07
5.450205835863265722e-07
5.400720253923839679e-07
5.363973211743145980e-07
5.339812135188443415e-07
5.328015051128270780e-07
5.328278490030813139e-07
5.340206292352710960e-07
5.363355357346349572e-07
5.397197259589546662e-07
5.441165220596401334e-07
5.494645031167649484e-07
5.556965400092894916e-07
5.627447114867927049e-07
5.705364257086344084e-07
5.789994195013771119e-07
5.880608455572694157e-07
5.976461736738266697e-07
6.076843914133852641e-07
6.181036758687764413e-07
6.288366218896793452e-07
6.398190296652175296e-07
6.509884163153002913e-07
6.622893971229520928e-07
6.736685975455801841e-07
6.850800122583539772e-07
6.964832769606586310e-07
7.078416213243550889e-07
7.191273369321888545e-07
7.303157678057351560e-07
7.413907333012438354e-07
7.523421913090015690e-07
7.631635834670250487e-07
7.738573606091066081e-07
7.844280487415533672e-07
7.948877468338773830e-07
8.052532243147226979e-07
8.155427316643081042e-07
8.257816530582319676e-07
8.359947747449915399e-07
8.462119689093782221e-07
8.564648809587342009e-07
8.667833720158582959e-07
8.772014693804438706e-07
8.877490356851873827e-07
8.984578390219167748e-07
9.093580456939655045e-07
9.204745022802824168e-07
9.318332225155844434e-07
9.434526552758346285e-07
9.553503867077595671e-07
9.675396468460072763e-07
9.800256182469872976e-07
9.928127054140947934e-07
1.005895534366176446e-06
1.019266513008617393e-06
1.032912488672024375e-06
1.046811194883985850e-06
1.060939485330216067e-06
1.075264092032169122e-06
1.089750182061658757e-06
1.104358188870882340e-06
1.119040400594378069e-06
1.133750214425730915e-06
1.148432569519438054e-06
1.163033498385036921e-06
1.177497031367596926e-06
1.191761820123359718e-06
1.205771309745616383e-06
1.219463682212286896e-06
1.232782243854405670e-06
1.245672206254551789e-06
1.258077159132952532e-06
1.269949909102701898e-06
1.281241745785158283e-06
1.291913376134665000e-06
1.301931346039766262e-06
1.311264151600496729e-06
1.319893399453431497e-06
1.327802248941819025e-06
1.334986540679388200e-06
1.341450655273859124e-06
1.347203089682703555e-06
1.352266009211580572e-06
1.356670709106090680e-06
1.360452823265724829e-06
1.363663305164950079e-06
1.366355491680737049e-06
1.368595921004592017e-06
1.370459125244641227e-06
1.372022230672840743e-06
1.373375583467309028e-06
1.374609093095378653e-06
1.375822701916767156e-06
1.377120623309894067e-06
1.378605443799982776e-06
1.380388454183563890e-06
1.382575478749138482e-06
1.385277137331899767e-06
1.388602760938195913e-06
1.392654200423197468e-06
1.397536153031224732e-06
1.403341691981924755e-06
1.410162677289195569e-06
1.418083637199638533e-06
1.427175525920460240e-06
1.437506518465702454e-06
1.449127386192090397e-06
1.462082562424044602e-06
1.476404251863562399e-06
1.492106346648329624e-06
1.509196244511221675e-06
1.527660083385028295e-06
1.547475004854654093e-06
1.568603646182919513e-06
1.590988325102608929e-06
1.614564384897960109e-06
1.639245140645944748e-06
1.664935785832425693e-06
1.691528257718911733e-06
1.718895661705182884e-06
1.746907460992851272e-06
1.775413847002695384e-06
1.804261513057862588e-06
1.833288706670358595e-06
1.862319722768451279e-06
1.891181968511205576e-06
1.919689399520994081e-06
1.947660082698659289e-06
1.974911109210185184e-06
2.001252884496911438e-06
2.026507772404028175e-06
2.050492271257908528e-06
2.073035972600392980e-06
2.093975950288825516e-06
2.113150547949146811e-06
2.130419016886172558e-06
2.145642250182268782e-06
2.158702490135944242e-06
2.169496856838076601e-06
2.177930395982319115e-06
2.183935943783496590e-06
2.187453470571042724e-06
2.188449761028730159e-06
2.186910897010427198e-06
2.182834471591626982e-06
2.176248890223413111e-06
2.167191647302474683e-06
2.155728236206321875e-06
2.141943624219426894e-06
2.125933729985116794e-06
2.107823515601620639e-06
2.087744763166384163e-06
2.065853664170631018e-06
2.042321565047217533e-06
2.017325996050861370e-06
1.991067194959192060e-06
1.963746098191398184e-06
1.935580370193500326e-06
1.906794892991678859e-06
1.877612772102825127e-06
1.848270294492810942e-06
1.818995851110597893e-06
1.790024525075111004e-06
1.761588891795669968e-06
1.733910469006717819e-06
1.707213465203922727e-06
1.681705190206090856e-06
1.657589642312014466e-06
1.635059144012791729e-06
1.614286628274104026e-06
1.595438795660027999e-06
1.578658269102759863e-06
1.564076829549797967e-06
1.551808236398103080e-06
1.541941559721991078e-06
1.534554474599491926e-06
1.529697034192967215e-06
1.527405254309170817e-06
1.527695192958928889e-06
1.530557286377754530e-06
1.535970446939567206e-06
1.543886946951439527e-06
1.554246940141942289e-06
1.566973564561144947e-06
1.581967977513240388e-06
1.599124713844758914e-06
1.618316877343264921e-06
1.639411950197583425e-06
1.662267413613598933e-06
1.686725967981653321e-06
1.712632315935859318e-06
1.739817716849268424e-06
1.768117146331628013e-06
1.797364768200329043e-06
1.827388725559791516e-06
1.858029225156099771e-06
1.889121555324890916e-06
1.920514403416034122e-06
1.952064504308647269e-06
1.983630424303999474e-06
2.015091625906392585e-06
2.046329267855171844e-06
2.077245345831704031e-06
2.107755991506246272e-06
2.137783838809299874e-06
2.167274879505193764e-06
2.196190809253394827e-06
2.224500452250820424e-06
2.252199673078672197e-06
2.279288065240052677e-06
2.305788805799493603e-06
2.331739397208185164e-06
2.357181571704692683e-06
2.382181532950820065e-06
2.406804277182656020e-06
2.431133831340419907e-06
2.455262640392516787e-06
2.479280241556887241e-06
2.503294020095831761e-06
2.527401625589850033e-06
2.551711888983735585e-06
2.576333337732419143e-06
2.601362111590249062e-06
2.626903705226433920e-06
2.653044020752566608e-06
2.679871511170651784e-06
2.707465394905458267e-06
2.735883333367417831e-06
2.765184815510693831e-06
2.795401297360912160e-06
2.826560237575956397e-06
2.858673504529045628e-06
2.891725239040891318e-06
2.925697536238713533e-06
2.960539902477428825e-06
2.996195773529027578e-06
3.032591383182166889e-06
3.069624020183564432e-06
3.107190452812595728e-06
3.145155659549438254e-06
3.183382145044501219e-06
3.221719233122498537e-06
3.259991656027791081e-06
3.298030779683467887e-06
3.335642329110969794e-06
3.372638394549752601e-06
3.408826813024516143e-06
3.443999779095428976e-06
3.477967452929976190e-06
3.510524286347800517e-06
3.541483143414785091e-06
3.570664233986621994e-06
3.597883282852046557e-06
3.622986663030861523e-06
3.645815979911121092e-06
3.666243343612071026e-06
3.684159281064554302e-06
3.699459994128729360e-06
3.712082884213519811e-06
3.721969266037818122e-06
3.729099639503104610e-06
3.733480155153180433e-06
3.735128640425024780e-06
3.734109362503686275e-06
3.730494063831715485e-06
3.724396161572669892e-06
3.715955642628193413e-06
3.705323804587106776e-06
3.692696372693862491e-06
3.678273381920570552e-06
3.662291586909544656e-06
3.645008037961983020e-06
3.626683796251780570e-06
3.607615032178321067e-06
3.588092516869601252e-06
3.568432084350467003e-06
3.548957482698933427e-06
3.529983590455143050e-06
3.511845761924192003e-06
3.494859745667587505e-06
3.479350672517782228e-06
3.465635981745450280e-06
3.454008802964565802e-06
3.444766420762793600e-06
3.438171266447631629e-06
3.434479450105068187e-06
3.433924557487101007e-06
3.436701816495343894e-06
3.442996968526406749e-06
3.452948601507747144e-06
3.466677555076314481e-06
3.484272151919872406e-06
3.505773536345151626e-06
3.531206344995686276e-06
3.560542144691332231e-06
3.593731024988052805e-06
3.630688413846743290e-06
3.671281607341584872e-06
3.715363387476585942e-06
3.762735821346714108e-06
3.813185006659951961e-06
3.866469126616740126e-06
3.922305776847504220e-06
3.980409135837678988e-06
4.040453007858622054e-06
4.102109086690907202e-06
4.165035459646192883e-06
4.228863992424972635e-06
4.293240954323289548e-06
4.357788056747716531e-06
4.422143902810861879e-06
4.485951881979819079e-06
4.548846697191043895e-06
4.610497668851459286e-06
4.670566686198324587e-06
4.728751903011556133e-06
4.784773958515737286e-06
4.838360785569277785e-06
4.889292350390421543e-06
4.937354873064972971e-06
4.982385481204449289e-06
5.024255968372862902e-06
5.062855309627849445e-06
5.098134471605575774e-06
5.130056874374947038e-06
5.158642727514108051e-06
5.183950036998394624e-06
5.206054712856573133e-06
5.225094347384365013e-06
5.241215535217175886e-06
5.254616992850265509e-06
5.265528126066409487e-06
5.274187131233415443e-06
5.280883220095295684e-06
5.285901925976468653e-06
5.289566746755370012e-06
5.292216130568250457e-06
5.294180411760571475e-06
5.295816309488820968e-06
5.297483529693642444e-06
5.299521516523337987e-06
5.302289929437995901e-06
5.306113557711909014e-06
5.311322814524250119e-06
5.318230711895577552e-06
5.327110180090644674e-06
5.338234858041375876e-06
5.351825240702285417e-06
5.368089992927097485e-06
5.387204391033470724e-06
5.409289104619924249e-06
5.434452670115846008e-06
5.462739397459086664e-06
5.494172796688838375e-06
5.528736119201032627e-06
5.566353054096110220e-06
5.606933009632319668e-06
5.650320643075228759e-06
5.696342309459041933e-06
5.744788696147773481e-06
5.795397315244937499e-06
5.847901093121046086e-06
5.901978786972178157e-06
5.957304657881957777e-06
6.013532545349807564e-06
6.070279490630769409e-06
6.127177295806235479e-06
6.183822717945081368e-06
6.239829729952783860e-06
6.294813907633072433e-06
6.348376148543869211e-06
6.400156046287600033e-06
6.449780714520330418e-06
6.496918270683479352e-06
6.541261246117665348e-06
6.582509280668609555e-06
6.620422607527780849e-06
6.654768671378019550e-06
6.685375073278239392e-06
6.712110921112652617e-06
6.734867616574300133e-06
6.753610637381513338e-06
6.768323696236830882e-06
6.779059454922638804e-06
6.785918263240473055e-06
6.789026658383564112e-06
6.788586019630078905e-06
6.784814710753561197e-06
6.777995411920366229e-06
6.768451412300576426e-06
6.756523081454919161e-06
6.742612768808239029e-06
6.727125988906970876e-06
6.710515097462229672e-06
6.693254010351446435e-06
6.675813508204847269e-06
6.658702747106710264e-06
6.642410908593067374e-06
6.627447922834450534e-06
6.614318984516591602e-06
6.603499944588329788e-06
6.595476711758404194e-06
6.590688788324915745e-06
6.589568541699526076e-06
6.592517027706309457e-06
6.599880789177144016e-06
6.611990993999840455e-06
6.629109903461420151e-06
6.651470576953599606e-06
6.679255243727075405e-06
6.712574535887668890e-06
6.751508253761187686e-06
6.796055158664276484e-06
6.846174840681565895e-06
6.901769263157068417e-06
6.962664877164463962e-06
7.028656399393252894e-06
7.099459560378282596e-06
7.174756199517017411e-06
7.254178805326919166e-06
7.337295242962925195e-06
7.423656002844655352e-06
7.512748876412538856e-06
7.604047342408829299e-06
7.696997159861986175e-06
7.791002786660002326e-06
7.885477461696295402e-06
7.979798409217550115e-06
8.073357521614271714e-06
8.165548547179231353e-06
8.255753872036014328e-06
8.343395840184331916e-06
8.427891115652097928e-06
8.508701846501830259e-06
8.585321876034121810e-06
8.657262523798847572e-06
8.724102995486984652e-06
8.785442964369945224e-06
8.840952048790499688e-06
8.890353804130801546e-06
8.933409491745944336e-06
8.969965436896610705e-06
8.999903621697429474e-06
9.023187519550476972e-06
9.039843312317631245e-06
9.049941289418176476e-06
9.053638567611321309e-06
9.051128328904027142e-06
9.042680761230906085e-06
9.028621805175841128e-06
9.009312602839658732e-06
8.985186930034686620e-06
8.956700442878350992e-06
8.924366462994809859e-06
8.888733354047566608e-06
8.850363126691112252e-06
8.809863974807149658e-06
8.767841320068073607e-06
8.724929160925031128e-06
8.681767691043864706e-06
8.638982570485575913e-06
8.597209010987708923e-06
8.557070368645741356e-06
8.519158560190213237e-06
8.484061529461081860e-06
8.452320748786105694e-06
8.424458515446144058e-06
8.400959358221698030e-06
8.382253382358191459e-06
8.368742688445904266e-06
8.360764349150690355e-06
8.358617164495856379e-06
8.362546834819425853e-06
8.372732978569762100e-06
8.389315727288472596e-06
8.412364338799527253e-06
8.441904349730844606e-06
8.477906661244674879e-06
8.520278216559592469e-06
8.568889222084856078e-06
8.623546761557646901e-06
8.684022456419424805e-06
8.750044811212745138e-06
8.821292822763235282e-06
8.897423402059575757e-06
8.978048788219122135e-06
9.062764003370749543e-06
9.151141238177558669e-06
9.242725195938069144e-06
9.337059586828100568e-06
9.433666951859531830e-06
9.532074633000562814e-06
9.631809800089086501e-06
9.732395240395427883e-06
9.833373472222942528e-06
9.934287817545065777e-06
1.003470545896944862e-05
1.013421195482956062e-05
1.023240648527281765e-05
1.032892225940090140e-05
1.042340824550661397e-05
1.051554817041843045e-05
1.060505395078949351e-05
1.069165999945153623e-05
1.077513910290793984e-05
1.085528496047486418e-05
1.093192657200903756e-05
1.100492074321473285e-05
1.107414575311910706e-05
1.113951256133103653e-05
1.120094900599611284e-05
1.125840970196842971e-05
1.131186842909934404e-05
1.136131204514765090e-05
1.140674750082590999e-05
1.144818900045405015e-05
1.148566405655447798e-05
1.151920694447321651e-05
1.154885403370851436e-05
1.157464743560167325e-05
1.159662651005156809e-05
1.161483092236540779e-05
1.162929633599885738e-05
1.164005224079189462e-05
1.164712303187069402e-05
1.165052492834371950e-05
