-7.495462036E+1	-7.195442200E+1	-8.530296326E+1
-7.263014221E+1	-6.992722321E+1	-7.296344757E+1
-7.145355988E+1	-7.314180756E+1	-7.238019562E+1
-7.318189240E+1	-7.694288635E+1	-6.946046448E+1
-7.174637604E+1	-7.487663269E+1	-7.354827118E+1
-7.011063385E+1	-6.844107819E+1	-6.941941833E+1
-9.337050629E+1	-8.479360962E+1	-7.979411316E+1
-7.163183594E+1	-7.148336792E+1	-7.102407074E+1
-7.555615234E+1	-7.478995514E+1	-7.471945953E+1
-7.821076202E+1	-7.774102020E+1	-7.851343536E+1
-6.911022949E+1	-7.437364960E+1	-7.295361328E+1
-7.908074951E+1	-7.851616669E+1	-8.024195099E+1
-7.254172516E+1	-7.510786438E+1	-7.252069855E+1
-7.300659180E+1	-7.521021271E+1	-7.266162109E+1
-7.545053101E+1	-7.252532959E+1	-7.394368744E+1
-7.299310303E+1	-7.201122284E+1	-7.079089355E+1
-6.981661224E+1	-6.978684235E+1	-7.095478058E+1
-6.321192551E+1	-6.402016449E+1	-6.404148102E+1
-7.487889862E+1	-7.321975708E+1	-7.440216827E+1
-7.136693573E+1	-7.081299591E+1	-6.939565277E+1
-6.871643066E+1	-6.985044098E+1	-7.062177277E+1
-7.198907471E+1	-7.184782410E+1	-7.461750031E+1
-6.877837372E+1	-7.047908783E+1	-6.990899658E+1
-7.134010315E+1	-7.113807678E+1	-7.003828430E+1
-6.872586823E+1	-6.893280029E+1	-6.934058380E+1
-6.860641479E+1	-6.770020294E+1	-6.930466461E+1
-6.272847366E+1	-6.267221069E+1	-6.283824539E+1
-6.886871338E+1	-6.983800507E+1	-6.796472168E+1
-6.912249756E+1	-6.871508789E+1	-6.994267273E+1
-6.783972168E+1	-6.784883118E+1	-6.741545868E+1
-6.572052765E+1	-6.627091217E+1	-6.695964813E+1
-6.354353333E+1	-6.424330139E+1	-6.338451385E+1
-7.942031097E+1	-7.725174713E+1	-7.780641174E+1
-6.539463043E+1	-6.500086212E+1	-6.533318329E+1
-6.709395599E+1	-6.660589600E+1	-6.786884308E+1
-6.651157379E+1	-6.707254791E+1	-6.800009155E+1
-6.615505219E+1	-6.650988007E+1	-6.610667419E+1
-6.751131439E+1	-6.732375336E+1	-6.755591583E+1
-6.414459229E+1	-6.448360443E+1	-6.359244156E+1
-6.571593475E+1	-6.663583374E+1	-6.580332184E+1
-6.340615463E+1	-6.355042267E+1	-6.373785782E+1
-6.778562927E+1	-6.763494110E+1	-6.724871826E+1
-6.487072754E+1	-6.397855377E+1	-6.406716156E+1
-6.603330994E+1	-6.647447968E+1	-6.596531677E+1
-6.316910553E+1	-6.350235367E+1	-6.327929687E+1
-6.089920425E+1	-6.064948654E+1	-6.049914551E+1
-6.482751465E+1	-6.561735535E+1	-6.499607086E+1
-6.275378799E+1	-6.255515671E+1	-6.270330048E+1
-6.299309540E+1	-6.290628433E+1	-6.318490601E+1
-6.495435333E+1	-6.546898651E+1	-6.555839539E+1
-6.440291595E+1	-6.442130280E+1	-6.399798203E+1
-6.445101929E+1	-6.485968781E+1	-6.486833954E+1
-6.154933929E+1	-6.161289597E+1	-6.150022507E+1
-6.356900024E+1	-6.330316162E+1	-6.331844330E+1
-6.022266006E+1	-6.020273972E+1	-6.026005173E+1
-6.343044281E+1	-6.305106354E+1	-6.341851044E+1
-6.073896408E+1	-6.079473877E+1	-6.071288681E+1
-6.642644501E+1	-6.628761292E+1	-6.641046143E+1
-6.151978683E+1	-6.205599594E+1	-6.203699493E+1
-6.479261780E+1	-6.487040710E+1	-6.513199615E+1
-6.320498276E+1	-6.339274597E+1	-6.343964767E+1
-6.355087280E+1	-6.336671829E+1	-6.344652939E+1
-6.097560883E+1	-6.138983154E+1	-6.163080597E+1
-6.276554108E+1	-6.284524536E+1	-6.313361359E+1
-6.210811996E+1	-6.259864807E+1	-6.313158417E+1
-6.239504623E+1	-6.208385468E+1	-6.226878738E+1
-6.178947830E+1	-6.168814087E+1	-6.159414291E+1
-6.213198090E+1	-6.257611465E+1	-6.267876434E+1
-5.958904266E+1	-5.985335159E+1	-5.959119034E+1
-6.242017746E+1	-6.252435684E+1	-6.225237274E+1
-5.852169800E+1	-5.842262650E+1	-5.865992355E+1
-6.129025269E+1	-6.173806763E+1	-6.175285339E+1
-5.722821045E+1	-5.723456573E+1	-5.729404068E+1
-6.099982452E+1	-6.116201401E+1	-6.070336151E+1
-5.877473068E+1	-5.874868774E+1	-5.874787521E+1
-6.291511536E+1	-6.261676788E+1	-6.286272049E+1
-5.936377716E+1	-5.938100433E+1	-5.936957932E+1
-6.276723862E+1	-6.273022461E+1	-6.266747284E+1
-6.071312714E+1	-6.101090622E+1	-6.076901627E+1
-6.096851349E+1	-6.091796494E+1	-6.076172256E+1
-6.071005249E+1	-6.119898224E+1	-6.109138870E+1
-6.090950394E+1	-6.102380753E+1	-6.121991730E+1
-5.930064774E+1	-5.930095291E+1	-5.945611191E+1
-6.134229279E+1	-6.140145874E+1	-6.121245956E+1
-5.692753601E+1	-5.676160049E+1	-5.691804123E+1
-5.751776886E+1	-5.729848862E+1	-5.728886032E+1
-5.367726517E+1	-5.362108994E+1	-5.360271454E+1
-5.603944397E+1	-5.598518372E+1	-5.604944992E+1
-5.375946808E+1	-5.376072311E+1	-5.376411057E+1
-5.624697495E+1	-5.643107605E+1	-5.635517120E+1
-5.515787888E+1	-5.532571411E+1	-5.514497375E+1
-5.853494644E+1	-5.849744034E+1	-5.865872192E+1
-5.785495377E+1	-5.777019119E+1	-5.787018204E+1
-6.032801437E+1	-6.051287079E+1	-6.020444870E+1
-5.968948364E+1	-5.973867798E+1	-5.971963882E+1
-5.990758896E+1	-6.006254196E+1	-6.026558685E+1
-5.875269699E+1	-5.862437820E+1	-5.859370422E+1
-5.915321732E+1	-5.902076721E+1	-5.934646988E+1
-5.460663223E+1	-5.453258514E+1	-5.444217300E+1
-5.229545212E+1	-5.231298065E+1	-5.225051498E+1
-4.859290695E+1	-4.862571335E+1	-4.861014175E+1
-4.745888901E+1	-4.742363358E+1	-4.746708298E+1
-4.530645752E+1	-4.528706741E+1	-4.530821609E+1
-4.501712036E+1	-4.503953171E+1	-4.502091599E+1
-4.484354782E+1	-4.482896423E+1	-4.481959915E+1
-4.618001938E+1	-4.615281677E+1	-4.618887711E+1
-4.748427582E+1	-4.743010712E+1	-4.744776535E+1
-5.148235321E+1	-5.146445084E+1	-5.146224213E+1
-5.496058655E+1	-5.501509476E+1	-5.505110168E+1
-5.927885056E+1	-5.930569458E+1	-5.927458954E+1
-5.921589661E+1	-5.936413193E+1	-5.907886124E+1
-6.074550247E+1	-6.078504181E+1	-6.090814972E+1
-5.110625839E+1	-5.113079834E+1	-5.117949677E+1
-4.451965714E+1	-4.454125214E+1	-4.452775955E+1
-3.825337601E+1	-3.824898911E+1	-3.824223709E+1
-3.401349640E+1	-3.402827835E+1	-3.401596451E+1
-3.025379372E+1	-3.027068901E+1	-3.026749039E+1
-2.691299057E+1	-2.691405678E+1	-2.691468048E+1
-2.500668526E+1	-2.500651741E+1	-2.500198174E+1
-2.336533356E+1	-2.336085510E+1	-2.336361504E+1
-2.272717094E+1	-2.273106766E+1	-2.272587204E+1
-2.152223015E+1	-2.152103615E+1	-2.152169418E+1
-2.113172531E+1	-2.113380814E+1	-2.113312912E+1
-2.054964638E+1	-2.054972649E+1	-2.054838753E+1
-1.947526169E+1	-1.947719955E+1	-1.947633171E+1
-1.987357903E+1	-1.987679482E+1	-1.987835312E+1
-1.988715172E+1	-1.988569641E+1	-1.988224602E+1
-2.082072449E+1	-2.082738876E+1	-2.082760048E+1
-2.170754814E+1	-2.170232201E+1	-2.170406342E+1
-2.269006729E+1	-2.269037628E+1	-2.269002533E+1
-2.406786537E+1	-2.407483482E+1	-2.407938385E+1
-2.427439880E+1	-2.427056694E+1	-2.427015305E+1
-2.555117798E+1	-2.554175186E+1	-2.553714371E+1
-2.667014313E+1	-2.667192650E+1	-2.666939354E+1
-2.857736206E+1	-2.858063507E+1	-2.857867241E+1
-3.131346130E+1	-3.130735588E+1	-3.130862808E+1
-3.454977036E+1	-3.455785370E+1	-3.455562592E+1
-3.838424683E+1	-3.838601685E+1	-3.837248993E+1
-4.498233414E+1	-4.501111221E+1	-4.499728775E+1
-4.999632645E+1	-4.999524307E+1	-4.990754700E+1
-5.896896362E+1	-5.894084167E+1	-5.890804291E+1
-5.621998978E+1	-5.626989365E+1	-5.628956223E+1
-5.426370239E+1	-5.430004120E+1	-5.423867798E+1
-5.165097809E+1	-5.167875671E+1	-5.172807312E+1
-4.746952438E+1	-4.746596909E+1	-4.746061325E+1
-4.489310837E+1	-4.490351105E+1	-4.489506531E+1
-4.368185806E+1	-4.367430496E+1	-4.367728806E+1
-4.264996338E+1	-4.263071060E+1	-4.264492798E+1
-4.366348648E+1	-4.365910721E+1	-4.367161942E+1
-4.372159195E+1	-4.373844528E+1	-4.374391937E+1
-4.611820984E+1	-4.611200714E+1	-4.611380386E+1
-4.712255096E+1	-4.709112930E+1	-4.711713028E+1
-5.184517670E+1	-5.185241699E+1	-5.187580872E+1
-5.137773132E+1	-5.144439316E+1	-5.140806580E+1
-5.701069260E+1	-5.700802231E+1	-5.705862808E+1
-5.506047058E+1	-5.504347229E+1	-5.510599518E+1
-5.581141663E+1	-5.572018433E+1	-5.581436157E+1
-5.660230255E+1	-5.647317886E+1	-5.655508041E+1
-5.460622025E+1	-5.465513611E+1	-5.458703995E+1
-5.453428650E+1	-5.450718307E+1	-5.457344055E+1
-5.296759033E+1	-5.292153549E+1	-5.292470169E+1
-5.113380432E+1	-5.115374756E+1	-5.113809967E+1
-5.088917542E+1	-5.089125061E+1	-5.086801529E+1
-4.966516113E+1	-4.965336609E+1	-4.962448883E+1
-5.124523926E+1	-5.121091843E+1	-5.118885803E+1
-4.980937576E+1	-4.981114197E+1	-4.980017090E+1
-5.368616867E+1	-5.372960281E+1	-5.376549530E+1
-5.131982422E+1	-5.129820633E+1	-5.126308060E+1
-5.705792618E+1	-5.698097229E+1	-5.693276215E+1
-5.291113281E+1	-5.289107132E+1	-5.290585327E+1
-5.600083923E+1	-5.600924683E+1	-5.603504181E+1
-5.433238220E+1	-5.435605621E+1	-5.438029861E+1
-5.491673660E+1	-5.489926529E+1	-5.489104080E+1
-5.588651276E+1	-5.587734604E+1	-5.591344070E+1
-5.400998306E+1	-5.396037674E+1	-5.402475739E+1
-5.488119507E+1	-5.492107773E+1	-5.490345383E+1
-5.331700134E+1	-5.330036545E+1	-5.331811905E+1
-5.335604858E+1	-5.338588715E+1	-5.336573029E+1
-5.315434647E+1	-5.308499908E+1	-5.314042282E+1
-5.235657883E+1	-5.235110474E+1	-5.239482498E+1
-5.448657990E+1	-5.453096008E+1	-5.447594452E+1
-5.235057831E+1	-5.234921265E+1	-5.234238815E+1
-5.559600449E+1	-5.559494019E+1	-5.560740280E+1
-5.222330856E+1	-5.225255585E+1	-5.222246552E+1
-5.532993317E+1	-5.538356781E+1	-5.534523010E+1
-5.304478455E+1	-5.297964859E+1	-5.301212692E+1
-5.511684036E+1	-5.525611877E+1	-5.519007492E+1
-5.479595566E+1	-5.481579590E+1	-5.482025528E+1
-5.458513260E+1	-5.459047699E+1	-5.460784912E+1
-5.525476074E+1	-5.519749069E+1	-5.524467850E+1
-5.373191452E+1	-5.372229004E+1	-5.373016357E+1
-5.414199066E+1	-5.405871582E+1	-5.417873764E+1
-5.366095352E+1	-5.365761566E+1	-5.364383698E+1
-5.372550964E+1	-5.375090027E+1	-5.369922256E+1
-5.465630722E+1	-5.466959000E+1	-5.460809708E+1
-5.307159424E+1	-5.303041458E+1	-5.305680847E+1
-5.515323257E+1	-5.510607147E+1	-5.507463837E+1
-5.290184021E+1	-5.291705322E+1	-5.296425247E+1
-5.420687866E+1	-5.414204407E+1	-5.418619919E+1
-5.336258698E+1	-5.326523972E+1	-5.330466843E+1
-5.474415970E+1	-5.474024963E+1	-5.474950027E+1
-5.345085526E+1	-5.339868546E+1	-5.339211273E+1
-5.385953140E+1	-5.391730118E+1	-5.386933517E+1
-5.517121124E+1	-5.521883011E+1	-5.523714066E+1
-5.350828552E+1	-5.346519089E+1	-5.342043304E+1
-5.339406967E+1	-5.340942764E+1	-5.336837387E+1
-5.475315475E+1	-5.471017838E+1	-5.469567871E+1
-5.335835648E+1	-5.337712860E+1	-5.339487839E+1
-5.295815277E+1	-5.288744736E+1	-5.298130035E+1
-5.322154617E+1	-5.324329376E+1	-5.320164490E+1
-5.501244736E+1	-5.498421478E+1	-5.492224884E+1
-5.191305542E+1	-5.188483810E+1	-5.187188339E+1
-5.392122650E+1	-5.389498138E+1	-5.388483047E+1
-5.357938004E+1	-5.357451630E+1	-5.355794907E+1
-5.240497208E+1	-5.241275024E+1	-5.243934250E+1
-5.157275772E+1	-5.153485107E+1	-5.157290649E+1
-5.535438538E+1	-5.536967850E+1	-5.536941528E+1
-5.282687759E+1	-5.284965134E+1	-5.280822754E+1
-5.174193954E+1	-5.176133728E+1	-5.171224213E+1
-5.398397446E+1	-5.396488953E+1	-5.396000290E+1
-5.382654572E+1	-5.384505463E+1	-5.384964752E+1
-5.169358444E+1	-5.164447403E+1	-5.168472672E+1
-5.317461777E+1	-5.317989731E+1	-5.314987183E+1
-5.389894867E+1	-5.394664764E+1	-5.389075089E+1
-5.154713440E+1	-5.160092926E+1	-5.155040741E+1
-5.174644470E+1	-5.174251938E+1	-5.176623917E+1
-5.321325684E+1	-5.319618225E+1	-5.324019623E+1
-5.196998978E+1	-5.198600769E+1	-5.199403381E+1
-5.242485428E+1	-5.236717224E+1	-5.238417816E+1
-5.253920364E+1	-5.258855057E+1	-5.255653000E+1
-5.236069870E+1	-5.239420319E+1	-5.236665726E+1
-5.116971207E+1	-5.118605804E+1	-5.114316559E+1
-5.210247803E+1	-5.213500595E+1	-5.213849258E+1
-5.180723190E+1	-5.180421066E+1	-5.184602737E+1
-5.157888031E+1	-5.156341934E+1	-5.157895279E+1
-5.169359589E+1	-5.170003128E+1	-5.170209122E+1
-5.195801926E+1	-5.196504974E+1	-5.194857407E+1
-5.181545258E+1	-5.183610535E+1	-5.180356216E+1
-5.187527084E+1	-5.190964127E+1	-5.187419891E+1
-5.194419861E+1	-5.198227310E+1	-5.194529343E+1
-5.211244202E+1	-5.209291840E+1	-5.203882217E+1
-5.224876404E+1	-5.225367355E+1	-5.227679062E+1
-5.248835754E+1	-5.240467072E+1	-5.241813660E+1
-5.174319839E+1	-5.175692749E+1	-5.173585510E+1
-5.251950455E+1	-5.255389786E+1	-5.251334763E+1
-5.131578064E+1	-5.130961609E+1	-5.131555939E+1
-5.199451447E+1	-5.201025391E+1	-5.201915359E+1
-5.109872437E+1	-5.111082077E+1	-5.109248352E+1
-5.136131668E+1	-5.136444092E+1	-5.134968948E+1
-5.092270279E+1	-5.089458084E+1	-5.091315460E+1
-5.076131821E+1	-5.075818634E+1	-5.081263733E+1
-5.021689606E+1	-5.017628479E+1	-5.021595001E+1
-5.030051804E+1	-5.027903366E+1	-5.029652405E+1
-4.993316269E+1	-5.001092529E+1	-4.993969727E+1
-5.074268723E+1	-5.072206497E+1	-5.071809769E+1
-5.071743774E+1	-5.071632004E+1	-5.069878769E+1
-5.156200027E+1	-5.156761551E+1	-5.157791901E+1
-5.159703064E+1	-5.164677811E+1	-5.158897018E+1
-5.253054047E+1	-5.265070724E+1	-5.256617355E+1
-5.368547058E+1	-5.371556854E+1	-5.366328812E+1
-5.491831207E+1	-5.494489670E+1	-5.491539764E+1
-5.604424286E+1	-5.606984711E+1	-5.606521606E+1
-5.598579788E+1	-5.601651382E+1	-5.598924637E+1
-5.647476578E+1	-5.646303558E+1	-5.649081802E+1
-5.625733948E+1	-5.626535797E+1	-5.622200775E+1
-5.636419296E+1	-5.629040527E+1	-5.631361389E+1
-5.668265533E+1	-5.668355179E+1	-5.667818451E+1
-5.620884705E+1	-5.619150925E+1	-5.617157364E+1
-5.687377930E+1	-5.685276413E+1	-5.695347214E+1
-5.639879990E+1	-5.634296417E+1	-5.629734421E+1
-5.633865356E+1	-5.630322266E+1	-5.635659027E+1
-5.606464386E+1	-5.605635071E+1	-5.607189941E+1
-5.573497772E+1	-5.567510223E+1	-5.568346786E+1
-5.621956253E+1	-5.613946533E+1	-5.615169144E+1
-5.598801422E+1	-5.600083923E+1	-5.600719833E+1
-5.725111771E+1	-5.722938919E+1	-5.733646393E+1
-5.734560013E+1	-5.735463333E+1	-5.734971619E+1
-5.723762894E+1	-5.727142334E+1	-5.741491318E+1
-5.816773605E+1	-5.824724579E+1	-5.815472412E+1
-5.628451920E+1	-5.635449219E+1	-5.628051758E+1
-5.576991272E+1	-5.580754471E+1	-5.585205841E+1
-5.544338226E+1	-5.554412460E+1	-5.549564362E+1
-5.540310287E+1	-5.541172409E+1	-5.548738861E+1
-5.488129044E+1	-5.489691544E+1	-5.491244125E+1
-5.454039001E+1	-5.449113464E+1	-5.454917908E+1
-5.406919479E+1	-5.406462097E+1	-5.406200409E+1
-5.326337051E+1	-5.330928421E+1	-5.324323273E+1
-5.339427567E+1	-5.335364151E+1	-5.340041351E+1
-5.333824158E+1	-5.333627701E+1	-5.338978577E+1
-5.331585693E+1	-5.335847092E+1	-5.342473984E+1
-5.340842819E+1	-5.342908859E+1	-5.347491837E+1
-5.336999512E+1	-5.335070419E+1	-5.336656570E+1
-5.398768234E+1	-5.399115753E+1	-5.396427536E+1
-5.393055344E+1	-5.390116501E+1	-5.392639542E+1
-5.422358704E+1	-5.418383408E+1	-5.420294571E+1
-5.424610138E+1	-5.426261139E+1	-5.426192474E+1
-5.365317535E+1	-5.365755081E+1	-5.366384506E+1
-5.371696091E+1	-5.373691940E+1	-5.376770020E+1
-5.293922806E+1	-5.288729477E+1	-5.293867111E+1
-5.276841354E+1	-5.274403000E+1	-5.272859955E+1
-5.259031296E+1	-5.256446457E+1	-5.259907913E+1
-5.256155396E+1	-5.253715897E+1	-5.256727982E+1
-5.251622391E+1	-5.254938126E+1	-5.251721573E+1
-5.249177933E+1	-5.242535782E+1	-5.246099472E+1
-5.229317856E+1	-5.228639603E+1	-5.228396606E+1
-5.217122650E+1	-5.217060852E+1	-5.215711594E+1
-5.202042770E+1	-5.200519943E+1	-5.203640747E+1
-5.184679031E+1	-5.187947083E+1	-5.183995438E+1
-5.140230179E+1	-5.136359406E+1	-5.144378281E+1
-5.173708725E+1	-5.170576477E+1	-5.171608353E+1
-5.166642761E+1	-5.161579895E+1	-5.161323166E+1
-5.147338104E+1	-5.147068405E+1	-5.148711395E+1
-5.092272949E+1	-5.093470383E+1	-5.094546127E+1
-5.086761856E+1	-5.089791870E+1	-5.087777710E+1
-5.129512405E+1	-5.129436493E+1	-5.125548935E+1
-5.153513336E+1	-5.152455902E+1	-5.155078125E+1
-5.189199066E+1	-5.189279938E+1	-5.186592102E+1
-5.184915543E+1	-5.186986542E+1	-5.189689255E+1
-5.156215668E+1	-5.151052475E+1	-5.150229263E+1
-5.124660110E+1	-5.118727875E+1	-5.122666931E+1
-5.090445709E+1	-5.088352966E+1	-5.089002991E+1
-5.105208206E+1	-5.104226303E+1	-5.104296494E+1
-5.117175674E+1	-5.112014008E+1	-5.112721252E+1
-5.116542053E+1	-5.115164948E+1	-5.119550705E+1
-5.163775635E+1	-5.166586685E+1	-5.163619232E+1
-5.099729538E+1	-5.100941086E+1	-5.099022293E+1
-5.114808273E+1	-5.118496323E+1	-5.119654083E+1
-5.104707336E+1	-5.105121231E+1	-5.105403137E+1
-5.101548386E+1	-5.099967957E+1	-5.099523163E+1
-5.139058304E+1	-5.138956451E+1	-5.136455154E+1
-5.100498199E+1	-5.103887939E+1	-5.103159332E+1
-5.152236176E+1	-5.153207016E+1	-5.152164459E+1
-5.073757553E+1	-5.075197983E+1	-5.072606277E+1
-5.105422211E+1	-5.103572464E+1	-5.103870010E+1
-5.075515366E+1	-5.077098465E+1	-5.077171326E+1
-5.079092789E+1	-5.077518463E+1	-5.078683853E+1
-5.076127625E+1	-5.076866150E+1	-5.075231552E+1
-5.051886368E+1	-5.053370667E+1	-5.053105545E+1
-5.115512848E+1	-5.116762924E+1	-5.118542480E+1
-5.068878555E+1	-5.064750671E+1	-5.063834763E+1
-5.061183548E+1	-5.058911896E+1	-5.058187485E+1
-5.085898590E+1	-5.082791901E+1	-5.078161621E+1
-5.048085403E+1	-5.048737335E+1	-5.048413086E+1
-5.142995834E+1	-5.140504456E+1	-5.143799973E+1
-5.124596024E+1	-5.125267792E+1	-5.128625107E+1
-5.168849564E+1	-5.173522186E+1	-5.173046494E+1
-5.095474243E+1	-5.094842529E+1	-5.095242310E+1
-5.117095947E+1	-5.114921188E+1	-5.115058136E+1
-5.025336838E+1	-5.026941299E+1	-5.027642441E+1
-5.071609116E+1	-5.071294022E+1	-5.075032806E+1
-5.020957947E+1	-5.021862411E+1	-5.020557022E+1
-5.097933197E+1	-5.100075912E+1	-5.096203232E+1
-5.032616425E+1	-5.033150101E+1	-5.035503387E+1
-5.072747421E+1	-5.076107025E+1	-5.074223709E+1
-5.025888062E+1	-5.025419235E+1	-5.023468399E+1
-5.035387802E+1	-5.037686920E+1	-5.038965607E+1
-5.031101990E+1	-5.033691788E+1	-5.033857727E+1
-5.064276123E+1	-5.066952896E+1	-5.066190720E+1
-5.047923279E+1	-5.047587967E+1	-5.046183777E+1
-5.105302429E+1	-5.106813049E+1	-5.109302139E+1
-4.946086884E+1	-4.949537659E+1	-4.949559021E+1
-5.223869324E+1	-5.229533768E+1	-5.224974060E+1
-4.796132278E+1	-4.798575211E+1	-4.795821381E+1
-5.601807404E+1	-5.606992722E+1	-5.599533081E+1
-4.644136047E+1	-4.643180084E+1	-4.641894150E+1
-6.121220398E+1	-6.119734955E+1	-6.125594711E+1
-4.482276917E+1	-4.482228851E+1	-4.481829453E+1
-7.603324127E+1	-7.682710266E+1	-7.603707886E+1
-4.382664108E+1	-4.381684875E+1	-4.381167221E+1
-6.390895844E+1	-6.377934265E+1	-6.388772583E+1
-4.409606934E+1	-4.411364746E+1	-4.408861160E+1
-6.216749573E+1	-6.206173325E+1	-6.218401718E+1
-4.481520844E+1	-4.478785324E+1	-4.480858994E+1
-6.068118668E+1	-6.073181534E+1	-6.076145935E+1
-4.565050125E+1	-4.562973785E+1	-4.566056824E+1
-5.520893097E+1	-5.515644836E+1	-5.521228027E+1
-4.624423218E+1	-4.623307800E+1	-4.624673462E+1
-5.265724945E+1	-5.266491318E+1	-5.268155289E+1
-4.808551025E+1	-4.807289886E+1	-4.809420395E+1
-5.144393539E+1	-5.144389725E+1	-5.146881104E+1
-4.838666153E+1	-4.841789246E+1	-4.839225769E+1
-4.962912750E+1	-4.963164520E+1	-4.965387726E+1
-4.857407379E+1	-4.855647659E+1	-4.855246735E+1
-4.862467194E+1	-4.860787201E+1	-4.859362030E+1
-4.908832932E+1	-4.909044647E+1	-4.905672073E+1
-4.872956848E+1	-4.874273300E+1	-4.874177933E+1
-4.929041672E+1	-4.927508926E+1	-4.927928162E+1
-4.909007645E+1	-4.909732819E+1	-4.909145737E+1
-4.862414169E+1	-4.862476730E+1	-4.860966110E+1
-4.911570358E+1	-4.909017181E+1	-4.910035706E+1
-4.869317245E+1	-4.867972183E+1	-4.866744995E+1
-4.910390472E+1	-4.913002777E+1	-4.913439941E+1
-4.860927200E+1	-4.858955383E+1	-4.861494827E+1
-4.875640869E+1	-4.876733017E+1	-4.876180267E+1
-4.873111343E+1	-4.877563095E+1	-4.872290039E+1
-4.839867783E+1	-4.840903473E+1	-4.840981674E+1
-4.858180618E+1	-4.860083008E+1	-4.858528137E+1
-4.813125992E+1	-4.813514328E+1	-4.813489532E+1
-4.849559021E+1	-4.848444748E+1	-4.850088882E+1
-4.827570724E+1	-4.830736923E+1	-4.828796387E+1
-4.858746338E+1	-4.859069824E+1	-4.857644653E+1
-4.823430252E+1	-4.823932648E+1	-4.824118423E+1
-4.844834900E+1	-4.847763443E+1	-4.844887924E+1
-4.815289307E+1	-4.816057968E+1	-4.817105103E+1
-4.825754547E+1	-4.824298096E+1	-4.822765732E+1
-4.823570633E+1	-4.823389053E+1	-4.824942780E+1
-4.836297226E+1	-4.835255814E+1	-4.837329483E+1
-4.839465714E+1	-4.839538956E+1	-4.839625168E+1
-4.823320770E+1	-4.824305725E+1	-4.821543121E+1
-4.792487335E+1	-4.791964340E+1	-4.790469742E+1
-4.790567780E+1	-4.792012405E+1	-4.789790344E+1
-4.810507965E+1	-4.807714844E+1	-4.808946609E+1
-4.796586990E+1	-4.799057007E+1	-4.797591400E+1
-4.782337189E+1	-4.780319214E+1	-4.781018829E+1
-4.773202896E+1	-4.774279022E+1	-4.771676636E+1
-4.787159729E+1	-4.790037537E+1	-4.787099075E+1
-4.763774872E+1	-4.763493729E+1	-4.763097382E+1
-4.769416809E+1	-4.767501068E+1	-4.771542358E+1
-4.746317291E+1	-4.746704865E+1	-4.748703003E+1
-4.740393066E+1	-4.739992905E+1	-4.743538666E+1
-4.754888535E+1	-4.753179550E+1	-4.752949905E+1
-4.726007080E+1	-4.725956726E+1	-4.724653244E+1
-4.742033768E+1	-4.743669891E+1	-4.745010757E+1
-4.711850739E+1	-4.710915375E+1	-4.712756729E+1
-4.710104752E+1	-4.712166214E+1	-4.708465576E+1
-4.700155640E+1	-4.698337173E+1	-4.698490524E+1
-4.720307159E+1	-4.716305923E+1	-4.719116592E+1
-4.730006409E+1	-4.730003357E+1	-4.730051422E+1
-4.672835922E+1	-4.668790436E+1	-4.669892883E+1
-4.671350479E+1	-4.671409225E+1	-4.672965240E+1
-4.655599213E+1	-4.657106018E+1	-4.654511261E+1
-4.688639832E+1	-4.687854004E+1	-4.688975906E+1
-4.712427521E+1	-4.713598633E+1	-4.711678696E+1
-4.665102768E+1	-4.663930130E+1	-4.663407898E+1
-4.672053909E+1	-4.672290039E+1	-4.674676895E+1
-4.635145950E+1	-4.636544418E+1	-4.637038040E+1
-4.661710358E+1	-4.661249161E+1	-4.663689804E+1
-4.660497665E+1	-4.658803177E+1	-4.661326981E+1
-4.648994064E+1	-4.648484802E+1	-4.647726822E+1
-4.681296539E+1	-4.681855392E+1	-4.681686020E+1
-4.612278748E+1	-4.612709045E+1	-4.614144897E+1
-4.635183716E+1	-4.636986160E+1	-4.635268402E+1
-4.636944199E+1	-4.636909485E+1	-4.635527420E+1
-4.607911682E+1	-4.608766937E+1	-4.609197617E+1
-4.614475632E+1	-4.616095734E+1	-4.616479874E+1
-4.571738434E+1	-4.572315216E+1	-4.572249222E+1
-4.637358856E+1	-4.635887527E+1	-4.637226105E+1
-4.620908737E+1	-4.619798279E+1	-4.619628906E+1
-4.605681992E+1	-4.602458572E+1	-4.603254318E+1
-4.599601364E+1	-4.599063492E+1	-4.599976349E+1
-4.555354691E+1	-4.555089569E+1	-4.558085251E+1
-4.579945374E+1	-4.579309082E+1	-4.580240250E+1
-4.569464874E+1	-4.569636917E+1	-4.567869949E+1
-4.584762955E+1	-4.584695816E+1	-4.585538483E+1
-4.565409851E+1	-4.566714478E+1	-4.566738892E+1
-4.519058990E+1	-4.522101974E+1	-4.519021606E+1
-4.548537445E+1	-4.547042084E+1	-4.546287155E+1
-4.515561676E+1	-4.516999435E+1	-4.515827942E+1
-4.523630905E+1	-4.523069000E+1	-4.523046875E+1
-4.505845642E+1	-4.505624008E+1	-4.504447556E+1
-4.498302841E+1	-4.500278473E+1	-4.499181747E+1
-4.520095062E+1	-4.522957611E+1	-4.523711395E+1
-4.485858536E+1	-4.487962341E+1	-4.487361145E+1
-4.520157242E+1	-4.522763824E+1	-4.522168350E+1
-4.494878769E+1	-4.495395660E+1	-4.495026398E+1
-4.486839294E+1	-4.486606598E+1	-4.486286926E+1
-4.496063614E+1	-4.494939423E+1	-4.493922424E+1
-4.447302246E+1	-4.449406052E+1	-4.450022125E+1
-4.467519760E+1	-4.469603729E+1	-4.470408630E+1
-4.438820267E+1	-4.440982437E+1	-4.438304901E+1
-4.439148712E+1	-4.438893127E+1	-4.438024902E+1
-4.430052567E+1	-4.429820251E+1	-4.428516769E+1
-4.418491745E+1	-4.420079041E+1	-4.417698669E+1
-4.428722763E+1	-4.426257706E+1	-4.427532959E+1
-4.389994431E+1	-4.391966248E+1	-4.392107391E+1
-4.387803650E+1	-4.388378525E+1	-4.387421036E+1
-4.391181183E+1	-4.392723846E+1	-4.393517685E+1
-4.388263702E+1	-4.386529541E+1	-4.388002396E+1
-4.386299133E+1	-4.385752487E+1	-4.387106323E+1
-4.351907349E+1	-4.354765320E+1	-4.354499054E+1
-4.359792328E+1	-4.357641983E+1	-4.357244492E+1
-4.337506104E+1	-4.334235764E+1	-4.334717941E+1
-4.320828629E+1	-4.319026184E+1	-4.317144775E+1
-4.326155853E+1	-4.324882507E+1	-4.324078751E+1
-4.301530838E+1	-4.301520920E+1	-4.300741959E+1
-4.300805283E+1	-4.300252151E+1	-4.300621033E+1
-4.288931656E+1	-4.290089035E+1	-4.288623428E+1
-4.286405563E+1	-4.286594391E+1	-4.287347794E+1
-4.272414017E+1	-4.273524475E+1	-4.272214127E+1
-4.260981750E+1	-4.260961914E+1	-4.259028244E+1
-4.253646469E+1	-4.252965927E+1	-4.253182983E+1
-4.233178711E+1	-4.231636429E+1	-4.233124924E+1
-4.226144409E+1	-4.226132965E+1	-4.223561478E+1
-4.211386490E+1	-4.212246704E+1	-4.212719727E+1
-4.210037231E+1	-4.209547424E+1	-4.209738159E+1
-4.191504288E+1	-4.190925980E+1	-4.188382721E+1
-4.210897064E+1	-4.210369873E+1	-4.210673523E+1
-4.175729752E+1	-4.177434158E+1	-4.173130035E+1
-4.177206039E+1	-4.177618408E+1	-4.177680969E+1
-4.150131989E+1	-4.150949478E+1	-4.149827194E+1
-4.138180161E+1	-4.138084412E+1	-4.137642670E+1
-4.151703644E+1	-4.152643585E+1	-4.152210236E+1
-4.109623337E+1	-4.109450531E+1	-4.107144165E+1
-4.144182968E+1	-4.144507217E+1	-4.143681335E+1
-4.102059937E+1	-4.103893661E+1	-4.102096176E+1
-4.108186722E+1	-4.109366608E+1	-4.107938766E+1
-4.103442383E+1	-4.103889084E+1	-4.104764175E+1
-4.054083252E+1	-4.055664444E+1	-4.054096603E+1
-4.079985428E+1	-4.081280136E+1	-4.081192398E+1
-4.033592987E+1	-4.036809921E+1	-4.036121368E+1
-4.047266006E+1	-4.047939301E+1	-4.047337341E+1
-4.051837540E+1	-4.053181458E+1	-4.052799988E+1
-4.004891968E+1	-4.003854370E+1	-4.003776932E+1
-4.030667496E+1	-4.029160690E+1	-4.029821777E+1
-3.950973892E+1	-3.951393890E+1	-3.950547791E+1
-3.950640106E+1	-3.951653671E+1	-3.951518631E+1
-3.918638229E+1	-3.918520355E+1	-3.918413544E+1
-3.873812485E+1	-3.872681046E+1	-3.873961639E+1
-3.906230927E+1	-3.906667709E+1	-3.907282257E+1
-3.842980576E+1	-3.842902374E+1	-3.842467117E+1
-3.887469864E+1	-3.886760330E+1	-3.887548065E+1
-3.840647507E+1	-3.839729309E+1	-3.840083694E+1
-3.819109726E+1	-3.818772125E+1	-3.819097137E+1
-3.843283844E+1	-3.841868210E+1	-3.843223190E+1
-3.769821167E+1	-3.768332672E+1	-3.770124435E+1
-3.849890518E+1	-3.850286865E+1	-3.851319885E+1
-3.774699402E+1	-3.774837494E+1	-3.775414658E+1
-3.791263199E+1	-3.790123749E+1	-3.792091751E+1
-3.772177505E+1	-3.770288467E+1	-3.771960831E+1
-3.711854935E+1	-3.710444641E+1	-3.711895752E+1
-3.776750565E+1	-3.773027802E+1	-3.774639130E+1
-3.682304001E+1	-3.680897903E+1	-3.682318497E+1
-3.769099045E+1	-3.768483353E+1	-3.769534302E+1
-3.747287750E+1	-3.745973969E+1	-3.746878052E+1
-3.730723190E+1	-3.729697037E+1	-3.729369354E+1
-3.763051987E+1	-3.763459396E+1	-3.762635422E+1
-3.637810516E+1	-3.637740707E+1	-3.638619232E+1
-3.723691177E+1	-3.725504684E+1	-3.725702286E+1
-3.638026047E+1	-3.640859985E+1	-3.639795303E+1
-3.667675018E+1	-3.668371582E+1	-3.666104126E+1
-3.688818741E+1	-3.689504242E+1	-3.688661194E+1
-3.593162918E+1	-3.593572617E+1	-3.592137909E+1
-3.685133743E+1	-3.687510300E+1	-3.685371017E+1
-3.537264633E+1	-3.538655853E+1	-3.537004089E+1
-3.629678345E+1	-3.631990814E+1	-3.629230499E+1
-3.569118118E+1	-3.569671249E+1	-3.569049072E+1
-3.559212875E+1	-3.560750198E+1	-3.559003067E+1
-3.613276672E+1	-3.617067719E+1	-3.614258575E+1
-3.491774368E+1	-3.492548370E+1	-3.491722107E+1
-3.596776962E+1	-3.599217987E+1	-3.598112488E+1
-3.519729233E+1	-3.522330475E+1	-3.521063995E+1
-3.622303391E+1	-3.625794983E+1	-3.623222351E+1
-3.663748169E+1	-3.668078613E+1	-3.664864349E+1
-3.604394913E+1	-3.608616638E+1	-3.604907608E+1
-3.776450729E+1	-3.783324432E+1	-3.778639221E+1
-3.590958023E+1	-3.595038986E+1	-3.593934250E+1
-3.781820297E+1	-3.781328583E+1	-3.784214020E+1
-3.637765121E+1	-3.637343979E+1	-3.638556290E+1
-3.715596771E+1	-3.712292099E+1	-3.716439056E+1
-3.801876068E+1	-3.798547363E+1	-3.802773666E+1
-3.728911972E+1	-3.725002670E+1	-3.729332352E+1
-3.925223160E+1	-3.921455765E+1	-3.925479889E+1
-3.702657700E+1	-3.700764847E+1	-3.703535843E+1
-3.850925064E+1	-3.848464966E+1	-3.850545502E+1
-3.837279510E+1	-3.834335709E+1	-3.837342834E+1
-3.875072861E+1	-3.873039627E+1	-3.874376678E+1
-4.201381683E+1	-4.196107483E+1	-4.200751877E+1
-3.974489975E+1	-3.968296814E+1	-3.972330856E+1
-4.391487885E+1	-4.385633469E+1	-4.391666794E+1
-3.983823776E+1	-3.980464935E+1	-3.984122849E+1
-4.252242661E+1	-4.247592163E+1	-4.252171326E+1
-4.279285431E+1	-4.275134277E+1	-4.278358841E+1
-4.363865280E+1	-4.359771729E+1	-4.360359573E+1
-4.783783722E+1	-4.784029770E+1	-4.785050201E+1
-4.519124222E+1	-4.512075424E+1	-4.514786148E+1
-4.736772156E+1	-4.739871979E+1	-4.734429932E+1
-4.498468018E+1	-4.494377136E+1	-4.495768738E+1
-4.419302368E+1	-4.423031998E+1	-4.419161224E+1
-5.237136078E+1	-5.235727310E+1	-5.225866699E+1
-4.689402008E+1	-4.692850876E+1	-4.688499451E+1
-5.407577896E+1	-5.422279358E+1	-5.407610321E+1
-5.140614700E+1	-5.143209457E+1	-5.133385468E+1
-4.925362778E+1	-4.924677277E+1	-4.922473907E+1
-4.975965881E+1	-4.982559204E+1	-4.973688889E+1
-4.736789322E+1	-4.738607407E+1	-4.738257599E+1
-4.959943390E+1	-4.970502853E+1	-4.961003113E+1
-4.842791367E+1	-4.837518692E+1	-4.841518784E+1
-4.357393646E+1	-4.359736252E+1	-4.358983994E+1
-4.040597534E+1	-4.039474869E+1	-4.038887787E+1
-3.881078339E+1	-3.881691742E+1	-3.883858490E+1
-3.747657013E+1	-3.747444916E+1	-3.746950531E+1
-3.602953720E+1	-3.603573608E+1	-3.604708862E+1
-3.612337494E+1	-3.612777328E+1	-3.612264252E+1
-3.497876358E+1	-3.497956467E+1	-3.497960663E+1
-3.534989166E+1	-3.536297226E+1	-3.535259628E+1
-3.426282883E+1	-3.425281143E+1	-3.425797272E+1
-3.485266495E+1	-3.486318207E+1	-3.485818481E+1
-3.336337280E+1	-3.335164261E+1	-3.336055374E+1
-3.485837555E+1	-3.486515045E+1	-3.485802078E+1
-3.301832962E+1	-3.300773621E+1	-3.301473236E+1
-3.588461304E+1	-3.589280701E+1	-3.588332748E+1
-3.469014740E+1	-3.468144608E+1	-3.468182373E+1
-3.868082809E+1	-3.869949341E+1	-3.868743515E+1
-3.842073059E+1	-3.842078781E+1	-3.841713715E+1
-4.552114487E+1	-4.556178284E+1	-4.552130508E+1
-4.222747803E+1	-4.222597122E+1	-4.222729874E+1
-4.944172287E+1	-4.943910980E+1	-4.945871735E+1
-4.411373901E+1	-4.408794022E+1	-4.410488510E+1
-4.661041260E+1	-4.654397583E+1	-4.660571671E+1
-4.533219910E+1	-4.534224319E+1	-4.533298111E+1
-4.548966217E+1	-4.548668671E+1	-4.546077347E+1
-4.618945312E+1	-4.621836853E+1	-4.616786575E+1
-4.416626358E+1	-4.416067886E+1	-4.415319443E+1
-4.593021393E+1	-4.594900131E+1	-4.591683197E+1
-4.316526031E+1	-4.319116974E+1	-4.314982605E+1
-4.635435104E+1	-4.636156082E+1	-4.636439133E+1
-4.322059250E+1	-4.324972534E+1	-4.322178268E+1
-4.605774689E+1	-4.610289764E+1	-4.607284546E+1
-4.333007812E+1	-4.334441376E+1	-4.331606674E+1
-4.496088791E+1	-4.494984436E+1	-4.496118164E+1
-4.359711075E+1	-4.359122849E+1	-4.360241318E+1
-4.386598969E+1	-4.387115097E+1	-4.387234879E+1
-4.434465027E+1	-4.436931610E+1	-4.434517670E+1
-4.326544189E+1	-4.327682495E+1	-4.327772141E+1
-4.416988373E+1	-4.420572662E+1	-4.420457077E+1
-4.282674408E+1	-4.282450867E+1	-4.281732941E+1
-4.357306290E+1	-4.356938553E+1	-4.354971313E+1
-4.303981400E+1	-4.301600266E+1	-4.302940369E+1
-4.286133957E+1	-4.286671066E+1	-4.287003326E+1
-4.344744873E+1	-4.345199203E+1	-4.344279099E+1
-4.247223663E+1	-4.248078537E+1	-4.246435165E+1
-4.314403534E+1	-4.315668106E+1	-4.315136337E+1
-4.182522202E+1	-4.183064651E+1	-4.183920670E+1
-4.247327423E+1	-4.247657776E+1	-4.249487686E+1
-4.203749466E+1	-4.200876236E+1	-4.204277802E+1
-4.196569443E+1	-4.197167206E+1	-4.196548843E+1
-4.217970276E+1	-4.217179108E+1	-4.218895721E+1
-4.157948685E+1	-4.159587097E+1	-4.156669998E+1
-4.175038910E+1	-4.176523972E+1	-4.176020813E+1
-4.076795959E+1	-4.076215363E+1	-4.075656891E+1
-4.102962112E+1	-4.105176163E+1	-4.101586533E+1
-4.077248383E+1	-4.077464676E+1	-4.077155304E+1
-4.040810776E+1	-4.040686035E+1	-4.039868164E+1
-4.060983276E+1	-4.061222076E+1	-4.060425568E+1
-4.011465836E+1	-4.011479568E+1	-4.011192703E+1
-4.006788254E+1	-4.006134415E+1	-4.006173706E+1
-3.953551102E+1	-3.950043106E+1	-3.951950836E+1
-3.963985062E+1	-3.961661911E+1	-3.964648056E+1
-3.955103302E+1	-3.955018997E+1	-3.955887222E+1
-3.908480453E+1	-3.908496475E+1	-3.908199692E+1
-3.929754257E+1	-3.929730988E+1	-3.927569199E+1
-3.891732407E+1	-3.893024063E+1	-3.891161346E+1
-3.885092926E+1	-3.885556030E+1	-3.883776855E+1
-3.843348312E+1	-3.844098282E+1	-3.842599487E+1
-3.850399399E+1	-3.849905777E+1	-3.850553894E+1
-3.834110641E+1	-3.835037231E+1	-3.834496307E+1
-3.797254181E+1	-3.796707153E+1	-3.795799637E+1
-3.794951248E+1	-3.796461105E+1	-3.795357513E+1
-3.761736679E+1	-3.762044144E+1	-3.762147903E+1
-3.749378586E+1	-3.750529480E+1	-3.749231339E+1
-3.726427460E+1	-3.728897858E+1	-3.727259064E+1
-3.720084381E+1	-3.721599197E+1	-3.720345306E+1
-3.703253555E+1	-3.703404236E+1	-3.702949524E+1
-3.670956421E+1	-3.671939468E+1	-3.671929550E+1
-3.661464691E+1	-3.663295746E+1	-3.661772919E+1
-3.634692383E+1	-3.634583664E+1	-3.633903885E+1
-3.620159149E+1	-3.619692230E+1	-3.619391251E+1
-3.589789200E+1	-3.589566040E+1	-3.589241791E+1
-3.575360107E+1	-3.576131058E+1	-3.577021408E+1
-3.547458267E+1	-3.547381973E+1	-3.547815704E+1
-3.520987701E+1	-3.520207977E+1	-3.521969986E+1
-3.498651505E+1	-3.496148300E+1	-3.497202301E+1
-3.465911865E+1	-3.464352036E+1	-3.465824890E+1
-3.444021225E+1	-3.442544174E+1	-3.442692947E+1
-3.409219742E+1	-3.407543564E+1	-3.408080292E+1
-3.384882355E+1	-3.383629990E+1	-3.383766556E+1
-3.347171783E+1	-3.346572495E+1	-3.346926880E+1
-3.315650558E+1	-3.313792801E+1	-3.314471436E+1
-3.279280090E+1	-3.278384018E+1	-3.278546906E+1
-3.242324066E+1	-3.242079163E+1	-3.242286301E+1
-3.206494522E+1	-3.206669617E+1	-3.205908585E+1
-3.166340828E+1	-3.166538811E+1	-3.165729141E+1
-3.129982567E+1	-3.130538368E+1	-3.129928589E+1
-3.091380882E+1	-3.091676140E+1	-3.091214943E+1
-3.055082703E+1	-3.055818367E+1	-3.054835320E+1
-3.014399529E+1	-3.014970970E+1	-3.014393044E+1
-2.978233910E+1	-2.978040123E+1	-2.977654457E+1
-2.935197639E+1	-2.935875511E+1	-2.934996033E+1
-2.887070084E+1	-2.887858582E+1	-2.887374306E+1
-2.841184616E+1	-2.841549683E+1	-2.840933228E+1
-2.792588615E+1	-2.792548752E+1	-2.792760658E+1
-2.748767281E+1	-2.749273300E+1	-2.748927307E+1
-2.701515007E+1	-2.701070023E+1	-2.700881958E+1
-2.657013893E+1	-2.657360649E+1	-2.656864929E+1
-2.607447433E+1	-2.608041954E+1	-2.607567787E+1
-2.566709328E+1	-2.567509842E+1	-2.566626358E+1
-2.525654984E+1	-2.526755714E+1	-2.526083374E+1
-2.493344116E+1	-2.494212914E+1	-2.493569183E+1
-2.467866135E+1	-2.468091774E+1	-2.467777061E+1
-2.445435715E+1	-2.445796967E+1	-2.445668793E+1
-2.430918884E+1	-2.431305122E+1	-2.430953598E+1
-2.416415405E+1	-2.416331291E+1	-2.416594505E+1
-2.410187912E+1	-2.409794044E+1	-2.410281372E+1
-2.404863739E+1	-2.404939842E+1	-2.404769135E+1
-2.404699898E+1	-2.404193687E+1	-2.404655457E+1
-2.405114746E+1	-2.404117012E+1	-2.404805374E+1
-2.411364555E+1	-2.410710716E+1	-2.410936546E+1
-2.422598648E+1	-2.421743011E+1	-2.422410583E+1
-2.438164902E+1	-2.437221336E+1	-2.437731361E+1
-2.457476044E+1	-2.456766129E+1	-2.457024765E+1
-2.473763466E+1	-2.473262024E+1	-2.473249245E+1
-2.488132095E+1	-2.487311745E+1	-2.487660980E+1
-2.501072693E+1	-2.500575256E+1	-2.500443840E+1
-2.510417938E+1	-2.510595131E+1	-2.510016060E+1
-2.523392677E+1	-2.523988533E+1	-2.522975349E+1
-2.533110237E+1	-2.533505630E+1	-2.532742310E+1
-2.546936607E+1	-2.546786118E+1	-2.546250534E+1
-2.555075645E+1	-2.555205345E+1	-2.554627991E+1
-2.565010071E+1	-2.565570831E+1	-2.565006065E+1
-2.573239517E+1	-2.573748207E+1	-2.573253822E+1
-2.580538940E+1	-2.580903625E+1	-2.580453873E+1
-2.590501595E+1	-2.590618134E+1	-2.590685463E+1
-2.594903374E+1	-2.594641876E+1	-2.595011139E+1
-2.600867081E+1	-2.601769638E+1	-2.600842857E+1
-2.604519844E+1	-2.605305862E+1	-2.604600716E+1
-2.611532593E+1	-2.611723328E+1	-2.611651039E+1
-2.619500542E+1	-2.619345284E+1	-2.619315529E+1
-2.629404259E+1	-2.629500961E+1	-2.629107094E+1
-2.641370392E+1	-2.641242599E+1	-2.641111374E+1
-2.651755142E+1	-2.652155113E+1	-2.651981735E+1
-2.661822128E+1	-2.661722946E+1	-2.662309647E+1
-2.670316696E+1	-2.670164871E+1	-2.670483208E+1
-2.682905769E+1	-2.682833290E+1	-2.683195496E+1
-2.703702354E+1	-2.703844452E+1	-2.703900146E+1
-2.728650475E+1	-2.728837395E+1	-2.728503227E+1
-2.756496620E+1	-2.756608009E+1	-2.756756210E+1
-2.785504723E+1	-2.786132622E+1	-2.785330391E+1
-2.821323013E+1	-2.821281433E+1	-2.821246719E+1
-2.865565300E+1	-2.865240669E+1	-2.865340042E+1
-2.913220596E+1	-2.912743568E+1	-2.912930107E+1
-2.958288383E+1	-2.957388306E+1	-2.957947731E+1
-3.004768181E+1	-3.004006577E+1	-3.004446983E+1
-3.055181313E+1	-3.055440521E+1	-3.055130196E+1
-3.102721977E+1	-3.102532387E+1	-3.102323532E+1
-3.146399498E+1	-3.146573257E+1	-3.146740150E+1
-3.189288712E+1	-3.189109993E+1	-3.189684105E+1
-3.232447815E+1	-3.233309555E+1	-3.232854462E+1
-3.280073929E+1	-3.280516434E+1	-3.280529022E+1
-3.326730728E+1	-3.327551270E+1	-3.327055359E+1
-3.378266907E+1	-3.378824234E+1	-3.379390335E+1
-3.427847290E+1	-3.428720474E+1	-3.427847672E+1
-3.476284790E+1	-3.475669861E+1	-3.475396347E+1
-3.521519089E+1	-3.520702362E+1	-3.520744705E+1
-3.564060211E+1	-3.564101028E+1	-3.564425278E+1
-3.616187668E+1	-3.616285706E+1	-3.615263367E+1
-3.664793396E+1	-3.665561295E+1	-3.665548706E+1
-3.720379639E+1	-3.720863342E+1	-3.719564819E+1
-3.769796753E+1	-3.769990540E+1	-3.770011139E+1
-3.822800446E+1	-3.823183060E+1	-3.823133850E+1
-3.870933533E+1	-3.870789337E+1	-3.870591736E+1
-3.929997253E+1	-3.929438400E+1	-3.930093765E+1
-3.995762634E+1	-3.996906662E+1	-3.997749329E+1
-4.054904556E+1	-4.054617310E+1	-4.054647064E+1
-4.117776489E+1	-4.116975784E+1	-4.117602921E+1
-4.149169922E+1	-4.148381805E+1	-4.150911331E+1
-4.191154480E+1	-4.189696121E+1	-4.190810013E+1
-4.214128876E+1	-4.213486481E+1	-4.215503311E+1
-4.241574097E+1	-4.238792419E+1	-4.239524460E+1
-4.264209366E+1	-4.263260651E+1	-4.264872360E+1
-4.281587219E+1	-4.280604553E+1	-4.281961823E+1
-4.328632736E+1	-4.328190231E+1	-4.327246475E+1
-4.338506699E+1	-4.340323257E+1	-4.341457367E+1
-4.388096619E+1	-4.389404297E+1	-4.388642883E+1
-4.396889496E+1	-4.396393585E+1	-4.395646667E+1
-4.445650864E+1	-4.451374435E+1	-4.448311996E+1
-4.472214127E+1	-4.473292923E+1	-4.470515823E+1
-4.495574570E+1	-4.496081924E+1	-4.495357895E+1
-4.560876465E+1	-4.564425659E+1	-4.559781647E+1
-4.564254379E+1	-4.564265060E+1	-4.566161346E+1
-4.652494049E+1	-4.652215958E+1	-4.649747086E+1
-4.628828049E+1	-4.628701782E+1	-4.627794647E+1
-4.707688141E+1	-4.708311844E+1	-4.707765961E+1
-4.731264877E+1	-4.732690048E+1	-4.730825424E+1
-4.758267212E+1	-4.758006287E+1	-4.758023834E+1
-4.837317657E+1	-4.836103058E+1	-4.837193680E+1
-4.790061951E+1	-4.788120651E+1	-4.790999985E+1
-4.965170288E+1	-4.962298584E+1	-4.964759445E+1
-4.834063339E+1	-4.834522247E+1	-4.830570221E+1
-5.035261536E+1	-5.029397964E+1	-5.033155823E+1
-4.910227585E+1	-4.907767487E+1	-4.911811829E+1
-5.012358475E+1	-5.014153671E+1	-5.014920044E+1
-5.031685257E+1	-5.034479141E+1	-5.031734467E+1
-4.949494171E+1	-4.949724579E+1	-4.950008774E+1
-5.254023361E+1	-5.248478317E+1	-5.251731110E+1
-4.876465225E+1	-4.874093628E+1	-4.874129868E+1
-5.527134323E+1	-5.525651550E+1	-5.515194321E+1
-4.840249252E+1	-4.836983109E+1	-4.836094284E+1
-5.773589706E+1	-5.783953857E+1	-5.775398254E+1
-4.827281952E+1	-4.824505234E+1	-4.824490738E+1
-5.637379456E+1	-5.634144211E+1	-5.636631393E+1
-4.915630341E+1	-4.913874817E+1	-4.911924362E+1
-5.323138046E+1	-5.324256134E+1	-5.324174881E+1
-5.078128815E+1	-5.077684021E+1	-5.075790787E+1
-5.190071487E+1	-5.191326523E+1	-5.189741516E+1
-5.329384995E+1	-5.333453751E+1	-5.330585480E+1
-5.133975220E+1	-5.127735138E+1	-5.125919342E+1
-5.596454239E+1	-5.603992081E+1	-5.603153229E+1
-5.109136200E+1	-5.107850266E+1	-5.105238342E+1
-5.785231781E+1	-5.780586624E+1	-5.787255096E+1
-5.159146118E+1	-5.158497238E+1	-5.162283325E+1
-5.689778900E+1	-5.687860489E+1	-5.690426254E+1
-5.299462128E+1	-5.300076675E+1	-5.298014832E+1
-5.533215332E+1	-5.536833191E+1	-5.532441711E+1
-5.516688538E+1	-5.515892410E+1	-5.512747192E+1
-5.469870377E+1	-5.466994858E+1	-5.465129852E+1
-5.667309189E+1	-5.665535736E+1	-5.662412262E+1
-5.469484711E+1	-5.477167892E+1	-5.465711594E+1
-5.728633118E+1	-5.742072296E+1	-5.729883575E+1
-5.528474045E+1	-5.528577423E+1	-5.529550934E+1
-5.732614136E+1	-5.730389404E+1	-5.736615372E+1
-5.645848083E+1	-5.641973495E+1	-5.647996902E+1
-5.686067963E+1	-5.683975220E+1	-5.695439911E+1
-5.755207443E+1	-5.740588379E+1	-5.756706619E+1
-5.657555771E+1	-5.649875259E+1	-5.655968094E+1
-5.790726471E+1	-5.776531601E+1	-5.791162491E+1
-5.690599060E+1	-5.681641388E+1	-5.681795502E+1
-5.800255203E+1	-5.777101517E+1	-5.778897858E+1
-5.724142075E+1	-5.712648010E+1	-5.714768600E+1
-5.760765076E+1	-5.759726715E+1	-5.760509109E+1
-5.787614059E+1	-5.796528625E+1	-5.794447708E+1
-5.711012650E+1	-5.719548416E+1	-5.712178802E+1
-5.841397858E+1	-5.838198090E+1	-5.835709763E+1
-5.750398636E+1	-5.753671646E+1	-5.748207092E+1
-5.832297516E+1	-5.843508530E+1	-5.831079865E+1
-5.771466446E+1	-5.788306046E+1	-5.772010422E+1
-5.831848907E+1	-5.841598129E+1	-5.822204208E+1
-5.840019608E+1	-5.847671509E+1	-5.845759583E+1
-5.830880737E+1	-5.842577362E+1	-5.838589478E+1
-5.921166229E+1	-5.928243637E+1	-5.921887207E+1
-5.871937561E+1	-5.886810684E+1	-5.895080566E+1
-5.950741196E+1	-5.960811234E+1	-5.946818924E+1
-5.896257782E+1	-5.889411163E+1	-5.895941162E+1
-5.937567139E+1	-5.941581726E+1	-5.929862976E+1
-5.871965790E+1	-5.866232300E+1	-5.878223419E+1
-5.905144501E+1	-5.903355026E+1	-5.898662567E+1
-5.949003601E+1	-5.936134720E+1	-5.954081726E+1
-5.938088608E+1	-5.937714386E+1	-5.952869415E+1
-5.980703735E+1	-5.974808121E+1	-5.988505554E+1
-5.983353806E+1	-5.982664108E+1	-6.001932526E+1
-5.996781540E+1	-5.970509338E+1	-5.985111618E+1
-5.955590057E+1	-5.938476562E+1	-5.961315155E+1
-5.937735367E+1	-5.934318542E+1	-5.943558884E+1
-5.957406616E+1	-5.920755386E+1	-5.940355301E+1
-5.900218201E+1	-5.893316650E+1	-5.897443390E+1
-5.899362183E+1	-5.908707428E+1	-5.907827377E+1
-5.838092804E+1	-5.834354401E+1	-5.830702591E+1
-5.861529541E+1	-5.851618576E+1	-5.859634781E+1
-5.803335953E+1	-5.798119354E+1	-5.789730072E+1
-5.828289795E+1	-5.828766632E+1	-5.820550156E+1
-5.744608688E+1	-5.748671341E+1	-5.747349930E+1
-5.683391190E+1	-5.694955063E+1	-5.678402710E+1
-5.651996613E+1	-5.664163589E+1	-5.643754959E+1
-5.602218246E+1	-5.612199783E+1	-5.602656937E+1
-5.562514114E+1	-5.564540863E+1	-5.560311890E+1
-5.520357513E+1	-5.535817337E+1	-5.524766922E+1
-5.506173325E+1	-5.521418762E+1	-5.515806961E+1
-5.474323654E+1	-5.480489731E+1	-5.474169922E+1
-5.454372025E+1	-5.457602692E+1	-5.461324692E+1
-5.443691635E+1	-5.449966431E+1	-5.442683792E+1
-5.410132599E+1	-5.407550049E+1	-5.403004074E+1
-5.396273804E+1	-5.393519592E+1	-5.398245239E+1
-5.373571777E+1	-5.373503494E+1	-5.373858643E+1
-5.347660065E+1	-5.351373291E+1	-5.350421906E+1
-5.332590866E+1	-5.331113052E+1	-5.331798935E+1
-5.327276230E+1	-5.324896622E+1	-5.320650482E+1
-5.309237289E+1	-5.307250595E+1	-5.307175446E+1
-5.301605225E+1	-5.300563431E+1	-5.300536346E+1
-5.276406479E+1	-5.274202347E+1	-5.276950073E+1
-5.257297516E+1	-5.265929413E+1	-5.261673737E+1
-5.268647766E+1	-5.260280228E+1	-5.265064240E+1
-5.242536926E+1	-5.236428833E+1	-5.237352371E+1
-5.240212631E+1	-5.235987473E+1	-5.239396667E+1
-5.236562729E+1	-5.235404205E+1	-5.242194366E+1
-5.204514694E+1	-5.204683304E+1	-5.212281036E+1
-5.217031097E+1	-5.213618469E+1	-5.217175674E+1
-5.204279327E+1	-5.198316193E+1	-5.206130219E+1
-5.186898804E+1	-5.182849884E+1	-5.186813736E+1
-5.183082199E+1	-5.182189560E+1	-5.178426361E+1
-5.150899124E+1	-5.151581955E+1	-5.152177811E+1
-5.127377701E+1	-5.122854614E+1	-5.123646545E+1
-5.107767487E+1	-5.106324768E+1	-5.106805038E+1
-5.069924927E+1	-5.073826981E+1	-5.071423721E+1
-5.032036972E+1	-5.032454300E+1	-5.033697510E+1
-5.005723953E+1	-5.003969955E+1	-5.001056290E+1
-4.955070114E+1	-4.958547974E+1	-4.958730316E+1
-4.933354568E+1	-4.931660080E+1	-4.930838394E+1
-4.921240234E+1	-4.921505737E+1	-4.921444702E+1
-4.908284378E+1	-4.906866455E+1	-4.905456543E+1
-4.880018997E+1	-4.879389191E+1	-4.879882431E+1
-4.851261139E+1	-4.854323196E+1	-4.850762558E+1
-4.830012894E+1	-4.833199310E+1	-4.831241226E+1
-4.815852356E+1	-4.819156647E+1	-4.815290070E+1
-4.789067459E+1	-4.790596390E+1	-4.786799622E+1
-4.775064087E+1	-4.773330688E+1	-4.769291306E+1
-4.753175735E+1	-4.751926041E+1	-4.753738785E+1
-4.726963043E+1	-4.727124405E+1	-4.725229645E+1
-4.700991821E+1	-4.702901077E+1	-4.701266861E+1
-4.686115646E+1	-4.687293625E+1	-4.683803558E+1
-4.662676239E+1	-4.659972000E+1	-4.661312485E+1
-4.630889893E+1	-4.628939819E+1	-4.632934570E+1
-4.581372452E+1	-4.580057144E+1	-4.582798004E+1
-4.566836929E+1	-4.567914581E+1	-4.568954849E+1
-4.548960114E+1	-4.547434998E+1	-4.549840546E+1
-4.536860275E+1	-4.535228729E+1	-4.537749863E+1
-4.501277924E+1	-4.501337051E+1	-4.506486893E+1
-4.477426529E+1	-4.475077438E+1	-4.477010345E+1
-4.442812347E+1	-4.440808868E+1	-4.442760086E+1
-4.425106430E+1	-4.425068665E+1	-4.427912140E+1
-4.415355301E+1	-4.414526367E+1	-4.412310028E+1
-4.408716965E+1	-4.409334946E+1	-4.408435822E+1
-4.418656921E+1	-4.417045975E+1	-4.416065216E+1
-4.427379608E+1	-4.426789474E+1	-4.427542877E+1
-4.444915771E+1	-4.442333603E+1	-4.441065216E+1
-4.442931366E+1	-4.441938019E+1	-4.444398880E+1
-4.450954056E+1	-4.450738907E+1	-4.449061584E+1
-4.462420273E+1	-4.463138580E+1	-4.460517120E+1
-4.469938660E+1	-4.469260406E+1	-4.468801117E+1
-4.494691086E+1	-4.497363663E+1	-4.495416641E+1
-4.507562637E+1	-4.510366440E+1	-4.508027267E+1
-4.537593079E+1	-4.542016602E+1	-4.539913940E+1
-4.564822006E+1	-4.563809967E+1	-4.563460922E+1
-4.605968094E+1	-4.605233383E+1	-4.606883240E+1
-4.642338181E+1	-4.644176102E+1	-4.644916153E+1
-4.688634109E+1	-4.688146973E+1	-4.685548019E+1
-4.761159134E+1	-4.764379883E+1	-4.760812759E+1
-4.810066223E+1	-4.810662842E+1	-4.810179520E+1
-4.863978195E+1	-4.865822601E+1	-4.861592484E+1
-4.909207535E+1	-4.911874771E+1	-4.911962891E+1
-4.951039124E+1	-4.957498550E+1	-4.957807159E+1
-5.001228714E+1	-4.998877335E+1	-5.000046158E+1
-5.042522812E+1	-5.038467407E+1	-5.043690872E+1
-5.096542740E+1	-5.101055145E+1	-5.100437164E+1
-5.106484604E+1	-5.109336472E+1	-5.112812424E+1
-5.161991501E+1	-5.158086014E+1	-5.158169174E+1
-5.187322998E+1	-5.187384796E+1	-5.191297150E+1
-5.230674362E+1	-5.227556992E+1	-5.227225113E+1
-5.266654587E+1	-5.261105347E+1	-5.263276672E+1
-5.300498581E+1	-5.309786987E+1	-5.300955582E+1
-5.386570358E+1	-5.395095062E+1	-5.387493896E+1
-5.378469849E+1	-5.382538223E+1	-5.378745270E+1
-5.442851257E+1	-5.443295670E+1	-5.441908264E+1
-5.458854294E+1	-5.462261963E+1	-5.456394196E+1
-5.502714539E+1	-5.495534897E+1	-5.497456360E+1
-5.558879471E+1	-5.558040237E+1	-5.556214523E+1
-5.550836182E+1	-5.551345825E+1	-5.552305984E+1
-5.637697983E+1	-5.642604065E+1	-5.645944595E+1
-5.606413651E+1	-5.617346573E+1	-5.606663513E+1
-5.689239883E+1	-5.695742798E+1	-5.695611954E+1
-5.680788040E+1	-5.682345200E+1	-5.687619019E+1
-5.705113220E+1	-5.705078506E+1	-5.693825531E+1
-5.741523743E+1	-5.741527176E+1	-5.749733353E+1
-5.725311661E+1	-5.722182083E+1	-5.719741440E+1
-5.826748276E+1	-5.825941849E+1	-5.824567032E+1
-5.781997299E+1	-5.768629456E+1	-5.784144211E+1
-5.883074188E+1	-5.877486420E+1	-5.878120804E+1
-5.827743530E+1	-5.818504715E+1	-5.813266373E+1
-5.867428589E+1	-5.864449310E+1	-5.868940735E+1
-5.881718063E+1	-5.880760956E+1	-5.868901062E+1
-5.838376236E+1	-5.834703827E+1	-5.833211517E+1
-5.938453674E+1	-5.936486435E+1	-5.938010025E+1
-5.832484436E+1	-5.830091095E+1	-5.828277206E+1
-5.966564560E+1	-5.972703171E+1	-5.958682632E+1
-5.862688446E+1	-5.851729202E+1	-5.848569870E+1
-5.914774323E+1	-5.899814606E+1	-5.907460785E+1
-5.933972931E+1	-5.941053391E+1	-5.929435730E+1
-5.866475677E+1	-5.857065582E+1	-5.875649643E+1
-5.973686981E+1	-5.979817581E+1	-5.991002274E+1
-5.843634796E+1	-5.849430084E+1	-5.848799896E+1
-6.008362198E+1	-6.001540756E+1	-6.005988312E+1
-5.888160706E+1	-5.880422211E+1	-5.873717117E+1
-5.940900803E+1	-5.941440582E+1	-5.949548340E+1
-5.942109680E+1	-5.952850342E+1	-5.945655441E+1
-5.847685242E+1	-5.847100830E+1	-5.853780365E+1
-6.000279617E+1	-6.019375992E+1	-6.001473999E+1
-5.815676880E+1	-5.807555389E+1	-5.802855301E+1
-6.012493515E+1	-6.011674118E+1	-6.023043060E+1
-5.820751572E+1	-5.813864136E+1	-5.818476868E+1
-5.929581070E+1	-5.925865173E+1	-5.923297501E+1
-5.884456253E+1	-5.887866592E+1	-5.885746765E+1
-5.819356918E+1	-5.811024857E+1	-5.823379517E+1
-5.971636581E+1	-5.973619843E+1	-5.969378662E+1
-5.733985519E+1	-5.734696960E+1	-5.730738449E+1
-6.004344940E+1	-5.999154282E+1	-6.004623032E+1
-5.697663116E+1	-5.705107498E+1	-5.697418594E+1
-5.925871658E+1	-5.930001450E+1	-5.918314362E+1
-5.751763153E+1	-5.760000992E+1	-5.759340286E+1
-5.762369156E+1	-5.762891006E+1	-5.771895218E+1
-5.857371140E+1	-5.853765869E+1	-5.864028931E+1
-5.620526886E+1	-5.612994385E+1	-5.606405640E+1
-6.036701965E+1	-6.034371948E+1	-6.038299561E+1
-5.497666168E+1	-5.495887375E+1	-5.498862839E+1
-6.221948242E+1	-6.202532578E+1	-6.224713516E+1
-5.426633835E+1	-5.424078751E+1	-5.430201721E+1
-6.174504089E+1	-6.172521210E+1	-6.181338882E+1
-5.409269333E+1	-5.407696533E+1	-5.404335403E+1
-6.011334610E+1	-6.017001343E+1	-6.015890503E+1
-5.435836792E+1	-5.436575317E+1	-5.449016190E+1
-5.844282913E+1	-5.839706421E+1	-5.840953064E+1
-5.592199707E+1	-5.595217514E+1	-5.594405746E+1
-5.699996185E+1	-5.715311050E+1	-5.705503845E+1
-5.727815247E+1	-5.733589935E+1	-5.736514282E+1
-5.631975937E+1	-5.629014587E+1	-5.626523972E+1
-5.795193863E+1	-5.799975967E+1	-5.797930908E+1
-5.625482941E+1	-5.613551712E+1	-5.613654709E+1
-5.779510880E+1	-5.791931152E+1	-5.787990570E+1
-5.655359268E+1	-5.656491089E+1	-5.654089355E+1
-5.727384567E+1	-5.731338501E+1	-5.731761551E+1
-5.726868057E+1	-5.732361221E+1	-5.723185730E+1
-5.694012451E+1	-5.694623566E+1	-5.694149399E+1
-5.779316711E+1	-5.778619003E+1	-5.774346924E+1
-5.682627487E+1	-5.671741486E+1	-5.683263016E+1
-5.780848694E+1	-5.792769241E+1	-5.790985489E+1
-5.689762878E+1	-5.694239807E+1	-5.685973740E+1
-5.751813507E+1	-5.755464172E+1	-5.746208191E+1
-5.715640259E+1	-5.721780014E+1	-5.712051010E+1
-5.716458130E+1	-5.721036148E+1	-5.718722153E+1
-5.743769073E+1	-5.736216736E+1	-5.743850327E+1
-5.693807983E+1	-5.691979218E+1	-5.698078156E+1
-5.764374542E+1	-5.764854050E+1	-5.757021713E+1
-5.694577789E+1	-5.706878662E+1	-5.693283844E+1
-5.762007523E+1	-5.755524445E+1	-5.763665771E+1
-5.695539093E+1	-5.708536530E+1	-5.697150040E+1
-5.738637924E+1	-5.736950684E+1	-5.741777802E+1
-5.735266495E+1	-5.732752991E+1	-5.731082916E+1
-5.732705688E+1	-5.724161530E+1	-5.717873764E+1
-5.753759003E+1	-5.750145721E+1	-5.755301666E+1
-5.721420670E+1	-5.718284988E+1	-5.695750046E+1
-5.738997269E+1	-5.753983688E+1	-5.749591446E+1
-5.712895203E+1	-5.718493652E+1	-5.705435944E+1
-5.716914368E+1	-5.719168091E+1	-5.719580460E+1
-5.693742752E+1	-5.699633408E+1	-5.699095917E+1
-5.674705887E+1	-5.680412674E+1	-5.683257675E+1
-5.687990189E+1	-5.688668442E+1	-5.695798111E+1
-5.665129852E+1	-5.661660385E+1	-5.659255600E+1
-5.675245667E+1	-5.672616196E+1	-5.662932205E+1
-5.641780472E+1	-5.643793106E+1	-5.644137573E+1
-5.657088089E+1	-5.659294891E+1	-5.649552917E+1
-5.634162521E+1	-5.633604050E+1	-5.639548874E+1
-5.637150192E+1	-5.635920334E+1	-5.634071350E+1
-5.627824402E+1	-5.637401962E+1	-5.633591843E+1
-5.620818329E+1	-5.616568756E+1	-5.617216110E+1
-5.625798035E+1	-5.630903244E+1	-5.636303329E+1
-5.599802017E+1	-5.601604080E+1	-5.600468063E+1
-5.604622650E+1	-5.609988403E+1	-5.615423584E+1
-5.597073364E+1	-5.603040695E+1	-5.601227188E+1
-5.599129486E+1	-5.607832336E+1	-5.601089859E+1
-5.589769363E+1	-5.601955795E+1	-5.592250061E+1
-5.582179260E+1	-5.579410172E+1	-5.582471466E+1
-5.593103790E+1	-5.594894028E+1	-5.599502563E+1
-5.566730499E+1	-5.566035080E+1	-5.564434814E+1
-5.574633789E+1	-5.576407623E+1	-5.580205154E+1
-5.559888840E+1	-5.562796021E+1	-5.560327530E+1
-5.565357208E+1	-5.567998505E+1	-5.554188156E+1
-5.551851654E+1	-5.555464172E+1	-5.548060608E+1
-5.549686050E+1	-5.543622971E+1	-5.545276642E+1
-5.542501068E+1	-5.543060303E+1	-5.535857391E+1
-5.529546738E+1	-5.528511810E+1	-5.526474762E+1
-5.516296768E+1	-5.522617722E+1	-5.521637344E+1
-5.518429565E+1	-5.513856888E+1	-5.513775635E+1
-5.508941269E+1	-5.509910202E+1	-5.511543274E+1
-5.495863342E+1	-5.498807144E+1	-5.499036407E+1
-5.508180237E+1	-5.505651474E+1	-5.497163773E+1
-5.480237961E+1	-5.480110168E+1	-5.482448578E+1
-5.479902267E+1	-5.479356003E+1	-5.478565216E+1
-5.482315063E+1	-5.485794830E+1	-5.481879425E+1
-5.473374176E+1	-5.472344971E+1	-5.468379593E+1
-5.478578186E+1	-5.478062057E+1	-5.479052734E+1
-5.470589066E+1	-5.467956161E+1	-5.468062210E+1
-5.472163010E+1	-5.474209213E+1	-5.468620682E+1
-5.448825836E+1	-5.456139755E+1	-5.461864090E+1
-5.459542465E+1	-5.470341873E+1	-5.460140228E+1
-5.470784760E+1	-5.483630371E+1	-5.483013916E+1
-5.468731308E+1	-5.463998413E+1	-5.463222122E+1
-5.473708725E+1	-5.463935089E+1	-5.474116898E+1
-5.475739670E+1	-5.480154037E+1	-5.477979660E+1
-5.454740906E+1	-5.455236053E+1	-5.458462143E+1
-5.443368530E+1	-5.443798828E+1	-5.444804764E+1
-5.464150620E+1	-5.462635040E+1	-5.460725784E+1
-5.470030975E+1	-5.470910645E+1	-5.476321793E+1
-5.454084015E+1	-5.448537827E+1	-5.453504562E+1
-5.455656815E+1	-5.458175659E+1	-5.461745453E+1
-5.474852371E+1	-5.468508148E+1	-5.472744370E+1
-5.450667572E+1	-5.450685120E+1	-5.448336792E+1
-5.430130768E+1	-5.430963135E+1	-5.425555420E+1
-5.449864578E+1	-5.443830109E+1	-5.449735641E+1
-5.443971252E+1	-5.450586700E+1	-5.442609406E+1
-5.419398499E+1	-5.416487503E+1	-5.415546417E+1
-5.427060699E+1	-5.429066467E+1	-5.425412750E+1
-5.429922867E+1	-5.438966370E+1	-5.434504700E+1
-5.409530640E+1	-5.407574844E+1	-5.412267303E+1
-5.405034637E+1	-5.406570435E+1	-5.404366302E+1
-5.410338211E+1	-5.405194473E+1	-5.415166855E+1
-5.416154099E+1	-5.417897797E+1	-5.411847305E+1
-5.401066208E+1	-5.402565765E+1	-5.398246384E+1
-5.402817917E+1	-5.409344864E+1	-5.403938293E+1
-5.407574844E+1	-5.412764740E+1	-5.406544495E+1
-5.381202698E+1	-5.377554321E+1	-5.373406982E+1
-5.383557510E+1	-5.383706284E+1	-5.382751846E+1
-5.392190552E+1	-5.390154266E+1	-5.385995102E+1
-5.390452194E+1	-5.393445206E+1	-5.384091949E+1
-5.387805176E+1	-5.387629318E+1	-5.387935638E+1
-5.400417328E+1	-5.403091431E+1	-5.398282242E+1
-5.400918579E+1	-5.398291779E+1	-5.407007980E+1
-5.390644073E+1	-5.393559265E+1	-5.393246841E+1
-5.385075378E+1	-5.388954163E+1	-5.386752319E+1
-5.380867767E+1	-5.377405930E+1	-5.375716782E+1
-5.380809784E+1	-5.377552795E+1	-5.376411057E+1
-5.381730270E+1	-5.378946686E+1	-5.381370926E+1
-5.389473724E+1	-5.387646866E+1	-5.385868073E+1
-5.383649826E+1	-5.391322327E+1	-5.383553314E+1
-5.400469589E+1	-5.399597549E+1	-5.398039627E+1
-5.393976593E+1	-5.397108841E+1	-5.389997864E+1
-5.407981491E+1	-5.408133698E+1	-5.410017395E+1
-5.397373581E+1	-5.402300262E+1	-5.402931213E+1
-5.399177551E+1	-5.402376938E+1	-5.405228806E+1
-5.414997101E+1	-5.410502243E+1	-5.408955002E+1
-5.404018402E+1	-5.406164932E+1	-5.408263397E+1
-5.429799652E+1	-5.425104523E+1	-5.429879761E+1
-5.421922684E+1	-5.422694778E+1	-5.424197388E+1
-5.439823532E+1	-5.437388229E+1	-5.442564011E+1
-5.437099838E+1	-5.433235931E+1	-5.437257004E+1
-5.440566254E+1	-5.437936020E+1	-5.436851883E+1
-5.435303879E+1	-5.431090927E+1	-5.437500381E+1
-5.430344009E+1	-5.437944794E+1	-5.432387924E+1
-5.441708755E+1	-5.442580795E+1	-5.446005249E+1
-5.425125504E+1	-5.428272247E+1	-5.424428177E+1
-5.419148636E+1	-5.428090286E+1	-5.422127533E+1
-5.394943237E+1	-5.390133286E+1	-5.386864090E+1
-5.396522522E+1	-5.392319870E+1	-5.387517929E+1
-5.388631058E+1	-5.389339447E+1	-5.390483475E+1
-5.404547501E+1	-5.409690857E+1	-5.404846573E+1
-5.409281921E+1	-5.401788330E+1	-5.404605484E+1
-5.400305176E+1	-5.398243713E+1	-5.396327209E+1
-5.405736923E+1	-5.402714157E+1	-5.401434708E+1
-5.370197678E+1	-5.370310974E+1	-5.370318985E+1
-5.380587006E+1	-5.385996628E+1	-5.383737946E+1
-5.361633301E+1	-5.361770630E+1	-5.357513428E+1
-5.378233337E+1	-5.377854538E+1	-5.373899841E+1
-5.373158264E+1	-5.377003098E+1	-5.374357224E+1
-5.376849747E+1	-5.376316452E+1	-5.375498962E+1
-5.396560287E+1	-5.395972061E+1	-5.387699890E+1
-5.370691681E+1	-5.370300293E+1	-5.371125793E+1
-5.382723999E+1	-5.387355804E+1	-5.377466583E+1
-5.349122620E+1	-5.351228714E+1	-5.349725342E+1
-5.370952606E+1	-5.381579208E+1	-5.373839188E+1
-5.371507645E+1	-5.364830780E+1	-5.364852524E+1
-5.384882355E+1	-5.392353058E+1	-5.391470718E+1
-5.386531830E+1	-5.380507660E+1	-5.384628677E+1
-5.360350418E+1	-5.354930878E+1	-5.362520981E+1
-5.381846619E+1	-5.380335236E+1	-5.385310364E+1
-5.329629898E+1	-5.325638199E+1	-5.329497910E+1
-5.370297623E+1	-5.372005081E+1	-5.380092621E+1
-5.314475632E+1	-5.309369659E+1	-5.311242676E+1
-5.357263947E+1	-5.359045029E+1	-5.352726746E+1
-5.322869110E+1	-5.323102951E+1	-5.325644684E+1
-5.339689636E+1	-5.337965775E+1	-5.332015991E+1
-5.343969345E+1	-5.339010620E+1	-5.341427231E+1
-5.300124359E+1	-5.295254135E+1	-5.299524689E+1
-5.356232071E+1	-5.352077866E+1	-5.359382248E+1
-5.256054306E+1	-5.254878616E+1	-5.264017105E+1
-5.359400940E+1	-5.354072189E+1	-5.353848648E+1
-5.272397995E+1	-5.266207123E+1	-5.261663055E+1
-5.346391296E+1	-5.348332596E+1	-5.352154922E+1
-5.308984375E+1	-5.304594803E+1	-5.310562515E+1
-5.319097900E+1	-5.318846893E+1	-5.319831085E+1
-5.366014481E+1	-5.365776825E+1	-5.367899323E+1
-5.292841721E+1	-5.294527817E+1	-5.297137070E+1
-5.437126923E+1	-5.434569168E+1	-5.430573273E+1
-5.303671646E+1	-5.302675629E+1	-5.298066330E+1
-5.478357315E+1	-5.478366852E+1	-5.473525620E+1
-5.330938721E+1	-5.329576874E+1	-5.324502182E+1
-5.469677734E+1	-5.469982529E+1	-5.472526550E+1
-5.382014847E+1	-5.384421539E+1	-5.379906464E+1
-5.435421753E+1	-5.441362762E+1	-5.440747452E+1
-5.465992355E+1	-5.472728729E+1	-5.467023468E+1
-5.398376846E+1	-5.403083038E+1	-5.406132507E+1
-5.563152313E+1	-5.568170166E+1	-5.564886093E+1
-5.391735077E+1	-5.388067245E+1	-5.396850204E+1
-5.647755814E+1	-5.647966385E+1	-5.646334839E+1
-5.393346786E+1	-5.392288589E+1	-5.392025757E+1
-5.650628662E+1	-5.644765091E+1	-5.649139786E+1
-5.428335953E+1	-5.425811005E+1	-5.423318100E+1
-5.598766708E+1	-5.595615387E+1	-5.596366119E+1
-5.502500153E+1	-5.513458252E+1	-5.508460236E+1
-5.556905746E+1	-5.559895706E+1	-5.554312134E+1
-5.614239883E+1	-5.615196991E+1	-5.613719940E+1
-5.528122711E+1	-5.527378082E+1	-5.528282547E+1
-5.674945450E+1	-5.674326706E+1	-5.680078125E+1
-5.511835480E+1	-5.519752121E+1	-5.512008286E+1
-5.689765549E+1	-5.683815002E+1	-5.693149948E+1
-5.512015533E+1	-5.511372757E+1	-5.512704468E+1
-5.673390961E+1	-5.678063583E+1	-5.673274231E+1
-5.550238037E+1	-5.561416626E+1	-5.552201462E+1
-5.641586685E+1	-5.640308380E+1	-5.637893677E+1
-5.630448532E+1	-5.624221802E+1	-5.624390411E+1
-5.611022186E+1	-5.614622116E+1	-5.615362549E+1
-5.672557068E+1	-5.677053070E+1	-5.677114105E+1
-5.582291794E+1	-5.581610489E+1	-5.579409790E+1
-5.708141708E+1	-5.705846405E+1	-5.707437134E+1
-5.597915649E+1	-5.596813965E+1	-5.596304321E+1
-5.704449081E+1	-5.703602600E+1	-5.701420212E+1
-5.617983246E+1	-5.618595886E+1	-5.619290924E+1
-5.666184235E+1	-5.670600128E+1	-5.665345001E+1
-5.640818787E+1	-5.639719391E+1	-5.642248917E+1
-5.615999603E+1	-5.606609726E+1	-5.614167786E+1
-5.635117340E+1	-5.636831284E+1	-5.630698776E+1
-5.575127411E+1	-5.574678040E+1	-5.578966904E+1
-5.614154434E+1	-5.624663544E+1	-5.609545898E+1
-5.547283173E+1	-5.554606247E+1	-5.555641556E+1
-5.576684189E+1	-5.573628235E+1	-5.572389984E+1
-5.543626404E+1	-5.540919113E+1	-5.537469101E+1
-5.542506790E+1	-5.547170639E+1	-5.539270782E+1
-5.524698257E+1	-5.529386139E+1	-5.526827240E+1
-5.524487305E+1	-5.521001816E+1	-5.520666885E+1
-5.536041260E+1	-5.534228516E+1	-5.530548477E+1
-5.510936737E+1	-5.508477783E+1	-5.510513306E+1
-5.536684799E+1	-5.536262894E+1	-5.530261993E+1
-5.484664917E+1	-5.491923904E+1	-5.493379974E+1
-5.507638550E+1	-5.498493195E+1	-5.506355286E+1
-5.468551636E+1	-5.466667175E+1	-5.462350464E+1
-5.470585251E+1	-5.469903564E+1	-5.478580475E+1
-5.470780945E+1	-5.461754608E+1	-5.467645264E+1
-5.462055588E+1	-5.458907318E+1	-5.453026962E+1
-5.463988876E+1	-5.459367752E+1	-5.468455505E+1
-5.422381592E+1	-5.419613647E+1	-5.416731262E+1
-5.427634048E+1	-5.425455475E+1	-5.427800751E+1
-5.397938919E+1	-5.396329880E+1	-5.394211197E+1
-5.400979614E+1	-5.400403595E+1	-5.393236923E+1
-5.393486786E+1	-5.401815033E+1	-5.392619705E+1
-5.384423065E+1	-5.384849930E+1	-5.385820007E+1
-5.395182800E+1	-5.397820663E+1	-5.394533157E+1
-5.377938080E+1	-5.377189255E+1	-5.375288773E+1
-5.384101868E+1	-5.383504868E+1	-5.381226349E+1
-5.376784515E+1	-5.375837708E+1	-5.377746582E+1
-5.366812134E+1	-5.369159317E+1	-5.372068787E+1
-5.382136154E+1	-5.379493713E+1	-5.378184128E+1
-5.375880051E+1	-5.377735519E+1	-5.376910782E+1
-5.384145355E+1	-5.385358429E+1	-5.378334808E+1
-5.378617096E+1	-5.383959961E+1	-5.376043701E+1
-5.369866180E+1	-5.377965546E+1	-5.371077347E+1
-5.374365234E+1	-5.379047775E+1	-5.373726654E+1
-5.370137787E+1	-5.367870331E+1	-5.366695404E+1
-5.363337326E+1	-5.365394592E+1	-5.360211563E+1
-5.364730072E+1	-5.367411804E+1	-5.360392380E+1
-5.353113174E+1	-5.359853745E+1	-5.353824234E+1
-5.352320099E+1	-5.358894730E+1	-5.346949005E+1
-5.335709000E+1	-5.342036057E+1	-5.338768005E+1
-5.342025757E+1	-5.346971893E+1	-5.340727234E+1
-5.337244415E+1	-5.335862350E+1	-5.336522675E+1
-5.324293137E+1	-5.323867798E+1	-5.329533768E+1
-5.324278259E+1	-5.325301361E+1	-5.327558899E+1
-5.326742554E+1	-5.323010635E+1	-5.326911926E+1
-5.332220078E+1	-5.335588837E+1	-5.338682175E+1
-5.339361954E+1	-5.338056946E+1	-5.338748932E+1
-5.342505264E+1	-5.341583633E+1	-5.342761612E+1
-5.342412949E+1	-5.337013626E+1	-5.335418320E+1
-5.337471390E+1	-5.333559036E+1	-5.332082748E+1
-5.341182327E+1	-5.343183517E+1	-5.338520813E+1
-5.349051666E+1	-5.344225693E+1	-5.343133926E+1
-5.354044342E+1	-5.354621506E+1	-5.355399704E+1
-5.358623886E+1	-5.351900482E+1	-5.355097961E+1
-5.354251099E+1	-5.356057739E+1	-5.357504272E+1
-5.347743607E+1	-5.341610336E+1	-5.346474075E+1
-5.335088730E+1	-5.332170486E+1	-5.336463547E+1
-5.343946457E+1	-5.342320251E+1	-5.344485092E+1
-5.354896545E+1	-5.353029251E+1	-5.349382019E+1
-5.359199524E+1	-5.358026505E+1	-5.362091064E+1
-5.369266510E+1	-5.371751785E+1	-5.366601181E+1
-5.368489456E+1	-5.367839050E+1	-5.369734573E+1
-5.382556915E+1	-5.384735107E+1	-5.382308578E+1
-5.389316940E+1	-5.387969971E+1	-5.388338470E+1
-5.411057663E+1	-5.411843872E+1	-5.411491776E+1
-5.430618286E+1	-5.436111832E+1	-5.431582642E+1
-5.457745743E+1	-5.446841812E+1	-5.456980515E+1
-5.491461182E+1	-5.491526413E+1	-5.488683701E+1
-5.507699966E+1	-5.509030914E+1	-5.504299545E+1
-5.530248260E+1	-5.528218460E+1	-5.530941772E+1
-5.540492630E+1	-5.545069122E+1	-5.542078781E+1
-5.541162872E+1	-5.540932083E+1	-5.542555618E+1
-5.551128006E+1	-5.552661133E+1	-5.551445007E+1
-5.563838196E+1	-5.568049622E+1	-5.563806915E+1
-5.585709763E+1	-5.587683105E+1	-5.589731598E+1
-5.590201569E+1	-5.601894760E+1	-5.595302963E+1
-5.591170120E+1	-5.592240524E+1	-5.586937332E+1
-5.572592545E+1	-5.571601105E+1	-5.568642807E+1
-5.541258621E+1	-5.537291718E+1	-5.537884140E+1
-5.522606277E+1	-5.516609192E+1	-5.517614746E+1
-5.511322021E+1	-5.514179611E+1	-5.511555099E+1
-5.504975510E+1	-5.510338211E+1	-5.502664185E+1
-5.487533569E+1	-5.492400360E+1	-5.491053772E+1
-5.475918579E+1	-5.472789001E+1	-5.471094894E+1
-5.468817139E+1	-5.461066055E+1	-5.468043900E+1
-5.446265793E+1	-5.444732666E+1	-5.445460129E+1
-5.443823624E+1	-5.443542480E+1	-5.438562393E+1
-5.434113312E+1	-5.435464096E+1	-5.435524750E+1
-5.429262161E+1	-5.426470184E+1	-5.425009537E+1
-5.429855347E+1	-5.432738876E+1	-5.429425430E+1
-5.427713776E+1	-5.426994324E+1	-5.429209137E+1
-5.423871994E+1	-5.429053497E+1	-5.435525131E+1
-5.416627121E+1	-5.417517471E+1	-5.419160843E+1
-5.422224045E+1	-5.421836853E+1	-5.430680466E+1
-5.443857193E+1	-5.439723587E+1	-5.444800568E+1
-5.452155304E+1	-5.447410583E+1	-5.457447052E+1
-5.457907867E+1	-5.461030960E+1	-5.462446213E+1
-5.454248810E+1	-5.452086639E+1	-5.449740601E+1
-5.453104401E+1	-5.451846695E+1	-5.456300735E+1
-5.453730011E+1	-5.454942322E+1	-5.456386948E+1
-5.460998154E+1	-5.458032227E+1	-5.463151550E+1
-5.471011734E+1	-5.470767593E+1	-5.471170044E+1
-5.476406860E+1	-5.478415298E+1	-5.474693680E+1
-5.493205261E+1	-5.490221405E+1	-5.493004608E+1
-5.494997787E+1	-5.487682724E+1	-5.496020889E+1
-5.493544006E+1	-5.492721558E+1	-5.488153839E+1
-5.493683624E+1	-5.486370468E+1	-5.485831451E+1
-5.498873138E+1	-5.493227005E+1	-5.492134857E+1
-5.512509918E+1	-5.511345291E+1	-5.508512497E+1
-5.527180862E+1	-5.524165344E+1	-5.521867371E+1
-5.535713577E+1	-5.536005402E+1	-5.540312195E+1
-5.538877869E+1	-5.536080170E+1	-5.538469315E+1
-5.544768143E+1	-5.545558929E+1	-5.542150879E+1
-5.555739594E+1	-5.557673264E+1	-5.555428696E+1
-5.555543900E+1	-5.552510071E+1	-5.557390213E+1
-5.566515350E+1	-5.566658783E+1	-5.561731720E+1
-5.568600845E+1	-5.568971634E+1	-5.570252228E+1
-5.574979401E+1	-5.577252960E+1	-5.570399475E+1
-5.576033401E+1	-5.571729279E+1	-5.570398712E+1
-5.580063629E+1	-5.575183868E+1	-5.578982162E+1
-5.583178329E+1	-5.578233719E+1	-5.580046082E+1
-5.582456970E+1	-5.585047531E+1	-5.577214050E+1
-5.591191101E+1	-5.590963364E+1	-5.587687683E+1
-5.600745010E+1	-5.602066803E+1	-5.599031067E+1
-5.599022675E+1	-5.600983429E+1	-5.590577316E+1
-5.617182541E+1	-5.614858627E+1	-5.616781998E+1
-5.626462936E+1	-5.628258514E+1	-5.626298523E+1
-5.624252701E+1	-5.631860733E+1	-5.622816849E+1
-5.654166412E+1	-5.649692535E+1	-5.651414871E+1
-5.657905197E+1	-5.670606995E+1	-5.665268326E+1
-5.700761414E+1	-5.699003220E+1	-5.699172974E+1
-5.701907349E+1	-5.702688217E+1	-5.699035645E+1
-5.743993378E+1	-5.744186401E+1	-5.739992142E+1
-5.757642746E+1	-5.758440399E+1	-5.757300568E+1
-5.775605392E+1	-5.777407074E+1	-5.774904251E+1
-5.837867737E+1	-5.835039520E+1	-5.847021484E+1
-5.824655151E+1	-5.828905487E+1	-5.823188782E+1
-5.898799515E+1	-5.891644287E+1	-5.893206787E+1
-5.836498260E+1	-5.844705582E+1	-5.841473007E+1
-5.990201569E+1	-5.981720734E+1	-5.980578613E+1
-5.872620392E+1	-5.877959442E+1	-5.866613007E+1
-6.034890747E+1	-6.044755936E+1	-6.040531158E+1
-5.913130951E+1	-5.908044052E+1	-5.902659988E+1
-6.046421051E+1	-6.042237091E+1	-6.055130386E+1
-5.914632034E+1	-5.920730972E+1	-5.918385315E+1
-6.055743027E+1	-6.052873993E+1	-6.053701782E+1
-5.960760117E+1	-5.966919708E+1	-5.970317078E+1
-6.016575241E+1	-6.010608292E+1	-6.010913849E+1
-6.056119537E+1	-6.055661774E+1	-6.052694702E+1
-5.975573349E+1	-5.972613144E+1	-5.970129395E+1
-6.087799072E+1	-6.099108124E+1	-6.099330902E+1
-5.935317993E+1	-5.942866516E+1	-5.943200684E+1
-6.134498596E+1	-6.126267242E+1	-6.125561142E+1
-5.922341156E+1	-5.922744370E+1	-5.918387222E+1
-6.181488037E+1	-6.171572113E+1	-6.172698593E+1
-5.953253555E+1	-5.945399475E+1	-5.948391724E+1
-6.160476685E+1	-6.161853409E+1	-6.158688354E+1
-5.976222610E+1	-5.990108871E+1	-5.968730927E+1
-6.101803970E+1	-6.106922531E+1	-6.095297241E+1
-6.020460510E+1	-6.014837265E+1	-6.015733337E+1
-6.038687897E+1	-6.036068726E+1	-6.032518768E+1
-6.088342667E+1	-6.095057678E+1	-6.087557220E+1
-6.017560577E+1	-6.027121735E+1	-6.013269806E+1
-6.129217148E+1	-6.133866501E+1	-6.135991287E+1
-6.012567902E+1	-6.010381699E+1	-6.010631561E+1
-6.131757355E+1	-6.143394089E+1	-6.149267960E+1
-6.003356934E+1	-6.012251282E+1	-6.019984818E+1
-6.131837845E+1	-6.115593719E+1	-6.123298264E+1
-6.063996887E+1	-6.055619431E+1	-6.050828934E+1
-6.098352814E+1	-6.096554565E+1	-6.101177216E+1
-6.089808655E+1	-6.085000992E+1	-6.084381104E+1
-6.059155273E+1	-6.069211197E+1	-6.055866241E+1
-6.085203934E+1	-6.094561386E+1	-6.085814285E+1
-6.036749649E+1	-6.030246735E+1	-6.040261459E+1
-6.087083054E+1	-6.088937759E+1	-6.093317795E+1
-6.048789978E+1	-6.049070740E+1	-6.047658920E+1
-6.097597122E+1	-6.105073166E+1	-6.095985031E+1
-6.062368393E+1	-6.057626724E+1	-6.063230515E+1
-6.080689621E+1	-6.078497696E+1	-6.077997208E+1
-6.052515030E+1	-6.061968231E+1	-6.062673950E+1
-6.064436340E+1	-6.071921921E+1	-6.066421509E+1
-6.094520569E+1	-6.090271378E+1	-6.074659729E+1
-6.054167938E+1	-6.069327545E+1	-6.064365005E+1
-6.093721008E+1	-6.096752548E+1	-6.094470978E+1
-6.064340591E+1	-6.071498489E+1	-6.061732864E+1
-6.064674759E+1	-6.068368530E+1	-6.069679642E+1
-6.047513199E+1	-6.054497528E+1	-6.055538177E+1
-6.057012177E+1	-6.051016235E+1	-6.049357605E+1
-6.044802475E+1	-6.048773956E+1	-6.051631546E+1
-6.044544220E+1	-6.037267685E+1	-6.041375351E+1
-6.055856705E+1	-6.061276627E+1	-6.054351425E+1
-6.033142090E+1	-6.020962906E+1	-6.035297775E+1
-6.043814850E+1	-6.036401367E+1	-6.046716690E+1
-6.029178238E+1	-6.036671448E+1	-6.030421448E+1
-6.020858002E+1	-6.020712662E+1	-6.026978302E+1
-6.034108353E+1	-6.031386185E+1	-6.023169327E+1
-6.030115509E+1	-6.040277100E+1	-6.026374054E+1
-6.036634064E+1	-6.049017334E+1	-6.034296417E+1
-6.035345459E+1	-6.034580612E+1	-6.029590988E+1
-6.025716019E+1	-6.037827301E+1	-6.032689285E+1
-6.023638916E+1	-6.007270813E+1	-6.008020782E+1
-6.025507736E+1	-6.030182266E+1	-6.026485825E+1
-6.024623489E+1	-6.025825882E+1	-6.025524139E+1
-6.034834671E+1	-6.028301620E+1	-6.027570343E+1
-6.043122101E+1	-6.045559692E+1	-6.045523453E+1
-6.046867371E+1	-6.051209259E+1	-6.035803604E+1
-6.049712753E+1	-6.049276352E+1	-6.056341934E+1
-6.023415375E+1	-6.034300232E+1	-6.032600021E+1
-6.028429031E+1	-6.032449341E+1	-6.033470917E+1
-6.022570038E+1	-6.025981522E+1	-6.031695938E+1
-6.045631790E+1	-6.031881332E+1	-6.031603622E+1
-6.036788940E+1	-6.049452591E+1	-6.048127747E+1
-6.053536224E+1	-6.045347595E+1	-6.049863434E+1
-6.062988663E+1	-6.072933578E+1	-6.060406113E+1
-6.069798279E+1	-6.065253830E+1	-6.063774490E+1
-6.070780945E+1	-6.060408783E+1	-6.070718002E+1
-6.080241013E+1	-6.079913330E+1	-6.068785858E+1
-6.102319336E+1	-6.088557434E+1	-6.092094803E+1
-6.083240128E+1	-6.102326965E+1	-6.102521133E+1
-6.114738846E+1	-6.112224197E+1	-6.112732697E+1
-6.136375809E+1	-6.131510544E+1	-6.129838562E+1
-6.136284637E+1	-6.127751541E+1	-6.133749008E+1
-6.151873016E+1	-6.147881317E+1	-6.146721268E+1
-6.159153366E+1	-6.167784500E+1	-6.158383179E+1
-6.159722137E+1	-6.155569839E+1	-6.161230850E+1
-6.190319061E+1	-6.176597595E+1	-6.179707718E+1
-6.189778519E+1	-6.190538406E+1	-6.193059921E+1
-6.196417999E+1	-6.184459305E+1	-6.196882629E+1
-6.193497086E+1	-6.183660507E+1	-6.180705261E+1
-6.205358124E+1	-6.190114212E+1	-6.194598770E+1
-6.182009125E+1	-6.179968643E+1	-6.180156326E+1
-6.187174606E+1	-6.178108597E+1	-6.177320480E+1
-6.193136215E+1	-6.180470276E+1	-6.195086288E+1
-6.176787949E+1	-6.171166611E+1	-6.186254883E+1
-6.175021362E+1	-6.169894409E+1	-6.178559494E+1
-6.178175354E+1	-6.166177368E+1	-6.165113831E+1
-6.155172348E+1	-6.151790619E+1	-6.147770691E+1
-6.130502701E+1	-6.140274429E+1	-6.137641907E+1
-6.119327927E+1	-6.127873611E+1	-6.121109772E+1
-6.109346390E+1	-6.110920715E+1	-6.110844421E+1
-6.099797058E+1	-6.088917160E+1	-6.095730972E+1
-6.091276550E+1	-6.097515869E+1	-6.101339340E+1
-6.080706406E+1	-6.070450211E+1	-6.081319809E+1
-6.061758804E+1	-6.065278244E+1	-6.072924042E+1
-6.068276596E+1	-6.068650436E+1	-6.074465561E+1
-6.068267059E+1	-6.066257858E+1	-6.061588669E+1
-6.066996384E+1	-6.076219940E+1	-6.068339539E+1
-6.067875290E+1	-6.066468430E+1	-6.066765976E+1
-6.059797287E+1	-6.067758560E+1	-6.061520767E+1
-6.062502670E+1	-6.052846146E+1	-6.050290680E+1
-6.052357864E+1	-6.048782349E+1	-6.046908951E+1
-6.047758102E+1	-6.036724091E+1	-6.045787430E+1
-6.046272659E+1	-6.038320160E+1	-6.041586685E+1
-6.047847748E+1	-6.052249527E+1	-6.047726059E+1
-6.043445206E+1	-6.039946365E+1	-6.037298965E+1
-6.033383179E+1	-6.023169327E+1	-6.029611206E+1
-6.027727127E+1	-6.021877289E+1	-6.029182816E+1
-6.012380981E+1	-6.017967987E+1	-6.019831467E+1
-6.020121002E+1	-6.013242722E+1	-6.018963242E+1
-6.003851700E+1	-6.014397430E+1	-6.015355301E+1
-6.017255402E+1	-6.007607651E+1	-6.017861557E+1
-6.005903244E+1	-6.014131165E+1	-6.006501770E+1
-6.006205368E+1	-6.007278061E+1	-5.993884277E+1
-6.006871033E+1	-6.001738739E+1	-6.000324249E+1
-6.013241196E+1	-6.008291245E+1	-6.004583359E+1
-5.996464157E+1	-5.999025345E+1	-6.003705597E+1
-6.010630035E+1	-5.998260498E+1	-5.990975952E+1
-6.001055527E+1	-6.007752609E+1	-5.998337555E+1
-5.993167877E+1	-5.996336746E+1	-6.010058212E+1
-6.015073013E+1	-6.008871841E+1	-6.000930786E+1
-6.008371353E+1	-6.016737747E+1	-6.005929184E+1
-6.006890106E+1	-6.011736298E+1	-6.002621078E+1
-6.000811386E+1	-6.011133957E+1	-6.017567062E+1
-5.998701477E+1	-6.004140472E+1	-6.008256912E+1
-6.018838501E+1	-6.012665558E+1	-6.012382126E+1
-6.015015030E+1	-6.017313766E+1	-6.012047577E+1
-6.004438019E+1	-6.011511993E+1	-6.017408752E+1
-6.000814819E+1	-6.008198929E+1	-6.005540848E+1
-6.019718933E+1	-6.016287231E+1	-6.009830093E+1
-6.008279419E+1	-6.010839844E+1	-6.009514618E+1
-6.005062866E+1	-6.006188965E+1	-6.009289551E+1
-6.013644028E+1	-6.011306000E+1	-6.015130234E+1
-5.993198013E+1	-5.998047638E+1	-6.000671768E+1
-5.994316864E+1	-5.992730713E+1	-5.980799484E+1
-5.988073730E+1	-5.987434769E+1	-5.983829880E+1
-5.981925964E+1	-5.975710678E+1	-5.974683762E+1
-5.969067001E+1	-5.987724686E+1	-5.974448395E+1
-5.963451385E+1	-5.967940521E+1	-5.968383026E+1
-5.966400528E+1	-5.964900589E+1	-5.965118408E+1
-5.969660950E+1	-5.967509842E+1	-5.965248871E+1
-5.969449234E+1	-5.976598740E+1	-5.971998596E+1
-5.957098770E+1	-5.955025482E+1	-5.959889221E+1
-5.955199051E+1	-5.962155533E+1	-5.954303741E+1
-5.949219131E+1	-5.950795364E+1	-5.957081223E+1
-5.945297241E+1	-5.949979019E+1	-5.947636414E+1
-5.954406357E+1	-5.959334946E+1	-5.949328613E+1
-5.932761002E+1	-5.931860733E+1	-5.942013931E+1
-5.943579483E+1	-5.944327927E+1	-5.940688705E+1
-5.923382187E+1	-5.918831253E+1	-5.932979965E+1
-5.915210724E+1	-5.915494156E+1	-5.921225739E+1
-5.915438080E+1	-5.914675522E+1	-5.916416931E+1
-5.906969833E+1	-5.912428665E+1	-5.923559570E+1
-5.918293762E+1	-5.927114105E+1	-5.923926544E+1
-5.894313812E+1	-5.901533127E+1	-5.893715286E+1
-5.933162308E+1	-5.937524414E+1	-5.929665375E+1
-5.875672531E+1	-5.873636627E+1	-5.873707199E+1
-5.880306625E+1	-5.892141342E+1	-5.893468475E+1
-5.856196594E+1	-5.861922073E+1	-5.867293930E+1
-5.864823914E+1	-5.873654556E+1	-5.875463486E+1
-5.845951462E+1	-5.848437500E+1	-5.857581711E+1
-5.846341324E+1	-5.847311783E+1	-5.839675903E+1
-5.853086472E+1	-5.858221054E+1	-5.852434158E+1
-5.803874588E+1	-5.804072952E+1	-5.810712051E+1
-5.839385986E+1	-5.834695435E+1	-5.839538193E+1
-5.794632339E+1	-5.787856674E+1	-5.793058395E+1
-5.830133820E+1	-5.823469162E+1	-5.838137054E+1
-5.772398758E+1	-5.768286514E+1	-5.776226425E+1
-5.796278381E+1	-5.796795654E+1	-5.796188736E+1
-5.780059814E+1	-5.780454254E+1	-5.780437469E+1
-5.769932175E+1	-5.768866730E+1	-5.771714401E+1
-5.780489731E+1	-5.786828232E+1	-5.789174271E+1
-5.746971893E+1	-5.746294403E+1	-5.748507309E+1
-5.800696182E+1	-5.797623444E+1	-5.794290161E+1
-5.735385132E+1	-5.737233734E+1	-5.741868973E+1
-5.795227432E+1	-5.796555328E+1	-5.799093246E+1
-5.749916840E+1	-5.751082230E+1	-5.754197311E+1
-5.778367233E+1	-5.784025574E+1	-5.784027100E+1
-5.758668900E+1	-5.759510422E+1	-5.762881470E+1
-5.758477020E+1	-5.757227325E+1	-5.767763138E+1
-5.780034256E+1	-5.777080917E+1	-5.781547928E+1
-5.750180435E+1	-5.751108932E+1	-5.748860550E+1
-5.830782318E+1	-5.823188782E+1	-5.817216110E+1
-5.756167221E+1	-5.753414536E+1	-5.752314758E+1
-5.832143784E+1	-5.830300903E+1	-5.827391434E+1
-5.762299728E+1	-5.766045380E+1	-5.763790512E+1
-5.816151047E+1	-5.819809341E+1	-5.814318085E+1
-5.778421402E+1	-5.774314880E+1	-5.773190689E+1
-5.792371750E+1	-5.795204163E+1	-5.788050079E+1
-5.809092331E+1	-5.819684982E+1	-5.809773254E+1
-5.785848236E+1	-5.780768585E+1	-5.777090073E+1
-5.854790115E+1	-5.853473282E+1	-5.848295593E+1
-5.792950821E+1	-5.790536118E+1	-5.786273193E+1
-5.866857910E+1	-5.859222031E+1	-5.866275787E+1
-5.785088730E+1	-5.782352448E+1	-5.790157318E+1
-5.869238281E+1	-5.871953964E+1	-5.859719849E+1
-5.808916855E+1	-5.808218765E+1	-5.806330872E+1
-5.852450943E+1	-5.847089386E+1	-5.859917450E+1
-5.838986969E+1	-5.831547928E+1	-5.834496689E+1
-5.835526276E+1	-5.835194016E+1	-5.842041016E+1
-5.866354370E+1	-5.863429260E+1	-5.867224884E+1
-5.834780502E+1	-5.844923782E+1	-5.826453018E+1
-5.891365814E+1	-5.889992905E+1	-5.888202286E+1
-5.838302231E+1	-5.837449265E+1	-5.835764313E+1
-5.884934235E+1	-5.896513748E+1	-5.900461960E+1
-5.847216415E+1	-5.848789978E+1	-5.853265381E+1
-5.886488724E+1	-5.888723755E+1	-5.893355942E+1
-5.863077545E+1	-5.861360168E+1	-5.873163223E+1
-5.870271301E+1	-5.869590378E+1	-5.866144180E+1
-5.869912720E+1	-5.880403900E+1	-5.875701141E+1
-5.866397858E+1	-5.867270660E+1	-5.869676590E+1
-5.884363174E+1	-5.885766220E+1	-5.888843536E+1
-5.857233810E+1	-5.866296387E+1	-5.861249161E+1
-5.887736893E+1	-5.883819962E+1	-5.886194992E+1
-5.857883453E+1	-5.841877365E+1	-5.855065918E+1
-5.865573883E+1	-5.871317673E+1	-5.873439026E+1
-5.849616623E+1	-5.844520187E+1	-5.852438736E+1
-5.858964539E+1	-5.851005936E+1	-5.860774231E+1
-5.846452332E+1	-5.851293945E+1	-5.848586655E+1
-5.841622543E+1	-5.834757233E+1	-5.840795898E+1
-5.839257812E+1	-5.841500092E+1	-5.838149643E+1
-5.817703629E+1	-5.813330078E+1	-5.821897125E+1
-5.822371292E+1	-5.820761108E+1	-5.817940140E+1
-5.793705750E+1	-5.795158768E+1	-5.797311020E+1
-5.806101227E+1	-5.798036194E+1	-5.803579712E+1
-5.790052032E+1	-5.792510986E+1	-5.792550278E+1
-5.802473450E+1	-5.790635300E+1	-5.789540482E+1
-5.786584091E+1	-5.791356277E+1	-5.783749390E+1
-5.786577225E+1	-5.783557129E+1	-5.774306107E+1
-5.783559799E+1	-5.771498489E+1	-5.777485275E+1
-5.768280411E+1	-5.765512848E+1	-5.771691132E+1
-5.768777084E+1	-5.768467712E+1	-5.770207214E+1
-5.769373703E+1	-5.763599777E+1	-5.761943436E+1
-5.771316528E+1	-5.755235672E+1	-5.767100143E+1
-5.762996292E+1	-5.757661438E+1	-5.757719421E+1
