2.145482967702345990e-08
3.785504002887029745e-09
2.263728663790529499e-08
5.896169859273109615e-08
3.524562746400176360e-08
3.249969378676757029e-10
2.723660501167456325e-08
5.114747278063050700e-08
2.692812947726551781e-08
1.938198016536677634e-08
3.147211032622220703e-08
1.367179438908794808e-08
5.354404183736711124e-09
3.067618871254754420e-08
2.542454848016359451e-08
4.338279920103119117e-10
2.467904371755452741e-08
5.486890466962551852e-08
3.771161563494035758e-08
3.088986629911373493e-08
4.589991302957101484e-08
2.440393132391813681e-08
9.166790106796603508e-09
5.089685911585596261e-08
6.401206346987476678e-08
1.563715140251839599e-08
7.344655757934195707e-09
4.377996579419430842e-08
3.825096036745152500e-08
2.079857025242458481e-08
4.069500887938887529e-08
4.038751010891052364e-08
2.634035240764490194e-08
7.543381109397065739e-08
1.221374445205178129e-07
6.989336982893588096e-08
5.272489849330730453e-09
1.507902094262064048e-08
2.701936282234510150e-08
5.586839110101086929e-09
8.486322158880263616e-09
2.560936698124818849e-08
3.575352615608361304e-08
8.890514960573387942e-08
1.510196150357674664e-07
1.234624967094834754e-07
6.687671372901771455e-08
9.582632254908466510e-08
1.383077131745282416e-07
9.054761321065971147e-08
1.888021311600847049e-08
5.673609983939633140e-11
6.697431102561894204e-10
2.992258218770851481e-09
2.269952143657682265e-08
2.939375910412870924e-08
1.099366595904967116e-08
7.219461596764597909e-09
1.621152577151696625e-08
1.225356088446430309e-08
2.286882978280724272e-08
5.939848522755221100e-08
7.112803358051888825e-08
4.740214456976585344e-08
4.402596510409042840e-08
8.688867500882422083e-08
1.442859034618393854e-07
1.764683342680601293e-07
1.756887336577384643e-07
1.763515861778735277e-07
1.942976944895166578e-07
1.782238661290024150e-07
1.087912454733086039e-07
6.116631919171440553e-08
6.602414360129191939e-08
5.585404940581464718e-08
1.730169178531632590e-08
7.637842436870705304e-09
2.002768414420045489e-08
1.408649237399135804e-08
6.180190912987174244e-09
2.958139815450964545e-08
1.452483333331051248e-07
4.463940450541495702e-07
8.621235079497092318e-07
1.149332097342294080e-06
1.245060678708605560e-06
1.295168986828700240e-06
1.269758721700559962e-06
1.009324523388735114e-06
6.154803935412660168e-07
3.231539069670809809e-07
1.472424116375235543e-07
2.803088606723880684e-08
1.252767867751056708e-08
5.576299763333318865e-08
3.549300236623884137e-08
1.850471722704871185e-08
1.450948386246907273e-07
4.333145836500115042e-07
9.865915281034887711e-07
1.965796287813950452e-06
3.125602542641613792e-06
3.937989794412761128e-06
4.312731628942052444e-06
4.591503323382323022e-06
4.789099687905220563e-06
4.478574275844180726e-06
3.516908079462125854e-06
2.356386128843909172e-06
1.480026010359699877e-06
9.051793231475008242e-07
4.428819980627098204e-07
1.178413765001183915e-07
2.546079051361681551e-08
6.602400335333260122e-08
1.684235254979287389e-07
5.280047243028089320e-07
1.562039000602497132e-06
4.178103680203611129e-06
9.819720957580258946e-06
1.910391425470476910e-05
3.053278964133297133e-05
4.145407629508780783e-05
4.950078726020109790e-05
5.230561946381566673e-05
4.790840917104524741e-05
3.725396107066383144e-05
2.447560005952999045e-05
1.336997321466403945e-05
5.407226569125629182e-06
1.100490423793040078e-06
8.529257052262348098e-08
1.803362579331699645e-07
4.589101340803894428e-07
5.756254568208501181e-06
2.730844641522574238e-05
8.587012877808258794e-05
2.234271794219466745e-04
5.071639275160981421e-04
1.004843706263058726e-03
1.748904053898117650e-03
2.734800208471672555e-03
3.955335803887520714e-03
5.402981526053352197e-03
6.998326611191121177e-03
8.528448799241738001e-03
9.721957743597265181e-03
1.043086035352720764e-02
1.071997667512274675e-02
1.074899191164959029e-02
1.058951739328050333e-02
1.019368621473059310e-02
9.519517822037207311e-03
8.627988176326312555e-03
7.642984665462199470e-03
6.656161551984012166e-03
5.695978173764164494e-03
4.764761515490377117e-03
3.872092847032046221e-03
3.033381133591719642e-03
2.261889497221094593e-03
1.575930955126419054e-03
1.004531169814918117e-03
5.734879014482435452e-04
2.855173393584426573e-04
1.178468323647177831e-04
3.598393845167637207e-05
6.082003494175729407e-06
2.142421750885340209e-07
2.939909090371319816e-07
1.868921404158182496e-07
1.395112511745941636e-06
5.848405502212733634e-06
1.305871074713956830e-05
2.148337596779267266e-05
2.948475594165180912e-05
3.518562804445596922e-05
3.713343118652300169e-05
3.536780925995674428e-05
3.117697201047124481e-05
2.575561390310173086e-05
1.954106246838169909e-05
1.292811896582938419e-05
7.003165579031101249e-06
2.942571681166946463e-06
9.241073665304764146e-07
1.997931538527419959e-07
2.692389446728455136e-08
4.361479490585353327e-08
8.523296980993814485e-08
2.120466535772751134e-07
7.019600502595980652e-07
1.630545764035490349e-06
2.664289680757998238e-06
3.460342584617755982e-06
4.001258007334771932e-06
4.388549132105401737e-06
4.540260423132240979e-06
4.258381463710521682e-06
3.517166873953837423e-06
2.565423348224375243e-06
1.702586272750236541e-06
1.030129583049053315e-06
5.123667404274629138e-07
1.690208971101939692e-07
3.553303171104443923e-08
2.678810184360452233e-08
2.186073956615922989e-08
1.410682459259294390e-08
5.530516121124842848e-08
1.432757525619985178e-07
2.529135298004069561e-07
3.897985246417480033e-07
5.527724125648358812e-07
7.010778633515713005e-07
7.873878018892994436e-07
7.999795619470182414e-07
7.634722662401773116e-07
6.942935384951537837e-07
5.707352483946206407e-07
3.842968459081783601e-07
1.960034778369429003e-07
7.986097281447152564e-08
3.645911857370271454e-08
1.931662995587997089e-08
7.214299348600429838e-09
2.274560258865018835e-09
1.108973633368450253e-09
3.989335169848887326e-09
1.951665698530784148e-08
4.779557980086372382e-08
8.101950812495374010e-08
1.155237403893090406e-07
1.522915052298597039e-07
1.934109338225108197e-07
2.317023154003456991e-07
2.403844985406234872e-07
1.978891938345668636e-07
1.239962538750288803e-07
6.110520598515676310e-08
2.631767182689015188e-08
9.601264452600177905e-09
2.243206016461084150e-09
1.354198958666548722e-09
2.166853174326686972e-09
1.722984256606692059e-09
6.547274786629843581e-10
6.441996337603050994e-11
2.342824290448428532e-09
1.022145297394435315e-08
2.645411765446064933e-08
5.733428158727605587e-08
1.026825233671942459e-07
1.408931476250048267e-07
1.457634532029601670e-07
1.184403676448509225e-07
8.303798185720891262e-08
5.715836787703611409e-08
4.253242378215516586e-08
3.341819036501099100e-08
2.312588294587035671e-08
1.089211598997455587e-08
3.030203953265588453e-09
1.796632472836951434e-09
1.728156940867607176e-09
3.192321772708233807e-10
1.432638442959217555e-09
8.854499741534933775e-09
2.399734633870774732e-08
4.370586899017625978e-08
5.765301876640041274e-08
5.753632400609867417e-08
4.765754691692269108e-08
3.910168102933237631e-08
3.858613204077438064e-08
4.472153050412887461e-08
4.788908436672620324e-08
3.836381334897003888e-08
2.028089369091010128e-08
7.189946535013988393e-09
2.963129816622202496e-09
1.550751534160511311e-09
8.439400486062764571e-10
1.801320020694670028e-09
2.346195608048620252e-09
2.237801269320708463e-09
3.693469087487415258e-09
5.597746043099356594e-09
7.138862597406445807e-09
1.033985230622378585e-08
1.265997900376321730e-08
1.054038041802456920e-08
1.024411413929633889e-08
1.799013779308295545e-08
2.562677192227458443e-08
2.282737188242706500e-08
1.345333318703297123e-08
8.161550109732007628e-09
1.113246490913866096e-08
1.767453799478678625e-08
1.808440450768120900e-08
9.089677798758050047e-09
1.907936551749437433e-09
6.692535029475105220e-09
1.579317881566002317e-08
1.735053412683562475e-08
1.235003537766256769e-08
6.264719982660649361e-09
1.388645554857777571e-09
2.189119922241572234e-09
9.369110181751240720e-09
1.294414583939491189e-08
7.513098593575133506e-09
1.612349236600913906e-09
1.374407401545506956e-09
3.077653379274449050e-09
5.038700860238603646e-09
8.160924935191980909e-09
8.983718773667280196e-09
6.412397096596503135e-09
4.892687789349830523e-09
4.497276723941437732e-09
1.971769798815672209e-09
3.360152002477895537e-11
1.966340735858202079e-09
4.638897176319730381e-09
5.684727058281120142e-09
6.383234057996191344e-09
5.631649319771816393e-09
2.547237875901388360e-09
4.633168250628543319e-10
5.413792703812939707e-10
3.295442180926201099e-10
1.781941844468087607e-10
1.059134980254643516e-09
1.162336612402660380e-09
1.728778939462753982e-09
5.395305243904368123e-09
7.560717710322489451e-09
3.723170177876460744e-09
4.577032160961255494e-11
2.461746746732862712e-09
6.108974777997915250e-09
6.096418184514655918e-09
4.966352505763046209e-09
4.914010888538398023e-09
5.897845870713269844e-09
9.115743343190583468e-09
1.238900996962456224e-08
1.028553152167935810e-08
4.012589006064010393e-09
3.658010650126270223e-10
9.148313918983934875e-10
2.116580382811104017e-09
2.025118971733193910e-09
9.993923025817364761e-10
1.254807081643480648e-09
5.170681997006420947e-09
9.514823815308015761e-09
8.333373516466036791e-09
3.268137622216488761e-09
3.950702600885675534e-10
6.748333560077514153e-11
7.341979363933588702e-10
3.816394346031051797e-09
6.848705579620874771e-09
5.244010244734423454e-09
2.885426877092067433e-09
5.216235604464592393e-09
7.246982877596961882e-09
3.986029893611316557e-09
8.503885040088219967e-10
1.522723094839682600e-09
1.663847501219656128e-09
8.010430687258456052e-10
2.659757405763674074e-09
4.601223518748821416e-09
2.975330089240523386e-09
1.509546172501507623e-09
2.560959777909030583e-09
2.613927310996061218e-09
2.326324371779600210e-09
5.593079237609228631e-09
8.764741252940918716e-09
6.452724156184990435e-09
2.973440101326583930e-09
4.497629643333280985e-09
8.107519671255061412e-09
8.655783657737992966e-09
7.041013603235517150e-09
5.534430689190311215e-09
3.663097667970738661e-09
1.571527107271199401e-09
7.897955637998613250e-10
1.264921403291558497e-09
1.782454700144596580e-09
2.256996565653231419e-09
3.292763873717904901e-09
4.651926107246619650e-09
5.315761834547321129e-09
4.708082632734297701e-09
3.463316804623591177e-09
2.658536009100525470e-09
2.562023001382787836e-09
2.755976412847178998e-09
2.978442662755972411e-09
3.346683157302558523e-09
4.244953904936366062e-09
5.667333776372800189e-09
6.363053530455764598e-09
5.105021109778316422e-09
2.942907850322816603e-09
2.129769093920503636e-09
3.220490375631175645e-09
5.198997961723682215e-09
7.110806311280343319e-09
8.070199767950415307e-09
7.735980734061278698e-09
7.253891611699979406e-09
7.296755981197052996e-09
6.269285411644185657e-09
3.354783277688381741e-09
1.178618266917600738e-09
2.383385897799454635e-09
5.822143133710351314e-09
8.431305332241375318e-09
8.692027105634830150e-09
6.936949542234414325e-09
4.251085086545009162e-09
1.901369306419076035e-09
6.575687370344291942e-10
3.533717116538741791e-10
4.325426144088077127e-10
6.619934179630322147e-10
1.338251449155475119e-09
3.491526465367476753e-09
9.325484022747941205e-09
2.196447277419744001e-08
4.347684230945828140e-08
7.236559651763204268e-08
1.036697262262885575e-07
1.322670575374215708e-07
1.559184753065020048e-07
1.756004793051009512e-07
1.947442734725561850e-07
2.194611576847261840e-07
2.579020048463303501e-07
3.140254864745732876e-07
3.770118486905602258e-07
4.197780338169327075e-07
4.170742722015899243e-07
3.683488291841207960e-07
2.986266783505270501e-07
2.367342347265861949e-07
1.964506043281465554e-07
1.748354397989509842e-07
1.597093049807986487e-07
1.383688772920716148e-07
1.060401971970744990e-07
6.883215186646321705e-08
3.739615895233784703e-08
1.785520664945408455e-08
8.649034666738946503e-09
4.309090486171086789e-09
1.294368710110533654e-09
1.508753864338454124e-11
1.575251622488531404e-09
4.662519759983256944e-09
6.768080652610509904e-09
6.484393818827636751e-09
3.938325313514010046e-09
1.010321647225285491e-09
7.402315122628252979e-10
4.192564267849357334e-09
8.665691694582061917e-09
1.055752682720572783e-08
8.806117473382304597e-09
5.067587839638659143e-09
2.018919684615928085e-09
1.172194542773885687e-09
1.465777975830878993e-09
1.108067475224844133e-09
4.375307766397349417e-10
8.579662327005360885e-10
2.170609098129353726e-09
3.314085475932657187e-09
4.015296816532160963e-09
4.241380457814920594e-09
4.489229040294386218e-09
6.743705034199744509e-09
1.160592676190227584e-08
1.509940003023885142e-08
1.261880333505708452e-08
5.662957411768809414e-09
6.758465363048494675e-10
1.061401551056394380e-09
3.525931382148488719e-09
3.324453168101344929e-09
7.984733256198220040e-10
2.537208564613509461e-10
3.182711325910233756e-09
6.005405050340731328e-09
5.329210428077808960e-09
2.363103229351504000e-09
6.159335476945777944e-10
1.273489709622983551e-09
2.301757491311703214e-09
1.609344021497388883e-09
1.605980505373428512e-10
6.357961229178428016e-10
3.170110503019739127e-09
5.167016822789853671e-09
5.287562597012411698e-09
3.955252001583795876e-09
1.395845285939630936e-09
2.464076683202698090e-10
6.235913541932894731e-09
1.877074584637108158e-08
2.621254864264310899e-08
2.016268530926347381e-08
8.993153324708906390e-09
7.065630776737093731e-09
1.556681935198925441e-08
2.335835026872978420e-08
2.261763513685408152e-08
1.608025147247035205e-08
1.157213411815422792e-08
1.401550689316586973e-08
2.118073102545844856e-08
2.590737539850364900e-08
2.406237263603253374e-08
1.993585883568828927e-08
2.206375565320608979e-08
3.345207599859573695e-08
4.633987004156187678e-08
4.878671724987995168e-08
3.917373374566540576e-08
3.059402456541074166e-08
3.444617300999072228e-08
4.373244195225137573e-08
4.222463626654048875e-08
2.697800092642987680e-08
1.119072241041009773e-08
7.057251036831309184e-09
1.493391980709369000e-08
2.671626210929587390e-08
3.266329442483818298e-08
2.810024080804945749e-08
1.832097693260689395e-08
1.407729197576097070e-08
2.091160861806738471e-08
3.522788031078293068e-08
4.810459701126407595e-08
5.133987406351414484e-08
4.611856536539071156e-08
4.554860496977216310e-08
5.844378223943365573e-08
7.300190681523847764e-08
7.073637354469897140e-08
5.317474004282917661e-08
3.842274359695094974e-08
3.516189109302895606e-08
3.636852764262158741e-08
3.462560494105539242e-08
2.918825002717106001e-08
2.186177451605170455e-08
1.649574480168764928e-08
1.828264586614577752e-08
2.705242303670799139e-08
3.557762317692649993e-08
3.746828139091518330e-08
3.336400621163949547e-08
2.936033592751688014e-08
3.097714973261586700e-08
3.656650042901988349e-08
3.770822130397297691e-08
3.015018009088212855e-08
2.083918085924393635e-08
1.838650460017498712e-08
2.120690199978153939e-08
2.148750331996866846e-08
1.639399269218946990e-08
9.496660435196923720e-09
4.699511153582893524e-09
3.271460718000598678e-09
4.579890199996402646e-09
6.850531007262964892e-09
8.058444472116282037e-09
7.271852971136263746e-09
5.213778085027279807e-09
3.550216186744564478e-09
3.332538473839266335e-09
3.937933462777091376e-09
3.999675270116740628e-09
3.186154742499871566e-09
2.298682955460884976e-09
2.105870687782619801e-09
3.084192965925232277e-09
5.817150228197590307e-09
1.057951825136712497e-08
1.691095663823840351e-08
2.477667433053200852e-08
3.551131430716691658e-08
4.912065091498566370e-08
6.068482181896470030e-08
6.372764963953505843e-08
5.909226938849425569e-08
5.606004916582599536e-08
6.178307557897691591e-08
7.336511405676737929e-08
8.274705550432439028e-08
8.635088237381042189e-08
8.886683002097316081e-08
9.922275835697135187e-08
1.208984280901979106e-07
1.448099586578168157e-07
1.564489134446910819e-07
1.529870558895918593e-07
1.499125384542732379e-07
1.685058343345854988e-07
2.158158940212126871e-07
2.732035249987254933e-07
3.070550228688367857e-07
3.013536668751700508e-07
2.794189162936789574e-07
2.809080950288508061e-07
3.172578577340154903e-07
3.621581123216019876e-07
3.844545994387520404e-07
3.789019844490448111e-07
3.676146063293204543e-07
3.801995971292218612e-07
4.267830397494175617e-07
4.843554457874522507e-07
5.180508454283877119e-07
5.207099353729948605e-07
5.228056392551591633e-07
5.598097506708402751e-07
6.353119926106536486e-07
7.156241974206656547e-07
7.581258655362410032e-07
7.521180820787820232e-07
7.357136067017718985e-07
7.624834597477210175e-07
8.450156067634032945e-07
9.386780523388369087e-07
9.857141701337167397e-07
9.708546792107249831e-07
9.338192900385908727e-07
9.332985179540165369e-07
9.970660406574159422e-07
1.099216841058558982e-06
1.183958305990906219e-06
1.215604892977108426e-06
1.208741832379077828e-06
1.212534002215905658e-06
1.267540575828137602e-06
1.373589100950232607e-06
1.492406408114849463e-06
1.581602051083356886e-06
1.633438531006877496e-06
1.684049208204082511e-06
1.780724358912708288e-06
1.935251712496350810e-06
2.108137862511825273e-06
2.240113918598903365e-06
2.302676820937539029e-06
2.321923206718105915e-06
2.353395130440381859e-06
2.430073810073911147e-06
2.532837242706590559e-06
2.612570298630479892e-06
2.640905331329750726e-06
2.638426104538666206e-06
2.655609893046180478e-06
2.728867923739284043e-06
2.852693276609886150e-06
2.990579488132713471e-06
3.113006229262308455e-06
3.224950591164931776e-06
3.352702530484964231e-06
3.502709586435521243e-06
3.639664525205647342e-06
3.711462477993936096e-06
3.695842653879636385e-06
3.621619099895035271e-06
3.547497478700573624e-06
3.522411253147628518e-06
3.560717109845162459e-06
3.644055341531503932e-06
3.737832879617809283e-06
3.806625149291833098e-06
3.825826906700751893e-06
3.794553459633515319e-06
3.744945229197099046e-06
3.731377802868585826e-06
3.793074273420346353e-06
3.912829568648503400e-06
4.011868596151513528e-06
3.998699953756142581e-06
3.840112645309829306e-06
3.594420022579030712e-06
3.376006328729392387e-06
3.280606197289606826e-06
3.330764017119438596e-06
3.475017678089038137e-06
3.627683948208162811e-06
3.714519920284529821e-06
3.701314177537035517e-06
3.603296537832904349e-06
3.478852534496419997e-06
3.402239926515870594e-06
3.412251740994992435e-06
3.462785288864060963e-06
3.427601382570344286e-06
3.186555378589813853e-06
2.747431381973000682e-06
2.304016367207423186e-06
2.155378716495772218e-06
2.502832963763498797e-06
3.242765585949349542e-06
3.923769042280035612e-06
3.976460429929018419e-06
3.132060595793684632e-06
1.726672152176468846e-06
5.729146965277128562e-07
3.981111994501806649e-07
1.272980868191098871e-06
2.535868877093321655e-06
3.294579974570010997e-06
3.067619786499438214e-06
2.048656916950429371e-06
8.690840071589850940e-07
1.303842377084208734e-07
4.875326776048316267e-08
3.955911833917562988e-07
7.292968844233578386e-07
7.439743787287040427e-07
4.674015359714440078e-07
1.590095013701257723e-07
3.660053402136082924e-08
1.057676713979152954e-07
2.202117375863675697e-07
2.570065608268032181e-07
2.162670662434857763e-07
1.769132450245951429e-07
1.908683262958979141e-07
2.341367583133782847e-07
2.493170916012485442e-07
2.143904489977680585e-07
1.604776647600770890e-07
1.317910313271936590e-07
1.410934719059503814e-07
1.650127818869206780e-07
1.744309039747923834e-07
1.628021204168726808e-07
1.448986004490938089e-07
1.341694441114715586e-07
1.286906670905454998e-07
1.197731975459663853e-07
1.069845982240904400e-07
9.848019537804799485e-08
9.831178030604053102e-08
9.954880914114444403e-08
9.257385337335833416e-08
7.700188178906523705e-08
6.175737193245076475e-08
5.461634788444750320e-08
5.499228559174481564e-08
5.654619075738875376e-08
5.415146085443475197e-08
4.819629496508342420e-08
4.329078958739693665e-08
4.262715305435014793e-08
4.418950690166763313e-08
4.381841531475237982e-08
4.051524652211051460e-08
3.638743122115951697e-08
3.279928063772869525e-08
2.913776357777107614e-08
2.476884004088987389e-08
2.073526764978726255e-08
1.933172487306820758e-08
2.140827031965843760e-08
2.415999093047387113e-08
2.364419971323613616e-08
1.959411944903732967e-08
1.507804743199130579e-08
1.175361605932114406e-08
8.675415894760504150e-09
5.258418266657290012e-09
2.347135400524724095e-09
8.714013820846737683e-10
1.328598001063518652e-09
3.441769648757164943e-09
5.452010421024643808e-09
5.453904322759362200e-09
3.714298111526762766e-09
2.115232752300150221e-09
1.723693273471775629e-09
2.147524879332544519e-09
2.479778568542606124e-09
2.176477000576591406e-09
1.735062565242078081e-09
2.189166866847927478e-09
3.218370571176679908e-09
3.140215307079559575e-09
1.739086597364934672e-09
1.190758913450555631e-09
2.961165682697486652e-09
5.561130028174738851e-09
6.588703116000023027e-09
5.741955751973776379e-09
4.753794418095528540e-09
4.887355771051651727e-09
5.466340343405810531e-09
5.357867525014349375e-09
5.151257432905012591e-09
6.262851998918479087e-09
8.074506628504946055e-09
8.246532300483611938e-09
6.248704757567246359e-09
4.163291123675821513e-09
3.383598848512530554e-09
2.914071084535680592e-09
1.695057927235759074e-09
4.379932277718730804e-10
2.306789560672220895e-10
8.973049322310511097e-10
1.561947505641251007e-09
1.888427552352978849e-09
2.206174583918710430e-09
2.914093242576254611e-09
4.124252899853260429e-09
5.640698671208392838e-09
6.858380107156400715e-09
6.771934443394393682e-09
4.983476274859480100e-09
3.065684931024956959e-09
3.553912827190930804e-09
6.577415633601968309e-09
9.052411284783176529e-09
8.688007154384323173e-09
7.137336273310029204e-09
7.333588649828464339e-09
9.204377951656607622e-09
1.008061871351544659e-08
8.435991411389682266e-09
5.514343145985331812e-09
3.578095869267141435e-09
3.549641334559001073e-09
4.443601451731269466e-09
4.769676432334017933e-09
4.071385282636137349e-09
2.857684241785537871e-09
1.674173599623487785e-09
8.553312048832086880e-10
5.927007478145061674e-10
7.735617667742581273e-10
1.237592135769495065e-09
2.017997363113365640e-09
2.748122347529804332e-09
2.701853864975513679e-09
2.126342901039594819e-09
2.202675300499455209e-09
3.115339283001947440e-09
3.707128067110185886e-09
3.196564372547893923e-09
1.836649709258355045e-09
5.784010372940575751e-10
1.123875337031919184e-09
4.305125745803634057e-09
7.502847680438911134e-09
6.854922917747676447e-09
2.936296989150820018e-09
3.692279477218550961e-10
1.060777203004616186e-09
2.167699138577339266e-09
1.456204219545818884e-09
2.480744784409410488e-10
1.263231556750738871e-10
5.225711036488615219e-10
5.758083182502525067e-10
5.963875692179641922e-10
9.090262602713220652e-10
1.116040653491217937e-09
9.858773950538976290e-10
8.719424226272635744e-10
1.003496475863954593e-09
1.122644275465252782e-09
9.376146507511865631e-10
4.847054906827393098e-10
9.279586332525601348e-11
2.409348018175407412e-10
1.078329397718683385e-09
1.836077721749401081e-09
1.523560190370749669e-09
6.838463528442219129e-10
1.205128244219680299e-09
3.421135354401553153e-09
4.847141141052425187e-09
3.406447249252320451e-09
7.803100226099846369e-10
5.251541499000450153e-10
3.284863214394537829e-09
5.870676320205884409e-09
5.406755863710804001e-09
2.712896947964989974e-09
7.227260602390943543e-10
8.993052256803401279e-10
2.462569526857433197e-09
4.077010391652089836e-09
4.801548311605759761e-09
4.177042074487309032e-09
2.786587171780325941e-09
2.028883529415402444e-09
2.309521137538536125e-09
2.418070827816780727e-09
1.515657813878429739e-09
5.550183551726265195e-10
8.543476053601740153e-10
2.151842570811740002e-09
2.845918473193100839e-09
1.950061390559188129e-09
4.590325084725427356e-10
2.654498839667203099e-10
1.526232285342604102e-09
2.330397287628965213e-09
1.815707686279906545e-09
1.799065930687373376e-09
3.667366776845458278e-09
5.535129372577866998e-09
4.783154331945756715e-09
2.046819654340965337e-09
3.023184188497931462e-10
7.322943106319984859e-10
1.626216912489720671e-09
1.294347988905360796e-09
3.711774884077043495e-10
5.793194021815402174e-10
2.103676697243294568e-09
3.235357598174771739e-09
2.652281102015645391e-09
1.192979240349071951e-09
8.022049545141147580e-10
2.158703933424044179e-09
3.996376237245606855e-09
4.649698714601870470e-09
3.722831825525632973e-09
2.157418248720207706e-09
1.079326558559510059e-09
8.494683658240550278e-10
1.068581285507036157e-09
1.210011572085608948e-09
1.165431754921523760e-09
1.238570096486301807e-09
1.642445614578383000e-09
2.076732821716766494e-09
1.968583974440882842e-09
1.196608885541818359e-09
3.932199205295316819e-10
3.076300969462579200e-10
9.330185836739413355e-10
1.539638936104020160e-09
1.579590686720750092e-09
1.208648765596749950e-09
8.290128288815703415e-10
5.424181801009119333e-10
2.687670308366780395e-10
5.163747183363982308e-11
1.118581817712659840e-11
1.871470243566788672e-10
5.132327249238662293e-10
8.386214060436797300e-10
1.031726646136370757e-09
1.098834531454418370e-09
1.064513316266243594e-09
8.331725096483482979e-10
4.058604151445743384e-10
6.203378322869116433e-11
4.809479026546760843e-11
2.577067489399362299e-10
4.239607479526475233e-10
4.396778598524419966e-10
3.544291612872848008e-10
2.256649187116887068e-10
9.623625473470381482e-11
6.154487629285640569e-11
2.250874723917222450e-10
4.890212468933857096e-10
5.493058013239646540e-10
3.114835063821661166e-10
7.158006563110470425e-11
4.037867340825309479e-11
7.948258901657563472e-11
1.148355773681275684e-10
2.444725333103507909e-10
3.279620801410839604e-10
1.615592130543246347e-10
2.312838724544155465e-13
1.718480917443716095e-10
4.542298653901911352e-10
5.265454422637978744e-10
5.396922393860235103e-10
6.557621851439720590e-10
6.601264987698457327e-10
4.462980772240928383e-10
2.383472098830581048e-10
1.508010785369346203e-10
9.536714057265980651e-11
7.502051647376493361e-11
1.368674123609951324e-10
2.209636383737376477e-10
2.897939869192112820e-10
3.618709301120452527e-10
3.843758963129086005e-10
3.064941745138095822e-10
1.900560557899090608e-10
1.129402217419255154e-10
9.066606447140472334e-11
9.248955081735000459e-11
5.639166096231016266e-11
4.347722049973993035e-12
8.343370715335252980e-11
2.918687585169851069e-10
3.794878998442749801e-10
2.376786102887009868e-10
6.369732905402911096e-11
7.666515883467240847e-12
3.528675056052582966e-11
1.201846153714481170e-10
2.155539442674958089e-10
2.104982499442509813e-10
1.464805890986393156e-10
1.665711533969812818e-10
2.113229934828142755e-10
1.557124574084591896e-10
8.753621219154397162e-11
8.517792572688639255e-11
5.429366038414511955e-11
1.473500373050257613e-11
8.704326077836196258e-11
1.678224084777326981e-10
1.274677747458291778e-10
1.238895677586530030e-10
2.471622258727510146e-10
2.676197950041822965e-10
1.047964518097666924e-10
1.171869011039260803e-12
3.102051670323045462e-11
3.085404453585953390e-11
2.315785778932426644e-11
1.330012548688139243e-10
2.338539566701380547e-10
1.629448047043443845e-10
4.407497958566689369e-11
5.527444338733598078e-11
1.600775932240851711e-10
2.557500868499948033e-10
3.153502356092994962e-10
3.185385662286554999e-10
2.507250423261226164e-10
1.582059414191009755e-10
9.808476430681904376e-11
9.104654764637741490e-11
1.273617648458417787e-10
1.484473566923753635e-10
9.287694712704589022e-11
1.209024708171309577e-11
2.090031532778160855e-11
1.095501279628743072e-10
1.458884380830385319e-10
7.748870002676568528e-11
8.122819648828655017e-12
5.183151441977196778e-11
1.810897815563453315e-10
2.551598568349137643e-10
1.938562120211416257e-10
7.357712280833651949e-11
7.787313068750728448e-12
7.641445797894435901e-12
3.382391131826681542e-11
7.879844656575302001e-11
1.138569761983315517e-10
8.449604432566684568e-11
2.020702786817252369e-11
3.374292604496089773e-12
2.068261791212086066e-11
9.813308131665654469e-12
4.431081952560551775e-12
5.875791868495338086e-11
1.177835006724407209e-10
1.121665966717410178e-10
6.751153937251466049e-11
3.285821730213511328e-11
3.267173566384547894e-11
9.624280971766220456e-11
2.041996102886322648e-10
2.760272249465924857e-10
3.010569353578428180e-10
3.375562871748601953e-10
3.591908152263882067e-10
3.064042249645807975e-10
2.421467090857009445e-10
2.389759791157313277e-10
2.315444272955390561e-10
1.633077624744784152e-10
9.784421581651484720e-11
7.323830995260246443e-11
5.648051211120278817e-11
5.914154274546514629e-11
1.002121806765905213e-10
1.269074517171676459e-10
1.070036767702307473e-10
6.622237906319453269e-11
1.719883624715802199e-11
1.338972880643066389e-11
1.411305637609370456e-10
2.987794284834109486e-10
2.574431458548780748e-10
6.513149889899946837e-11
1.529273230622825655e-11
1.533059082724671172e-10
2.384005994769214920e-10
1.860146400860044263e-10
1.318657710028019976e-10
1.189992486304802504e-10
7.514273561787467596e-11
1.394455226930937633e-11
2.725016612081942694e-12
2.160306433510615902e-11
1.604784333810827655e-11
5.105781729906786387e-12
2.691737874327671136e-11
4.534895825343382227e-11
2.714451150514927310e-11
5.354556446347134273e-11
1.812375754115246699e-10
2.598475759402513318e-10
1.481006374440361464e-10
8.820927829686013727e-12
5.520574159863154591e-11
1.769537925713658948e-10
1.827651255521819391e-10
1.418268336541853165e-10
1.464695906858266856e-10
1.066558865244231896e-10
2.642388686812916946e-11
4.624093031572723418e-11
1.170808082633631909e-10
8.935287531700398607e-11
3.379527885262616506e-11
5.432782357849667610e-11
5.232252198299131376e-11
5.343562495573459407e-12
7.307109350836190479e-11
2.240752731340947612e-10
2.321672164629244244e-10
1.056048240809698233e-10
5.025485845860667140e-11
7.547770664965903355e-11
5.288678632193329550e-11
1.171081514942957456e-11
4.401181783602160341e-11
9.668596308773822710e-11
8.430823406957425745e-11
3.818993577113955972e-11
1.268405817001243951e-11
2.117807642297982473e-12
3.058225793730907093e-11
1.654156132786369040e-10
3.525856435450204322e-10
3.979019618315959266e-10
2.351858428749550054e-10
5.114125724904550886e-11
9.331019472836484528e-12
4.327600172264780486e-11
4.686721147895921824e-11
3.761884344763901131e-11
3.747082846097134812e-11
2.341051231991784180e-11
1.727753982369572824e-11
3.601377559974382153e-11
3.425858975146088012e-11
1.236338460102888384e-11
1.687589519775617209e-11
2.621039260623893509e-11
3.876060675349273794e-11
1.441176672079751970e-10
3.028885869465597047e-10
3.087237695859048935e-10
1.368965256396638770e-10
1.126527458537702474e-11
3.186233873808919514e-11
6.739964277241935093e-11
3.831308971392667583e-11
1.841772888453785561e-11
6.296204678731167025e-11
1.190082292437533405e-10
1.086308063629619064e-10
4.144639525636178921e-11
5.765786531337355229e-12
2.595254176715292791e-11
3.185419506572960361e-11
7.701654381018264937e-12
2.349816524948478716e-12
6.931175517692830860e-12
1.695611815070595866e-11
8.609130165254117988e-11
1.574831925066930929e-10
1.079203198091612299e-10
2.195646284503546185e-11
5.230298685884930105e-11
1.010834242575231938e-10
4.357724863182576229e-11
2.500035548729432579e-12
5.492440251704008332e-11
6.838392350439987111e-11
1.796663809728845185e-11
8.530414294735252540e-12
1.327533336625862354e-11
2.263254994494107858e-12
7.036052331448009859e-11
1.691321817287468440e-10
1.369039905050741586e-10
4.383632602119223097e-11
3.428922995981009879e-11
3.657960462760378201e-11
2.772522445889703372e-11
1.440029774854306322e-10
2.966534845967734072e-10
2.475876588055299873e-10
7.393560480513007204e-11
2.201970834265405772e-12
8.076945610630605867e-12
9.518731698439779385e-13
1.651139129917915726e-11
3.067908774844634418e-11
3.842132456412252923e-12
2.703513522402338396e-11
9.209595474629003991e-11
6.115691698992332069e-11
2.760323007854471263e-11
1.923678506973603961e-10
4.097728418642775975e-10
3.982010809980771953e-10
2.087527422868420891e-10
5.949292036252768300e-11
4.935250265316783184e-12
4.263116110535714527e-12
1.763605061637505290e-11
5.778580717476603926e-12
1.165021836089062750e-11
8.661713600724950937e-11
1.332626608829871002e-10
7.409861944327531651e-11
1.285876071319387007e-11
1.310038274639803550e-11
8.433849380217876405e-12
9.173364250408177313e-12
5.397218793263185679e-11
5.907719881225415374e-11
1.063778810171334567e-11
3.684322381618047226e-11
1.219051772519643037e-10
1.169035807276019255e-10
4.086495410554819300e-11
9.827374741376814855e-12
1.141318314475181027e-11
8.339492921507721924e-12
2.671813011090353519e-11
4.076960017100960760e-11
1.723228198941021781e-11
1.119719781691464671e-11
3.920427785120346076e-11
3.640606034566847748e-11
9.993947983346196929e-12
2.870190611495067262e-11
9.236015201412169401e-11
1.499773789268788376e-10
1.586974575158230099e-10
1.150782203082103897e-10
9.264670506380030078e-11
1.241496594411032084e-10
1.003695367805860087e-10
1.047862873797752982e-11
4.954475874163805048e-11
2.253710070362765349e-10
2.627941961014955750e-10
1.087122675647710327e-10
1.880915650433259292e-11
6.190439449179798835e-11
7.175616103859117448e-11
2.178168289080231078e-11
5.134103334783496674e-13
7.444636171453840248e-13
3.725571142895010186e-12
3.547892472172708093e-11
6.947025608420995843e-11
7.218152295827265115e-11
5.889035792124016878e-11
2.946495575588709659e-11
2.181496370210175395e-12
2.461669637640450889e-11
4.695760962505415212e-11
1.111516503242762079e-11
1.584431345055942364e-11
9.856702131944276209e-11
1.057077761036714233e-10
3.403496106382681226e-11
6.334330908926347849e-11
1.430660040811963304e-10
9.223213725861383123e-11
1.130762557378455121e-11
5.983821037293312320e-11
1.184328062298112495e-10
7.036247259119293275e-11
1.060271117233510158e-11
3.467576669723997041e-12
3.340358027504312515e-11
1.181943015876268606e-10
2.007134541595092840e-10
1.911687236929267340e-10
1.597282169158165612e-10
1.641725047576307090e-10
1.092450421638305568e-10
2.963195359905653147e-11
7.834809315027516582e-11
1.614677441967997117e-10
1.030396679198791721e-10
9.243353686420934305e-12
1.217183852635052656e-11
2.207114133521495028e-11
5.029933653602921515e-12
3.884823486628748426e-11
7.037176294049103855e-11
3.326453374248499787e-11
3.229882684190407054e-12
9.890990916148847734e-12
1.869588190290131175e-11
5.922812111919164003e-11
8.929520607295753970e-11
3.552720686807610069e-11
4.880449226774736913e-11
2.348432711936965105e-10
3.425281540411084589e-10
2.290455530503906911e-10
1.369759622355492278e-10
1.560227989794819026e-10
1.051016230987519274e-10
2.433492053842056698e-11
5.918735950369033267e-11
9.148828709724491549e-11
4.214194362108394859e-11
5.398169679872472121e-11
1.296715055474756012e-10
1.666080795503940789e-10
2.236971169661021096e-10
2.795168853237126992e-10
1.779214777426143818e-10
2.292998257262067866e-11
1.425911135559772203e-11
4.209084681875116131e-11
1.386899780562161589e-11
8.420264596897194449e-11
2.065192373653413203e-10
1.556434892255846991e-10
2.329537030056838869e-11
7.741420628951306787e-12
2.616047829176884351e-11
1.551372536048136076e-11
7.463935096946889970e-11
1.423638051511498144e-10
9.810426190601190723e-11
2.519045957882149389e-11
5.805760534616697588e-12
2.154576180894788279e-11
9.129001539332031437e-11
1.419036903544156082e-10
6.591866163280455478e-11
3.580272989727559422e-11
1.812542264851790572e-10
2.255404505770362762e-10
6.575872653719308981e-11
2.196089858023507124e-11
1.104107546783468763e-10
5.969960811297690116e-11
3.925651969819890737e-12
1.164434502980646869e-10
1.303863609030526627e-10
1.171460983210707625e-11
8.180933048404673401e-11
2.068303548312704348e-10
1.116261138741910883e-10
1.031960017908697504e-10
3.369624335509787967e-10
3.622897178638318045e-10
1.207331093094519743e-10
4.304398732909895248e-11
8.279084831893068203e-11
1.664601727576588305e-11
9.274018852460399296e-11
3.620671691619745112e-10
4.565676061056852294e-10
4.034402349643462068e-10
4.233255748232670315e-10
3.138294592493631807e-10
5.958683776841779318e-11
4.517174192848532615e-11
1.807832249538779233e-10
1.138604979974437645e-10
5.616636315734866044e-11
1.932365600678121126e-10
1.872405743335255298e-10
2.189520924444288304e-11
5.247572450952868107e-11
1.476202754307817692e-10
5.539019780117223765e-11
6.261503233887641052e-12
8.050632426314190735e-11
4.282691181504153945e-11
9.506043060748950231e-12
1.389144195098017383e-10
1.614210703826194562e-10
2.848810289215974972e-11
2.834214001340771586e-11
7.732628915075282927e-11
1.373933409160183328e-11
5.695182967028685239e-11
1.774376350031943857e-10
9.485220555829087252e-11
2.034587607004173511e-11
1.491395624487643853e-10
1.379957563186278210e-10
5.117219408684037013e-11
3.604307943803556844e-10
6.958466907420640073e-10
4.409307037812758058e-10
4.462318206005352416e-11
3.877556591661731876e-11
6.832766849394699575e-11
2.456316378130570149e-12
2.034534941113518164e-10
4.407194378033945776e-10
3.272566038720720143e-10
1.974441140777139049e-10
2.599955573793785503e-10
1.782759179108522247e-10
8.689931482129223679e-12
6.828705030901682211e-11
1.661068453944488718e-10
1.144147658117263325e-10
1.025849922257651533e-10
1.146978436138571344e-10
4.937677484455116038e-11
7.366902217028345926e-11
1.272389002319713287e-10
2.882836936534896261e-11
7.146489025704221040e-11
3.556981795335969836e-10
3.748302553467623699e-10
1.055487370688835959e-10
4.681946631036954112e-11
9.654524771934312617e-11
1.944865426467521639e-11
1.554088398401750689e-10
4.238774284466847452e-10
2.948034160714931817e-10
1.050981542187101453e-10
3.742147514987355760e-10
5.501277569795943416e-10
2.395103584775899894e-10
3.147864080497622295e-11
9.790809909016606883e-11
5.000967424607245086e-11
5.091928652911234581e-11
2.279691129577360216e-10
1.744009745514876153e-10
3.149791041267705347e-12
9.731273135772320389e-11
1.244227670145870680e-10
1.103902482257215534e-11
3.118041468005752796e-10
6.823731377222747623e-10
3.923470181501108618e-10
1.895570633140982955e-11
1.715467245230215069e-10
2.237131305495920916e-10
1.091750662891751331e-11
1.413263352873113135e-10
2.999754003253604966e-10
7.081227764142532976e-11
1.585789566973828704e-10
6.400801937679228181e-10
5.642113966517723243e-10
9.633518905279200624e-11
4.385893241704485964e-11
1.044983948390564104e-10
5.374268649138918864e-11
3.813535291098063604e-10
6.745139541489404612e-10
3.359499034878039842e-10
1.330928795642589709e-10
4.210664436078524015e-10
3.241850422678875738e-10
3.667631656642721506e-12
2.751723260438962553e-10
5.214012819069559142e-10
2.706593195570851013e-10
4.097507864512827894e-10
8.208532727892243861e-10
5.018599336480273470e-10
4.984031590458828430e-11
2.450651066803951564e-10
2.762677392342984300e-10
4.175049995526650128e-12
3.234200791672077430e-10
6.833342270161886980e-10
2.979979643543270475e-10
9.307160295587208191e-11
3.967941101312077909e-10
2.709099513088732496e-10
8.802171472773295674e-11
5.096094777700885940e-10
5.358315349897330474e-10
3.573165535680106908e-11
3.210111027438875973e-10
8.544930182064425009e-10
4.454566786906072392e-10
2.470936195103430619e-10
9.011282549917894584e-10
8.220677847653408467e-10
7.385630679159251498e-11
2.412824579122845043e-10
6.111008519075116326e-10
1.640258911662006839e-10
1.632952892573879578e-10
7.866351666942545477e-10
5.337211033435662265e-10
3.475462199307824587e-12
3.807608747702239146e-10
5.026716780378803552e-10
2.571926461910738570e-11
4.664501944885270516e-10
1.212406914485535807e-09
6.935656606303184682e-10
7.696313988810031370e-11
4.142247518599698983e-10
4.415371869221215328e-10
8.781056974730796591e-11
4.087121084071278336e-10
5.711261077305650685e-10
8.301338863805570177e-11
2.620299267338725664e-10
7.673559720698870955e-10
3.309288142329743485e-10
8.057558177422583738e-11
6.733281794178485337e-10
5.314432525728627624e-10
1.160537260199856221e-11
6.245377124700626699e-10
9.520725365516669825e-10
1.776950510994629728e-10
5.470647075754245019e-10
1.740486934657669597e-09
1.124470157310097399e-09
2.653299517278012085e-11
5.709981152926872841e-10
7.845331638192200600e-10
4.825137078114969552e-11
7.211324173435919706e-10
1.643569666751903189e-09
6.161757195711462433e-10
9.734301240631378299e-11
1.191723457572378554e-09
9.226200066495014213e-10
9.798007627541747432e-11
1.360999291374944056e-09
1.853096096734308869e-09
2.606230192371335968e-10
9.166967708918546931e-10
2.862895744650743332e-09
1.401080459832317324e-09
1.755626480073444230e-10
2.610469951437727965e-09
2.658292407115466223e-09
8.303748400427296947e-11
2.330857371148132918e-09
4.902092407184655380e-09
1.167507125543109572e-09
1.486008200658567253e-09
8.299616865913523297e-09
5.381874539781612434e-09
3.003394325258481782e-10
1.493229106945611380e-08
2.293916160002747533e-08
1.787991592521975456e-09
3.739506057482430920e-08
2.147130430246237462e-07
4.128419944675737442e-07
