2.995347023E+1
2.978601456E+1
2.958895493E+1
2.936587334E+1
2.918936157E+1
2.898968315E+1
2.880811882E+1
2.860097313E+1
2.841537666E+1
2.820594215E+1
2.800802612E+1
2.784344673E+1
2.762560081E+1
2.745499611E+1
2.722448540E+1
2.702509880E+1
2.684429359E+1
2.667045975E+1
2.643206596E+1
2.627312851E+1
2.607985115E+1
2.577943420E+1
2.556686211E+1
2.536860275E+1
2.520063591E+1
2.499409103E+1
2.478204727E+1
2.458118629E+1
2.441552734E+1
2.420659637E+1
2.398431206E+1
2.382912827E+1
2.359430695E+1
2.341926193E+1
2.321757507E+1
2.302875710E+1
2.283791351E+1
2.265739059E+1
2.243636894E+1
2.223530960E+1
2.206550407E+1
2.185671425E+1
2.166448975E+1
2.145820236E+1
2.127094078E+1
2.098782158E+1
2.079197502E+1
2.058056259E+1
2.040228271E+1
2.020935059E+1
2.002475357E+1
1.981697273E+1
1.959944344E+1
1.943272591E+1
1.922919273E+1
1.903288078E+1
1.883031464E+1
1.865716743E+1
1.846388435E+1
1.827017021E+1
1.808863068E+1
1.787513161E+1
1.765491295E+1
1.748368263E+1
1.727465630E+1
1.700667953E+1
1.677164268E+1
1.658760262E+1
1.637932205E+1
1.619058228E+1
1.600758934E+1
1.581141376E+1
1.558567238E+1
1.541243839E+1
1.519859505E+1
1.501485252E+1
1.481799889E+1
1.461199093E+1
1.441361618E+1
1.422879028E+1
1.405639172E+1
1.384739113E+1
1.364040661E+1
1.344082260E+1
1.325217056E+1
1.304501820E+1
1.283428764E+1
1.265558052E+1
1.248760796E+1
1.226897049E+1
1.207263851E+1
1.187481594E+1
1.160315323E+1
1.136150742E+1
1.115474415E+1
1.098706245E+1
1.078452492E+1
1.058068752E+1
1.041655827E+1
1.021093178E+1
9.997431755E+0
9.793897629E+0
9.612769127E+0
9.446079254E+0
9.242457390E+0
9.033208847E+0
8.837104797E+0
8.646352768E+0
8.454972267E+0
8.227126122E+0
8.085642815E+0
7.841875076E+0
7.644007683E+0
7.459132671E+0
7.278960705E+0
7.051949024E+0
6.879275799E+0
6.685108185E+0
6.472354889E+0
6.257112026E+0
6.058935165E+0
5.866693974E+0
5.701041698E+0
5.507259846E+0
5.167266846E+0
4.984174728E+0
4.803549290E+0
4.599254608E+0
4.402589798E+0
4.205121040E+0
4.015595436E+0
3.775660753E+0
3.601337910E+0
3.391911983E+0
3.209600449E+0
3.018741608E+0
2.792691946E+0
2.597639561E+0
2.435403109E+0
2.224091053E+0
2.011281729E+0
1.827994585E+0
1.625086308E+0
1.445225239E+0
1.190249324E+0
1.025149465E+0
8.121644258E-1
6.056801081E-1
4.389408827E-1
2.011377662E-1
-1.367074903E-2
-1.985826790E-1
-4.129826725E-1
-5.965933800E-1
-7.924221158E-1
-1.023885012E+0
-1.202136993E+0
-1.409440279E+0
-1.578720093E+0
-1.786661506E+0
-2.025419712E+0
-2.219309807E+0
-2.409555435E+0
-2.609569311E+0
-2.785415649E+0
-3.002866030E+0
-3.202131033E+0
-3.401398897E+0
-3.617090225E+0
-3.808810711E+0
-4.025273800E+0
-4.238163948E+0
-4.419898510E+0
-4.655608654E+0
-4.872509003E+0
-5.044420719E+0
-5.281948090E+0
-5.476908684E+0
-5.668284416E+0
-5.891978264E+0
-5.897485733E+0
-6.177202702E+0
-6.398715019E+0
-6.609834671E+0
-6.806675434E+0
-7.003423214E+0
-7.226157188E+0
-7.423225403E+0
-7.627984047E+0
-7.829873562E+0
-8.034241676E+0
-8.247320175E+0
-8.445965767E+0
-8.683489799E+0
-8.918580055E+0
-9.089805603E+0
-9.095086098E+0
-9.371002197E+0
-9.613546371E+0
-9.837674141E+0
-1.003587437E+1
-1.024378109E+1
-1.045191097E+1
-1.063452053E+1
-1.088158798E+1
-1.106260681E+1
-1.130274010E+1
-1.145310307E+1
-1.169211674E+1
-1.190318394E+1
-1.206689739E+1
-1.207520580E+1
-1.231451035E+1
-1.263606167E+1
-1.281425285E+1
-1.303193569E+1
-1.323748875E+1
-1.345146179E+1
-1.367626762E+1
-1.387626362E+1
-1.388253117E+1
-1.418543148E+1
-1.440417862E+1
-1.457632732E+1
-1.480719471E+1
-1.501792049E+1
-1.522540188E+1
-1.539463043E+1
-1.560063362E+1
-1.577990913E+1
-1.600378036E+1
-1.618362236E+1
-1.640250015E+1
-1.660521126E+1
-1.680253220E+1
-1.696944618E+1
-1.717741585E+1
-1.736684608E+1
-1.756277847E+1
-1.776244545E+1
-1.796169662E+1
-1.815250969E+1
-1.838174438E+1
-1.854133034E+1
-1.874058533E+1
-1.893215942E+1
-1.916721535E+1
-1.934475327E+1
-1.955280876E+1
-1.974993134E+1
-1.993643188E+1
-2.012048912E+1
-2.031340027E+1
-2.051104736E+1
-2.069164848E+1
-2.092020035E+1
-2.110289383E+1
-2.133502579E+1
-2.154639816E+1
-2.174005508E+1
-2.195378304E+1
-2.211363983E+1
-2.234019852E+1
-2.253963661E+1
-2.275659180E+1
-2.295738411E+1
-2.317677116E+1
-2.336034012E+1
-2.359430504E+1
-2.377249336E+1
-2.399452972E+1
-2.417746925E+1
-2.436601448E+1
-2.457622910E+1
-2.474971199E+1
-2.498177528E+1
-2.513515854E+1
-2.536453629E+1
-2.555790901E+1
-2.575352097E+1
-2.593412399E+1
-2.612488556E+1
-2.635229492E+1
-2.654528236E+1
-2.673696709E+1
-2.693507385E+1
-2.716639137E+1
-2.736746407E+1
-2.756732941E+1
-2.778284073E+1
-2.796948814E+1
-2.819458580E+1
-2.841244316E+1
-2.859997177E+1
-2.879440689E+1
-2.901136780E+1
-2.923926163E+1
-2.942360687E+1
-2.963875771E+1
-2.983507347E+1
-3.002334404E+1
