10000000.000000
10621875.000000
11243750.000000
11865625.000000
12487500.000000
13109375.000000
13731250.000000
14353125.000000
14975000.000000
15596875.000000
16218750.000000
16840624.000000
17462500.000000
18084376.000000
18706250.000000
19328124.000000
19950000.000000
20571876.000000
21193750.000000
21815624.000000
22437500.000000
23059376.000000
23681250.000000
24303124.000000
24925000.000000
25546876.000000
26168750.000000
26790624.000000
27412500.000000
28034376.000000
28656250.000000
29278124.000000
29900000.000000
30521876.000000
31143750.000000
31765624.000000
32387500.000000
33009376.000000
33631248.000000
34253124.000000
34875000.000000
35496876.000000
36118752.000000
36740624.000000
37362500.000000
37984376.000000
38606248.000000
39228124.000000
39850000.000000
40471876.000000
41093752.000000
41715624.000000
42337500.000000
42959376.000000
43581248.000000
44203124.000000
44825000.000000
45446876.000000
46068752.000000
46690624.000000
47312500.000000
47934376.000000
48556248.000000
49178124.000000
49800000.000000
50421876.000000
51043752.000000
51665624.000000
52287500.000000
52909376.000000
53531248.000000
54153124.000000
54775000.000000
55396876.000000
56018752.000000
56640624.000000
57262500.000000
57884376.000000
58506248.000000
59128124.000000
59750000.000000
60371876.000000
60993752.000000
61615624.000000
62237500.000000
62859376.000000
63481248.000000
64103124.000000
64725000.000000
65346876.000000
65968752.000000
66590624.000000
67212496.000000
67834376.000000
68456248.000000
69078128.000000
69700000.000000
70321872.000000
70943752.000000
71565624.000000
72187504.000000
72809376.000000
73431248.000000
74053128.000000
74675000.000000
75296872.000000
75918752.000000
76540624.000000
77162496.000000
77784376.000000
78406248.000000
79028128.000000
79650000.000000
80271872.000000
80893752.000000
81515624.000000
82137504.000000
82759376.000000
83381248.000000
84003128.000000
84625000.000000
85246872.000000
85868752.000000
86490624.000000
87112496.000000
87734376.000000
88356248.000000
88978128.000000
89600000.000000
90221872.000000
90843752.000000
91465624.000000
92087504.000000
92709376.000000
93331248.000000
93953128.000000
94575000.000000
95196872.000000
95818752.000000
96440624.000000
97062496.000000
97684376.000000
98306248.000000
98928128.000000
99550000.000000
100171872.000000
100793752.000000
101415624.000000
102037504.000000
102659376.000000
103281248.000000
103903128.000000
104525000.000000
105146872.000000
105768752.000000
106390624.000000
107012496.000000
107634376.000000
108256248.000000
108878128.000000
109500000.000000
110121872.000000
110743752.000000
111365624.000000
111987504.000000
112609376.000000
113231248.000000
113853128.000000
114475000.000000
115096872.000000
115718752.000000
116340624.000000
116962496.000000
117584376.000000
118206248.000000
118828128.000000
119450000.000000
120071872.000000
120693752.000000
121315624.000000
121937504.000000
122559376.000000
123181248.000000
123803128.000000
124425000.000000
125046872.000000
125668752.000000
126290624.000000
126912496.000000
127534376.000000
128156248.000000
128778128.000000
129400000.000000
130021872.000000
130643752.000000
131265624.000000
131887504.000000
132509376.000000
133131248.000000
133753128.000000
134375008.000000
134996880.000000
135618752.000000
136240624.000000
136862496.000000
137484368.000000
138106256.000000
138728128.000000
139350000.000000
139971872.000000
140593744.000000
141215632.000000
141837504.000000
142459376.000000
143081248.000000
143703120.000000
144324992.000000
144946880.000000
145568752.000000
146190624.000000
146812496.000000
147434368.000000
148056256.000000
148678128.000000
149300000.000000
149921872.000000
150543744.000000
151165632.000000
151787504.000000
152409376.000000
153031248.000000
153653120.000000
154275008.000000
154896880.000000
155518752.000000
156140624.000000
156762496.000000
157384368.000000
158006256.000000
158628128.000000
159250000.000000
159871872.000000
160493744.000000
161115632.000000
161737504.000000
162359376.000000
162981248.000000
163603120.000000
164224992.000000
164846880.000000
165468752.000000
166090624.000000
166712496.000000
167334368.000000
167956256.000000
168578128.000000
169200000.000000
169821872.000000
170443744.000000
171065632.000000
171687504.000000
172309376.000000
172931248.000000
173553120.000000
174175008.000000
174796880.000000
175418752.000000
176040624.000000
176662496.000000
177284368.000000
177906256.000000
178528128.000000
179150000.000000
179771872.000000
180393744.000000
181015632.000000
181637504.000000
182259376.000000
182881248.000000
183503120.000000
184124992.000000
184746880.000000
185368752.000000
185990624.000000
186612496.000000
187234368.000000
187856256.000000
188478128.000000
189100000.000000
189721872.000000
190343744.000000
190965632.000000
191587504.000000
192209376.000000
192831248.000000
193453120.000000
194075008.000000
194696880.000000
195318752.000000
195940624.000000
196562496.000000
197184368.000000
197806256.000000
198428128.000000
199050000.000000
199671872.000000
200293744.000000
200915632.000000
201537504.000000
202159376.000000
202781248.000000
203403120.000000
204024992.000000
204646880.000000
205268752.000000
205890624.000000
206512496.000000
207134368.000000
207756256.000000
208378128.000000
209000000.000000
209621872.000000
210243744.000000
210865632.000000
211487504.000000
212109376.000000
212731248.000000
213353120.000000
213975008.000000
214596880.000000
215218752.000000
215840624.000000
216462496.000000
217084368.000000
217706256.000000
218328128.000000
218950000.000000
219571872.000000
220193744.000000
220815632.000000
221437504.000000
222059376.000000
222681248.000000
223303120.000000
223924992.000000
224546880.000000
225168752.000000
225790624.000000
226412496.000000
227034368.000000
227656256.000000
228278128.000000
228900000.000000
229521872.000000
230143744.000000
230765632.000000
231387504.000000
232009376.000000
232631248.000000
233253120.000000
233875008.000000
234496880.000000
235118752.000000
235740624.000000
236362496.000000
236984368.000000
237606256.000000
238228128.000000
238850000.000000
239471872.000000
240093744.000000
240715632.000000
241337504.000000
241959376.000000
242581248.000000
243203120.000000
243824992.000000
244446880.000000
245068752.000000
245690624.000000
246312496.000000
246934368.000000
247556256.000000
248178128.000000
248800000.000000
249421872.000000
250043744.000000
250665632.000000
251287504.000000
251909376.000000
252531248.000000
253153120.000000
253775008.000000
254396880.000000
255018752.000000
255640624.000000
256262496.000000
256884368.000000
257506256.000000
258128128.000000
258750000.000000
259371872.000000
259993744.000000
260615632.000000
261237504.000000
261859376.000000
262481248.000000
263103120.000000
263724992.000000
264346880.000000
264968752.000000
265590624.000000
266212496.000000
266834368.000000
267456256.000000
268078128.000000
268700000.000000
269321888.000000
269943744.000000
270565632.000000
271187488.000000
271809376.000000
272431264.000000
273053120.000000
273675008.000000
274296864.000000
274918752.000000
275540640.000000
276162496.000000
276784384.000000
277406240.000000
278028128.000000
278649984.000000
279271872.000000
279893760.000000
280515616.000000
281137504.000000
281759360.000000
282381248.000000
283003136.000000
283624992.000000
284246880.000000
284868736.000000
285490624.000000
286112512.000000
286734368.000000
287356256.000000
287978112.000000
288600000.000000
289221888.000000
289843744.000000
290465632.000000
291087488.000000
291709376.000000
292331264.000000
292953120.000000
293575008.000000
294196864.000000
294818752.000000
295440640.000000
296062496.000000
296684384.000000
297306240.000000
297928128.000000
298550016.000000
299171872.000000
299793760.000000
300415616.000000
301037504.000000
301659360.000000
302281248.000000
302903136.000000
303524992.000000
304146880.000000
304768736.000000
305390624.000000
306012512.000000
306634368.000000
307256256.000000
307878112.000000
308500000.000000
309121888.000000
309743744.000000
310365632.000000
310987488.000000
311609376.000000
312231264.000000
312853120.000000
313475008.000000
314096864.000000
314718752.000000
315340640.000000
315962496.000000
316584384.000000
317206240.000000
317828128.000000
318449984.000000
319071872.000000
319693760.000000
320315616.000000
320937504.000000
321559360.000000
322181248.000000
322803136.000000
323424992.000000
324046880.000000
324668736.000000
325290624.000000
325912512.000000
326534368.000000
327156256.000000
327778112.000000
328400000.000000
329021888.000000
329643744.000000
330265632.000000
330887488.000000
331509376.000000
332131264.000000
332753120.000000
333375008.000000
333996864.000000
334618752.000000
335240640.000000
335862496.000000
336484384.000000
337106240.000000
337728128.000000
338350016.000000
338971872.000000
339593760.000000
340215616.000000
340837504.000000
341459360.000000
342081248.000000
342703136.000000
343324992.000000
343946880.000000
344568736.000000
345190624.000000
345812512.000000
346434368.000000
347056256.000000
347678112.000000
348300000.000000
348921888.000000
349543744.000000
350165632.000000
350787488.000000
351409376.000000
352031264.000000
352653120.000000
353275008.000000
353896864.000000
354518752.000000
355140640.000000
355762496.000000
356384384.000000
357006240.000000
357628128.000000
358249984.000000
358871872.000000
359493760.000000
360115616.000000
360737504.000000
361359360.000000
361981248.000000
362603136.000000
363224992.000000
363846880.000000
364468736.000000
365090624.000000
365712512.000000
366334368.000000
366956256.000000
367578112.000000
368200000.000000
368821888.000000
369443744.000000
370065632.000000
370687488.000000
371309376.000000
371931264.000000
372553120.000000
373175008.000000
373796864.000000
374418752.000000
375040640.000000
375662496.000000
376284384.000000
376906240.000000
377528128.000000
378150016.000000
378771872.000000
379393760.000000
380015616.000000
380637504.000000
381259360.000000
381881248.000000
382503136.000000
383124992.000000
383746880.000000
384368736.000000
384990624.000000
385612512.000000
386234368.000000
386856256.000000
387478112.000000
388100000.000000
388721888.000000
389343744.000000
389965632.000000
390587488.000000
391209376.000000
391831264.000000
392453120.000000
393075008.000000
393696864.000000
394318752.000000
394940640.000000
395562496.000000
396184384.000000
396806240.000000
397428128.000000
398049984.000000
398671872.000000
399293760.000000
399915616.000000
400537504.000000
401159360.000000
401781248.000000
402403136.000000
403024992.000000
403646880.000000
404268736.000000
404890624.000000
405512512.000000
406134368.000000
406756256.000000
407378112.000000
408000000.000000
408621888.000000
409243744.000000
409865632.000000
410487488.000000
411109376.000000
411731264.000000
412353120.000000
412975008.000000
413596864.000000
414218752.000000
414840640.000000
415462496.000000
416084384.000000
416706240.000000
417328128.000000
417950016.000000
418571872.000000
419193760.000000
419815616.000000
420437504.000000
421059360.000000
421681248.000000
422303136.000000
422924992.000000
423546880.000000
424168736.000000
424790624.000000
425412512.000000
426034368.000000
426656256.000000
427278112.000000
427900000.000000
428521888.000000
429143744.000000
429765632.000000
430387488.000000
431009376.000000
431631264.000000
432253120.000000
432875008.000000
433496864.000000
434118752.000000
434740640.000000
435362496.000000
435984384.000000
436606240.000000
437228128.000000
437849984.000000
438471872.000000
439093760.000000
439715616.000000
440337504.000000
440959360.000000
441581248.000000
442203136.000000
442824992.000000
443446880.000000
444068736.000000
444690624.000000
445312512.000000
445934368.000000
446556256.000000
447178112.000000
447800000.000000
448421888.000000
449043744.000000
449665632.000000
450287488.000000
450909376.000000
451531264.000000
452153120.000000
452775008.000000
453396864.000000
454018752.000000
454640640.000000
455262496.000000
455884384.000000
456506240.000000
457128128.000000
457750016.000000
458371872.000000
458993760.000000
459615616.000000
460237504.000000
460859360.000000
461481248.000000
462103136.000000
462724992.000000
463346880.000000
463968736.000000
464590624.000000
465212512.000000
465834368.000000
466456256.000000
467078112.000000
467700000.000000
468321888.000000
468943744.000000
469565632.000000
470187488.000000
470809376.000000
471431264.000000
472053120.000000
472675008.000000
473296864.000000
473918752.000000
474540640.000000
475162496.000000
475784384.000000
476406240.000000
477028128.000000
477649984.000000
478271872.000000
478893760.000000
479515616.000000
480137504.000000
480759360.000000
481381248.000000
482003136.000000
482624992.000000
483246880.000000
483868736.000000
484490624.000000
485112512.000000
485734368.000000
486356256.000000
486978112.000000
487600000.000000
488221888.000000
488843744.000000
489465632.000000
490087488.000000
490709376.000000
491331264.000000
491953120.000000
492575008.000000
493196864.000000
493818752.000000
494440640.000000
495062496.000000
495684384.000000
496306240.000000
496928128.000000
497550016.000000
498171872.000000
498793760.000000
499415616.000000
500037504.000000
500659360.000000
501281248.000000
501903136.000000
502524992.000000
503146880.000000
503768736.000000
504390624.000000
505012512.000000
505634368.000000
506256256.000000
506878112.000000
507500000.000000
508121888.000000
508743744.000000
509365632.000000
509987488.000000
510609376.000000
511231264.000000
511853120.000000
512475008.000000
513096864.000000
513718752.000000
514340640.000000
514962496.000000
515584384.000000
516206240.000000
516828128.000000
517449984.000000
518071872.000000
518693760.000000
519315616.000000
519937504.000000
520559360.000000
521181248.000000
521803136.000000
522424992.000000
523046880.000000
523668736.000000
524290624.000000
524912512.000000
525534368.000000
526156256.000000
526778112.000000
527400000.000000
528021888.000000
528643744.000000
529265632.000000
529887488.000000
530509376.000000
531131264.000000
531753120.000000
532375008.000000
532996864.000000
533618752.000000
534240640.000000
534862496.000000
535484384.000000
536106240.000000
536728128.000000
537350016.000000
537971904.000000
538593728.000000
539215616.000000
539837504.000000
540459392.000000
541081280.000000
541703104.000000
542324992.000000
542946880.000000
543568768.000000
544190656.000000
544812480.000000
545434368.000000
546056256.000000
546678144.000000
547299968.000000
547921856.000000
548543744.000000
549165632.000000
549787520.000000
550409344.000000
551031232.000000
551653120.000000
552275008.000000
552896896.000000
553518720.000000
554140608.000000
554762496.000000
555384384.000000
556006272.000000
556628096.000000
557249984.000000
557871872.000000
558493760.000000
559115648.000000
559737472.000000
560359360.000000
560981248.000000
561603136.000000
562225024.000000
562846848.000000
563468736.000000
564090624.000000
564712512.000000
565334400.000000
565956224.000000
566578112.000000
567200000.000000
567821888.000000
568443776.000000
569065600.000000
569687488.000000
570309376.000000
570931264.000000
571553152.000000
572174976.000000
572796864.000000
573418752.000000
574040640.000000
574662528.000000
575284352.000000
575906240.000000
576528128.000000
577150016.000000
577771904.000000
578393728.000000
579015616.000000
579637504.000000
580259392.000000
580881280.000000
581503104.000000
582124992.000000
582746880.000000
583368768.000000
583990656.000000
584612480.000000
585234368.000000
585856256.000000
586478144.000000
587100032.000000
587721856.000000
588343744.000000
588965632.000000
589587520.000000
590209344.000000
590831232.000000
591453120.000000
592075008.000000
592696896.000000
593318720.000000
593940608.000000
594562496.000000
595184384.000000
595806272.000000
596428096.000000
597049984.000000
597671872.000000
598293760.000000
598915648.000000
599537472.000000
600159360.000000
600781248.000000
601403136.000000
602025024.000000
602646848.000000
603268736.000000
603890624.000000
604512512.000000
605134400.000000
605756224.000000
606378112.000000
607000000.000000
607621888.000000
608243776.000000
608865600.000000
609487488.000000
610109376.000000
610731264.000000
611353152.000000
611974976.000000
612596864.000000
613218752.000000
613840640.000000
614462528.000000
615084352.000000
615706240.000000
616328128.000000
616950016.000000
617571904.000000
618193728.000000
618815616.000000
619437504.000000
620059392.000000
620681280.000000
621303104.000000
621924992.000000
622546880.000000
623168768.000000
623790656.000000
624412480.000000
625034368.000000
625656256.000000
626278144.000000
626899968.000000
627521856.000000
628143744.000000
628765632.000000
629387520.000000
630009344.000000
630631232.000000
631253120.000000
631875008.000000
632496896.000000
633118720.000000
633740608.000000
634362496.000000
634984384.000000
635606272.000000
636228096.000000
636849984.000000
637471872.000000
638093760.000000
638715648.000000
639337472.000000
639959360.000000
640581248.000000
641203136.000000
641825024.000000
642446848.000000
643068736.000000
643690624.000000
644312512.000000
644934400.000000
645556224.000000
646178112.000000
646800000.000000
647421888.000000
648043776.000000
648665600.000000
649287488.000000
649909376.000000
650531264.000000
651153152.000000
651774976.000000
652396864.000000
653018752.000000
653640640.000000
654262528.000000
654884352.000000
655506240.000000
656128128.000000
656750016.000000
657371904.000000
657993728.000000
658615616.000000
659237504.000000
659859392.000000
660481280.000000
661103104.000000
661724992.000000
662346880.000000
662968768.000000
663590656.000000
664212480.000000
664834368.000000
665456256.000000
666078144.000000
666700032.000000
667321856.000000
667943744.000000
668565632.000000
669187520.000000
669809344.000000
670431232.000000
671053120.000000
671675008.000000
672296896.000000
672918720.000000
673540608.000000
674162496.000000
674784384.000000
675406272.000000
676028096.000000
676649984.000000
677271872.000000
677893760.000000
678515648.000000
679137472.000000
679759360.000000
680381248.000000
681003136.000000
681625024.000000
682246848.000000
682868736.000000
683490624.000000
684112512.000000
684734400.000000
685356224.000000
685978112.000000
686600000.000000
687221888.000000
687843776.000000
688465600.000000
689087488.000000
689709376.000000
690331264.000000
690953152.000000
691574976.000000
692196864.000000
692818752.000000
693440640.000000
694062528.000000
694684352.000000
695306240.000000
695928128.000000
696550016.000000
697171904.000000
697793728.000000
698415616.000000
699037504.000000
699659392.000000
700281280.000000
700903104.000000
701524992.000000
702146880.000000
702768768.000000
703390656.000000
704012480.000000
704634368.000000
705256256.000000
705878144.000000
706499968.000000
707121856.000000
707743744.000000
708365632.000000
708987520.000000
709609344.000000
710231232.000000
710853120.000000
711475008.000000
712096896.000000
712718720.000000
713340608.000000
713962496.000000
714584384.000000
715206272.000000
715828096.000000
716449984.000000
717071872.000000
717693760.000000
718315648.000000
718937472.000000
719559360.000000
720181248.000000
720803136.000000
721425024.000000
722046848.000000
722668736.000000
723290624.000000
723912512.000000
724534400.000000
725156224.000000
725778112.000000
726400000.000000
727021888.000000
727643776.000000
728265600.000000
728887488.000000
729509376.000000
730131264.000000
730753152.000000
731374976.000000
731996864.000000
732618752.000000
733240640.000000
733862528.000000
734484352.000000
735106240.000000
735728128.000000
736350016.000000
736971904.000000
737593728.000000
738215616.000000
738837504.000000
739459392.000000
740081280.000000
740703104.000000
741324992.000000
741946880.000000
742568768.000000
743190656.000000
743812480.000000
744434368.000000
745056256.000000
745678144.000000
746300032.000000
746921856.000000
747543744.000000
748165632.000000
748787520.000000
749409344.000000
750031232.000000
750653120.000000
751275008.000000
751896896.000000
752518720.000000
753140608.000000
753762496.000000
754384384.000000
755006272.000000
755628096.000000
756249984.000000
756871872.000000
757493760.000000
758115648.000000
758737472.000000
759359360.000000
759981248.000000
760603136.000000
761225024.000000
761846848.000000
762468736.000000
763090624.000000
763712512.000000
764334400.000000
764956224.000000
765578112.000000
766200000.000000
766821888.000000
767443776.000000
768065600.000000
768687488.000000
769309376.000000
769931264.000000
770553152.000000
771174976.000000
771796864.000000
772418752.000000
773040640.000000
773662528.000000
774284352.000000
774906240.000000
775528128.000000
776150016.000000
776771904.000000
777393728.000000
778015616.000000
778637504.000000
779259392.000000
779881280.000000
780503104.000000
781124992.000000
781746880.000000
782368768.000000
782990656.000000
783612480.000000
784234368.000000
784856256.000000
785478144.000000
786099968.000000
786721856.000000
787343744.000000
787965632.000000
788587520.000000
789209344.000000
789831232.000000
790453120.000000
791075008.000000
791696896.000000
792318720.000000
792940608.000000
793562496.000000
794184384.000000
794806272.000000
795428096.000000
796049984.000000
796671872.000000
797293760.000000
797915648.000000
798537472.000000
799159360.000000
799781248.000000
800403136.000000
801025024.000000
801646848.000000
802268736.000000
802890624.000000
803512512.000000
804134400.000000
804756224.000000
805378112.000000
806000000.000000
806621888.000000
807243776.000000
807865600.000000
808487488.000000
809109376.000000
809731264.000000
810353152.000000
810974976.000000
811596864.000000
812218752.000000
812840640.000000
813462528.000000
814084352.000000
814706240.000000
815328128.000000
815950016.000000
816571904.000000
817193728.000000
817815616.000000
818437504.000000
819059392.000000
819681280.000000
820303104.000000
820924992.000000
821546880.000000
822168768.000000
822790656.000000
823412480.000000
824034368.000000
824656256.000000
825278144.000000
825900032.000000
826521856.000000
827143744.000000
827765632.000000
828387520.000000
829009344.000000
829631232.000000
830253120.000000
830875008.000000
831496896.000000
832118720.000000
832740608.000000
833362496.000000
833984384.000000
834606272.000000
835228096.000000
835849984.000000
836471872.000000
837093760.000000
837715648.000000
838337472.000000
838959360.000000
839581248.000000
840203136.000000
840825024.000000
841446848.000000
842068736.000000
842690624.000000
843312512.000000
843934400.000000
844556224.000000
845178112.000000
845800000.000000
846421888.000000
847043776.000000
847665600.000000
848287488.000000
848909376.000000
849531264.000000
850153152.000000
850774976.000000
851396864.000000
852018752.000000
852640640.000000
853262528.000000
853884352.000000
854506240.000000
855128128.000000
855750016.000000
856371904.000000
856993728.000000
857615616.000000
858237504.000000
858859392.000000
859481280.000000
860103104.000000
860724992.000000
861346880.000000
861968768.000000
862590656.000000
863212480.000000
863834368.000000
864456256.000000
865078144.000000
865699968.000000
866321856.000000
866943744.000000
867565632.000000
868187520.000000
868809344.000000
869431232.000000
870053120.000000
870675008.000000
871296896.000000
871918720.000000
872540608.000000
873162496.000000
873784384.000000
874406272.000000
875028096.000000
875649984.000000
876271872.000000
876893760.000000
877515648.000000
878137472.000000
878759360.000000
879381248.000000
880003136.000000
880625024.000000
881246848.000000
881868736.000000
882490624.000000
883112512.000000
883734400.000000
884356224.000000
884978112.000000
885600000.000000
886221888.000000
886843776.000000
887465600.000000
888087488.000000
888709376.000000
889331264.000000
889953152.000000
890574976.000000
891196864.000000
891818752.000000
892440640.000000
893062528.000000
893684352.000000
894306240.000000
894928128.000000
895550016.000000
896171904.000000
896793728.000000
897415616.000000
898037504.000000
898659392.000000
899281280.000000
899903104.000000
900524992.000000
901146880.000000
901768768.000000
902390656.000000
903012480.000000
903634368.000000
904256256.000000
904878144.000000
905500032.000000
906121856.000000
906743744.000000
907365632.000000
907987520.000000
908609344.000000
909231232.000000
909853120.000000
910475008.000000
911096896.000000
911718720.000000
912340608.000000
912962496.000000
913584384.000000
914206272.000000
914828096.000000
915449984.000000
916071872.000000
916693760.000000
917315648.000000
917937472.000000
918559360.000000
919181248.000000
919803136.000000
920425024.000000
921046848.000000
921668736.000000
922290624.000000
922912512.000000
923534400.000000
924156224.000000
924778112.000000
925400000.000000
926021888.000000
926643776.000000
927265600.000000
927887488.000000
928509376.000000
929131264.000000
929753152.000000
930374976.000000
930996864.000000
931618752.000000
932240640.000000
932862528.000000
933484352.000000
934106240.000000
934728128.000000
935350016.000000
935971904.000000
936593728.000000
937215616.000000
937837504.000000
938459392.000000
939081280.000000
939703104.000000
940324992.000000
940946880.000000
941568768.000000
942190656.000000
942812480.000000
943434368.000000
944056256.000000
944678144.000000
945299968.000000
945921856.000000
946543744.000000
947165632.000000
947787520.000000
948409344.000000
949031232.000000
949653120.000000
950275008.000000
950896896.000000
951518720.000000
952140608.000000
952762496.000000
953384384.000000
954006272.000000
954628096.000000
955249984.000000
955871872.000000
956493760.000000
957115648.000000
957737472.000000
958359360.000000
958981248.000000
959603136.000000
960225024.000000
960846848.000000
961468736.000000
962090624.000000
962712512.000000
963334400.000000
963956224.000000
964578112.000000
965200000.000000
965821888.000000
966443776.000000
967065600.000000
967687488.000000
968309376.000000
968931264.000000
969553152.000000
970174976.000000
970796864.000000
971418752.000000
972040640.000000
972662528.000000
973284352.000000
973906240.000000
974528128.000000
975150016.000000
975771904.000000
976393728.000000
977015616.000000
977637504.000000
978259392.000000
978881280.000000
979503104.000000
980124992.000000
980746880.000000
981368768.000000
981990656.000000
982612480.000000
983234368.000000
983856256.000000
984478144.000000
985100032.000000
985721856.000000
986343744.000000
986965632.000000
987587520.000000
988209344.000000
988831232.000000
989453120.000000
990075008.000000
990696896.000000
991318720.000000
991940608.000000
992562496.000000
993184384.000000
993806272.000000
994428096.000000
995049984.000000
995671872.000000
996293760.000000
996915648.000000
997537472.000000
998159360.000000
998781248.000000
999403136.000000
1000025024.000000
1000646848.000000
1001268736.000000
1001890624.000000
1002512512.000000
1003134400.000000
1003756224.000000
1004378112.000000
1005000000.000000
1005621888.000000
1006243776.000000
1006865600.000000
1007487488.000000
1008109376.000000
1008731264.000000
1009353152.000000
1009974976.000000
1010596864.000000
1011218752.000000
1011840640.000000
1012462528.000000
1013084352.000000
1013706240.000000
1014328128.000000
1014950016.000000
1015571904.000000
1016193728.000000
1016815616.000000
1017437504.000000
1018059392.000000
1018681280.000000
1019303104.000000
1019924992.000000
1020546880.000000
1021168768.000000
1021790656.000000
1022412480.000000
1023034368.000000
1023656256.000000
1024278144.000000
1024899968.000000
1025521856.000000
1026143744.000000
1026765632.000000
1027387520.000000
1028009344.000000
1028631232.000000
1029253120.000000
1029875008.000000
1030496896.000000
1031118720.000000
1031740608.000000
1032362496.000000
1032984384.000000
1033606272.000000
1034228096.000000
1034849984.000000
1035471872.000000
1036093760.000000
1036715648.000000
1037337472.000000
1037959360.000000
1038581248.000000
1039203136.000000
1039825024.000000
1040446848.000000
1041068736.000000
1041690624.000000
1042312512.000000
1042934400.000000
1043556224.000000
1044178112.000000
1044800000.000000
1045421888.000000
1046043776.000000
1046665600.000000
1047287488.000000
1047909376.000000
1048531264.000000
1049153152.000000
1049774976.000000
1050396864.000000
1051018752.000000
1051640640.000000
1052262528.000000
1052884352.000000
1053506240.000000
1054128128.000000
1054750016.000000
1055371904.000000
1055993728.000000
1056615616.000000
1057237504.000000
1057859392.000000
1058481280.000000
1059103104.000000
1059724992.000000
1060346880.000000
1060968768.000000
1061590656.000000
1062212480.000000
1062834368.000000
1063456256.000000
1064078144.000000
1064700032.000000
1065321856.000000
1065943744.000000
1066565632.000000
1067187520.000000
1067809344.000000
1068431232.000000
1069053120.000000
1069675008.000000
1070296896.000000
1070918720.000000
1071540608.000000
1072162496.000000
1072784384.000000
1073406272.000000
1074028160.000000
1074649984.000000
1075271936.000000
1075893760.000000
1076515584.000000
1077137536.000000
1077759360.000000
1078381312.000000
1079003136.000000
1079624960.000000
1080246912.000000
1080868736.000000
1081490688.000000
1082112512.000000
1082734336.000000
1083356288.000000
1083978112.000000
1084600064.000000
1085221888.000000
1085843712.000000
1086465664.000000
1087087488.000000
1087709312.000000
1088331264.000000
1088953088.000000
1089575040.000000
1090196864.000000
1090818688.000000
1091440640.000000
1092062464.000000
1092684416.000000
1093306240.000000
1093928064.000000
1094550016.000000
1095171840.000000
1095793792.000000
1096415616.000000
1097037440.000000
1097659392.000000
1098281216.000000
1098903168.000000
1099524992.000000
1100146816.000000
1100768768.000000
1101390592.000000
1102012544.000000
1102634368.000000
1103256192.000000
1103878144.000000
1104499968.000000
1105121920.000000
1105743744.000000
1106365568.000000
1106987520.000000
1107609344.000000
1108231296.000000
1108853120.000000
1109474944.000000
1110096896.000000
1110718720.000000
1111340672.000000
1111962496.000000
1112584320.000000
1113206272.000000
1113828096.000000
1114450048.000000
1115071872.000000
1115693696.000000
1116315648.000000
1116937472.000000
1117559424.000000
1118181248.000000
1118803072.000000
1119425024.000000
1120046848.000000
1120668800.000000
1121290624.000000
1121912448.000000
1122534400.000000
1123156224.000000
1123778176.000000
1124400000.000000
1125021824.000000
1125643776.000000
1126265600.000000
1126887552.000000
1127509376.000000
1128131200.000000
1128753152.000000
1129374976.000000
1129996928.000000
1130618752.000000
1131240576.000000
1131862528.000000
1132484352.000000
1133106304.000000
1133728128.000000
1134349952.000000
1134971904.000000
1135593728.000000
1136215680.000000
1136837504.000000
1137459328.000000
1138081280.000000
1138703104.000000
1139325056.000000
1139946880.000000
1140568704.000000
1141190656.000000
1141812480.000000
1142434432.000000
1143056256.000000
1143678080.000000
1144300032.000000
1144921856.000000
1145543808.000000
1146165632.000000
1146787456.000000
1147409408.000000
1148031232.000000
1148653184.000000
1149275008.000000
1149896832.000000
1150518784.000000
1151140608.000000
1151762560.000000
1152384384.000000
1153006208.000000
1153628160.000000
1154249984.000000
1154871936.000000
1155493760.000000
1156115584.000000
1156737536.000000
1157359360.000000
1157981312.000000
1158603136.000000
1159224960.000000
1159846912.000000
1160468736.000000
1161090688.000000
1161712512.000000
1162334336.000000
1162956288.000000
1163578112.000000
1164199936.000000
1164821888.000000
1165443712.000000
1166065664.000000
1166687488.000000
1167309312.000000
1167931264.000000
1168553088.000000
1169175040.000000
1169796864.000000
1170418688.000000
1171040640.000000
1171662464.000000
1172284416.000000
1172906240.000000
1173528064.000000
1174150016.000000
1174771840.000000
1175393792.000000
1176015616.000000
1176637440.000000
1177259392.000000
1177881216.000000
1178503168.000000
1179124992.000000
1179746816.000000
1180368768.000000
1180990592.000000
1181612544.000000
1182234368.000000
1182856192.000000
1183478144.000000
1184099968.000000
1184721920.000000
1185343744.000000
1185965568.000000
1186587520.000000
1187209344.000000
1187831296.000000
1188453120.000000
1189074944.000000
1189696896.000000
1190318720.000000
1190940672.000000
1191562496.000000
1192184320.000000
1192806272.000000
1193428096.000000
1194050048.000000
1194671872.000000
1195293696.000000
1195915648.000000
1196537472.000000
1197159424.000000
1197781248.000000
1198403072.000000
1199025024.000000
1199646848.000000
1200268800.000000
1200890624.000000
1201512448.000000
1202134400.000000
1202756224.000000
1203378176.000000
1204000000.000000
1204621824.000000
1205243776.000000
1205865600.000000
1206487552.000000
1207109376.000000
1207731200.000000
1208353152.000000
1208974976.000000
1209596928.000000
1210218752.000000
1210840576.000000
1211462528.000000
1212084352.000000
1212706304.000000
1213328128.000000
1213949952.000000
1214571904.000000
1215193728.000000
1215815680.000000
1216437504.000000
1217059328.000000
1217681280.000000
1218303104.000000
1218925056.000000
1219546880.000000
1220168704.000000
1220790656.000000
1221412480.000000
1222034432.000000
1222656256.000000
1223278080.000000
1223900032.000000
1224521856.000000
1225143808.000000
1225765632.000000
1226387456.000000
1227009408.000000
1227631232.000000
1228253184.000000
1228875008.000000
1229496832.000000
1230118784.000000
1230740608.000000
1231362560.000000
1231984384.000000
1232606208.000000
1233228160.000000
1233849984.000000
1234471936.000000
1235093760.000000
1235715584.000000
1236337536.000000
1236959360.000000
1237581312.000000
1238203136.000000
1238824960.000000
1239446912.000000
1240068736.000000
1240690688.000000
1241312512.000000
1241934336.000000
1242556288.000000
1243178112.000000
1243800064.000000
1244421888.000000
1245043712.000000
1245665664.000000
1246287488.000000
1246909312.000000
1247531264.000000
1248153088.000000
1248775040.000000
1249396864.000000
1250018688.000000
1250640640.000000
1251262464.000000
1251884416.000000
1252506240.000000
1253128064.000000
1253750016.000000
1254371840.000000
1254993792.000000
1255615616.000000
1256237440.000000
1256859392.000000
1257481216.000000
1258103168.000000
1258724992.000000
1259346816.000000
1259968768.000000
1260590592.000000
1261212544.000000
1261834368.000000
1262456192.000000
1263078144.000000
1263699968.000000
1264321920.000000
1264943744.000000
1265565568.000000
1266187520.000000
1266809344.000000
1267431296.000000
1268053120.000000
1268674944.000000
1269296896.000000
1269918720.000000
1270540672.000000
1271162496.000000
1271784320.000000
1272406272.000000
1273028096.000000
1273650048.000000
1274271872.000000
1274893696.000000
1275515648.000000
1276137472.000000
1276759424.000000
1277381248.000000
1278003072.000000
1278625024.000000
1279246848.000000
1279868800.000000
1280490624.000000
1281112448.000000
1281734400.000000
1282356224.000000
1282978176.000000
1283600000.000000
1284221824.000000
1284843776.000000
1285465600.000000
1286087552.000000
1286709376.000000
1287331200.000000
1287953152.000000
1288574976.000000
1289196928.000000
1289818752.000000
1290440576.000000
1291062528.000000
1291684352.000000
1292306304.000000
1292928128.000000
1293549952.000000
1294171904.000000
1294793728.000000
1295415680.000000
1296037504.000000
1296659328.000000
1297281280.000000
1297903104.000000
1298525056.000000
1299146880.000000
1299768704.000000
1300390656.000000
1301012480.000000
1301634432.000000
1302256256.000000
1302878080.000000
1303500032.000000
1304121856.000000
1304743808.000000
1305365632.000000
1305987456.000000
1306609408.000000
1307231232.000000
1307853184.000000
1308475008.000000
1309096832.000000
1309718784.000000
1310340608.000000
1310962560.000000
1311584384.000000
1312206208.000000
1312828160.000000
1313449984.000000
1314071936.000000
1314693760.000000
1315315584.000000
1315937536.000000
1316559360.000000
1317181312.000000
1317803136.000000
1318424960.000000
1319046912.000000
1319668736.000000
1320290688.000000
1320912512.000000
1321534336.000000
1322156288.000000
1322778112.000000
1323399936.000000
1324021888.000000
1324643712.000000
1325265664.000000
1325887488.000000
1326509312.000000
1327131264.000000
1327753088.000000
1328375040.000000
1328996864.000000
1329618688.000000
1330240640.000000
1330862464.000000
1331484416.000000
1332106240.000000
1332728064.000000
1333350016.000000
1333971840.000000
1334593792.000000
1335215616.000000
1335837440.000000
1336459392.000000
1337081216.000000
1337703168.000000
1338324992.000000
1338946816.000000
1339568768.000000
1340190592.000000
1340812544.000000
1341434368.000000
1342056192.000000
1342678144.000000
1343299968.000000
1343921920.000000
1344543744.000000
1345165568.000000
1345787520.000000
1346409344.000000
1347031296.000000
1347653120.000000
1348274944.000000
1348896896.000000
1349518720.000000
1350140672.000000
1350762496.000000
1351384320.000000
1352006272.000000
1352628096.000000
1353250048.000000
1353871872.000000
1354493696.000000
1355115648.000000
1355737472.000000
1356359424.000000
1356981248.000000
1357603072.000000
1358225024.000000
1358846848.000000
1359468800.000000
1360090624.000000
1360712448.000000
1361334400.000000
1361956224.000000
1362578176.000000
1363200000.000000
1363821824.000000
1364443776.000000
1365065600.000000
1365687552.000000
1366309376.000000
1366931200.000000
1367553152.000000
1368174976.000000
1368796928.000000
1369418752.000000
1370040576.000000
1370662528.000000
1371284352.000000
1371906304.000000
1372528128.000000
1373149952.000000
1373771904.000000
1374393728.000000
1375015680.000000
1375637504.000000
1376259328.000000
1376881280.000000
1377503104.000000
1378125056.000000
1378746880.000000
1379368704.000000
1379990656.000000
1380612480.000000
1381234432.000000
1381856256.000000
1382478080.000000
1383100032.000000
1383721856.000000
1384343808.000000
1384965632.000000
1385587456.000000
1386209408.000000
1386831232.000000
1387453184.000000
1388075008.000000
1388696832.000000
1389318784.000000
1389940608.000000
1390562560.000000
1391184384.000000
1391806208.000000
1392428160.000000
1393049984.000000
1393671936.000000
1394293760.000000
1394915584.000000
1395537536.000000
1396159360.000000
1396781312.000000
1397403136.000000
1398024960.000000
1398646912.000000
1399268736.000000
1399890688.000000
1400512512.000000
1401134336.000000
1401756288.000000
1402378112.000000
1403000064.000000
1403621888.000000
1404243712.000000
1404865664.000000
1405487488.000000
1406109312.000000
1406731264.000000
1407353088.000000
1407975040.000000
1408596864.000000
1409218688.000000
1409840640.000000
1410462464.000000
1411084416.000000
1411706240.000000
1412328064.000000
1412950016.000000
1413571840.000000
1414193792.000000
1414815616.000000
1415437440.000000
1416059392.000000
1416681216.000000
1417303168.000000
1417924992.000000
1418546816.000000
1419168768.000000
1419790592.000000
1420412544.000000
1421034368.000000
1421656192.000000
1422278144.000000
1422899968.000000
1423521920.000000
1424143744.000000
1424765568.000000
1425387520.000000
1426009344.000000
1426631296.000000
1427253120.000000
1427874944.000000
1428496896.000000
1429118720.000000
1429740672.000000
1430362496.000000
1430984320.000000
1431606272.000000
1432228096.000000
1432850048.000000
1433471872.000000
1434093696.000000
1434715648.000000
1435337472.000000
1435959424.000000
1436581248.000000
1437203072.000000
1437825024.000000
1438446848.000000
1439068800.000000
1439690624.000000
1440312448.000000
1440934400.000000
1441556224.000000
1442178176.000000
1442800000.000000
1443421824.000000
1444043776.000000
1444665600.000000
1445287552.000000
1445909376.000000
1446531200.000000
1447153152.000000
1447774976.000000
1448396928.000000
1449018752.000000
1449640576.000000
1450262528.000000
1450884352.000000
1451506304.000000
1452128128.000000
1452749952.000000
1453371904.000000
1453993728.000000
1454615680.000000
1455237504.000000
1455859328.000000
1456481280.000000
1457103104.000000
1457725056.000000
1458346880.000000
1458968704.000000
1459590656.000000
1460212480.000000
1460834432.000000
1461456256.000000
1462078080.000000
1462700032.000000
1463321856.000000
1463943808.000000
1464565632.000000
1465187456.000000
1465809408.000000
1466431232.000000
1467053184.000000
1467675008.000000
1468296832.000000
1468918784.000000
1469540608.000000
1470162560.000000
1470784384.000000
1471406208.000000
1472028160.000000
1472649984.000000
1473271936.000000
1473893760.000000
1474515584.000000
1475137536.000000
1475759360.000000
1476381312.000000
1477003136.000000
1477624960.000000
1478246912.000000
1478868736.000000
1479490688.000000
1480112512.000000
1480734336.000000
1481356288.000000
1481978112.000000
1482599936.000000
1483221888.000000
1483843712.000000
1484465664.000000
1485087488.000000
1485709312.000000
1486331264.000000
1486953088.000000
1487575040.000000
1488196864.000000
1488818688.000000
1489440640.000000
1490062464.000000
1490684416.000000
1491306240.000000
1491928064.000000
1492550016.000000
1493171840.000000
1493793792.000000
1494415616.000000
1495037440.000000
1495659392.000000
1496281216.000000
1496903168.000000
1497524992.000000
1498146816.000000
1498768768.000000
1499390592.000000
1500012544.000000
1500634368.000000
1501256192.000000
1501878144.000000
1502499968.000000
1503121920.000000
1503743744.000000
1504365568.000000
1504987520.000000
1505609344.000000
1506231296.000000
1506853120.000000
1507474944.000000
1508096896.000000
1508718720.000000
1509340672.000000
1509962496.000000
1510584320.000000
1511206272.000000
1511828096.000000
1512450048.000000
1513071872.000000
1513693696.000000
1514315648.000000
1514937472.000000
1515559424.000000
1516181248.000000
1516803072.000000
1517425024.000000
1518046848.000000
1518668800.000000
1519290624.000000
1519912448.000000
1520534400.000000
1521156224.000000
1521778176.000000
1522400000.000000
1523021824.000000
1523643776.000000
1524265600.000000
1524887552.000000
1525509376.000000
1526131200.000000
1526753152.000000
1527374976.000000
1527996928.000000
1528618752.000000
1529240576.000000
1529862528.000000
1530484352.000000
1531106304.000000
1531728128.000000
1532349952.000000
1532971904.000000
1533593728.000000
1534215680.000000
1534837504.000000
1535459328.000000
1536081280.000000
1536703104.000000
1537325056.000000
1537946880.000000
1538568704.000000
1539190656.000000
1539812480.000000
1540434432.000000
1541056256.000000
1541678080.000000
1542300032.000000
1542921856.000000
1543543808.000000
1544165632.000000
1544787456.000000
1545409408.000000
1546031232.000000
1546653184.000000
1547275008.000000
1547896832.000000
1548518784.000000
1549140608.000000
1549762560.000000
1550384384.000000
1551006208.000000
1551628160.000000
1552249984.000000
1552871936.000000
1553493760.000000
1554115584.000000
1554737536.000000
1555359360.000000
1555981312.000000
1556603136.000000
1557224960.000000
1557846912.000000
1558468736.000000
1559090688.000000
1559712512.000000
1560334336.000000
1560956288.000000
1561578112.000000
1562200064.000000
1562821888.000000
1563443712.000000
1564065664.000000
1564687488.000000
1565309312.000000
1565931264.000000
1566553088.000000
1567175040.000000
1567796864.000000
1568418688.000000
1569040640.000000
1569662464.000000
1570284416.000000
1570906240.000000
1571528064.000000
1572150016.000000
1572771840.000000
1573393792.000000
1574015616.000000
1574637440.000000
1575259392.000000
1575881216.000000
1576503168.000000
1577124992.000000
1577746816.000000
1578368768.000000
1578990592.000000
1579612544.000000
1580234368.000000
1580856192.000000
1581478144.000000
1582099968.000000
1582721920.000000
1583343744.000000
1583965568.000000
1584587520.000000
1585209344.000000
1585831296.000000
1586453120.000000
1587074944.000000
1587696896.000000
1588318720.000000
1588940672.000000
1589562496.000000
1590184320.000000
1590806272.000000
1591428096.000000
1592050048.000000
1592671872.000000
1593293696.000000
1593915648.000000
1594537472.000000
1595159424.000000
1595781248.000000
1596403072.000000
1597025024.000000
1597646848.000000
1598268800.000000
1598890624.000000
1599512448.000000
1600134400.000000
1600756224.000000
1601378176.000000
1602000000.000000
1602621824.000000
1603243776.000000
1603865600.000000
1604487552.000000
1605109376.000000
1605731200.000000
1606353152.000000
1606974976.000000
1607596928.000000
1608218752.000000
1608840576.000000
1609462528.000000
1610084352.000000
1610706304.000000
1611328128.000000
1611949952.000000
1612571904.000000
1613193728.000000
1613815680.000000
1614437504.000000
1615059328.000000
1615681280.000000
1616303104.000000
1616925056.000000
1617546880.000000
1618168704.000000
1618790656.000000
1619412480.000000
1620034432.000000
1620656256.000000
1621278080.000000
1621900032.000000
1622521856.000000
1623143808.000000
1623765632.000000
1624387456.000000
1625009408.000000
1625631232.000000
1626253184.000000
1626875008.000000
1627496832.000000
1628118784.000000
1628740608.000000
1629362560.000000
1629984384.000000
1630606208.000000
1631228160.000000
1631849984.000000
1632471936.000000
1633093760.000000
1633715584.000000
1634337536.000000
1634959360.000000
1635581312.000000
1636203136.000000
1636824960.000000
1637446912.000000
1638068736.000000
1638690688.000000
1639312512.000000
1639934336.000000
1640556288.000000
1641178112.000000
1641799936.000000
1642421888.000000
1643043712.000000
1643665664.000000
1644287488.000000
1644909312.000000
1645531264.000000
1646153088.000000
1646775040.000000
1647396864.000000
1648018688.000000
1648640640.000000
1649262464.000000
1649884416.000000
1650506240.000000
1651128064.000000
1651750016.000000
1652371840.000000
1652993792.000000
1653615616.000000
1654237440.000000
1654859392.000000
1655481216.000000
1656103168.000000
1656724992.000000
1657346816.000000
1657968768.000000
1658590592.000000
1659212544.000000
1659834368.000000
1660456192.000000
1661078144.000000
1661699968.000000
1662321920.000000
1662943744.000000
1663565568.000000
1664187520.000000
1664809344.000000
1665431296.000000
1666053120.000000
1666674944.000000
1667296896.000000
1667918720.000000
1668540672.000000
1669162496.000000
1669784320.000000
1670406272.000000
1671028096.000000
1671650048.000000
1672271872.000000
1672893696.000000
1673515648.000000
1674137472.000000
1674759424.000000
1675381248.000000
1676003072.000000
1676625024.000000
1677246848.000000
1677868800.000000
1678490624.000000
1679112448.000000
1679734400.000000
1680356224.000000
1680978176.000000
1681600000.000000
1682221824.000000
1682843776.000000
1683465600.000000
1684087552.000000
1684709376.000000
1685331200.000000
1685953152.000000
1686574976.000000
1687196928.000000
1687818752.000000
1688440576.000000
1689062528.000000
1689684352.000000
1690306304.000000
1690928128.000000
1691549952.000000
1692171904.000000
1692793728.000000
1693415680.000000
1694037504.000000
1694659328.000000
1695281280.000000
1695903104.000000
1696525056.000000
1697146880.000000
1697768704.000000
1698390656.000000
1699012480.000000
1699634432.000000
1700256256.000000
1700878080.000000
1701500032.000000
1702121856.000000
1702743808.000000
1703365632.000000
1703987456.000000
1704609408.000000
1705231232.000000
1705853184.000000
1706475008.000000
1707096832.000000
1707718784.000000
1708340608.000000
1708962560.000000
1709584384.000000
1710206208.000000
1710828160.000000
1711449984.000000
1712071936.000000
1712693760.000000
1713315584.000000
1713937536.000000
1714559360.000000
1715181312.000000
1715803136.000000
1716424960.000000
1717046912.000000
1717668736.000000
1718290688.000000
1718912512.000000
1719534336.000000
1720156288.000000
1720778112.000000
1721400064.000000
1722021888.000000
1722643712.000000
1723265664.000000
1723887488.000000
1724509312.000000
1725131264.000000
1725753088.000000
1726375040.000000
1726996864.000000
1727618688.000000
1728240640.000000
1728862464.000000
1729484416.000000
1730106240.000000
1730728064.000000
1731350016.000000
1731971840.000000
1732593792.000000
1733215616.000000
1733837440.000000
1734459392.000000
1735081216.000000
1735703168.000000
1736324992.000000
1736946816.000000
1737568768.000000
1738190592.000000
1738812544.000000
1739434368.000000
1740056192.000000
1740678144.000000
1741299968.000000
1741921920.000000
1742543744.000000
1743165568.000000
1743787520.000000
1744409344.000000
1745031296.000000
1745653120.000000
1746274944.000000
1746896896.000000
1747518720.000000
1748140672.000000
1748762496.000000
1749384320.000000
1750006272.000000
1750628096.000000
1751250048.000000
1751871872.000000
1752493696.000000
1753115648.000000
1753737472.000000
1754359424.000000
1754981248.000000
1755603072.000000
1756225024.000000
1756846848.000000
1757468800.000000
1758090624.000000
1758712448.000000
1759334400.000000
1759956224.000000
1760578176.000000
1761200000.000000
1761821824.000000
1762443776.000000
1763065600.000000
1763687552.000000
1764309376.000000
1764931200.000000
1765553152.000000
1766174976.000000
1766796928.000000
1767418752.000000
1768040576.000000
1768662528.000000
1769284352.000000
1769906304.000000
1770528128.000000
1771149952.000000
1771771904.000000
1772393728.000000
1773015680.000000
1773637504.000000
1774259328.000000
1774881280.000000
1775503104.000000
1776125056.000000
1776746880.000000
1777368704.000000
1777990656.000000
1778612480.000000
1779234432.000000
1779856256.000000
1780478080.000000
1781100032.000000
1781721856.000000
1782343808.000000
1782965632.000000
1783587456.000000
1784209408.000000
1784831232.000000
1785453184.000000
1786075008.000000
1786696832.000000
1787318784.000000
1787940608.000000
1788562560.000000
1789184384.000000
1789806208.000000
1790428160.000000
1791049984.000000
1791671936.000000
1792293760.000000
1792915584.000000
1793537536.000000
1794159360.000000
1794781312.000000
1795403136.000000
1796024960.000000
1796646912.000000
1797268736.000000
1797890688.000000
1798512512.000000
1799134336.000000
1799756288.000000
1800378112.000000
1800999936.000000
1801621888.000000
1802243712.000000
1802865664.000000
1803487488.000000
1804109312.000000
1804731264.000000
1805353088.000000
1805975040.000000
1806596864.000000
1807218688.000000
1807840640.000000
1808462464.000000
1809084416.000000
1809706240.000000
1810328064.000000
1810950016.000000
1811571840.000000
1812193792.000000
1812815616.000000
1813437440.000000
1814059392.000000
1814681216.000000
1815303168.000000
1815924992.000000
1816546816.000000
1817168768.000000
1817790592.000000
1818412544.000000
1819034368.000000
1819656192.000000
1820278144.000000
1820899968.000000
1821521920.000000
1822143744.000000
1822765568.000000
1823387520.000000
1824009344.000000
1824631296.000000
1825253120.000000
1825874944.000000
1826496896.000000
1827118720.000000
1827740672.000000
1828362496.000000
1828984320.000000
1829606272.000000
1830228096.000000
1830850048.000000
1831471872.000000
1832093696.000000
1832715648.000000
1833337472.000000
1833959424.000000
1834581248.000000
1835203072.000000
1835825024.000000
1836446848.000000
1837068800.000000
1837690624.000000
1838312448.000000
1838934400.000000
1839556224.000000
1840178176.000000
1840800000.000000
1841421824.000000
1842043776.000000
1842665600.000000
1843287552.000000
1843909376.000000
1844531200.000000
1845153152.000000
1845774976.000000
1846396928.000000
1847018752.000000
1847640576.000000
1848262528.000000
1848884352.000000
1849506304.000000
1850128128.000000
1850749952.000000
1851371904.000000
1851993728.000000
1852615680.000000
1853237504.000000
1853859328.000000
1854481280.000000
1855103104.000000
1855725056.000000
1856346880.000000
1856968704.000000
1857590656.000000
1858212480.000000
1858834432.000000
1859456256.000000
1860078080.000000
1860700032.000000
1861321856.000000
1861943808.000000
1862565632.000000
1863187456.000000
1863809408.000000
1864431232.000000
1865053184.000000
1865675008.000000
1866296832.000000
1866918784.000000
1867540608.000000
1868162560.000000
1868784384.000000
1869406208.000000
1870028160.000000
1870649984.000000
1871271936.000000
1871893760.000000
1872515584.000000
1873137536.000000
1873759360.000000
1874381312.000000
1875003136.000000
1875624960.000000
1876246912.000000
1876868736.000000
1877490688.000000
1878112512.000000
1878734336.000000
1879356288.000000
1879978112.000000
1880600064.000000
1881221888.000000
1881843712.000000
1882465664.000000
1883087488.000000
1883709312.000000
1884331264.000000
1884953088.000000
1885575040.000000
1886196864.000000
1886818688.000000
1887440640.000000
1888062464.000000
1888684416.000000
1889306240.000000
1889928064.000000
1890550016.000000
1891171840.000000
1891793792.000000
1892415616.000000
1893037440.000000
1893659392.000000
1894281216.000000
1894903168.000000
1895524992.000000
1896146816.000000
1896768768.000000
1897390592.000000
1898012544.000000
1898634368.000000
1899256192.000000
1899878144.000000
1900499968.000000
1901121920.000000
1901743744.000000
1902365568.000000
1902987520.000000
1903609344.000000
1904231296.000000
1904853120.000000
1905474944.000000
1906096896.000000
1906718720.000000
1907340672.000000
1907962496.000000
1908584320.000000
1909206272.000000
1909828096.000000
1910450048.000000
1911071872.000000
1911693696.000000
1912315648.000000
1912937472.000000
1913559424.000000
1914181248.000000
1914803072.000000
1915425024.000000
1916046848.000000
1916668800.000000
1917290624.000000
1917912448.000000
1918534400.000000
1919156224.000000
1919778176.000000
1920400000.000000
1921021824.000000
1921643776.000000
1922265600.000000
1922887552.000000
1923509376.000000
1924131200.000000
1924753152.000000
1925374976.000000
1925996928.000000
1926618752.000000
1927240576.000000
1927862528.000000
1928484352.000000
1929106304.000000
1929728128.000000
1930349952.000000
1930971904.000000
1931593728.000000
1932215680.000000
1932837504.000000
1933459328.000000
1934081280.000000
1934703104.000000
1935325056.000000
1935946880.000000
1936568704.000000
1937190656.000000
1937812480.000000
1938434432.000000
1939056256.000000
1939678080.000000
1940300032.000000
1940921856.000000
1941543808.000000
1942165632.000000
1942787456.000000
1943409408.000000
1944031232.000000
1944653184.000000
1945275008.000000
1945896832.000000
1946518784.000000
1947140608.000000
1947762560.000000
1948384384.000000
1949006208.000000
1949628160.000000
1950249984.000000
1950871936.000000
1951493760.000000
1952115584.000000
1952737536.000000
1953359360.000000
1953981312.000000
1954603136.000000
1955224960.000000
1955846912.000000
1956468736.000000
1957090688.000000
1957712512.000000
1958334336.000000
1958956288.000000
1959578112.000000
1960199936.000000
1960821888.000000
1961443712.000000
1962065664.000000
1962687488.000000
1963309312.000000
1963931264.000000
1964553088.000000
1965175040.000000
1965796864.000000
1966418688.000000
1967040640.000000
1967662464.000000
1968284416.000000
1968906240.000000
1969528064.000000
1970150016.000000
1970771840.000000
1971393792.000000
1972015616.000000
1972637440.000000
1973259392.000000
1973881216.000000
1974503168.000000
1975124992.000000
1975746816.000000
1976368768.000000
1976990592.000000
1977612544.000000
1978234368.000000
1978856192.000000
1979478144.000000
1980099968.000000
1980721920.000000
1981343744.000000
1981965568.000000
1982587520.000000
1983209344.000000
1983831296.000000
1984453120.000000
1985074944.000000
1985696896.000000
1986318720.000000
1986940672.000000
1987562496.000000
1988184320.000000
1988806272.000000
1989428096.000000
1990050048.000000
1990671872.000000
1991293696.000000
1991915648.000000
1992537472.000000
1993159424.000000
1993781248.000000
1994403072.000000
1995025024.000000
1995646848.000000
1996268800.000000
1996890624.000000
1997512448.000000
1998134400.000000
1998756224.000000
1999378176.000000
2000000000.000000
