2.999640656E+1
2.987533379E+1
2.965639877E+1
2.941115189E+1
2.918121529E+1
2.904211044E+1
2.880550003E+1
2.864523697E+1
2.846981812E+1
2.829655457E+1
2.798284721E+1
2.778564072E+1
2.762779808E+1
2.744859123E+1
2.725398827E+1
2.706643486E+1
2.686928177E+1
2.660138130E+1
2.642777634E+1
2.625017357E+1
2.603627968E+1
2.587378693E+1
2.564248276E+1
2.545692062E+1
2.522555161E+1
2.508131218E+1
2.488542175E+1
2.456301880E+1
2.437754250E+1
2.422197914E+1
2.398724365E+1
2.382692337E+1
2.361827850E+1
2.344564056E+1
2.322097588E+1
2.302480507E+1
2.285231400E+1
2.270157242E+1
2.248032570E+1
2.231236267E+1
2.202326584E+1
2.181263351E+1
2.164987564E+1
2.141777611E+1
2.124232292E+1
2.109322739E+1
2.078814888E+1
2.056874275E+1
2.038035202E+1
2.022395706E+1
2.000843430E+1
1.982054520E+1
1.960384941E+1
1.942707825E+1
1.922934914E+1
1.900709915E+1
1.882003784E+1
1.865263367E+1
1.843954277E+1
1.822088432E+1
1.803269005E+1
1.785396004E+1
1.764443016E+1
1.746117401E+1
1.728257370E+1
1.708065605E+1
1.691553879E+1
1.659171486E+1
1.642360687E+1
1.622201729E+1
1.604604912E+1
1.586942196E+1
1.566111374E+1
1.548074722E+1
1.523905563E+1
1.509466553E+1
1.488249302E+1
1.459259987E+1
1.438889027E+1
1.422672939E+1
1.400639439E+1
1.380895710E+1
1.363210297E+1
1.345183754E+1
1.321878815E+1
1.302609825E+1
1.284637070E+1
1.263953114E+1
1.245128822E+1
1.223576832E+1
1.195242500E+1
1.174264812E+1
1.156721115E+1
1.133852005E+1
1.116310024E+1
1.099634075E+1
1.078054905E+1
1.061584854E+1
1.039705658E+1
1.023351097E+1
1.003755951E+1
9.850959778E+0
9.609071732E+0
9.462638855E+0
9.238056183E+0
9.042869568E+0
8.821964264E+0
8.657297134E+0
8.466398239E+0
8.263538361E+0
8.024340630E+0
7.836403847E+0
7.662129402E+0
7.464938641E+0
7.246201515E+0
7.047622204E+0
6.886981010E+0
6.706410885E+0
6.407840252E+0
6.164093018E+0
5.969885349E+0
5.768894672E+0
5.558876514E+0
5.371140480E+0
5.177605629E+0
5.002127647E+0
4.778192997E+0
4.612673759E+0
4.404273510E+0
4.206919670E+0
4.015145779E+0
3.840577126E+0
3.612071991E+0
3.434529066E+0
3.225857496E+0
3.065282822E+0
2.857946634E+0
2.617759466E+0
2.420887470E+0
2.250231504E+0
2.073810101E+0
1.832597494E+0
1.638679147E+0
1.452252269E+0
1.240530252E+0
1.086386561E+0
8.580299616E-1
6.566800475E-1
4.589541554E-1
2.813718319E-1
5.921333283E-2
-1.098309755E-1
-3.055050671E-1
-6.017179489E-1
-8.118097782E-1
-9.902269244E-1
-1.193664074E+0
-1.400058270E+0
-1.607874036E+0
-1.778740525E+0
-1.952419877E+0
-2.186076641E+0
-2.372294426E+0
-2.584882736E+0
-2.786419392E+0
-3.002030611E+0
-3.190074444E+0
-3.382790804E+0
-3.578668118E+0
-3.774028540E+0
-3.970943928E+0
-4.170718193E+0
-4.341323853E+0
-4.544654846E+0
-4.785808563E+0
-4.976630211E+0
-5.150248528E+0
-5.379724026E+0
-5.569803715E+0
-5.759747028E+0
-5.947793961E+0
-6.165693760E+0
-6.362590790E+0
-6.571231842E+0
-6.752514839E+0
-6.975399017E+0
-7.141966343E+0
-7.358010292E+0
-7.515645027E+0
-7.735787392E+0
-7.992026806E+0
-8.205711365E+0
-8.431288719E+0
-8.651728630E+0
-8.828499794E+0
-8.995507240E+0
-9.224436760E+0
-9.442182541E+0
-9.620832443E+0
-9.845253944E+0
-1.005321026E+1
-1.024434662E+1
-1.043586254E+1
-1.066765118E+1
-1.088265896E+1
-1.108482933E+1
-1.126195240E+1
-1.148037815E+1
-1.170126438E+1
-1.168804169E+1
-1.200420475E+1
-1.217958450E+1
-1.238607883E+1
-1.257552052E+1
-1.276524162E+1
-1.296048260E+1
-1.315585613E+1
-1.335021782E+1
-1.356412983E+1
-1.377921200E+1
-1.397971725E+1
-1.417345524E+1
-1.437527275E+1
-1.457758427E+1
-1.476234055E+1
-1.497004318E+1
-1.515661430E+1
-1.535396385E+1
-1.556830502E+1
-1.575325108E+1
-1.593803120E+1
-1.615042686E+1
-1.636358643E+1
-1.656312943E+1
-1.674121857E+1
-1.694135857E+1
-1.711765671E+1
-1.737327194E+1
-1.753476524E+1
-1.772060966E+1
-1.801615334E+1
-1.822718620E+1
-1.837797165E+1
-1.857979584E+1
-1.879748726E+1
-1.896857643E+1
-1.917369080E+1
-1.936616516E+1
-1.959062767E+1
-1.973408318E+1
-1.995567703E+1
-2.015729904E+1
-2.036026001E+1
-2.052656746E+1
-2.073700714E+1
-2.095069122E+1
-2.112612724E+1
-2.135147667E+1
-2.155788422E+1
-2.173371124E+1
-2.191936493E+1
-2.213747025E+1
-2.231129265E+1
-2.261481285E+1
-2.281572151E+1
-2.299251366E+1
-2.320185471E+1
-2.339923859E+1
-2.358402061E+1
-2.381962395E+1
-2.398967361E+1
-2.418708229E+1
-2.441849709E+1
-2.456783295E+1
-2.479110336E+1
-2.493898964E+1
-2.517412949E+1
-2.538420296E+1
-2.557471848E+1
-2.577896118E+1
-2.597242928E+1
-2.618442535E+1
-2.636589050E+1
-2.655444527E+1
-2.675408173E+1
-2.696665192E+1
-2.715485001E+1
-2.734268570E+1
-2.756431007E+1
-2.773438454E+1
-2.796193123E+1
-2.814433479E+1
-2.830616760E+1
-2.853834915E+1
-2.871480179E+1
-2.891370773E+1
-2.913091087E+1
-2.930761528E+1
-2.951035690E+1
-2.982672310E+1
-3.003956413E+1
