6.465954334E-2
-8.271044493E-2
-9.958454967E-2
-6.245441735E-2
-6.065458059E-2
-5.840281397E-2
-5.280070007E-2
-2.423359267E-2
9.856497496E-2
-9.829848260E-2
-8.848491311E-2
-5.697005242E-2
-3.709096089E-2
-5.974742770E-2
-2.054709010E-2
-3.799679875E-2
-1.945179515E-2
2.198843053E-3
-8.960652351E-2
-1.069351882E-1
-9.892803431E-2
-7.819112390E-2
-9.338249266E-2
-5.506759509E-2
-3.066457994E-2
-3.309527785E-2
-1.134201605E-2
7.320348918E-2
1.035454348E-1
-1.045590937E-1
-6.986031681E-2
-9.707820415E-2
-6.106178090E-2
-6.891895086E-2
-2.196011692E-2
-1.247349009E-2
1.754479855E-2
-3.329595318E-3
2.333966084E-2
3.504516184E-2
4.368976131E-2
3.666211665E-2
-3.169211745E-2
-5.415587686E-3
-1.952152513E-2
1.035927609E-2
1.692380384E-2
-2.144835889E-3
-5.835413560E-2
-1.024842858E-1
-3.893552721E-2
-2.589462325E-2
-2.484274656E-2
-9.813209064E-3
-3.937433939E-3
-9.051437490E-3
-1.540216804E-2
1.276366040E-2
2.460006997E-2
2.363305353E-2
5.224620923E-2
5.578272790E-2
7.303508371E-2
5.837393552E-2
-1.048866957E-1
8.118236065E-2
-1.096895412E-1
-6.110914424E-2
-3.324723616E-2
6.283996999E-2
6.699222326E-2
6.257288903E-2
6.582653522E-2
-7.823585719E-2
-9.785971045E-2
-6.903604418E-2
-6.426411867E-2
-3.863753006E-2
-7.173514366E-2
7.175099105E-2
1.013186648E-1
9.768939763E-2
-9.517377615E-2
-8.170198649E-2
-5.564649031E-2
-3.464644775E-2
-2.879633009E-2
-5.675432272E-3
1.156442799E-2
-1.711319573E-2
6.824733224E-3
3.343346715E-2
3.631346673E-2
2.524080127E-2
3.766991943E-2
3.778306767E-2
4.742362723E-2
8.497016877E-2
5.963960662E-2
1.542591490E-2
-3.140796907E-3
5.161403120E-2
1.311296970E-2
3.829486296E-2
2.487964928E-2
4.139589146E-2
8.770281076E-2
7.791227102E-2
-1.063898429E-1
-9.081035852E-2
-7.391125709E-2
-6.601724774E-2
-7.531704754E-2
-1.564951427E-2
-3.080667183E-2
-2.939364314E-2
3.796722274E-3
-7.689062506E-3
-2.659262391E-3
-3.107943048E-4
4.375093803E-2
1.550222374E-2
3.162574023E-2
5.741349608E-2
6.198873371E-2
-1.040236130E-1
2.036624961E-2
3.105079196E-2
2.754782513E-2
6.689354777E-2
6.511673331E-2
9.618558735E-2
-7.691492885E-2
-4.034066200E-2
-7.685773540E-3
-8.512671106E-3
6.751055829E-3
2.773662470E-2
4.443771765E-2
5.076345056E-2
7.629399747E-2
1.164889783E-1
-8.881185949E-2
-3.691597655E-2
-5.571819469E-2
-1.706648804E-2
1.172625553E-2
7.946340367E-3
3.782385215E-2
5.503147840E-2
7.316862792E-2
1.007759497E-1
-6.411939114E-2
-9.315159172E-2
4.621847346E-2
6.605546176E-2
7.571181655E-2
8.887638897E-2
-5.626288056E-2
-5.373350903E-2
-4.041368142E-2
-2.722936869E-2
6.289913785E-3
1.455560047E-2
2.914636210E-2
4.683223367E-2
9.575141221E-2
9.421997517E-2
-5.540177599E-2
-7.725634426E-2
-2.202918939E-2
7.279258571E-4
-1.042696834E-2
1.026586350E-2
2.106355317E-2
6.548643857E-2
7.457572967E-2
-5.486827344E-2
-2.335341088E-2
-3.113098443E-2
-2.824966982E-2
-5.728716496E-3
5.995204207E-3
4.419431835E-2
6.557524949E-2
6.334781647E-2
-9.327000380E-2
-1.010798067E-1
-5.745290220E-2
-3.934799135E-2
-1.154795522E-3
1.694617048E-2
-1.456779137E-4
1.534434315E-2
4.649739712E-2
-9.607763588E-2
-1.142864898E-1
-5.762459710E-2
-4.130110145E-2
-2.925418317E-2
2.242987603E-2
3.796923533E-2
3.507607803E-2
5.774241313E-2
8.298087865E-2
-8.415701985E-2
-8.502141386E-2
-6.012370810E-2
-4.451922327E-2
-7.469345815E-3
1.640871912E-2
2.683473378E-2
4.459362477E-2
6.298930198E-2
8.928950876E-2
-7.668205351E-2
-7.402177155E-2
-6.384968013E-2
-7.603543811E-3
-2.962256968E-2
-7.104247808E-3
4.385027289E-2
4.384435341E-2
8.211517334E-2
9.796634316E-2
-4.585528746E-2
-4.469815642E-2
-2.509469725E-2
-1.632774062E-2
-2.115098201E-2
2.576377988E-2
4.704734683E-2
7.489807159E-2
1.035546437E-1
-7.416912913E-2
-2.983307652E-2
-7.163452916E-3
-1.845386066E-2
6.326752715E-3
4.554024711E-2
3.155206144E-2
4.058675840E-2
1.076759771E-1
9.880113602E-2
-4.541453719E-2
-5.276057124E-2
3.740110842E-4
-5.531366449E-3
2.051097341E-2
4.041966796E-2
3.812382743E-2
8.176323026E-2
7.893914729E-2
-1.111900583E-1
-7.716424763E-2
-4.506259412E-2
-1.705135778E-2
1.706260629E-2
2.281405032E-2
4.705195129E-2
4.826499894E-2
9.916294366E-2
8.090344071E-2
-6.772366911E-2
-5.372364074E-2
-2.644062601E-2
8.093037643E-3
3.554639407E-3
2.700905874E-2
4.735389724E-2
-3.084285185E-2
-3.161514923E-2
-3.760476829E-3
-2.193553373E-4
2.287062444E-2
6.937818229E-2
6.674882025E-2
-8.177434653E-2
-7.130491734E-2
-1.978794858E-2
-8.741596714E-3
1.048229076E-2
4.264182970E-2
3.208688274E-2
5.608664453E-2
9.163206071E-2
1.097895950E-1
-9.047617763E-2
-6.869989634E-2
-5.082653835E-2
-9.657301940E-3
2.315480821E-2
4.681315646E-2
3.231712431E-2
6.749414653E-2
7.856155187E-2
1.152173877E-1
-8.183881640E-2
-4.084719345E-2
-2.723730169E-3
-1.036184281E-2
