2.947755489275929739e-07
2.952740625152302770e-07
2.932341253296987014e-07
2.887090655077131820e-07
2.818325669350207914e-07
2.728141626285908551e-07
2.619322291563708080e-07
2.495247210747779212e-07
2.359779596201795053e-07
2.217138544023155524e-07
2.071759884479971398e-07
1.928150340633597195e-07
1.790739868808649336e-07
1.663737141062369629e-07
1.550992936714314322e-07
1.455875991374133288e-07
1.381165406263839788e-07
1.328963125463156521e-07
1.300629300073420309e-07
1.296742600335810882e-07
1.317086689719957362e-07
1.360663165831284278e-07
1.425730375947318663e-07
1.509866670150184868e-07
1.610055846831184192e-07
1.722791780128201754e-07
1.844198573387376246e-07
1.970162112938107616e-07
2.096468552856944206e-07
2.218945007518998733e-07
2.333597658332839756e-07
2.436742654213531751e-07
2.525125482810780442e-07
2.596024835922109492e-07
2.647337518121755993e-07
2.677641698751442691e-07
2.686236584120963658e-07
2.673157303540977921e-07
2.639164650684216125e-07
2.585710177336499129e-07
2.514878376092386376e-07
2.429307566723746029e-07
2.332092771460506151e-07
2.226673906413487340e-07
2.116713102818893119e-07
2.005965851045116991e-07
1.898149930751073747e-07
1.796816906875982857e-07
1.705230797364805824e-07
1.626257578668066222e-07
1.562269627009736905e-07
1.515068158098488348e-07
1.485826113330127961e-07
1.475053640725511445e-07
1.482586808206513731e-07
1.507599970314926556e-07
1.548641399548744599e-07
1.603690389404582499e-07
1.670234034086422629e-07
1.745360799621398451e-07
1.825867392657344835e-07
1.908375547853047609e-07
1.989454114154190183e-07
2.065742369835822186e-07
2.134070603207014496e-07
2.191573159153886776e-07
2.235790535329906382e-07
2.264756875843589234e-07
2.277069668128893382e-07
2.271939895260352560e-07
2.249220211207578120e-07
2.209410580945089633e-07
2.153641650946960981e-07
2.083635689689899886e-07
2.001647138983474048e-07
1.910384666223881524e-07
1.812917261672456943e-07
1.712568226907407033e-07
1.612799986536094185e-07
1.517094078483024837e-07
1.428830716376576151e-07
1.351171407421595843e-07
1.286949144092155740e-07
1.238569720092170945e-07
1.207927382807064715e-07
1.196338067272368216e-07
1.204491928273475877e-07
1.232426987552664336e-07
1.279524978053990374e-07
1.344528974876559689e-07
1.425582566459048952e-07
1.520289073441972358e-07
1.625788629558684937e-07
1.738850742255712022e-07
1.855979359700565629e-07
1.973525745271574632e-07
2.087807499560230701e-07
2.195227161477666994e-07
2.292388643581402094e-07
2.376206879034584542e-07
2.444005807715158615e-07
2.493604379826032715e-07
2.523384306123494105e-07
2.532340357788955764e-07
2.520110522683337868e-07
2.486983899044267114e-07
2.433888554985379038e-07
2.362358711186783227e-07
2.274481302352433449e-07
2.172826160640268607e-07
2.060361002393852470e-07
1.940353018011439679e-07
1.816263307148036866e-07
1.691634262678955051e-07
1.569976474891947506e-07
1.454657639581792616e-07
1.348796344220723320e-07
1.255166330227213581e-07
1.176111737123324730e-07
1.113478059974025833e-07
1.068560029624858753e-07
1.042067458547389646e-07
1.034111137351378418e-07
1.044208400718783898e-07
1.071307448555175896e-07
1.113830466981947202e-07
1.169733398899122533e-07
1.236579500492452633e-07
1.311625752824760529e-07
1.391917065553788162e-07
1.474386780776742688e-07
1.555959480136152960e-07
1.633651657301460240e-07
1.704669216621787185e-07
1.766495831972052377e-07
1.816971705268957036e-07
1.854359384053920931e-07
1.877393513485063730e-07
1.885315104001052039e-07
1.877888448442808361e-07
1.855399238933826077e-07
1.818636362592736580e-07
1.768857149059495759e-07
1.707736304115967602e-07
1.637303382708399293e-07
1.559867620675287382e-07
1.477935688860278306e-07
1.394124022803416015e-07
1.311067871682491774e-07
1.231332579502753322e-07
1.157327238624802035e-07
1.091225909635985895e-07
1.034897962288074583e-07
9.898491972481626392e-08
9.571769274390639969e-08
9.375396091347554252e-08
9.311413285801626292e-08
9.377326271257502933e-08
9.566268121345264212e-08
9.867303565521731448e-08
1.026587764341047041e-07
1.074437221943817693e-07
1.128276616575303397e-07
1.185936943122615926e-07
1.245159640547976350e-07
1.303677136354012998e-07
1.359291380975655133e-07
1.409949745284642111e-07
1.453814973631441734e-07
1.489325884677644576e-07
1.515248602171444104e-07
1.530715863163094089e-07
1.535252152511477891e-07
1.528785886801056924e-07
1.511647437066614145e-07
1.484552083584277637e-07
1.448571387907468228e-07
1.405090813124631556e-07
1.355757907613139559e-07
1.302421788068909637e-07
1.247065141981487105e-07
1.191733606025950809e-07
1.138462064847460290e-07
1.089202816250942997e-07
1.045757030640098869e-07
1.009711173104338021e-07
9.823819944016817839e-08
9.647711141669271325e-08
9.575300769615199682e-08
9.609383167536588739e-08
9.748940179031259604e-08
9.989173982206949490e-08
1.032168026659503264e-07
1.073473320084983229e-07
1.121369006980953604e-07
1.174149455261605170e-07
1.229925205682805725e-07
1.286687871837638183e-07
1.342377577501341046e-07
1.394952858205574709e-07
1.442459766053454620e-07
1.483097496292478579e-07
1.515278725479545249e-07
1.537683295038199681e-07
1.549302496384271304e-07
1.549473081252394295e-07
1.537899580136384837e-07
1.514665690017489780e-07
1.480230836213412415e-07
1.435416869763150583e-07
1.381381810794122876e-07
1.319582795880346530e-07
1.251730506425202051e-07
1.179733477378345401e-07
1.105638351939641461e-07
1.031564867661849132e-07
9.596389850105304787e-08
8.919259651893412660e-08
8.303663977385044386e-08
7.767150566578810621e-08
7.324874059303629367e-08
6.989132034092633723e-08
6.768993991460381912e-08
6.670039164990542842e-08
6.694194340991031524e-08
6.839697339257923872e-08
7.101169808169773452e-08
7.469801207596399468e-08
7.933642909578211272e-08
8.477984511597538291e-08
9.085822460741942049e-08
9.738388140619811623e-08
1.041572320648428127e-07
1.109729231633863250e-07
1.176258932714891932e-07
1.239175006730876883e-07
1.296612890963684753e-07
1.346883113773566568e-07
1.388518151730143630e-07
1.420312896018693449e-07
1.441354291950062092e-07
1.451043788041107123e-07
1.449108799582483774e-07
1.435604106018682883e-07
1.410904526704176838e-07
1.375685829006138940e-07
1.330899324720444478e-07
1.277737647120861536e-07
1.217594359702672297e-07
1.152018389003738771e-07
1.082665961257740591e-07
1.011248784863180322e-07
9.394839793589751574e-08
8.690444236381225498e-08
8.015120859892654241e-08
7.383363126956689486e-08
6.807962611282865784e-08
6.299711946726552661e-08
5.867173195983951916e-08
5.516524082499584498e-08
5.251488392147122489e-08
5.073336341567983231e-08
4.980970435398396808e-08
4.971077279856675535e-08
5.038342560178019054e-08
5.175723623597641818e-08
5.374756344403250059e-08
5.625900487483860601e-08
5.918898573768971555e-08
6.243140180275040601e-08
6.588017084627870369e-08
6.943263686313680402e-08
7.299255866710691858e-08
7.647279877287299694e-08
7.979747891245226304e-08
8.290359306923597519e-08
8.574211272751009714e-08
8.827836811304707147e-08
9.049198058607674145e-08
9.237617566331441829e-08
9.393660430517637114e-08
9.518970960549118965e-08
9.616081312302049096e-08
9.688177904311889967e-08
9.738866703175322286e-08
9.771924482325334571e-08
9.791054124272186865e-08
9.799662091288897666e-08
9.800643224603472501e-08
9.796213234190211256e-08
9.787771620718043417e-08
9.775808312084622129e-08
9.759865517094991510e-08
9.738532292178781182e-08
9.709503610323392232e-08
9.669677590577043373e-08
9.615294911226446413e-08
9.542122593599747964e-08
9.445651329807988424e-08
9.321329754490417733e-08
9.164802790699176907e-08
8.972153971748452176e-08
8.740138954702595865e-08
8.466409301255810005e-08
8.149695820864785074e-08
7.789972414734325468e-08
7.388571587136162854e-08
6.948253767223518056e-08
6.473231996830373229e-08
5.969132459924044556e-08
5.442914125174850107e-08
4.902731364602270164e-08
4.357750234690944565e-08
3.817921809943781397e-08
3.293723168929422664e-08
2.795864353068698750e-08
2.334983793832405889e-08
1.921331886660024893e-08
1.564456956521971934e-08
1.272904865018886435e-08
1.053938285817446985e-08
9.132907396628977666e-09
8.549595455821991342e-09
8.810466413621364058e-09
9.916535998156746840e-09
1.184832881818144496e-08
1.456600348999814131e-08
1.801007357888739354e-08
2.210271343917931782e-08
2.674963387253445251e-08
3.184242531341582375e-08
3.726136462383627379e-08
4.287855644059903749e-08
4.856133349217087378e-08
5.417580221310466643e-08
5.959047824130452585e-08
6.467977620824589778e-08
6.932741312216713711e-08
7.342950138441009354e-08
7.689727390787827653e-08
7.965942561573500233e-08
8.166382006854431957e-08
8.287875239323033171e-08
8.329355379414566360e-08
8.291859396536311466e-08
8.178466018957078938e-08
7.994181477049799063e-08
7.745757323909780414e-08
7.441472573995285854e-08
7.090867451427339224e-08
6.704444109246616603e-08
6.293348903781099374e-08
5.869029893421644757e-08
5.442902070203631570e-08
5.026014020389569288e-08
4.628732124934248752e-08
4.260455106833159292e-08
3.929356088157361383e-08
3.642174848095986507e-08
3.404054511382597897e-08
3.218431220183979771e-08
3.086981685552241973e-08
3.009621676587687067e-08
2.984564956110877556e-08
3.008432046561333218e-08
3.076407706402848917e-08
3.182440269482769450e-08
3.319478758785260678e-08
3.479732217026591819e-08
3.654952220334584924e-08
3.836721859134839447e-08
4.016743949062443493e-08
4.187122354750722751e-08
4.340618129224574913e-08
4.470884596632637466e-08
4.572664924856351282e-08
4.641949789467552295e-08
4.676089130516519142e-08
4.673859252834697995e-08
4.635472768696570619e-08
4.562546116099729065e-08
4.458015446057846206e-08
4.326007873509172320e-08
4.171676164280553695e-08
4.000992635384524283e-08
3.820523047894422935e-08
3.637178059110184205e-08
3.457954320521375505e-08
3.289676531975371458e-08
3.138741047924894538e-08
3.010880530011440334e-08
2.910949280852072898e-08
2.842739336058013885e-08
2.808835525591732390e-08
2.810507820747245946e-08
2.847653383014870949e-08
2.918783746543685287e-08
3.021060386966466921e-08
3.150376776828288851e-08
3.301487334732880880e-08
3.468172245099182347e-08
3.643442416719202516e-08
3.819771239844097957e-08
3.989348103581530231e-08
4.144348914059192119e-08
4.277206225709951412e-08
4.380882349534298016e-08
4.449128058379191001e-08
4.476722248750210123e-08
4.459683707648055355e-08
4.395452262906984869e-08
4.283023342514575990e-08
4.123044928696441298e-08
3.917863392847064056e-08
3.671519824797977286e-08
3.389699075400165686e-08
3.079623979963570995e-08
2.749908238905647004e-08
2.410365881508379967e-08
2.071776801251727038e-08
1.745630453579315767e-08
1.443833434406218474e-08
1.178409282937328080e-08
9.611826172828830296e-09
8.034638108678060263e-09
7.157437088620858836e-09
7.073995548010024720e-09
7.864279537205917147e-09
9.592057723108694296e-09
1.230287297329001734e-08
1.602245880000770285e-08
2.075556715597295295e-08
2.648534583296032140e-08
3.317314080003985079e-08
4.075889682021943886e-08
4.916200148775121462e-08
5.828257073807933260e-08
6.800332951018191275e-08
7.819167039140390314e-08
8.870231557128407147e-08
9.938010713945938048e-08
1.100629719836072013e-07
1.205853429655932480e-07
1.307812221817142391e-07
1.404877336483112801e-07
1.495483037502097203e-07
1.578156667822038194e-07
1.651551245085403161e-07
1.714469007701005920e-07
1.765888782579904082e-07
1.804985361399660716e-07
1.831144808364701836e-07
1.843980980821780175e-07
1.843339973878698370e-07
1.829308128401205678e-07
1.802210380871368089e-07
1.762604389063572212e-07
1.711275725640196566e-07
1.649221442009796290e-07
1.577637619207982828e-07
1.497898510764505026e-07
1.411533120778595732e-07
1.320203528229064512e-07
1.225674798568036365e-07
1.129789391960752621e-07
1.034436329470454210e-07
9.415201630287040790e-08
8.529326021284753276e-08
7.705200218282664992e-08
6.960559153172507165e-08
6.312105221057607321e-08
5.775252711056809345e-08
5.363868442426420513e-08
5.090037098019320157e-08
4.963866013397317250e-08
4.993294867480234779e-08
5.183957414262019441e-08
5.539061334845592956e-08
6.059301635355488455e-08
6.742825019773471331e-08
7.585206934994416660e-08
8.579491216944038478e-08
9.716251046162587945e-08
1.098368281679754521e-07
1.236776425090196346e-07
1.385240645069367755e-07
1.541968499158630257e-07
1.705007334740804861e-07
1.872269808627174496e-07
2.041566799979653973e-07
2.210635342800187994e-07
2.377175981706312228e-07
2.538886373976124439e-07
2.693494885708733748e-07
2.838801504699053312e-07
2.972707852163235357e-07
3.093258040206708898e-07
3.198665567556090472e-07
3.287350105676909790e-07
3.357963404228651985e-07
3.409411375915855743e-07
3.440881473323786478e-07
3.451851956787668045e-07
3.442110164746674858e-07
3.411756330461842889e-07
3.361201989945423041e-07
3.291172039051711084e-07
3.202687396238110991e-07
3.097055708146492987e-07
2.975847514156647140e-07
2.840867793780927573e-07
2.694130766194204403e-07
2.537818659342190831e-07
2.374248438955880618e-07
2.205827986172430920e-07
2.035011007036135494e-07
1.864256545265746746e-07
1.695979510889335513e-07
1.532510097445983742e-07
1.376049245553577699e-07
1.228627366944238963e-07
1.092069949563109156e-07
9.679619360089378934e-08
8.576219785050652071e-08
7.620788903308767207e-08
6.820546683082240815e-08
6.179558379458464302e-08
5.698684619638948893e-08
5.375626480822552382e-08
5.205019159770504471e-08
5.178592006951891122e-08
5.285402563944280343e-08
5.512105657296396156e-08
5.843293736639225498e-08
6.261856419460102173e-08
6.749394562867646381e-08
7.286643885181643294e-08
7.853910189396196908e-08
8.431526981972961510e-08
9.000277385242071117e-08
9.541828953077694791e-08
1.003912158760060545e-07
1.047671706679855039e-07
1.084113064288540935e-07
1.112107271054122226e-07
1.130767362070360108e-07
1.139462061908153732e-07
1.137823001195841205e-07
1.125748366250111340e-07
1.103395763079309974e-07
1.071173181360018146e-07
1.029721167249346578e-07
9.798897658091360211e-08
9.227133430462466610e-08
8.593775766480532660e-08
7.911870689588819385e-08
7.195282389581172410e-08
6.458312750206976731e-08
5.715336105291965550e-08
4.980414646953928822e-08
4.266956490610902615e-08
3.587376431547753870e-08
2.952809810948795480e-08
2.372854611277260783e-08
1.855363516639247369e-08
1.406293209118054220e-08
1.029600043556710385e-08
7.271998545122493191e-09
4.989800013321087268e-09
3.428686169295606672e-09
2.549577954358141230e-09
2.296737423970271887e-09
2.599918325955749850e-09
3.376877916155007947e-09
4.536184081162857456e-09
5.980244584850309336e-09
7.608450987049781959e-09
9.320378981758402795e-09
1.101893008396075466e-08
1.261333159856003738e-08
1.402194801097482034e-08
1.517476008890064224e-08
1.601553118900980911e-08
1.650352948278749376e-08
1.661478789045004475e-08
1.634291475770060941e-08
1.569933685835767690e-08
1.471308902055020651e-08
1.343005904831162010e-08
1.191175467903444459e-08
1.023365607534582931e-08
8.483121235026901346e-09
6.756991721853583602e-09
5.158891116167974746e-09
3.796325229348851187e-09
2.777665340784894630e-09
2.209065176314159847e-09
2.191425967234476085e-09
2.817462057985074037e-09
4.168964449199261267e-09
6.314320573106776668e-09
9.306354942635024277e-09
1.318056615889465382e-08
1.795376646083702787e-08
2.362321757840020892e-08
3.016623672697320299e-08
3.754028247187099837e-08
4.568361564206420925e-08
5.451633952083810631e-08
6.394203655329321314e-08
7.384975722618926436e-08
8.411636304653342605e-08
9.460938469610954348e-08
1.051898952087773100e-07
1.157158834223431753e-07
1.260455804619074224e-07
1.360408131959083746e-07
1.455706486865388060e-07
1.545145170137056804e-07
1.627656449462758757e-07
1.702339580620916120e-07
1.768486621752790844e-07
1.825608738864402074e-07
1.873452662759435346e-07
1.912019182331326243e-07
1.941570231499831580e-07
1.962637315320154054e-07
1.976020479297219546e-07
1.982781927656369245e-07
1.984238905632344278e-07
1.981944762726755103e-07
1.977671842691339780e-07
1.973385293310451752e-07
1.971212692755715071e-07
1.973414362964833294e-07
1.982343794621541448e-07
2.000412068211040947e-07
2.030045832928604567e-07
2.073643875070543875e-07
2.133537538532534744e-07
2.211944324405110456e-07
2.310929147627037458e-07
2.432362458963860999e-07
2.577880145737189499e-07
2.748851628959735793e-07
2.946343160349450569e-07
3.171093601274466616e-07
3.423489128207801295e-07
3.703542104147578383e-07
4.010882934494151963e-07
4.344746124839196635e-07
4.703974336319082665e-07
5.087020579287643669e-07
5.491955236972380623e-07
5.916490456968850388e-07
6.357993622975413173e-07
6.813524328741632844e-07
7.279865059338513066e-07
7.753555221768869867e-07
8.230945677271197540e-07
8.708233300731028819e-07
9.181525669941801892e-07
9.646879904670127858e-07
1.010037112320198799e-06
1.053814323607864879e-06
1.095645805976189772e-06
1.135176632263830742e-06
1.172074278918489752e-06
1.206035352817628085e-06
1.236789626282866248e-06
1.264103496486712410e-06
1.287785562369227287e-06
1.307687646680782472e-06
1.323709155516797239e-06
1.335798039467383639e-06
1.343950930566070265e-06
1.348215311022877959e-06
1.348686645628279960e-06
1.345508934813246795e-06
1.338871630382780126e-06
1.329005786587234946e-06
1.316182277287792545e-06
1.300705140920369805e-06
1.282908482090595352e-06
1.263150057345108142e-06
1.241804493730744014e-06
1.219258789963471206e-06
1.195903676972701563e-06
1.172128988853138238e-06
1.148315013119261197e-06
1.124827700569736293e-06
1.102011652678119030e-06
1.080183580047041872e-06
1.059628502492680564e-06
1.040593160393545276e-06
1.023283450694959097e-06
1.007860408634005932e-06
9.944370962908343247e-07
9.830784204380215142e-07
9.737987951714069316e-07
9.665637851338316420e-07
9.612906545886942417e-07
9.578498626321635517e-07
9.560693672427251170e-07
9.557368289450367654e-07
9.566054597879088624e-07
9.583985906992781872e-07
9.608147932790992171e-07
9.635353592135499336e-07
9.662292102545131083e-07
9.685608812402744530e-07
9.701966344248593497e-07
9.708104934587483168e-07
9.700920009358983788e-07
9.677507490790411283e-07
9.635233514243468513e-07
9.571779231386050653e-07
9.485179230826154733e-07
9.373871470043434579e-07
9.236710915551841443e-07
9.073002730967439897e-07
8.882507853312032414e-07
8.665440193844526870e-07
8.422472288766990763e-07
8.154706372021221422e-07
7.863664272293346758e-07
7.551243419984578465e-07
7.219689933007324823e-07
6.871549641718995824e-07
6.509615237473496295e-07
6.136882641986275724e-07
5.756484814222777328e-07
5.371642988638068473e-07
4.985604715747652709e-07
4.601583979385796538e-07
4.222712605141461402e-07
3.851980461404812488e-07
3.492193065920872237e-07
3.145925059199951422e-07
2.815480551336619201e-07
2.502865547828823709e-07
2.209758273423721870e-07
1.937494798890214430e-07
1.687056449045234369e-07
1.459065441759234999e-07
1.253790716711571900e-07
1.071155925150516516e-07
9.107581306662743728e-08
7.718895843948244617e-08
6.535653159209989288e-08
5.545565769347476471e-08
4.734258235684293850e-08
4.085664935366987586e-08
3.582429712219410034e-08
3.206329119153575278e-08
2.938687293274160980e-08
2.760784058878301426e-08
2.654251561681035413e-08
2.601438297627981197e-08
2.585749546563618632e-08
2.591945127488778785e-08
2.606394611627412543e-08
2.617290543158189323e-08
2.614804877803576661e-08
2.591201218842002193e-08
2.540890272563683503e-08
2.460433930774229187e-08
2.348504182645870691e-08
2.205787989165373553e-08
2.034855299030867474e-08
1.839983321676002165e-08
1.626947246204494502e-08
1.402785869712607634e-08
1.175540131365521890e-08
9.539803777009184943e-09
7.473214624931024211e-09
5.649360773830577813e-09
4.160733965748251189e-09
3.095861486164524715e-09
2.536756744065564370e-09
2.556578187204718769e-09
3.217558703054406806e-09
4.569249989425074600e-09
6.647105940080197561e-09
9.471450160878825936e-09
1.304683448379933466e-08
1.736179709602754127e-08
2.238905512435552138e-08
2.808606586069906455e-08
3.439603169703245078e-08
4.124921325354238472e-08
4.856465865679279030e-08
5.625219571736341200e-08
6.421467054842033946e-08
7.235050849783744645e-08
8.055629450006726607e-08
8.872963344835733599e-08
9.677196010745540875e-08
1.045913233146123958e-07
1.121052797893032611e-07
1.192434128749571785e-07
1.259499393448631679e-07
1.321859030079214608e-07
1.379310603098099225e-07
1.431856598150973464e-07
1.479715008015042473e-07
1.523329275905438714e-07
1.563371437118628421e-07
1.600740452169119152e-07
1.636558400221285721e-07
1.672157795428170398e-07
1.709068123748363149e-07
1.748994962318478558e-07
1.793794503264764870e-07
1.845446856369550233e-07
1.906021113322374047e-07
1.977641955547056405e-07
2.062448535562426199e-07
2.162556022968283364e-07
2.280012564549502966e-07
2.416755290836379507e-07
2.574570240556615342e-07
2.755047393584606744e-07
2.959543400549292597e-07
3.189142883169998358e-07
3.444622480418249027e-07
3.726424277655968668e-07
4.034625940538025541e-07
4.368924674128421037e-07
4.728621564438103237e-07
5.112611401321130452e-07
5.519387108541646306e-07
5.947039345498789413e-07
6.393275613026017675e-07
6.855438241199744723e-07
7.330528076250133639e-07
7.815246102924932549e-07
8.306024365967737627e-07
8.799080213365437826e-07
9.290463828744551385e-07
9.776108623689889201e-07
1.025190012022910680e-06
1.071372456478643978e-06
1.115754226597760203e-06
1.157944562592999332e-06
1.197571510137507508e-06
1.234289187440776079e-06
1.267781958483703825e-06
1.297771039755832238e-06
1.324018483590712489e-06
1.346331943696953605e-06
1.364566438444609121e-06
1.378629590734230181e-06
1.388481827050267342e-06
1.394137819488671934e-06
1.395667055936658629e-06
1.393191319072765017e-06
1.386885648054164623e-06
1.376974043424872444e-06
1.363726523879973354e-06
1.347455379609374815e-06
1.328508609659476201e-06
1.307266939301310153e-06
1.284136073845493470e-06
1.259541025306743479e-06
1.233917742000786830e-06
1.207708458312404251e-06
1.181353028811738460e-06
1.155282286370776483e-06
1.129911519564392600e-06
1.105632504663664514e-06
1.082809432302670862e-06
1.061771840306929868e-06
1.042809917078691341e-06
1.026170456111880131e-06
1.012052015515680557e-06
1.000604032305693570e-06
9.919236580272829699e-07
9.860550618653357482e-07
9.829896112646650344e-07
9.826654658629079438e-07
9.849709969327737760e-07
9.897460744653978898e-07
9.967856113385532800e-07
1.005843818205500879e-06
1.016637592059918187e-06
1.028853431891511028e-06
1.042151816182957497e-06
1.056173410208394294e-06
1.070545525439722577e-06
1.084887126165696452e-06
1.098816997457518812e-06
1.111958681833286283e-06
1.123946786141265022e-06
1.134433015036219664e-06
1.143090163368265900e-06
1.149618956331580489e-06
1.153751047976668009e-06
1.155253075642736127e-06
1.153930077039709141e-06
1.149626553998303338e-06
1.142230189108556777e-06
1.131671496114147691e-06
1.117924440283722004e-06
1.101006345685626968e-06
1.080975545546851480e-06
1.057931590191297833e-06
1.032011668691533795e-06
1.003388103909084822e-06
9.722653321993898794e-07
9.388750851253415651e-07
9.034740489940826277e-07
8.663384398731146428e-07
8.277598218514606874e-07
7.880407586284267181e-07
7.474893143653354000e-07
7.064158739625216610e-07
6.651277865620391730e-07
6.239253533758030351e-07
5.830979912470243394e-07
5.429198714604841701e-07
5.036475874703762109e-07
4.655165148483152056e-07
4.287384613220463094e-07
3.934997053112006576e-07
3.599589525134116687e-07
3.282469052518819102e-07
2.984651688775705961e-07
2.706862243255701476e-07
2.449538177693271593e-07
2.212834566821867535e-07
1.996640290679249018e-07
1.800590996938996868e-07
1.624089688843456205e-07
1.466327423656572716e-07
1.326311267613741716e-07
1.202889696319993327e-07
1.094782027881994690e-07
1.000608722759267768e-07
9.189208492144483158e-08
8.482323353791652122e-08
7.870488237015820001e-08
7.338969028566261370e-08
6.873516542543009581e-08
6.460612282585126925e-08
6.087708417252876291e-08
5.743420214941204075e-08
5.417696505603980709e-08
5.101955222698864927e-08
4.789175800436972908e-08
4.473967838824762200e-08
4.152587543792267162e-08
3.822923234514985115e-08
3.484443175506248632e-08
3.138103208443947556e-08
2.786230703208268002e-08
2.432368611351310454e-08
2.081097900070934390e-08
1.737837072586746891e-08
1.408621674661684285e-08
1.099876106220059526e-08
8.181732204229583658e-09
5.699949993119548421e-09
3.614969447049955686e-09
1.982818091101653569e-09
8.518982732381203841e-10
2.610838779351428564e-10
2.380793117690495029e-10
7.980767638072390175e-10
1.942750267234152360e-09
3.659619342854025590e-09
5.921803741049015228e-09
8.688185127180551965e-09
1.190398422197712695e-08
1.550173288560222793e-08
1.940266903688714216e-08
2.351848078119246750e-08
2.775340520687682282e-08
3.200663626081041087e-08
3.617494930799164672e-08
4.015560294234597607e-08
4.384930784551924613e-08
4.716330742179041780e-08
5.001447147645461832e-08
5.233226587038408071e-08
5.406171081703116417e-08
5.516601656237518141e-08
5.562900966282402122e-08
5.545723018001917650e-08
5.468157314317731337e-08
5.335863019551166452e-08
5.157141637874736044e-08
4.942966802158574788e-08
4.706953513692788330e-08
4.465285497407386300e-08
4.236576045257013377e-08
4.041682180047798795e-08
3.903467885699411599e-08
3.846515400078847199e-08
3.896803238052697625e-08
4.081337239184981176e-08
4.427755290743142959e-08
4.963908051162749872e-08
5.717417248780692436e-08
6.715236483096213981e-08
7.983200592740013611e-08
9.545588267109794403e-08
1.142470242481259653e-07
1.364046174035836409e-07
1.621004896342314862e-07
1.914757388354355468e-07
2.246379312424992502e-07
2.616588446195131914e-07
3.025724667182392458e-07
3.473741571967566063e-07
3.960198625534713365e-07
4.484262269546918083e-07
5.044713930629709580e-07
5.639958468183077180e-07
6.268049718211775916e-07
6.926710737671604362e-07
7.613364555690691512e-07
8.325170450625127989e-07
9.059054891311275674e-07
9.811764315617064835e-07
1.057990242856063844e-06
1.135997829482959202e-06
1.214845652856144699e-06
1.294179413633480907e-06
1.373650373838537152e-06
1.452918892059592812e-06
1.531659062007724124e-06
1.609563176127986521e-06
1.686344051920298414e-06
1.761740508668547211e-06
1.835518870086178712e-06
1.907475712188112824e-06
1.977440174135577523e-06
2.045273525370124306e-06
2.110872504085334949e-06
2.174167761824204692e-06
2.235123874630268736e-06
2.293738870505300815e-06
2.350040699405978961e-06
2.404088197101970327e-06
2.455966589835442681e-06
2.505785046224842324e-06
2.553673910339123000e-06
2.599778833310143501e-06
2.644260168856914185e-06
2.687286652179712812e-06
2.729031687145605709e-06
2.769669612259690792e-06
2.809368983077749134e-06
2.848291864059893735e-06
2.886587320467504359e-06
2.924388062564050258e-06
2.961807388341094104e-06
2.998933285982782821e-06
3.035829199783503729e-06
3.072528930095814601e-06
3.109035785188580777e-06
3.145318320119138305e-06
3.181313157119964973e-06
3.216921813556102854e-06
3.252011360257911869e-06
3.286415690096391025e-06
3.319933925376517898e-06
3.352336250537451368e-06
3.383363447721842477e-06
3.412730376860134457e-06
3.440129980869625660e-06
3.465234187073356344e-06
3.487702328641622009e-06
3.507182819198545050e-06
3.523318670513225700e-06
3.535753257314996990e-06
3.544132620863804452e-06
3.548115103633526231e-06
3.547373753055341840e-06
3.541602276910735648e-06
3.530520843730620788e-06
3.513878074567722792e-06
3.491459906328914733e-06
3.463090896233029713e-06
3.428638673816436085e-06
3.388017841668860655e-06
3.341189900674967605e-06
3.288169390718681886e-06
3.229022518287507196e-06
3.163868528764600205e-06
3.092880291082380984e-06
3.016281078139859963e-06
2.934346823892223985e-06
2.847401445654727769e-06
2.755814613327470041e-06
2.659998765919929042e-06
2.560402901771444064e-06
2.457511125427075910e-06
2.351835384160559018e-06
2.243910495116353398e-06
2.134288729789478465e-06
2.023532080881534389e-06
1.912208622127288537e-06
1.800884557687477540e-06
1.690118486336439432e-06
1.580455684240826415e-06
1.472421095384439721e-06
1.366515768355953510e-06
1.263210546836540713e-06
1.162941847678575233e-06
1.066107867185154097e-06
9.730643644988242217e-07
8.841231867331376892e-07
7.995493426875808791e-07
7.195598597181553331e-07
6.443232447832794808e-07
5.739590262266165178e-07
5.085392357965476699e-07
4.480892477944257483e-07
3.925899569120548982e-07
3.419800008488851923e-07
2.961592436835755796e-07
2.549918955831368952e-07
2.183103890486974683e-07
1.859194792176762733e-07
1.576003613853743097e-07
1.331152634028249797e-07
1.122116954244428146e-07
9.462684858830184530e-08
8.009185038052475915e-08
6.833576052904098982e-08
5.908947650768409291e-08
5.208918288597708948e-08
4.707954397077716705e-08
4.381651438205832539e-08
4.206971404188562737e-08
4.162447404717016129e-08
4.228338901135802073e-08
4.386750496625511116e-08
4.621711681857692183e-08
4.919215916791420583e-08
5.267234204546160154e-08
5.655691017824052691e-08
6.076418655539100713e-08
6.523091097326579227e-08
6.991136224286640794e-08
7.477648075712073227e-08
7.981282010865731725e-08
8.502153850716473279e-08
9.041742537707072038e-08
9.602792132120432608e-08
1.018923964611200288e-07
1.080614133503315497e-07
1.145962227066216726e-07
1.215684395992380888e-07
1.290598005138337784e-07
1.371623081849526085e-07
1.459783557854946033e-07
1.556211177953415592e-07
1.662150983788579796e-07
1.778966664755745635e-07
1.908149593493994382e-07
2.051325791344994843e-07
2.210264481647804071e-07
2.386886645976575533e-07
2.583271092315259271e-07
2.801663434775485158e-07
3.044479943114711462e-07
3.314311541937125716e-07
3.613925956014175583e-07
3.946264532597115561e-07
4.314442101958777217e-07
4.721738260659448311e-07
5.171588293538376845e-07
5.667571191205789572e-07
6.213389788957345117e-07
6.812856367764936645e-07
7.469866176336297237e-07
8.188371936544488107e-07
8.972355784597401083e-07
9.825791184899397167e-07
1.075261595819671901e-06
1.175668924391604249e-06
1.284175301653208307e-06
1.401139273044390530e-06
1.526898570455317527e-06
1.661766995231048077e-06
1.806029147349898837e-06
1.959936492879613533e-06
2.123701765241255777e-06
2.297496431136769454e-06
2.481445380822874242e-06
2.675623254489275160e-06
2.880051178555631481e-06
3.094691609492918693e-06
3.319447846379218407e-06
3.554159679939508779e-06
3.798601583346986477e-06
4.052481591026382094e-06
4.315437653893359202e-06
4.587040576960501584e-06
4.866791602868631824e-06
5.154123552273387731e-06
5.448402844045151882e-06
5.748928120609864217e-06
6.054937555520789108e-06
6.365608893752280087e-06
6.680064075838153522e-06
6.997374766609201621e-06
7.316563362140251971e-06
7.636614780027757809e-06
7.956478689355145730e-06
8.275077245763795992e-06
8.591313526575049351e-06
8.904074097230590707e-06
9.212244263352517982e-06
9.514711229333852645e-06
9.810373489840377799e-06
1.009815049375995968e-05
1.037698499725740190e-05
1.064585966197026195e-05
1.090379904701834773e-05
1.114987836281250347e-05
1.138323195800426292e-05
1.160305318262859471e-05
1.180860967524985646e-05
1.199924190758921042e-05
1.217436890793647352e-05
1.233349326468100165e-05
1.247619659762493447e-05
1.260215130819408002e-05
1.271111418478531722e-05
1.280292761703662695e-05
1.287751992405878474e-05
1.293489586643440811e-05
1.297514404510336013e-05
1.299842571295455787e-05
1.300497170613149727e-05
1.299507870166194780e-05
1.296909605201556479e-05
1.292742987384176561e-05
1.287052905693746409e-05
1.279887991819837488e-05
1.271300068481886193e-05
1.261342746298713908e-05
1.250071747882407803e-05
1.237543544431344069e-05
1.223815053053383733e-05
1.208942399140698506e-05
1.192981370036469072e-05
1.175986301837000617e-05
1.158009862375317585e-05
1.139102900138607204e-05
1.119313632673459894e-05
1.098688421391061464e-05
1.077271130418740152e-05
1.055103327433381025e-05
1.032224549294561519e-05
1.008671979823609895e-05
9.844815398213695734e-06
9.596876943782624853e-06
9.343239915103254819e-06
9.084236236981584064e-06
8.820194434722112303e-06
8.551451630473091059e-06
8.278353898607622964e-06
8.001262455129676317e-06
7.720559433141056341e-06
7.436648494643822146e-06
7.149964768485687249e-06
6.860974386435293707e-06
6.570178314524022127e-06
6.278115193915027277e-06
5.985359453708403819e-06
5.692526360759480271e-06
5.400268183047071403e-06
5.109273356663634070e-06
4.820264412140403661e-06
4.533991945101292460e-06
4.251233551464978209e-06
3.972785774081155666e-06
3.699458201523674943e-06
3.432066527315903851e-06
3.171422801858313999e-06
2.918329249900339890e-06
2.673567304130091653e-06
2.437888420890140056e-06
2.212004471420589949e-06
1.996576727519131287e-06
1.792207604255421961e-06
1.599429901437385613e-06
1.418697854261561778e-06
1.250378628044965700e-06
1.094743839528752241e-06
9.519635239603718621e-07
8.220996626703394138e-07
7.051017821316112776e-07
6.008038947957286616e-07
5.089226802360637556e-07
4.290581186429968526e-07
3.606952400662375383e-07
3.032082350220536970e-07
2.558665890425887525e-07
2.178432281196117530e-07
1.882251848905420507e-07
1.660262128851846168e-07
1.502018419011291195e-07
1.396666890402476301e-07
1.333139373948607220e-07
1.300371589805449331e-07
1.287540870724376892e-07
1.284324671650955307e-07
1.281177681395907534e-07
1.269625257087434044e-07
1.242573364591282005e-07
1.194630147982574949e-07
1.122438950959508851e-07
1.025018670858286914e-07
9.041106443343084402e-08
7.645266766932085513e-08
6.144970227102015778e-08
4.660144623598137874e-08
3.351710865069960688e-08
2.424853655103451967e-08
2.132151949228869937e-08
2.776546801331127275e-08
4.714113504962494566e-08
8.356607976931263585e-08
1.417376694315562576e-07
2.269533184323030073e-07
3.451278081272373290e-07
5.028075513285913415e-07
7.071813933725281947e-07
9.660885157783467315e-07
1.288022575122348230e-06
1.682132654415224479e-06
2.158221062489282970e-06
2.726736894864596473e-06
3.398768388266193725e-06
4.186030537903444017e-06
5.100850865906320707e-06
6.156153157186244588e-06
7.365436192160592179e-06
8.742756082481249497e-06
1.030270183214497935e-05
1.206037227640100021e-05
1.403135305222293778e-05
1.623168676112548422e-05
1.867785545457118472e-05
2.138675138681581935e-05
2.437565423714440572e-05
2.766221067583842869e-05
3.126440275356484410e-05
3.520054192110366948e-05
3.948924111200388502e-05
4.414940014208674910e-05
4.920019518467188158e-05
5.466104851472968607e-05
6.055164260409946596e-05
6.689189450425433883e-05
7.370195229461651298e-05
8.100219619133383045e-05
8.881320589645630230e-05
9.715579768954209292e-05
1.060509945760544648e-04
1.155200298276740545e-04
1.255843546010973282e-04
1.362655916088462192e-04
1.475855924152248309e-04
1.595663898586340468e-04
1.722301990280510075e-04
1.855994211257139682e-04
1.996965669351540896e-04
2.145443285489487598e-04
2.301654968824566778e-04
2.465829687821053371e-04
2.638196336431706916e-04
2.818984533346722545e-04
3.008423399004567429e-04
3.206741239946428001e-04
3.414165253828102130e-04
3.630919804037526042e-04
3.857227325179488769e-04
4.093306495098042431e-04
4.339371658297700709e-04
4.595632286418574724e-04
4.862290579223515628e-04
5.139542558943679300e-04
5.427575590245785212e-04
5.726567587140815249e-04
6.036686292592972512e-04
6.358086210248315709e-04
6.690910065827248383e-04
7.035285716456543461e-04
7.391325278032144204e-04
7.759124378966587333e-04
8.138758516115976839e-04
8.530285151071549882e-04
8.933740134973323227e-04
9.349136976521177150e-04
9.776466303752209732e-04
1.021569181525371940e-03
1.066675334715179620e-03
1.112956300711207035e-03
1.160400486279969433e-03
1.208993489763166441e-03
1.258717678090409903e-03
1.309552627124772103e-03
1.361474728921640816e-03
1.414457232533575118e-03
1.468470318355042780e-03
1.523480680377084550e-03
1.579452133963839657e-03
1.636345238386716604e-03
1.694117435379627074e-03
1.752723225943096349e-03
1.812113775921924980e-03
1.872237714451263028e-03
1.933040784772111680e-03
1.994466094510340820e-03
2.056454405111153485e-03
2.118943766166513781e-03
2.181870508831355339e-03
2.245168922324315523e-03
2.308771610637856946e-03
2.372609884245720398e-03
2.436613409855545569e-03
2.500711377986921356e-03
2.564832182382839262e-03
2.628903854584100676e-03
2.692854524161064980e-03
2.756612050310486978e-03
2.820105317184325947e-03
2.883263874507432673e-03
2.946018400732310083e-03
3.008301178810170780e-03
3.070045661372458948e-03
3.131187829169772025e-03
3.191665740935786463e-03
3.251419965353493507e-03
3.310394011813955119e-03
3.368533778746821746e-03
3.425788906716099695e-03
3.482112189870133819e-03
3.537460123464084959e-03
3.591792231097427120e-03
3.645072372721585435e-03
3.697268024054295530e-03
3.748350528590320505e-03
3.798295332275761303e-03
3.847081146847439181e-03
3.894691172510689799e-03
3.941112211061917163e-03
3.986334793856811248e-03
4.030353292045284197e-03
4.073164932325657427e-03
4.114770932088165564e-03
4.155175475220934320e-03
4.194385738491194539e-03
4.232411905495077516e-03
4.269266080145995602e-03
4.304963360214221491e-03
4.339520729986120519e-03
4.372957030659429221e-03
4.405292926729616546e-03
4.436549779127927674e-03
4.466750698570899278e-03
4.495919419493537260e-03
4.524080267953894084e-03
4.551258133810754010e-03
4.577477365410122234e-03
4.602762843606980972e-03
4.627138895111106154e-03
4.650629303552064435e-03
4.673257330325982818e-03
4.695044678434923471e-03
4.716012614504713936e-03
4.736180961502204669e-03
4.755568180404261790e-03
4.774191463241625293e-03
4.792065792254100731e-03
4.809205117977777277e-03
4.825621449259563135e-03
4.841325012446128818e-03
4.856324420016895800e-03
4.870625830705212038e-03
4.884234174291352502e-03
4.897152338304985690e-03
4.909381395451391239e-03
4.920920836295702462e-03
4.931767821688208021e-03
4.941918433617104901e-03
4.951366946520483099e-03
4.960106104415118629e-03
4.968127398112372195e-03
4.975420394031183913e-03
4.981973985416201546e-03
4.987775731078215175e-03
4.992812160039613624e-03
4.997069070835221186e-03
5.000530918189669688e-03
5.003182037487665865e-03
5.005006032085895784e-03
5.005986258100083436e-03
5.006105243469507853e-03
5.005345871349512095e-03
5.003690792341087580e-03
5.001122720118116385e-03
4.997624711963215803e-03
4.993179610939780903e-03
4.987771153929340846e-03
4.981383398158803488e-03
4.974000980296289579e-03
4.965609355736305165e-03
4.956194246658372250e-03
4.945742651325489569e-03
4.934242269841009054e-03
4.921681709460480614e-03
4.908050667096849722e-03
4.893339372801343637e-03
4.877539485580241994e-03
4.860643512435613468e-03
4.842644953296742008e-03
4.823538423053467736e-03
4.803319092416167939e-03
4.781983469898392833e-03
4.759528822461433877e-03
4.735953268904223752e-03
4.711255853695001106e-03
4.685436002778167741e-03
4.658494208264070922e-03
4.630431474430819240e-03
4.601249383964394098e-03
4.570950150661399862e-03
4.539536120771773056e-03
4.507010390074215646e-03
4.473376309089303025e-03
4.438637555534007302e-03
4.402798199885684695e-03
4.365862286715599047e-03
4.327834416830503295e-03
4.288719344434374983e-03
4.248522086185183358e-03
4.207248027960678281e-03
4.164902611509061978e-03
4.121491904203521649e-03
4.077022306627270040e-03
4.031500712794471378e-03
3.984934668455685641e-03
3.937332167638600035e-03
3.888702211751303948e-03
3.839054622271158811e-03
3.788400242669458240e-03
3.736751133890769527e-03
3.684120459536918430e-03
3.630523011915918856e-03
3.575975099218358256e-03
3.520494756026548537e-03
3.464101939145576223e-03
3.406818458470778962e-03
3.348668429370307061e-03
3.289678186089729436e-03
3.229876453347165811e-03
3.169294494002715921e-03
3.107966033016932705e-03
3.045927590584522181e-03
2.983218370028326277e-03
2.919880343505055695e-03
2.855958306715595651e-03
2.791499749426486383e-03
2.726555034539263241e-03
2.661177220834187122e-03
2.595422057103285215e-03
2.529347789476033958e-03
2.463015207721578909e-03
2.396487403128784357e-03
2.329829638211548554e-03
2.263109185545690051e-03
2.196395053466580847e-03
2.129757879148208577e-03
2.063269613309851643e-03
1.997003284407573680e-03
1.931032740071769553e-03
1.865432314245240274e-03
1.800276607296277896e-03
1.735640130498761636e-03
1.671597008074786426e-03
1.608220668636000999e-03
1.545583498435210753e-03
1.483756568774812108e-03
1.422809290542563238e-03
1.362809112665042425e-03
1.303821223559136410e-03
1.245908245275269711e-03
1.189129975641411551e-03
1.133543107751458241e-03
1.079200985133053252e-03
1.026153372089039836e-03
9.744462400800265114e-04
9.241215849970816710e-04
8.752172576777299219e-04
8.277668242944738941e-04
7.817994501609035760e-04
7.373398138555738038e-04
6.944080405317195649e-04
6.530196695596695525e-04
6.131856461652163094e-04
5.749123391808787101e-04
5.382015939442923820e-04
5.030507950553444801e-04
4.694529707980992211e-04
4.373969140629545022e-04
4.068673261683767510e-04
3.778449922032023670e-04
3.503069573698234357e-04
3.242267411581321499e-04
2.995745586020363599e-04
2.763175563374283732e-04
2.544200703976626276e-04
2.338438760906671522e-04
2.145484645264054936e-04
1.964913158292355667e-04
1.796281763751868710e-04
1.639133450581858962e-04
1.492999433795091490e-04
1.357401980768457221e-04
1.231857108750052576e-04
1.115877216365275396e-04
1.008973683873673705e-04
9.106592501634674659e-05
8.204503861908746557e-05
7.378694637235134926e-05
6.624468315570839264e-05
5.937226440679408042e-05
5.312486124960348274e-05
4.745895365182910768e-05
4.233246608299319144e-05
3.770488796228102583e-05
3.353737000019725676e-05
2.979280848965933743e-05
2.643590875638916380e-05
2.343323156089616730e-05
2.075322463793802811e-05
1.836623457388429685e-05
1.624450744548100955e-05
1.436217347618107810e-05
1.269521892024214643e-05
1.122144727548963534e-05
9.920427673071688458e-06
8.773436286776090820e-06
7.763388553574211630e-06
6.874764785297890760e-06
6.093531001578015590e-06
5.407054207563156507e-06
4.804016062731743407e-06
4.274323994917414077e-06
3.809021611622946164e-06
3.400199748827087868e-06
3.040907846336252021e-06
2.725068135609212030e-06
2.447392099875274181e-06
2.203300299815848651e-06
1.988846308026309875e-06
1.800644409551285268e-06
1.635802439052753559e-06
1.491859196551080550e-06
1.366726875489505796e-06
1.258638712889521535e-06
1.166101332757332271e-06
1.087852389941537446e-06
1.022822842102415213e-06
9.701038376198429152e-07
9.289180932966599491e-07
8.985950950632065062e-07
8.785503335130568351e-07
8.682678559002269140e-07
8.672859302831511885e-07
8.751855990885615964e-07
8.915814185554632451e-07
9.161145361895290274e-07
9.484474254849583137e-07
9.882600920514485688e-07
1.035247622957734448e-06
1.089118387095995911e-06
1.149593231278841427e-06
1.216405039664886428e-06
1.289298607986705941e-06
1.368030897131375683e-06
1.452370941181834681e-06
1.542100101707099578e-06
1.637012005343220913e-06
1.736912283284698603e-06
1.841618385073009754e-06
1.950958591623227644e-06
2.064771350778999849e-06
2.182904106550944703e-06
2.305211887864554243e-06
2.431556112224236913e-06
2.561802433561964871e-06
2.695819250871140604e-06
2.833475633175140658e-06
2.974639783227888570e-06
3.119176458403154726e-06
3.266945414022802764e-06
3.417799390509600673e-06
3.571582131141442125e-06
3.728127180221026743e-06
3.887255441233417367e-06
4.048774210849886107e-06
4.212475698185185593e-06
4.378135836491829294e-06
4.545513079133918075e-06
4.714348492142170299e-06
4.884363030646409087e-06
5.055259529150420932e-06
5.226721361272683788e-06
5.398410972288261667e-06
5.569973082609744723e-06
5.741031369380319845e-06
5.911192231378854677e-06
6.080044164088524185e-06
6.247156989114738898e-06
6.412086709061118455e-06
6.574372415047031180e-06
6.733541707607200419e-06
6.889110763337935660e-06
7.040584238610604643e-06
7.187461755173699009e-06
7.329234960393654153e-06
7.465394523544700058e-06
7.595430767296174026e-06
7.718834104707579717e-06
7.835102168321222830e-06
7.943740637878770201e-06
8.044263842942314118e-06
8.136203271289016778e-06
8.219104366956956397e-06
8.292535238439172968e-06
8.356087418580750585e-06
8.409376337026592109e-06
8.452050278172009719e-06
8.483786438277444078e-06
8.504299776249241218e-06
8.513343095397307185e-06
8.510706789712343333e-06
8.496227407894796357e-06
8.469782490870841776e-06
8.431298722219094689e-06
8.380750758876422208e-06
8.318159728346770907e-06
8.243600601861590164e-06
8.157195515657737544e-06
8.059120500422826868e-06
7.949602705504278576e-06
7.828917360334199384e-06
7.697393378656496802e-06
7.555405166703154247e-06
7.403377471135373906e-06
7.241780950793019765e-06
7.071127620817329804e-06
6.891974413920211167e-06
6.704913794394434254e-06
6.510576578028396281e-06
6.309626119832395474e-06
6.102752556816351393e-06
5.890674380331217000e-06
5.674128448743291193e-06
5.453870960960699793e-06
5.230670814314540563e-06
5.005303230144356679e-06
4.778549728529410035e-06
4.551188357072582837e-06
4.323993334653210825e-06
4.097728385591910552e-06
3.873140565816252514e-06
3.650959358696860806e-06
3.431888097698585804e-06
3.216603099628248740e-06
3.005747957010266124e-06
2.799928528030633171e-06
2.599712107308651021e-06
2.405621041834339611e-06
2.218132333204776002e-06
2.037673863941813544e-06
1.864621458640682194e-06
1.699299088975320167e-06
1.541975454423585210e-06
1.392864913862280732e-06
1.252126322774346114e-06
1.119862717355005517e-06
9.961231873249978818e-07
8.809026637843492585e-07
7.741445873010549766e-07
6.757424349918820692e-07
5.855419476595664072e-07
5.033446898676438216e-07
4.289105579422065249e-07
3.619619197777961230e-07
3.021871787368383698e-07
2.492447515759971241e-07
2.027676514031218368e-07
1.623675550803891596e-07
1.276395281068470969e-07
9.816639685876349417e-08
7.352318885437563404e-08
5.328162367954970743e-08
3.701425485618086802e-08
2.429861078160781419e-08
1.472099440380326873e-08
7.880054997761104397e-09
3.390073754359656261e-09
8.838832739368478802e-10
1.545353334629157302e-11
4.620900057958897920e-10
1.926248626196344307e-09
4.136955858189190709e-09
6.850831772656618993e-09
9.852729206438188561e-09
1.295599339123232711e-08
1.600235222898458045e-08
1.886148806111355221e-08
2.143026140414861312e-08
2.363168532137959472e-08
2.541361878226074718e-08
2.674723036983740346e-08
2.762531729053819309e-08
2.806040854909976098e-08
2.808281656081104976e-08
2.773856178290286202e-08
2.708724738448806965e-08
2.619996421582925066e-08
2.515713855029948756e-08
2.404648881864879289e-08
2.296100025473334966e-08
2.199698824589742447e-08
2.125230531160454695e-08
2.082460805014260378e-08
2.080981350728299525e-08
2.130065803912499790e-08
2.238540332456341230e-08
2.414673029213172846e-08
2.666072690480011944e-08
2.999608656996422877e-08
3.421341664579363241e-08
3.936468129398066766e-08
4.549284575819309700e-08
5.263155664014846702e-08
6.080505348011695014e-08
7.002813109371017543e-08
8.030618720963700952e-08
9.163550545963531358e-08
1.040034337637678920e-07
1.173888705419793498e-07
1.317626898209845105e-07
1.470881968695826546e-07
1.633218739511341443e-07
1.804139916061395933e-07
1.983092195667852736e-07
2.169476359939890783e-07
2.362652507490383146e-07
2.561951232511274497e-07
2.766681361748601217e-07
2.976137169409845277e-07
3.189611155697354965e-07
3.406398632900625063e-07
3.625810829005693097e-07
3.847182092598453376e-07
4.069875993643150041e-07
4.293298751338302695e-07
4.516900566265618993e-07
4.740188358084256766e-07
4.962729774218830059e-07
5.184155503472875949e-07
5.404170797455175935e-07
5.622550778915887754e-07
5.839150298834803751e-07
6.053902212230379141e-07
6.266813571070767136e-07
6.477973155139184653e-07
6.687538895168069637e-07
6.895743354006129166e-07
7.102885131219932274e-07
7.309318230207779199e-07
7.515455345960198442e-07
7.721747639535860174e-07
7.928686584959519595e-07
8.136789759667384013e-07
8.346585126909769599e-07
8.558612362413115595e-07
8.773397641700365544e-07
8.991455036541709505e-07
9.213270181822329325e-07
9.439283228079274581e-07
9.669892382796169519e-07
9.905427785083839272e-07
1.014615690934916584e-06
1.039227037463413281e-06
1.064386770608365109e-06
1.090096738724281753e-06
1.116348340732660657e-06
1.143123843880167287e-06
1.170395484466197168e-06
1.198124584223660575e-06
1.226263457211340349e-06
1.254753471749971363e-06
1.283527289894141603e-06
1.312508536604114673e-06
1.341611451041042694e-06
1.370743670602887853e-06
1.399804571188691927e-06
1.428688300483407729e-06
1.457283809193005811e-06
1.485474798486472900e-06
1.513143125660353678e-06
1.540167115614945202e-06
1.566425079760221356e-06
1.591795373574074671e-06
1.616156308500685187e-06
1.639389832753165911e-06
1.661379494379286778e-06
1.682014109088034663e-06
1.701187541711404472e-06
1.718798313700750655e-06
1.734753262399408189e-06
1.748964962170316156e-06
1.761355291665963040e-06
1.771854774577538384e-06
1.780401760010392207e-06
1.786945878206043702e-06
1.791444895762104158e-06
1.793868046817420478e-06
1.794194912312153325e-06
1.792414182841242812e-06
1.788526822293120835e-06
1.782542456394438615e-06
1.774482402451079796e-06
1.764378149757876624e-06
1.752269779737911703e-06
1.738208786659039956e-06
1.722254147201630491e-06
1.704475002671467689e-06
1.684948827676441931e-06
1.663759595423305698e-06
1.641000215274598634e-06
1.616768439048285847e-06
1.591169163049213840e-06
1.564312385660856514e-06
1.536311218389532501e-06
1.507283935576143779e-06
1.477349891066330573e-06
1.446631460445352804e-06
1.415251930561571552e-06
1.383333502103254095e-06
1.350999027896126797e-06
1.318368155963264023e-06
1.285559023789616112e-06
1.252686284801220849e-06
1.219859306647687068e-06
1.187183766398216258e-06
1.154758266652559008e-06
1.122675971330153155e-06
1.091023003017489880e-06
1.059877056373039451e-06
1.029309055971875185e-06
9.993804562238616553e-07
9.701450093420534396e-07
9.416477120982339875e-07
9.139239814090118904e-07
8.870015205242411284e-07
8.608983885238147718e-07
8.356249942009779671e-07
8.111836287082365074e-07
7.875682000265796153e-07
7.647663125555615522e-07
7.427580152475174939e-07
7.215179616234164941e-07
7.010153932173053270e-07
6.812142663864401606e-07
6.620753994727186016e-07
6.435556591856626898e-07
6.256100966232102936e-07
6.081921278679307141e-07
5.912537904119271976e-07
5.747477291496723122e-07
5.586265286134680839e-07
5.428445935960796313e-07
5.273582622770429047e-07
5.121259432627049602e-07
4.971095862953144532e-07
4.822746627071591281e-07
4.675901527468667375e-07
4.530298824410807304e-07
4.385716637711069121e-07
4.241984563155126368e-07
4.098980652716254201e-07
3.956628424308521727e-07
3.814905422273507543e-07
3.673832838669455230e-07
3.533482498980821128e-07
3.393971324399635315e-07
3.255455997415965327e-07
3.118137400374105852e-07
2.982249291067566106e-07
2.848061613289261515e-07
2.715873501363994966e-07
2.586006724408331113e-07
2.458807205475640186e-07
2.334633943672711606e-07
2.213859917059465488e-07
2.096864863597717437e-07
1.984028688850140940e-07
1.875731364315618823e-07
1.772343166882315202e-07
1.674224442802264224e-07
1.581719252347396579e-07
1.495149741620157083e-07
1.414815672990269960e-07
1.340986779358601359e-07
1.273902612750504693e-07
1.213767945982093256e-07
1.160748921349721896e-07
1.114973434211144032e-07
1.076526143225329879e-07
1.045449586092624814e-07
1.021742029071169949e-07
1.005355998000884182e-07
9.962006090462316132e-08
9.941394474085807013e-08
9.989939075252737563e-08
1.010543798038813149e-07
1.028528442554100974e-07
1.052651601804594641e-07
1.082581862640289332e-07
1.117958556178593234e-07
1.158394731354751819e-07
1.203480289766400351e-07
1.252789315287249347e-07
1.305881826107778323e-07
1.362311713820123181e-07
1.421630842270786417e-07
1.483392859326111118e-07
1.547161824939112831e-07
1.612513494278390031e-07
1.679043898821482077e-07
1.746372729937782932e-07
1.814145991549503458e-07
1.882044288811627103e-07
1.949781670356808502e-07
2.017113223501236650e-07
2.083835980701777047e-07
2.149788809650277043e-07
2.214858955755981607e-07
2.278977095438859933e-07
2.342122859193002710e-07
2.404322332536517883e-07
2.465644511786903931e-07
2.526205627670604064e-07
2.586160224640382567e-07
2.645704613680407099e-07
2.705071250040433697e-07
2.764522267237741872e-07
2.824352266152736422e-07
2.884876359902364749e-07
2.946432619910607030e-07
3.009374579574022735e-07
3.074063182554845214e-07
3.140869503613221556e-07
3.210161215435188701e-07
3.282305600439006471e-07
3.357661690295084786e-07
3.436572049342313532e-07
3.519366978547521135e-07
3.606350581647381127e-07
3.697805734632174179e-07
3.793986919048130737e-07
3.895112705102881695e-07
4.001372523339530288e-07
4.112912733241242357e-07
4.229844379353940955e-07
4.352237031857895712e-07
4.480112109413758953e-07
4.613452742567529388e-07
4.752189531491149127e-07
4.896211453770675002e-07
5.045360506693974410e-07
5.199425602041138749e-07
5.358155788902340524e-07
5.521245131703445289e-07
5.688347043423318161e-07
5.859069467118295179e-07
6.032969131562669191e-07
6.209568482408382783e-07
6.388339305272778763e-07
6.568720904939215242e-07
6.750115781860721355e-07
6.931884296192474119e-07
7.113365741298476913e-07
7.293860617050638728e-07
7.472653050880919123e-07
7.649007002033744884e-07
7.822161418764972032e-07
7.991355573743896456e-07
8.155809879537921677e-07
8.314752426628396807e-07
8.467415410312434476e-07
8.613030469967178053e-07
8.750857581765333135e-07
8.880163938896140067e-07
9.000253528970724978e-07
9.110462850525748244e-07
9.210155495879428520e-07
9.298749177155661780e-07
9.375710355525613009e-07
9.440547739693290887e-07
9.492843018029142556e-07
9.532224815717624415e-07
9.558398795623324144e-07
9.571139382944414276e-07
9.570280500789468666e-07
9.555744439168290409e-07
9.527511994091213736e-07
9.485650052101423253e-07
9.430299651591270769e-07
9.361663448228385336e-07
9.280031058931943225e-07
9.185745983118458228e-07
9.079229459256318167e-07
8.960965272813433551e-07
8.831484606502953466e-07
8.691387386363637704e-07
8.541307789395752695e-07
8.381934370923267936e-07
8.213993177830464312e-07
8.038231653724740569e-07
7.855436614134760866e-07
7.666400872527935280e-07
7.471940528870694852e-07
7.272878500818680430e-07
7.070029506022921725e-07
6.864215810326292371e-07
6.656237385206315086e-07
6.446887470282794576e-07
6.236938372098425036e-07
6.027129114918055403e-07
5.818179948017006245e-07
5.610767580768904591e-07
5.405539772949802630e-07
5.203104410381086377e-07
5.004020519629946523e-07
4.808811995341279755e-07
4.617948316029066791e-07
4.431858375382434598e-07
4.250922925887025158e-07
4.075468797874908995e-07
3.905781851798516981e-07
3.742092674053900761e-07
3.584589530960484098e-07
3.433413687098767554e-07
3.288656206313222954e-07
3.150369994660190122e-07
3.018559557950807327e-07
2.893192955312637592e-07
2.774199336156428430e-07
2.661467640159357587e-07
2.554857702004774272e-07
2.454193116091897207e-07
2.359272210109863349e-07
2.269867197058250700e-07
2.185724186514712122e-07
2.106573409560412643e-07
2.032124301887181249e-07
1.962075542440198449e-07
1.896115222927313612e-07
1.833921588542615225e-07
1.775172319633726891e-07
1.719540927269024419e-07
1.666705704033288455e-07
1.616350194297250867e-07
1.568163967174086101e-07
1.521850615150053415e-07
1.477124507577224391e-07
1.433718231220655886e-07
1.391382554665515278e-07
1.349886484217195054e-07
1.309023460093111959e-07
1.268607636350450594e-07
1.228479319555885877e-07
1.188503783958644645e-07
1.148570081596379007e-07
1.108595060535402473e-07
1.068518766117766894e-07
1.028307669629669433e-07
9.879521722198607884e-08
9.474641518474711394e-08
9.068788922617941497e-08
8.662498262204856626e-08
8.256498699613058573e-08
7.851680618223429325e-08
7.449064017749483379e-08
7.049803103574470467e-08
6.655134562618398785e-08
6.266379676835024260e-08
5.884910554060845220e-08
5.512120112679378026e-08
5.149420896691255201e-08
4.798202878499258956e-08
4.459833129161039818e-08
4.135630082992917446e-08
3.826842457317722138e-08
3.534649842461216791e-08
3.260135394810293544e-08
3.004289023446859081e-08
2.767993640400339198e-08
2.552015628201309133e-08
2.357010509818787298e-08
2.183510187500334076e-08
2.031931044360759987e-08
1.902570799944230556e-08
1.795608069673553472e-08
1.711112309606706194e-08
1.649040606869628229e-08
1.609248865988778008e-08
1.591494637824586129e-08
1.595440821702626507e-08
1.620667578390303552e-08
1.666672376001629371e-08
1.732882211896488941e-08
1.818657917629757054e-08
1.923297885791826411e-08
2.046050966308627232e-08
2.186115232694865787e-08
2.342651202000492162e-08
2.514785404788008355e-08
2.701612516551747935e-08
2.902210472551253513e-08
3.115635972863043662e-08
3.340940566650828769e-08
3.577173227412186298e-08
3.823380948167084289e-08
4.078628132276095724e-08
4.341987953235805553e-08
4.612563108066952240e-08
4.889487126274110093e-08
5.171923091050392050e-08
5.459085177388816925e-08
5.750238442394765077e-08
6.044695571882956823e-08
6.341843689292217397e-08
6.641124949157859001e-08
6.942063675556384434e-08
7.244261351189055235e-08
7.547387800846180509e-08
7.851210101771056322e-08
8.155562448509454312e-08
8.460374457605680295e-08
8.765658653531037917e-08
9.071493722735866310e-08
9.378053764985302009e-08
9.685565629527021948e-08
9.994337469022425610e-08
1.030473806332428752e-07
1.061717204975215266e-07
1.093211024119045149e-07
1.125003534700827765e-07
1.157147264908217773e-07
1.189696329148622615e-07
1.222703399498173857e-07
1.256223179011721930e-07
1.290306108479965272e-07
1.325002038172790593e-07
1.360357307195282981e-07
1.396411505227749321e-07
1.433201800510999956e-07
1.470756054773748082e-07
1.509097472626703182e-07
1.548241684346325481e-07
1.588193497715273811e-07
1.628952349402904598e-07
1.670504877898560230e-07
1.712830727139704859e-07
1.755899643973005403e-07
1.799668182057845776e-07
1.844086330845200569e-07
1.889089374258836900e-07
1.934604847051696411e-07
1.980549499304050066e-07
2.026825805401659345e-07
2.073329745928938200e-07
2.119941768715152853e-07
2.166534905717594207e-07
2.212971530963297206e-07
2.259099659055964029e-07
2.304761974315844676e-07
2.349785938835061680e-07
2.393993244883777793e-07
2.437196529598378532e-07
2.479195701882250024e-07
2.519788466787627119e-07
2.558759896579733877e-07
2.595893487688398694e-07
2.630968143920021400e-07
2.663754880940359283e-07
2.694029011771996683e-07
2.721559545025212587e-07
2.746121888566121401e-07
2.767495249661123400e-07
2.785459841480944528e-07
2.799810439275833665e-07
2.810345693744008710e-07
2.816881946730383938e-07
2.819250742433515685e-07
2.817296178771149080e-07
2.810888874920892669e-07
2.799914875526102790e-07
2.784289395298178396e-07
2.763953693409965084e-07
2.738871812198658418e-07
2.709043519463199567e-07
2.674492300274281862e-07
2.635277559141144498e-07
2.591490068055511319e-07
2.543247382497174345e-07
2.490704414308993231e-07
2.434040332588813672e-07
2.373468103386086602e-07
2.309228251909296269e-07
2.241582843581311275e-07
2.170823065104857233e-07
2.097255610833778243e-07
2.021209323113925042e-07
1.943027889333442693e-07
1.863063134676618966e-07
1.781679990515327771e-07
1.699243702279480000e-07
1.616124280465038515e-07
1.532689471262734885e-07
1.449298703591653620e-07
1.366306547172046769e-07
1.284052326786876489e-07
1.202863568299581827e-07
1.123050666840044762e-07
1.044902753810317193e-07
9.686907932255495134e-08
8.946606798084703365e-08
8.230366234563361901e-08
7.540182950558146344e-08
6.877791308395458137e-08
6.244696208580144422e-08
5.642139263668771227e-08
5.071134123688608737e-08
4.532460449430433063e-08
4.026666656909343745e-08
3.554102405412475827e-08
3.114910234212541782e-08
2.709057559754209690e-08
2.336343189711900523e-08
1.996408754178320461e-08
1.688764234172473599e-08
1.412791044676688145e-08
1.167764186777489332e-08
9.528602461746504343e-09
7.671671006716984659e-09
6.096979894097134242e-09
4.793951793894413769e-09
3.751401014938477784e-09
2.957570779761216029e-09
2.400171845247229648e-09
2.066426480055124869e-09
1.943083548934373170e-09
2.016432939784401268e-09
2.272328489344386825e-09
2.696190599551363041e-09
3.273031669798409067e-09
3.987474379937175378e-09
4.823771609525931745e-09
5.765862706742096277e-09
6.797399727466312650e-09
7.901833062835870218e-09
9.062480406062295496e-09
1.026259675807805923e-08
1.148551946421772191e-08
1.271473299797211805e-08
1.393404516035403436e-08
1.512770583909891550e-08
1.628051767043394650e-08
1.737805379194137729e-08
1.840672225167568159e-08
1.935398945808968733e-08
2.020848971684607279e-08
2.096011321624144327e-08
2.160021957362844847e-08
2.212162964548138005e-08
2.251880970395488143e-08
2.278789318701520429e-08
2.292667351247589293e-08
2.293472883975155678e-08
2.281328884442876731e-08
2.256531001170708401e-08
2.219536890269855237e-08
2.170953318873154080e-08
2.111536286987215544e-08
2.042166370075755797e-08
1.963844756023659809e-08
1.877672747963440053e-08
1.784831003908339221e-08
1.686570936266190124e-08
1.584186393156361254e-08
1.479004053559105399e-08
1.372361616167855633e-08
1.265587933215696945e-08
1.159993605743368682e-08
1.056848696077442911e-08
9.573754814035256352e-09
8.627339408720289313e-09
7.740103644323897499e-09
6.922138484187541152e-09
6.182658088457697140e-09
5.529998538357476806e-09
4.971579857149957168e-09
4.513894161226550789e-09
4.162543665788415279e-09
3.922239765518138057e-09
3.796862848314558431e-09
3.789498512785070774e-09
3.902481848186540222e-09
4.137471437043092340e-09
4.495482236050326644e-09
4.976958613819623481e-09
5.581815877349017156e-09
6.309469914659037250e-09
7.158899587644643939e-09
8.128637421241738150e-09
9.216817951085151561e-09
1.042117219855648358e-08
1.173899878730912179e-08
1.316720318433179792e-08
1.470221176351593473e-08
1.634000556951558652e-08
1.807606651981904785e-08
1.990530000621978766e-08
2.182209226262525661e-08
2.382016639060631295e-08
2.589265905843050932e-08
2.803206106975848569e-08
3.023013964295020671e-08
3.247808230486124730e-08
3.476633704756539322e-08
3.708479818272171512e-08
3.942278658525531021e-08
4.176901377189069161e-08
4.411185900721418251e-08
4.643921437397173498e-08
4.873880671867845967e-08
5.099822316150426777e-08
5.320491484638137181e-08
5.534659628466635570e-08
5.741106978072275050e-08
5.938664888842162532e-08
6.126218379723885650e-08
6.302705495749005029e-08
6.467162878863877269e-08
6.618700359231663378e-08
6.756545743543293011e-08
6.880040504501210577e-08
6.988631712520868130e-08
7.081915042927821200e-08
7.159596709577927033e-08
7.221533321467991027e-08
7.267716218984185645e-08
7.298252614993917851e-08
7.313400908040287322e-08
7.313520005527501133e-08
7.299101231298466820e-08
7.270742251337020448e-08
7.229119545191656313e-08
7.175016271046826961e-08
7.109264610492640458e-08
7.032771901509998282e-08
6.946490031854929359e-08
6.851385590385869763e-08
6.748464552581707084e-08
6.638716009135220776e-08
6.523137344244170434e-08
6.402706338855854883e-08
6.278355742853953383e-08
6.150999422182422180e-08
6.021484218698690001e-08
5.890617871448560070e-08
5.759148443562951934e-08
5.627746819189003868e-08
5.497036165891622833e-08
5.367554176330949721e-08
5.239784054024890878e-08
5.114141490545040825e-08
4.990964287718687675e-08
4.870543594382415792e-08
4.753094503194768353e-08
4.638787586708116633e-08
4.527740517338544312e-08
4.420011484726028495e-08
4.315625651014058264e-08
4.214567925161995067e-08
4.116777099167504743e-08
4.022173907875051323e-08
3.930637734736609983e-08
3.842033575138044160e-08
3.756205126870835358e-08
3.672968875160611465e-08
3.592138571686976630e-08
3.513503562131761043e-08
3.436852345927128122e-08
3.361965782094548306e-08
3.288611292127092172e-08
3.216564655961770571e-08
3.145590355877808575e-08
3.075462906524615777e-08
3.005960947052205445e-08
2.936862375874159324e-08
2.867964436555918561e-08
2.799066500125053303e-08
2.729989721650218036e-08
2.660572091319805927e-08
2.590664378090192556e-08
2.520148130609306669e-08
2.448920187433704405e-08
2.376909704598304348e-08
2.304072974599303127e-08
2.230388869532641134e-08
2.155873176645734165e-08
2.080563407770526100e-08
2.004531543946625588e-08
1.927877213356879112e-08
1.850721401827978191e-08
1.773215895369642840e-08
1.695527761715118081e-08
1.617847206668209562e-08
1.540379100265192421e-08
1.463335319266662978e-08
1.386939934658573003e-08
1.311414625101144863e-08
1.236983120743734803e-08
1.163863039291036120e-08
1.092259061592111562e-08
1.022366365518882846e-08
9.543595675360399980e-09
8.883965658964277211e-09
8.246134218814755358e-09
7.631209340578045923e-09
7.040089916726975243e-09
6.473410303841622368e-09
5.931593781231756793e-09
5.414845589382549141e-09
4.923161124724414163e-09
4.456386541584466580e-09
4.014214161637382370e-09
3.596248116605571469e-09
3.202028685170786936e-09
2.831064713939945253e-09
2.482893527772913087e-09
2.157097769379231678e-09
1.853358153708155072e-09
1.571476535829640655e-09
1.311398680417060694e-09
1.073244127282233682e-09
8.573084865286217925e-10
6.640763609643866778e-10
4.942141555532064962e-10
3.485579610227380466e-10
2.280974212724572900e-10
1.339455971932117083e-10
6.730713536051690401e-11
2.943723116071994734e-11
2.159701508058153203e-11
4.500541634144601564e-11
1.007883434233294549e-10
1.899277350338049602e-10
3.132116028315684736e-10
4.711854097248177189e-10
6.641103874982258160e-10
8.919223959670341848e-10
1.154203719602843945e-09
1.450158916686863127e-09
1.778595281098791265e-09
2.137926277361877682e-09
2.526163551080690569e-09
2.940942497706413812e-09
3.379541831410074710e-09
3.838905510748552947e-09
4.315704977477809010e-09
4.806360473397298357e-09
5.307120823481475093e-09
5.814113519811075526e-09
6.323389882937660292e-09
6.831027292972423755e-09
7.333149002319646612e-09
7.826029925812546225e-09
8.306141606035647949e-09
8.770184529290709706e-09
9.215194097383979237e-09
9.638521825778824966e-09
1.003793154781065059e-08
1.041160579417030328e-08
1.075813647518102470e-08
1.107660630272435484e-08
1.136651285135305195e-08
1.162783602283348598e-08
1.186099606793335413e-08
1.206679932212034682e-08
1.224649120655252977e-08
1.240163353031667050e-08
1.253414932431418784e-08
1.264624921550139238e-08
1.274035260529366822e-08
1.281912936440981173e-08
1.288535871608955240e-08
1.294197209299063400e-08
1.299197489239799021e-08
1.303836880893519418e-08
1.308420255992521521e-08
1.313243667993059323e-08
1.318600066280429179e-08
1.324772697169535305e-08
1.332028678130583224e-08
1.340624462748468848e-08
1.350800009797632178e-08
1.362772985366638253e-08
1.376746370908847894e-08
1.392896305921419562e-08
1.411380025934822110e-08
1.432330533962599293e-08
1.455850950979264454e-08
1.482023026614065896e-08
1.510894370924211223e-08
1.542487198469832967e-08
1.576792795828571137e-08
1.613765473094448535e-08
1.653332340575805758e-08
1.695379625931045335e-08
1.739763199502034939e-08
1.786303450242225147e-08
1.834779721460574790e-08
1.884943152706131546e-08
1.936503075674019923e-08
1.989141425800248251e-08
2.042509522699373879e-08
2.096224531806810924e-08
2.149887300266819550e-08
2.203069838321780274e-08
2.255335018438155881e-08
2.306235847061817913e-08
2.355314261763639229e-08
2.402123889759565617e-08
2.446217885294631399e-08
2.487172688932491318e-08
2.524587977565937795e-08
2.558085649312954849e-08
2.587334413941186564e-08
2.612035127240689865e-08
2.631944613517593220e-08
2.646872545216912529e-08
2.656676891929404706e-08
2.661285594494017032e-08
2.660676184781949464e-08
2.654895136094277422e-08
2.644048513302072378e-08
2.628291296588716408e-08
2.607842833463971301e-08
2.582960032568735640e-08
2.553950352452222052e-08
2.521156464749077944e-08
2.484940531623984326e-08
2.445694130046749738e-08
2.403808426426859869e-08
2.359683207782222292e-08
2.313709926086978193e-08
2.266255807452679992e-08
2.217672759116911558e-08
2.168270751953033056e-08
2.118328108773396743e-08
2.068079042475234525e-08
2.017703431188613737e-08
1.967339847080259879e-08
1.917067464964286619e-08
1.866921764808758226e-08
1.816890323820268909e-08
1.766911024775597861e-08
1.716890916764321958e-08
1.666697449246172417e-08
1.616179189821352238e-08
1.565168429908156854e-08
1.513485305624474363e-08
1.460958919200223339e-08
1.407423480553345406e-08
1.352738726576705624e-08
1.296793430312830902e-08
1.239509111890015096e-08
1.180856581768932750e-08
1.120850392412357477e-08
1.059562097389022364e-08
9.971183725660179300e-09
9.336985928319505967e-09
8.695413817365549194e-09
8.049333816304080937e-09
7.402117911319671614e-09
6.757550433456235377e-09
6.119733340404956102e-09
5.493052127421290441e-09
4.882023332985489019e-09
4.291237923127409008e-09
3.725232544238886336e-09
3.188371736339476518e-09
2.684772161421326383e-09
2.218172263721867050e-09
1.791864953398086680e-09
1.408605299670430678e-09
1.070540406426065737e-09
7.791691299029551297e-10
5.352960339952277629e-10
3.390224365350004839e-10
1.897435649031227184e-10
8.616834699903274834e-11
2.635828620691313227e-11
7.779671354723562060e-12
2.737269290084442723e-11
8.163244878831801103e-11
1.667002176474159053e-10
2.784630153427116062e-10
4.126558269239517559e-10
5.649679992792025148e-10
7.311464599620935714e-10
9.070913230968979402e-10
1.088952428098520549e-09
1.273202647429997736e-09
1.456713596591352413e-09
1.636807190444957978e-09
1.811287740521267427e-09
1.978476522292376575e-09
2.137200972035138932e-09
2.286797482365395284e-09
2.427077952855498639e-09
2.558278419375258993e-09
2.681022847567239889e-09
2.796233994080891996e-09
2.905079276090737973e-09
3.008881853428014535e-09
3.109026453331745442e-09
3.206900183848151469e-09
3.303784015122979152e-09
3.400803366287474859e-09
3.498851391445728447e-09
3.598520711352677037e-09
3.700088329555063679e-09
3.803453269904902788e-09
3.908151296103026810e-09
4.013343459987805109e-09
4.117817603950593733e-09
4.220046564730792852e-09
4.318218975420925835e-09
4.410279787283315829e-09
4.494031557978357721e-09
4.567167445325990380e-09
4.627386416507127561e-09
4.672459385519817527e-09
4.700293461510907237e-09
4.709048177595693822e-09
4.697163444030080152e-09
4.663461915898529793e-09
4.607185343996728284e-09
4.528018905106216842e-09
4.426156247172879049e-09
4.302268455371761971e-09
4.157538330876386591e-09
3.993625523321096545e-09
3.812619857627974611e-09
3.617028448318971497e-09
3.409680339110280833e-09
3.193689727937282245e-09
2.972365504404604782e-09
2.749120001537650709e-09
2.527410306536162571e-09
2.310627264378883756e-09
2.102037632386633927e-09
1.904698476831630351e-09
1.721384161991802760e-09
1.554545937177510321e-09
1.406249703037804758e-09
1.278158982077192033e-09
1.171511148498826395e-09
1.087111234454945882e-09
1.025353975830882872e-09
9.862385651186621771e-10
9.694162762666596040e-10
9.742360133100504351e-10
9.997995166182742419e-10
1.045035004140911642e-09
1.108756971134514555e-09
1.189745728730159633e-09
1.286813664403843400e-09
1.398865792907788432e-09
1.524969430557246042e-09
1.664390669345743113e-09
1.816645056904728451e-09
1.981518758672256267e-09
2.159072446895869534e-09
2.349655120389533522e-09
2.553865785915911173e-09
2.772539897978649748e-09
3.006696285672280561e-09
3.257467226269260949e-09
3.526055918210651320e-09
3.813629374954187429e-09
4.121265692882950884e-09
4.449859647698884523e-09
4.800022386425063358e-09
5.172040897688731364e-09
5.565760203299572676e-09
5.980563631051298699e-09
6.415307087610676714e-09
6.868258900429910249e-09
7.337137050531217507e-09
7.819042489187560621e-09
8.310537886371131393e-09
8.807660655403435304e-09
9.305943050762016940e-09
9.800560726125527020e-09
1.028632941409358537e-08
1.075788769042453246e-08
1.120977476382511059e-08
1.163650462488742890e-08
1.203278632734864311e-08
1.239353187074476547e-08
1.271407858571684155e-08
1.299025899822987223e-08
1.321845246608800028e-08
1.339578836678332176e-08
1.352008654280201155e-08
1.359002840316737752e-08
1.360514075119169373e-08
1.356575566012122436e-08
1.347312126943706262e-08
1.332923260243396189e-08
1.313689920221510836e-08
1.289962059914060851e-08
1.262144796108215624e-08
1.230699490824530887e-08
1.196119176399631562e-08
1.158927339611275393e-08
1.119660085162660461e-08
1.078849034428623373e-08
1.037018767078168103e-08
9.946636699020305145e-09
9.522466573500073646e-09
9.101853590016107713e-09
8.688408983861209400e-09
8.285200836474197138e-09
7.894622565473378022e-09
7.518451192501592646e-09
7.157814477313530182e-09
6.813187537194581305e-09
6.484500109550599357e-09
6.171124762341210847e-09
5.872013545021199651e-09
5.585758877534846190e-09
5.310670858886277747e-09
5.044931671239473967e-09
4.786645031031351738e-09
4.533988026293852924e-09
4.285288513191363694e-09
4.039099693727000704e-09
3.794317624038179046e-09
3.550201931918331638e-09
3.306459196150220705e-09
3.063255067959152476e-09
2.821212758382658325e-09
2.581431100142606544e-09
2.345424790433282984e-09
2.115102487727332841e-09
1.892691408206366665e-09
1.680653348938004540e-09
1.481611599586891018e-09
1.298245249712724386e-09
1.133183790792408357e-09
9.889172269539185604e-10
8.676841831843399786e-10
7.713894481612339442e-10
7.015164627949345380e-10
6.590553056257193986e-10
6.444550465325014095e-10
6.575799935744623643e-10
6.976983988806870986e-10
7.634827222609790415e-10
8.530293814927177556e-10
9.639079828064587245e-10
1.093213318763043723e-09
1.237650299133303991e-09
1.393622005307101070e-09
1.557325408791551229e-09
1.724873123904351120e-09
1.892390906865893761e-09
2.056145155103769192e-09
2.212646541659544854e-09
2.358742131486300708e-09
2.491725837770499386e-09
2.609390594363999114e-09
2.710109337761299177e-09
2.792866213189172068e-09
2.857264693862016656e-09
2.903551466505306773e-09
2.932563915904004413e-09
2.945712917959661345e-09
2.944908958632901062e-09
2.932470688607255199e-09
2.911057952797673976e-09
2.883535775487710289e-09
2.852888602666666128e-09
2.822092324383410099e-09
2.793987413789981535e-09
2.771193616830231297e-09
2.755977516130209569e-09
2.750187428333467556e-09
2.755166956770539870e-09
2.771686899342506199e-09
2.799933561183041576e-09
2.839464276436129631e-09
2.889239997032883541e-09
2.947643911555390939e-09
3.012520463977879137e-09
3.081273005034490223e-09
3.150920550257955325e-09
3.218228253414112934e-09
3.279809521039248216e-09
3.332233698659114296e-09
3.372179987613980141e-09
3.396525299623743463e-09
3.402491801180962099e-09
3.387740861804436017e-09
3.350453033061654147e-09
3.289435535288967099e-09
3.204143548167259711e-09
3.094745348509957434e-09
2.962119713674334475e-09
2.807831601306488666e-09
2.634122665092568728e-09
2.443821604545809559e-09
2.240289247377019060e-09
2.027308063872657945e-09
1.808961367452536240e-09
1.589527445762551836e-09
1.373327956944708384e-09
1.164610296472499099e-09
9.674081528422228820e-10
7.854140133090264972e-10
6.218750886696562500e-10
4.794863208888646197e-10
3.603185717954031107e-10
2.657582178808386492e-10
1.964738531075773613e-10
1.524113861244568508e-10
1.328098293177878532e-10
1.362467120621026362e-10
1.607049393263132515e-10
2.036615175661039170e-10
2.621968438786273207e-10
3.331153988888920878e-10
4.130808336563379789e-10
4.987543144452014324e-10
5.869317449142457483e-10
6.746830279690281413e-10
7.594716972746687921e-10
8.392711357841784165e-10
9.126545942990933093e-10
9.788607470141034989e-10
1.037845605025625077e-09
1.090288880542073314e-09
1.137589938364151014e-09
1.181822142998961487e-09
1.225657793589004498e-09
1.272281942034907148e-09
1.325259859551705568e-09
1.388408111256708645e-09
1.465635017172554248e-09
1.560769872083946328e-09
1.677406695569754108e-09
1.818721278536305164e-09
1.987325599809184989e-09
2.185116714479876633e-09
2.413141579159887876e-09
2.671514306141912142e-09
2.959319825036164356e-09
3.274595013283868304e-09
3.614315104393631939e-09
3.974409608467591925e-09
4.349860614287583315e-09
4.734766896792267227e-09
5.122514531060249547e-09
5.505928158891267686e-09
5.877438731248364283e-09
6.229340200197847519e-09
6.553955299082991844e-09
6.843915742531146748e-09
7.092368933844414928e-09
7.293169695506772140e-09
7.441144723942024899e-09
7.532202669931625051e-09
7.563548933794754334e-09
7.533775778595359465e-09
7.442912166410421447e-09
7.292523465932095641e-09
7.085628964101022908e-09
6.826710206739553256e-09
6.521582968013533544e-09
6.177232121600377466e-09
5.801679252206677926e-09
5.403741373343843605e-09
4.992769923974140006e-09
4.578433360818201106e-09
4.170391013852392554e-09
3.778054064033497781e-09
3.410290154694902067e-09
3.075150022397733305e-09
2.779655403546277634e-09
2.529556682337610133e-09
2.329183533500087194e-09
2.181301520659651365e-09
2.087021174984228207e-09
2.045782860431354282e-09
2.055355784526633863e-09
2.111927119989152517e-09
2.210217964986808307e-09
2.343646541978219145e-09
2.504559825519134654e-09
2.684462704237597149e-09
2.874316584390365866e-09
3.064831717839842505e-09
3.246766899025216237e-09
3.411265615584910119e-09
3.550130210446772581e-09
3.656131904631031100e-09
3.723255569163856200e-09
3.746905177675333248e-09
3.724106783009616425e-09
3.653597974365590989e-09
3.535924255838176695e-09
3.373434300342632404e-09
3.170217442146509711e-09
2.932019271591678956e-09
2.666045798889123544e-09
2.380768576019456885e-09
2.085648638326480310e-09
1.790828304815342170e-09
1.506816569310714527e-09
1.244123231464759183e-09
1.012915918220730031e-09
8.226616051413874440e-10
6.817887506303699374e-10
5.973845412845554690e-10
5.749166195495811870e-10
6.180134685817318059e-10
7.282929837181982706e-10
9.052526100942067690e-10
1.146233278160658248e-09
1.446440064962601925e-09
1.799046352421634503e-09
2.195357223186703155e-09
2.625030904585908196e-09
3.076380987387270776e-09
3.536693666554997193e-09
3.992624088353824588e-09
4.430596080862969300e-09
4.837210878043889366e-09
5.199704664860236402e-09
5.506329661286795749e-09
5.746782744931507385e-09
5.912550736619606286e-09
5.997203656236420960e-09
5.996687420467723471e-09
5.909463353300898784e-09
5.736658877275744649e-09
5.482080030472377292e-09
5.152144282199688724e-09
4.755782304613819690e-09
4.304183494643062339e-09
3.810539211101900893e-09
3.289668860921727525e-09
2.757595902608462783e-09
2.231106346367542050e-09
1.727230080016669949e-09
1.262742210397118913e-09
8.536349433561916170e-10
5.146094995238415352e-10
2.586024153662096809e-10
9.634400124510669813e-11
3.598212574564269269e-11
8.277153070538875576e-11
2.388457363727293177e-10
5.030787191359213100e-10
8.710402831028005199e-10
1.335053743771329380e-09
1.884352127627158989e-09
2.505325460966493660e-09
3.181875816686814258e-09
3.895830959029083846e-09
4.627460194029009285e-09
5.356030332161481859e-09
6.060395914302890623e-09
6.719660120411315201e-09
7.313780086757149804e-09
7.824232211402789647e-09
8.234602119902309155e-09
8.531121128545320663e-09
8.703201734334842840e-09
8.743799473969034113e-09
8.649775419691255409e-09
8.422088349578235609e-09
8.065873623237844630e-09
7.590462532051504045e-09
7.009188939277842479e-09
6.339160890473961143e-09
5.600855953389098333e-09
4.817615689089761135e-09
4.015079339922156215e-09
3.220477372787670730e-09
2.461908344559277136e-09
1.767533903040339563e-09
1.164756182859030839e-09
6.794005161996498781e-10
3.348995731256343440e-10
1.515313184027832601e-10
1.457129512029442501e-10
3.293826785042957389e-10
7.094862155295940022e-10
1.287582797046431968e-09
2.059591023481305323e-09
3.015681696897561708e-09
4.140319486356967161e-09
5.412479065844212447e-09
6.806010964327195909e-09
8.290151619365365669e-09
9.830219479602420762e-09
1.138838825952167237e-08
1.292464519304789039e-08
1.439780637666834391e-08
1.576659779156331594e-08
1.699086514449423516e-08
1.803270003969264590e-08
1.885768206100823994e-08
1.943601314530375439e-08
1.974358900534361586e-08
1.976307709859564198e-08
1.948474691831932004e-08
1.890729899731189249e-08
1.803844312775213099e-08
1.689530488947769317e-08
1.550471530625125778e-08
1.390318242344440032e-08
1.213675771123772370e-08
1.026061486562138578e-08
8.338429199599395885e-09
6.441587769740147493e-09
4.648146221694176360e-09
3.041653967041948198e-09
1.709785144667533499e-09
7.428421916623805615e-10
2.321509317040051172e-10
2.683631722968056259e-10
9.397122639607916065e-10
2.330247057404654681e-09
4.518077549867857297e-09
7.573674588526306127e-09
1.155823702678306709e-08
1.652219109175096485e-08
2.250382332206540263e-08
2.952806577177929004e-08
3.760553727917180306e-08
4.673171338658926067e-08
5.688643838140332358e-08
6.803362043619209362e-08
8.012115628581973055e-08
9.308126706244717373e-08
1.068308821703213926e-07
1.212725189623384590e-07
1.362952573031343741e-07
1.517759237920206792e-07
1.675807226167518942e-07
1.835667276703080007e-07
1.995838941480790757e-07
2.154769790270747408e-07
2.310875641923418505e-07
2.462564150063934062e-07
2.608255023210508740e-07
2.746404097287453033e-07
2.875524563519500439e-07
2.994207744388545651e-07
3.101144962299781465e-07
3.195145008150858279e-07
3.275152876585785592e-07
3.340264609236853564e-07
3.389740410405046572e-07
3.423016237949048977e-07
3.439711542895979504e-07
