-2.301641689E-5	-1.946724224E-4	2.456817892E-4
1.465133537E-4	2.535723906E-4	-7.466781972E-5
-1.371213966E-5	5.336686809E-5	1.849331602E-5
1.360841852E-4	1.259381243E-4	5.618729483E-5
3.536955919E-4	1.897962939E-4	2.634307020E-4
1.499785867E-4	2.394648436E-5	8.030493336E-5
6.748682063E-5	-4.805245044E-5	-3.946041943E-6
4.469623091E-4	4.332695680E-4	4.889158881E-4
1.487199770E-4	2.027209412E-4	2.050658804E-4
3.081474279E-4	3.283937695E-4	3.137054737E-4
3.531065886E-4	2.126548643E-4	2.553712111E-4
1.859001641E-4	1.430833072E-4	8.639183216E-5
3.829803027E-4	3.780316329E-4	2.910762560E-4
1.406932570E-4	2.365568507E-4	2.252679697E-4
3.675379558E-4	3.641696239E-4	3.380430862E-4
4.770855594E-4	4.176803341E-4	5.230026436E-4
3.524370841E-4	3.676011111E-4	3.954436688E-4
3.954238491E-4	3.253608884E-4	3.291196190E-4
1.429857803E-4	1.568470761E-4	1.962688693E-4
6.869219942E-4	6.655587349E-4	5.750428536E-4
4.765607591E-4	4.115836055E-4	4.562379618E-4
5.758519401E-4	5.167841446E-4	5.453655031E-4
5.658603623E-4	5.938070244E-4	4.847951932E-4
5.523801665E-4	6.033840473E-4	5.709842662E-4
4.757962306E-4	5.233991542E-4	4.881389614E-4
5.594996037E-4	5.413406761E-4	5.644863122E-4
1.107936609E-3	1.160869142E-3	1.094370498E-3
4.219762632E-4	4.443111247E-4	4.524935794E-4
8.567716577E-4	9.239530773E-4	8.909851313E-4
5.629608640E-4	5.931303604E-4	5.748053081E-4
7.380554453E-4	7.788893417E-4	7.760128356E-4
1.043356489E-3	9.755088831E-4	9.525588830E-4
3.495301062E-4	3.389922203E-4	3.457492276E-4
8.684097556E-4	8.611913072E-4	8.705159416E-4
3.987266682E-4	3.875627881E-4	3.779311373E-4
1.393113867E-3	1.386796590E-3	1.373607782E-3
1.973204780E-4	1.916451292E-4	2.705978404E-4
1.000601915E-3	9.561862098E-4	9.385097073E-4
9.471497615E-4	9.233364253E-4	9.494538535E-4
9.632759611E-4	9.286407731E-4	9.292819886E-4
6.417908007E-4	6.619451451E-4	6.791618071E-4
7.226529997E-4	7.321994053E-4	7.483531954E-4
1.638727495E-3	1.636798959E-3	1.645948621E-3
-3.563558566E-4	-3.629684506E-4	-3.940179304E-4
2.180016600E-3	2.206011442E-3	2.207882935E-3
1.114300801E-3	1.120363595E-3	1.144956914E-3
1.167461625E-3	1.151798177E-3	1.133310609E-3
1.206507673E-3	1.245003892E-3	1.285223756E-3
1.255691866E-3	1.264428720E-3	1.266006497E-3
1.104487805E-3	1.070743776E-3	1.074278727E-3
-2.601607004E-3	-2.650375245E-3	-2.616039477E-3
5.118865054E-3	5.099173635E-3	5.091056228E-3
-2.754364396E-3	-2.778845374E-3	-2.789331600E-3
2.427483676E-3	2.428954234E-3	2.462177770E-3
1.337449183E-3	1.362318057E-3	1.336453017E-3
1.947478042E-3	1.872623456E-3	1.901170355E-3
-2.561091969E-4	-2.070797200E-4	-2.397270291E-4
-8.753132075E-3	-8.763990365E-3	-8.772479370E-3
3.591690585E-2	3.591094166E-2	3.591213375E-2
-7.874401659E-2	-7.876685262E-2	-7.877264917E-2
9.468450397E-2	9.472166002E-2	9.469521791E-2
-8.714700490E-2	-8.722429723E-2	-8.721521497E-2
5.534707010E-2	5.534855276E-2	5.532711744E-2
-2.806742117E-2	-2.808265388E-2	-2.812981978E-2
8.862698451E-3	8.771532215E-3	8.810533211E-3
1.047365088E-2	1.047204342E-2	1.047370583E-2
-2.098459192E-2	-2.093994431E-2	-2.095538378E-2
1.945799217E-2	1.948839426E-2	1.944131777E-2
-7.468340453E-3	-7.440656424E-3	-7.485092152E-3
2.878234256E-3	2.890601056E-3	2.902857494E-3
1.270315959E-3	1.284648548E-3	1.291751978E-3
1.429393305E-3	1.429771655E-3	1.436402439E-3
9.734636988E-4	9.853813099E-4	9.814777877E-4
-1.056791516E-3	-1.048113336E-3	-1.068693120E-3
5.083699711E-3	5.112579092E-3	5.084033590E-3
-2.220679540E-3	-2.241543261E-3	-2.239133930E-3
2.950758906E-3	2.961601363E-3	2.968044719E-3
1.349945320E-3	1.376532600E-3	1.380927861E-3
1.572921639E-3	1.582660829E-3	1.526919194E-3
6.133799325E-4	6.425029133E-4	6.443345337E-4
1.103035873E-3	1.102806767E-3	1.090827282E-3
2.476687776E-3	2.460785909E-3	2.424671780E-3
-4.571626778E-4	-4.526043776E-4	-4.386419314E-4
2.773095621E-3	2.799527952E-3	2.801879775E-3
7.839128957E-4	7.823893684E-4	7.775183185E-4
1.670102007E-3	1.691231038E-3	1.680984278E-3
1.494583674E-3	1.492968411E-3	1.499014907E-3
1.441995148E-3	1.438238658E-3	1.443523797E-3
1.511061564E-3	1.508711604E-3	1.512702554E-3
7.684727316E-4	7.806690410E-4	7.818021113E-4
2.261194633E-3	2.260489156E-3	2.241062932E-3
8.547569159E-4	8.431905298E-4	8.533066721E-4
1.599266543E-3	1.581072691E-3	1.608943334E-3
1.340966439E-3	1.329195802E-3	1.317968476E-3
1.112502418E-3	1.085627475E-3	1.069563092E-3
1.181590604E-3	1.186034293E-3	1.205513370E-3
1.400856418E-3	1.410576515E-3	1.398043940E-3
2.002405236E-3	2.018321771E-3	2.039530082E-3
1.565043698E-3	1.567767933E-3	1.558693242E-3
2.733852016E-3	2.717912663E-3	2.720474731E-3
1.269667526E-3	1.266175066E-3	1.256065909E-3
1.370218233E-3	1.363213756E-3	1.370457350E-3
8.678850136E-4	8.623659378E-4	8.517716778E-4
1.489314454E-4	1.342137402E-4	1.307355415E-4
1.734804246E-3	1.718295855E-3	1.751189469E-3
1.789313043E-3	1.795620425E-3	1.783715328E-3
1.428939053E-3	1.429158961E-3	1.403228263E-3
1.013086177E-3	9.841416031E-4	1.008955878E-3
2.230217215E-3	2.235920168E-3	2.259935718E-3
1.094496460E-3	1.099718036E-3	1.112208469E-3
1.395940199E-3	1.405061805E-3	1.379527268E-3
7.656503003E-4	7.975252811E-4	7.971351151E-4
1.205426641E-3	1.201827195E-3	1.221430488E-3
2.108851448E-3	2.114617266E-3	2.119303681E-3
1.376507222E-3	1.363918418E-3	1.357665868E-3
1.422702218E-3	1.413128222E-3	1.429703785E-3
7.725856849E-4	7.797648432E-4	7.735679974E-4
1.525850384E-3	1.523166546E-3	1.528836438E-3
2.119545359E-3	2.097951015E-3	2.114919480E-3
2.219924703E-3	2.194636036E-3	2.213272965E-3
1.661695540E-3	1.677250373E-3	1.655031578E-3
1.746553462E-3	1.761572552E-3	1.750278170E-3
2.577726264E-3	2.604664536E-3	2.583775669E-3
2.234807238E-3	2.229584847E-3	2.249094658E-3
6.781877019E-4	6.797367823E-4	6.456917617E-4
1.437119790E-3	1.438130159E-3	1.432549790E-3
9.272328462E-4	9.107940714E-4	8.970320923E-4
1.827739878E-3	1.833097078E-3	1.836330397E-3
8.927981253E-4	8.801538497E-4	9.021281730E-4
2.477098955E-3	2.479150426E-3	2.489815932E-3
2.265108982E-3	2.255322412E-3	2.251742408E-3
2.385103377E-3	2.387174871E-3	2.372774761E-3
1.536433003E-3	1.562580699E-3	1.538133132E-3
1.027357182E-3	1.020639786E-3	1.028479077E-3
1.519888523E-3	1.520644175E-3	1.527252491E-3
2.182871336E-3	2.179582836E-3	2.178691095E-3
2.835750580E-3	2.840988804E-3	2.815313172E-3
2.727624495E-3	2.731402172E-3	2.729906468E-3
2.340227133E-3	2.345758257E-3	2.350123599E-3
1.309825340E-3	1.321386895E-3	1.306504360E-3
1.590031548E-3	1.591215143E-3	1.576671610E-3
1.182911219E-3	1.185379107E-3	1.186859328E-3
1.319744275E-3	1.304334030E-3	1.301730284E-3
1.297004754E-3	1.291560708E-3	1.299207797E-3
1.365794335E-3	1.373669249E-3	1.358412090E-3
1.549475477E-3	1.553778653E-3	1.542492071E-3
1.698536798E-3	1.710399752E-3	1.709995209E-3
1.886349986E-3	1.878208830E-3	1.892196480E-3
1.491675735E-3	1.513103605E-3	1.518748002E-3
1.961943693E-3	1.970737940E-3	1.950781443E-3
2.369841794E-3	2.380775055E-3	2.393770032E-3
1.655008411E-3	1.649490092E-3	1.637529233E-3
1.264556893E-3	1.266106614E-3	1.259138808E-3
1.296475995E-3	1.312392065E-3	1.303382567E-3
2.103137784E-3	2.101463731E-3	2.101816935E-3
1.663511270E-3	1.648431644E-3	1.652283827E-3
2.075709170E-3	2.080254024E-3	2.072910545E-3
2.156056464E-3	2.166742226E-3	2.162845805E-3
2.969737398E-3	2.952458570E-3	2.970832167E-3
1.758531434E-3	1.755838632E-3	1.759749721E-3
2.669428941E-3	2.682315884E-3	2.682517515E-3
2.230293583E-3	2.240235219E-3	2.222442068E-3
2.600728069E-3	2.594776684E-3	2.594657941E-3
1.706233830E-3	1.705800067E-3	1.703264774E-3
1.298740623E-3	1.292249537E-3	1.301005017E-3
1.928686863E-3	1.939996378E-3	1.941685216E-3
2.051081508E-3	2.063714899E-3	2.054615412E-3
3.059375565E-3	3.060612828E-3	3.053996712E-3
3.461766755E-3	3.448268399E-3	3.429840552E-3
2.976319985E-3	2.978117438E-3	2.985321218E-3
2.557594096E-3	2.557572210E-3	2.566487528E-3
1.956640044E-3	1.954827690E-3	1.943313750E-3
1.496059354E-3	1.497458084E-3	1.490513445E-3
1.701243920E-3	1.707987278E-3	1.699892106E-3
1.508039655E-3	1.511570532E-3	1.517798868E-3
1.771648414E-3	1.785484841E-3	1.787344809E-3
2.009947319E-3	2.013189951E-3	2.007256029E-3
2.288547810E-3	2.293659374E-3	2.293318044E-3
2.697777702E-3	2.707378007E-3	2.694694092E-3
3.062852193E-3	3.071495332E-3	3.069478320E-3
2.901679836E-3	2.910277108E-3	2.908612369E-3
2.505374607E-3	2.499629511E-3	2.510520862E-3
1.957322704E-3	1.951395534E-3	1.966426848E-3
1.359700575E-3	1.351399114E-3	1.350283856E-3
2.155276248E-3	2.167036058E-3	2.151501132E-3
5.582510494E-4	5.528718466E-4	5.456428626E-4
3.445748938E-3	3.453104291E-3	3.463962581E-3
8.070331533E-4	8.041693945E-4	8.126414032E-4
3.771450836E-3	3.779282328E-3	3.769572824E-3
3.361136187E-3	3.380725160E-3	3.360538743E-3
2.654316137E-3	2.648427617E-3	2.661279636E-3
3.931299318E-3	3.926488105E-3	3.939867951E-3
1.623017364E-3	1.618864713E-3	1.645148383E-3
1.909093815E-3	1.904842560E-3	1.905398676E-3
-4.893039586E-4	-4.653603828E-4	-4.694689414E-4
6.047886563E-4	6.235759356E-4	6.180427154E-4
9.642569930E-4	9.718479705E-4	9.923280450E-4
3.427754622E-3	3.410865087E-3	3.418924054E-3
5.451121833E-3	5.468971096E-3	5.449726712E-3
5.041054916E-3	5.050972570E-3	5.049516447E-3
5.083776079E-3	5.094864871E-3	5.089716054E-3
1.272849739E-3	1.283067628E-3	1.271927031E-3
-1.138249791E-4	-9.589309047E-5	-1.033335866E-4
-3.713851402E-5	-3.091953477E-5	-3.494235352E-5
2.628304355E-5	1.977952525E-5	2.238538400E-5
2.812881488E-3	2.806058154E-3	2.810139675E-3
3.463610774E-3	3.458638908E-3	3.462729976E-3
3.284930484E-3	3.272548551E-3	3.273844486E-3
4.261698108E-3	4.255479202E-3	4.249990918E-3
3.866255283E-3	3.883414203E-3	3.881306155E-3
4.332633223E-3	4.327076022E-3	4.317322280E-3
4.284178372E-3	4.288431257E-3	4.277501255E-3
1.302277524E-4	9.975885769E-5	1.126560310E-4
-2.071353840E-3	-2.066828776E-3	-2.058255486E-3
-2.624853747E-3	-2.598663094E-3	-2.627889160E-3
-4.757265269E-4	-4.725229810E-4	-4.787919461E-4
6.730044261E-3	6.729774177E-3	6.715883035E-3
1.015224867E-2	1.016556565E-2	1.015538815E-2
8.782484569E-3	8.774776012E-3	8.788296953E-3
6.384688895E-3	6.375010125E-3	6.383448374E-3
-1.735687372E-3	-1.733984565E-3	-1.728906413E-3
-3.840225749E-3	-3.815932432E-3	-3.829444526E-3
-2.027407754E-3	-2.018012572E-3	-2.010050463E-3
-2.064121189E-3	-2.074246760E-3	-2.074669581E-3
5.052959081E-3	5.049244035E-3	5.035422742E-3
5.920276046E-3	5.924236961E-3	5.908141844E-3
6.319176871E-3	6.301131565E-3	6.316844374E-3
1.082616486E-2	1.081193704E-2	1.082398370E-2
4.419891164E-3	4.433417693E-3	4.418937955E-3
5.198967177E-3	5.216715857E-3	5.201897118E-3
5.329918931E-4	5.277235759E-4	5.290846457E-4
-9.164335206E-3	-9.169726633E-3	-9.164133109E-3
-2.867539646E-3	-2.867722185E-3	-2.861661138E-3
-4.384196829E-3	-4.382907413E-3	-4.389581271E-3
6.242049392E-3	6.251787301E-3	6.252583116E-3
1.976487599E-2	1.977306046E-2	1.976564527E-2
1.260178629E-2	1.260124054E-2	1.260340679E-2
1.605441608E-2	1.606088318E-2	1.605954207E-2
-3.088814672E-3	-3.077156143E-3	-3.069078317E-3
-1.692707650E-2	-1.692006364E-2	-1.694371179E-2
-1.128869876E-2	-1.128538698E-2	-1.130619086E-2
-1.412060577E-2	-1.413075440E-2	-1.411809213E-2
1.329502929E-2	1.328015421E-2	1.328347065E-2
2.417486906E-2	2.416899987E-2	2.418801375E-2
1.862618886E-2	1.861783303E-2	1.860528998E-2
2.075240016E-2	2.075185999E-2	2.075693011E-2
-1.196315326E-2	-1.194462273E-2	-1.196238678E-2
-1.625123620E-2	-1.624651626E-2	-1.624414884E-2
-1.542516239E-2	-1.541561447E-2	-1.542832144E-2
-1.351948828E-2	-1.352663431E-2	-1.352382358E-2
2.114455961E-2	2.113785036E-2	2.113584615E-2
1.746115275E-2	1.745606028E-2	1.745517366E-2
2.196326666E-2	2.195793390E-2	2.194924653E-2
1.398483384E-2	1.399513520E-2	1.400396135E-2
-1.812210307E-2	-1.808873005E-2	-1.810649969E-2
-1.002625842E-2	-1.001271792E-2	-1.002043765E-2
-2.149812505E-2	-2.146792971E-2	-2.148022130E-2
-5.107449833E-3	-5.119298119E-3	-5.133637693E-3
1.839714870E-2	1.837116294E-2	1.835946552E-2
7.465335075E-3	7.447338197E-3	7.438824512E-3
2.283278666E-2	2.283091843E-2	2.283570915E-2
-2.934533637E-3	-2.925150096E-3	-2.929209033E-3
-1.327988598E-2	-1.329460647E-2	-1.330030430E-2
-8.330741897E-3	-8.329150267E-3	-8.325785398E-3
-2.095713466E-2	-2.095665969E-2	-2.096237428E-2
1.118711382E-2	1.118099410E-2	1.117970608E-2
8.953683078E-3	8.943857625E-3	8.946220390E-3
1.429354306E-2	1.428926084E-2	1.428104192E-2
1.544177439E-2	1.545236073E-2	1.544476487E-2
-1.366167050E-2	-1.363515854E-2	-1.363132615E-2
-2.946748631E-3	-2.929931274E-3	-2.933153417E-3
-1.727618650E-2	-1.726631820E-2	-1.725693420E-2
-2.356509678E-3	-2.375112846E-3	-2.360167913E-3
1.510064676E-2	1.507925242E-2	1.506284997E-2
7.054480258E-3	7.059109863E-3	7.055467460E-3
2.079411782E-2	2.078203484E-2	2.079242282E-2
-6.140260026E-3	-6.128650159E-3	-6.151571404E-3
-7.282497827E-3	-7.246050984E-3	-7.260797545E-3
-8.936978877E-3	-8.912802674E-3	-8.922032081E-3
-1.118556131E-2	-1.117760595E-2	-1.120734494E-2
1.499172859E-2	1.498220116E-2	1.494656503E-2
7.830989547E-3	7.855875418E-3	7.858160883E-3
1.769318990E-2	1.768253185E-2	1.768158562E-2
4.576198757E-3	4.581656773E-3	4.602623638E-3
-1.047648489E-2	-1.044578757E-2	-1.044827234E-2
-4.439417273E-3	-4.412367940E-3	-4.438401200E-3
-1.201505028E-2	-1.199969556E-2	-1.201355178E-2
1.032301411E-2	1.028470136E-2	1.029617898E-2
1.237225533E-2	1.236030646E-2	1.234513242E-2
1.292486954E-2	1.290739700E-2	1.291550789E-2
1.086260006E-2	1.086851209E-2	1.085768919E-2
-9.404118173E-3	-9.412949905E-3	-9.411467239E-3
-4.901454318E-3	-4.894481041E-3	-4.900857806E-3
-9.949204512E-3	-9.945845231E-3	-9.961325675E-3
3.245894099E-3	3.239286365E-3	3.244424006E-3
1.384038478E-2	1.382701751E-2	1.382462680E-2
9.670821950E-3	9.673315100E-3	9.674829431E-3
1.217385847E-2	1.216145884E-2	1.216660533E-2
-4.085103981E-3	-4.076411482E-3	-4.078225698E-3
-4.280759487E-3	-4.260927439E-3	-4.254833795E-3
-6.259905640E-3	-6.249845959E-3	-6.247058976E-3
4.076384066E-4	4.229704791E-4	4.190009786E-4
1.174536441E-2	1.173906680E-2	1.174745802E-2
8.198688738E-3	8.189474232E-3	8.196921088E-3
9.717538022E-3	9.725034237E-3	9.716550820E-3
3.729112679E-3	3.717096057E-3	3.719421569E-3
-9.179432527E-4	-8.939957479E-4	-9.081625030E-4
-1.286306139E-2	-1.287023909E-2	-1.288079750E-2
2.554702014E-2	2.554149926E-2	2.555005066E-2
-3.340987489E-2	-3.340695053E-2	-3.341557831E-2
5.674339086E-2	5.670268461E-2	5.670317262E-2
-4.476386309E-2	-4.473633692E-2	-4.474930093E-2
4.715377837E-2	4.713742435E-2	4.714437202E-2
-2.094376460E-2	-2.089483105E-2	-2.090060711E-2
3.719561035E-3	3.711283905E-3	3.708099714E-3
8.384413086E-3	8.407685906E-3	8.394572884E-3
1.942277071E-3	1.936580986E-3	1.931765582E-3
3.056899179E-3	3.057709662E-3	3.055003937E-3
3.103010822E-3	3.106317949E-3	3.088580444E-3
3.026221180E-3	3.018304706E-3	3.025159938E-3
2.530364320E-3	2.540262882E-3	2.553583356E-3
4.306830931E-3	4.296434112E-3	4.297295120E-3
5.439171568E-3	5.455803592E-3	5.450617988E-3
4.315515049E-3	4.300209694E-3	4.305731039E-3
1.867510728E-3	1.854917384E-3	1.859991229E-3
2.040983411E-3	2.042582026E-3	2.044821624E-3
1.233194722E-3	1.238449942E-3	1.230715541E-3
2.677484183E-3	2.687079366E-3	2.687237458E-3
5.177395884E-3	5.189294461E-3	5.184062757E-3
5.502721760E-3	5.504677538E-3	5.504248664E-3
4.628626630E-3	4.633220844E-3	4.633221775E-3
2.419265220E-3	2.420275472E-3	2.413543174E-3
1.859912882E-3	1.852460904E-3	1.847423380E-3
1.764509478E-3	1.767736394E-3	1.767586800E-3
2.498903079E-3	2.503587166E-3	2.512186067E-3
4.333921708E-3	4.343019333E-3	4.349913448E-3
4.284407478E-3	4.296762869E-3	4.297385924E-3
4.117057659E-3	4.120165482E-3	4.128484521E-3
2.907830523E-3	2.911577467E-3	2.914127428E-3
2.169220941E-3	2.176744863E-3	2.174804220E-3
2.675218740E-3	2.684954554E-3	2.677030163E-3
2.357307123E-3	2.354219323E-3	2.350733615E-3
3.473423654E-3	3.471419681E-3	3.472043900E-3
3.288578475E-3	3.295231611E-3	3.293245332E-3
3.097731853E-3	3.105535405E-3	3.097829642E-3
3.167370567E-3	3.154491307E-3	3.154503647E-3
2.872896148E-3	2.877319464E-3	2.865565475E-3
3.604873549E-3	3.611348104E-3	3.605212318E-3
3.604911966E-3	3.607172053E-3	3.616371192E-3
3.428856842E-3	3.412063466E-3	3.419487039E-3
2.730390988E-3	2.722905949E-3	2.725367900E-3
2.408210654E-3	2.400376834E-3	2.398939570E-3
2.650898416E-3	2.664015163E-3	2.659600228E-3
2.994014183E-3	2.992264926E-3	2.992036287E-3
3.788848873E-3	3.783345921E-3	3.780817147E-3
3.694303799E-3	3.688171739E-3	3.684587544E-3
3.860566299E-3	3.868094645E-3	3.859097371E-3
3.077383852E-3	3.063048003E-3	3.073242027E-3
2.743334742E-3	2.733123722E-3	2.739551011E-3
2.661004895E-3	2.670815913E-3	2.667317865E-3
2.654293785E-3	2.651776187E-3	2.662023529E-3
3.309586551E-3	3.326041624E-3	3.313283902E-3
3.247292945E-3	3.249256406E-3	3.256011289E-3
3.410542617E-3	3.417137777E-3	3.410410136E-3
3.090034705E-3	3.086483106E-3	3.079466987E-3
3.069060855E-3	3.058158094E-3	3.062743461E-3
3.171465360E-3	3.182339948E-3	3.173282137E-3
3.039543983E-3	3.037238261E-3	3.028958337E-3
3.477517050E-3	3.476411104E-3	3.477627877E-3
3.288981505E-3	3.289454151E-3	3.279403085E-3
3.408526303E-3	3.415929386E-3	3.426938085E-3
2.944558859E-3	2.948365640E-3	2.950664843E-3
3.506935202E-3	3.493336495E-3	3.505481873E-3
3.514163662E-3	3.539833007E-3	3.525743261E-3
3.389188088E-3	3.387378762E-3	3.381026909E-3
3.674162086E-3	3.667698475E-3	3.676929045E-3
3.136143321E-3	3.143206239E-3	3.136767540E-3
3.483245149E-3	3.469727002E-3	3.468791721E-3
3.309025662E-3	3.312628018E-3	3.326123580E-3
3.607889172E-3	3.628565464E-3	3.623179160E-3
3.915153909E-3	3.905214369E-3	3.922082484E-3
3.728345037E-3	3.718819236E-3	3.714857623E-3
3.488608869E-3	3.492406569E-3	3.488679882E-3
3.130633384E-3	3.139047185E-3	3.134402214E-3
3.271014895E-3	3.274655668E-3	3.269195324E-3
3.387446981E-3	3.377065063E-3	3.391997656E-3
3.676329041E-3	3.679468762E-3	3.684086492E-3
3.869550535E-3	3.886084771E-3	3.880149918E-3
3.964369185E-3	3.960030153E-3	3.965471871E-3
3.801121842E-3	3.813144984E-3	3.797101323E-3
3.397900146E-3	3.395112930E-3	3.395276377E-3
3.445353825E-3	3.428061726E-3	3.431720892E-3
3.309525317E-3	3.319352865E-3	3.326040693E-3
3.326273058E-3	3.323226236E-3	3.320281627E-3
3.513827454E-3	3.517784178E-3	3.524195170E-3
3.604182974E-3	3.604967380E-3	3.599967808E-3
3.834210103E-3	3.832950955E-3	3.827663139E-3
3.572276095E-3	3.574603470E-3	3.573043970E-3
3.693539416E-3	3.696946427E-3	3.687969176E-3
3.884133417E-3	3.897670656E-3	3.896393348E-3
3.496235004E-3	3.501654603E-3	3.497580299E-3
3.358251182E-3	3.361342940E-3	3.366023768E-3
3.313466441E-3	3.315709298E-3	3.317245515E-3
3.245116211E-3	3.227560082E-3	3.239652840E-3
3.568702377E-3	3.575865878E-3	3.577334806E-3
3.756509861E-3	3.743390786E-3	3.750034841E-3
3.867865074E-3	3.883207683E-3	3.873734269E-3
4.064073320E-3	4.079420585E-3	4.054309800E-3
3.720400855E-3	3.707969561E-3	3.722991096E-3
3.637587652E-3	3.648296464E-3	3.652230371E-3
3.639953211E-3	3.649816150E-3	3.638262860E-3
3.374893684E-3	3.383339383E-3	3.384195967E-3
3.452734556E-3	3.458212363E-3	3.444740782E-3
3.643921809E-3	3.633470740E-3	3.635430010E-3
3.573654452E-3	3.569629975E-3	3.568772227E-3
4.054735880E-3	4.046604503E-3	4.044345580E-3
4.126353189E-3	4.120280966E-3	4.123773426E-3
4.257466178E-3	4.272097722E-3	4.266812466E-3
4.424143583E-3	4.434612580E-3	4.426598549E-3
3.589257365E-3	3.594799200E-3	3.592161927E-3
3.967484925E-3	3.969052341E-3	3.951371647E-3
3.312057583E-3	3.315927461E-3	3.311170964E-3
3.484864719E-3	3.487707814E-3	3.478895873E-3
3.148296848E-3	3.160571214E-3	3.156313905E-3
4.788980819E-3	4.792491440E-3	4.792100284E-3
1.307782950E-3	1.320404466E-3	1.320385141E-3
8.254879154E-3	8.245142177E-3	8.242595010E-3
2.982238657E-4	2.969496127E-4	2.978444682E-4
7.803380955E-3	7.809353992E-3	7.809987757E-3
1.823329716E-3	1.837395946E-3	1.835490461E-3
5.428298377E-3	5.428270437E-3	5.422504619E-3
2.786570461E-3	2.791068750E-3	2.783480100E-3
4.012321122E-3	4.017590079E-3	4.022790585E-3
2.989617176E-3	2.994516864E-3	2.985450672E-3
3.787230002E-3	3.795979079E-3	3.789644456E-3
3.533993149E-3	3.535829484E-3	3.530516056E-3
3.942590673E-3	3.950001672E-3	3.947099671E-3
4.551240243E-3	4.550174810E-3	4.546039738E-3
4.305392038E-3	4.317998886E-3	4.304301459E-3
4.717858508E-3	4.741676152E-3	4.724504892E-3
4.318146501E-3	4.327069502E-3	4.310667980E-3
3.860218916E-3	3.858098295E-3	3.858864540E-3
3.854579991E-3	3.858183743E-3	3.847161075E-3
3.362928983E-3	3.378646448E-3	3.377858317E-3
3.237035125E-3	3.243486397E-3	3.224118380E-3
3.911053296E-3	3.905570600E-3	3.909141291E-3
3.677270375E-3	3.680721158E-3	3.679325338E-3
4.412314855E-3	4.402162973E-3	4.419947974E-3
4.746577702E-3	4.752634559E-3	4.752876703E-3
4.472399130E-3	4.472214263E-3	4.472025204E-3
4.847384524E-3	4.840501118E-3	4.847379867E-3
4.282998387E-3	4.290836398E-3	4.273752682E-3
3.966519143E-3	3.974676132E-3	3.977288492E-3
3.940050025E-3	3.941176925E-3	3.942335490E-3
3.514152020E-3	3.515286371E-3	3.494139295E-3
3.732619341E-3	3.751306795E-3	3.748026909E-3
3.993575461E-3	3.988510463E-3	3.995205741E-3
4.003303591E-3	4.002205562E-3	4.007000010E-3
4.502077587E-3	4.505270626E-3	4.499616101E-3
4.863317125E-3	4.884104244E-3	4.859397653E-3
4.550941288E-3	4.558396991E-3	4.542429000E-3
4.936464131E-3	4.956561606E-3	4.947130568E-3
4.436927382E-3	4.436709452E-3	4.447584040E-3
4.025314935E-3	4.046543036E-3	4.045191687E-3
4.099224228E-3	4.090248607E-3	4.108542111E-3
3.602536628E-3	3.605881706E-3	3.600668861E-3
3.753890982E-3	3.759452375E-3	3.759598825E-3
4.209565464E-3	4.200911149E-3	4.205223639E-3
4.241575953E-3	4.243616015E-3	4.247997422E-3
4.921606742E-3	4.917130340E-3	4.896067083E-3
5.153831560E-3	5.150123499E-3	5.144482478E-3
4.938228521E-3	4.937985446E-3	4.920130130E-3
5.067232065E-3	5.064186640E-3	5.077926908E-3
4.707182758E-3	4.715850111E-3	4.712832626E-3
4.534752108E-3	4.537547939E-3	4.541671369E-3
4.641035572E-3	4.652188625E-3	4.642067943E-3
4.108128138E-3	4.109073430E-3	4.116849508E-3
4.163787235E-3	4.170339089E-3	4.162469413E-3
4.393194802E-3	4.387743771E-3	4.403627012E-3
4.188805819E-3	4.177170806E-3	4.188234452E-3
4.805040546E-3	4.802847281E-3	4.815964960E-3
4.977818578E-3	4.974558484E-3	4.973354749E-3
4.963468760E-3	4.987167194E-3	4.980546422E-3
5.331298336E-3	5.335133523E-3	5.315909628E-3
5.002071615E-3	5.011445377E-3	5.001632962E-3
4.758386407E-3	4.778523929E-3	4.773546010E-3
4.664034117E-3	4.673034884E-3	4.661674146E-3
4.439407494E-3	4.462017212E-3	4.454407375E-3
4.397552460E-3	4.408247303E-3	4.391144030E-3
4.657990299E-3	4.680157173E-3	4.676543176E-3
4.499551840E-3	4.511844367E-3	4.513001069E-3
4.751615692E-3	4.749236163E-3	4.743037280E-3
4.908356816E-3	4.926774185E-3	4.906950518E-3
4.775930662E-3	4.779416136E-3	4.777098540E-3
4.987561610E-3	4.982301034E-3	4.997257143E-3
5.057526287E-3	5.062527489E-3	5.052371416E-3
4.844768904E-3	4.856546409E-3	4.849974532E-3
4.850532394E-3	4.865702707E-3	4.840005655E-3
4.486585502E-3	4.472111817E-3	4.477339331E-3
4.235680215E-3	4.226155113E-3	4.225726239E-3
4.193482921E-3	4.224272445E-3	4.224644508E-3
3.983334173E-3	3.996080253E-3	3.992241342E-3
4.221645184E-3	4.226609599E-3	4.215698224E-3
4.312505014E-3	4.315002821E-3	4.329381976E-3
4.285530653E-3	4.306871910E-3	4.309979733E-3
4.318292718E-3	4.321528133E-3	4.336007405E-3
4.508488346E-3	4.523755517E-3	4.519553389E-3
4.230067600E-3	4.247114994E-3	4.226800520E-3
4.181731027E-3	4.209389910E-3	4.181190860E-3
4.249746911E-3	4.285539035E-3	4.260708578E-3
3.929120954E-3	3.945026081E-3	3.924352117E-3
4.133963492E-3	4.158827476E-3	4.122697748E-3
3.992577549E-3	4.015322309E-3	3.984773997E-3
3.987373784E-3	3.998826258E-3	3.968764562E-3
4.196821712E-3	4.231152125E-3	4.194709472E-3
3.983357921E-3	4.032496363E-3	3.989469726E-3
3.949198406E-3	3.992777783E-3	3.956442233E-3
3.906487022E-3	3.945756704E-3	3.912292887E-3
3.513261443E-3	3.550428431E-3	3.545228159E-3
2.865628339E-3	2.906271955E-3	2.901886357E-3
2.539975103E-3	2.554604551E-3	2.548722783E-3
1.699801185E-3	1.726111630E-3	1.703914255E-3
1.564903185E-3	1.578253345E-3	1.570286462E-3
1.080526155E-3	1.102897222E-3	1.098886598E-3
5.659164744E-4	5.597793497E-4	5.891992478E-4
4.979016958E-4	4.889247939E-4	5.197590799E-4
-2.647463407E-4	-2.607204660E-4	-2.349092101E-4
-3.687337448E-4	-3.779625404E-4	-3.718773951E-4
-1.498273923E-3	-1.520432532E-3	-1.537574455E-3
-1.130719553E-3	-1.145121991E-3	-1.153422752E-3
-2.558401087E-3	-2.567972289E-3	-2.581777051E-3
-2.341991756E-3	-2.332375385E-3	-2.364858752E-3
-3.413272789E-3	-3.428108757E-3	-3.435145831E-3
-4.496228416E-3	-4.474424291E-3	-4.497316666E-3
-2.545636380E-3	-2.543519251E-3	-2.526114229E-3
-7.287607528E-3	-7.284659892E-3	-7.257153746E-3
-2.879465865E-5	-3.033432768E-5	-1.639804941E-5
-1.257331390E-2	-1.254915912E-2	-1.256148424E-2
4.171464127E-3	4.172038287E-3	4.166874569E-3
-1.719300076E-2	-1.713236421E-2	-1.716944762E-2
-1.412583515E-3	-1.381658716E-3	-1.436489401E-3
-6.456148811E-3	-6.375303492E-3	-6.436789408E-3
-1.560053509E-2	-1.554847695E-2	-1.561209559E-2
-7.573338691E-3	-7.523774169E-3	-7.549686823E-3
-1.387980953E-2	-1.384172589E-2	-1.387710031E-2
-1.274341438E-2	-1.267687138E-2	-1.271427423E-2
-1.427375805E-2	-1.421030145E-2	-1.425533649E-2
-1.634356752E-2	-1.629468054E-2	-1.633737981E-2
-1.651354693E-2	-1.651692763E-2	-1.653252915E-2
-1.900859922E-2	-1.900538616E-2	-1.904251799E-2
-1.798132434E-2	-1.795714535E-2	-1.799622737E-2
-1.846725121E-2	-1.843461022E-2	-1.846226677E-2
-1.845239475E-2	-1.844907366E-2	-1.845678315E-2
-1.880780421E-2	-1.881566085E-2	-1.882243343E-2
-1.890872978E-2	-1.893674582E-2	-1.893915795E-2
-1.819689944E-2	-1.824021153E-2	-1.821655780E-2
-1.801806130E-2	-1.805820689E-2	-1.801175810E-2
-1.799353957E-2	-1.806963049E-2	-1.799258217E-2
-1.839559525E-2	-1.842702366E-2	-1.838135906E-2
-1.838567108E-2	-1.838313602E-2	-1.833828539E-2
-1.822892390E-2	-1.822010428E-2	-1.817674935E-2
-1.770822145E-2	-1.769775525E-2	-1.764117554E-2
-1.707585901E-2	-1.707120985E-2	-1.704633236E-2
-1.649997383E-2	-1.650657319E-2	-1.647880487E-2
-1.559955254E-2	-1.557290647E-2	-1.556668989E-2
-1.463457383E-2	-1.463208441E-2	-1.461899374E-2
-1.360582560E-2	-1.358930115E-2	-1.356782392E-2
-1.253432222E-2	-1.252572984E-2	-1.251894701E-2
-1.147895120E-2	-1.146544889E-2	-1.146848965E-2
-1.043507736E-2	-1.039589103E-2	-1.041994896E-2
-9.414591826E-3	-9.428803809E-3	-9.435702115E-3
-8.494100533E-3	-8.486771956E-3	-8.527470753E-3
-7.645149715E-3	-7.654096466E-3	-7.680724841E-3
-6.936946884E-3	-6.937285420E-3	-6.948989350E-3
-6.172676105E-3	-6.167161744E-3	-6.177189760E-3
-5.445963237E-3	-5.455025937E-3	-5.470409989E-3
-4.856096115E-3	-4.855192732E-3	-4.881926812E-3
-4.273116589E-3	-4.264014307E-3	-4.304806702E-3
-3.890531836E-3	-3.879430937E-3	-3.921301104E-3
-3.478760365E-3	-3.469536314E-3	-3.517161123E-3
-3.061855445E-3	-3.055026056E-3	-3.074837849E-3
-2.788072685E-3	-2.797733760E-3	-2.787758596E-3
-2.406137530E-3	-2.392663155E-3	-2.396716736E-3
-2.244263655E-3	-2.243814059E-3	-2.221038332E-3
-2.012986457E-3	-1.998481108E-3	-2.000686480E-3
-1.696996856E-3	-1.697274274E-3	-1.680705114E-3
-1.516441931E-3	-1.480025239E-3	-1.485513407E-3
-1.338885282E-3	-1.329624210E-3	-1.328413491E-3
-1.115276944E-3	-1.121944515E-3	-1.095220097E-3
-9.397590766E-4	-9.441360598E-4	-9.224363603E-4
-7.394533022E-4	-7.596101495E-4	-7.459943299E-4
-4.453395086E-4	-4.327956995E-4	-4.421359336E-4
-1.542851824E-4	-1.480573555E-4	-1.449334231E-4
2.131297515E-5	1.960513691E-5	2.619918996E-5
9.065521590E-5	8.189864457E-5	8.415479533E-5
2.582321176E-4	2.638770675E-4	2.801277442E-4
2.847507421E-4	2.869168529E-4	2.988912456E-4
3.330319014E-4	3.582106729E-4	3.585266240E-4
5.298733013E-4	5.109419581E-4	5.250030663E-4
5.808694405E-4	5.614216789E-4	5.734466831E-4
6.014269311E-4	6.416959222E-4	6.328398013E-4
4.587049771E-4	4.677768447E-4	4.622341366E-4
4.889077391E-4	5.013681948E-4	4.877282190E-4
4.473931913E-4	4.582276160E-4	4.512140877E-4
5.910342443E-4	6.228011334E-4	5.844829720E-4
6.348703173E-4	6.378936232E-4	6.142358761E-4
6.285618292E-4	6.348219467E-4	6.190334097E-4
5.956440582E-4	6.186017417E-4	5.897886585E-4
5.887029693E-4	5.846261047E-4	5.869962624E-4
5.238978774E-4	5.129661877E-4	5.327528925E-4
4.946007393E-4	5.008084700E-4	4.850650148E-4
5.250056856E-4	5.360772484E-4	5.262916675E-4
4.371267278E-4	4.296561237E-4	4.527764104E-4
4.298638669E-4	4.355241254E-4	4.373064439E-4
2.805723634E-4	2.869537566E-4	2.871044271E-4
2.643456683E-4	2.667024964E-4	2.648686641E-4
2.052447962E-4	2.096195240E-4	2.065525332E-4
1.717798295E-4	1.919154893E-4	1.782649342E-4
2.102822909E-4	2.140958677E-4	2.256318112E-4
1.275753020E-4	1.436761959E-4	1.223159488E-4
2.123429585E-4	2.127202024E-4	2.027328155E-4
1.964863768E-4	2.072834322E-4	1.880119817E-4
2.725380764E-4	3.025729966E-4	2.664326457E-4
1.873932197E-4	2.017602819E-4	1.764211484E-4
1.315229019E-4	1.524363179E-4	1.330021623E-4
1.080248476E-4	1.170158648E-4	1.115154955E-4
1.123181792E-4	1.206724992E-4	1.159559033E-4
3.012709203E-4	3.059793380E-4	2.867016301E-4
1.754962868E-4	1.987491996E-4	1.911146828E-4
2.543284500E-4	2.574462851E-4	2.544264134E-4
1.256664982E-4	1.197473975E-4	1.155856953E-4
4.327506758E-4	4.207731981E-4	4.166150175E-4
1.314487017E-4	1.342334581E-4	1.525979897E-4
3.663907410E-4	3.682466340E-4	3.635162138E-4
3.107658704E-4	3.245892876E-4	3.092451079E-4
2.105538297E-4	2.351370349E-4	2.391797316E-4
6.652851007E-4	6.815824308E-4	6.714737392E-4
-1.931412953E-5	-1.380341928E-6	-9.962010154E-6
1.314098598E-3	1.320932992E-3	1.318174764E-3
-8.612466627E-5	-9.203383524E-5	-8.751348651E-5
1.202562358E-3	1.231944654E-3	1.218899619E-3
6.411836512E-5	7.957150228E-5	7.342512254E-5
6.298163207E-4	6.321583060E-4	6.353758508E-4
1.093956409E-3	1.105713425E-3	1.090290258E-3
-4.082965897E-4	-3.898422874E-4	-3.959128808E-4
5.558822886E-4	5.582448211E-4	5.664569908E-4
2.264407231E-3	2.261289628E-3	2.264801413E-3
-4.460743163E-3	-4.434346687E-3	-4.441709258E-3
4.025612026E-3	4.027721472E-3	4.057892598E-3
-5.412566941E-3	-5.392365158E-3	-5.402344745E-3
2.659630496E-3	2.682690974E-3	2.692876849E-3
-4.060668871E-3	-4.040256143E-3	-4.052769858E-3
5.308740656E-4	5.571538350E-4	5.347094266E-4
-2.672666218E-3	-2.643701853E-3	-2.669405891E-3
-1.337852096E-3	-1.336209243E-3	-1.359641785E-3
-2.011453034E-3	-1.973194769E-3	-1.995100174E-3
-2.230424667E-3	-2.217022469E-3	-2.231110120E-3
-1.840792131E-3	-1.836646930E-3	-1.838258235E-3
-2.692218637E-3	-2.666016808E-3	-2.680830425E-3
-2.340664854E-3	-2.316268859E-3	-2.327023540E-3
-3.016946837E-3	-3.007869003E-3	-3.006645944E-3
-2.834675601E-3	-2.838990185E-3	-2.844925271E-3
-3.322753124E-3	-3.298988100E-3	-3.333166940E-3
-3.402969800E-3	-3.369322978E-3	-3.381296992E-3
-3.611201886E-3	-3.576974152E-3	-3.596911905E-3
-3.857901320E-3	-3.831160255E-3	-3.844463266E-3
-3.954298794E-3	-3.912165295E-3	-3.926540259E-3
-4.287454765E-3	-4.255856387E-3	-4.263621755E-3
-4.554080777E-3	-4.516461398E-3	-4.533819854E-3
-4.929136485E-3	-4.912135191E-3	-4.898350686E-3
-5.148071796E-3	-5.134256091E-3	-5.137310363E-3
-5.646916572E-3	-5.616792012E-3	-5.612538662E-3
-5.923694000E-3	-5.903390702E-3	-5.924028810E-3
-6.353368051E-3	-6.320769899E-3	-6.339351181E-3
-6.881613750E-3	-6.878173444E-3	-6.879783701E-3
-7.452055812E-3	-7.395925466E-3	-7.408718579E-3
-8.159305900E-3	-8.144755848E-3	-8.129758760E-3
-8.869514801E-3	-8.811109699E-3	-8.833114989E-3
-9.707698599E-3	-9.696232155E-3	-9.701120667E-3
-1.067383122E-2	-1.064814813E-2	-1.066186093E-2
-1.180605404E-2	-1.177475974E-2	-1.178901084E-2
-1.328218542E-2	-1.324447989E-2	-1.325509045E-2
-1.488217153E-2	-1.484551001E-2	-1.488518342E-2
-1.679043286E-2	-1.675649919E-2	-1.680725999E-2
-1.853739098E-2	-1.848030649E-2	-1.852050424E-2
-2.071832865E-2	-2.068349347E-2	-2.070289664E-2
-2.282404527E-2	-2.278170735E-2	-2.280845679E-2
-2.536293492E-2	-2.532261238E-2	-2.536930144E-2
-2.837720141E-2	-2.832997590E-2	-2.838427201E-2
-3.191006929E-2	-3.189340606E-2	-3.190476075E-2
-3.585116565E-2	-3.583728895E-2	-3.580608964E-2
-4.012239352E-2	-4.010090977E-2	-4.007028788E-2
-4.465879872E-2	-4.464995489E-2	-4.464338347E-2
-4.943741858E-2	-4.941277206E-2	-4.944973439E-2
-5.460859463E-2	-5.458312109E-2	-5.459926277E-2
-5.959589407E-2	-5.955818668E-2	-5.956807360E-2
-6.436751783E-2	-6.432840973E-2	-6.433190405E-2
-6.829409301E-2	-6.823752820E-2	-6.821940094E-2
-7.129588723E-2	-7.124906778E-2	-7.122741640E-2
-7.338698208E-2	-7.333950698E-2	-7.330854982E-2
-7.481945306E-2	-7.476507872E-2	-7.465415448E-2
-7.549698651E-2	-7.546930760E-2	-7.538634539E-2
-7.532524318E-2	-7.529307902E-2	-7.522134483E-2
-7.455126196E-2	-7.457520068E-2	-7.448758930E-2
-7.312360406E-2	-7.313048840E-2	-7.308287174E-2
-7.145620883E-2	-7.143384963E-2	-7.141151279E-2
-6.907162815E-2	-6.905253232E-2	-6.901789457E-2
-6.633181125E-2	-6.633523107E-2	-6.634216756E-2
-6.314208359E-2	-6.314992905E-2	-6.316969544E-2
-6.000187993E-2	-6.001728401E-2	-6.001003087E-2
-5.719121546E-2	-5.722104013E-2	-5.724882707E-2
-5.451792106E-2	-5.452885106E-2	-5.452005565E-2
-5.179001391E-2	-5.184749141E-2	-5.181894079E-2
-4.898016527E-2	-4.903228953E-2	-4.900609329E-2
-4.594257474E-2	-4.599729925E-2	-4.597624391E-2
-4.283081368E-2	-4.291206226E-2	-4.288043827E-2
-3.990142420E-2	-3.996078670E-2	-3.993608803E-2
-3.684319556E-2	-3.692251071E-2	-3.685955331E-2
-3.370219469E-2	-3.376827016E-2	-3.373596817E-2
-3.036645427E-2	-3.044462390E-2	-3.039975464E-2
-2.684963122E-2	-2.693374269E-2	-2.685895376E-2
-2.329203859E-2	-2.334351279E-2	-2.327205054E-2
-1.990801655E-2	-1.995002478E-2	-1.989789680E-2
-1.626738906E-2	-1.634845324E-2	-1.628729142E-2
-1.249150466E-2	-1.252897084E-2	-1.251003426E-2
-8.298096247E-3	-8.342392743E-3	-8.311126381E-3
-4.298938438E-3	-4.345997237E-3	-4.335448612E-3
-3.129571269E-4	-3.959738533E-4	-3.604287922E-4
3.407280659E-3	3.289328655E-3	3.332709428E-3
6.682482082E-3	6.551637780E-3	6.613006815E-3
1.013228111E-2	1.004722435E-2	1.008460019E-2
1.349003240E-2	1.341733616E-2	1.345416158E-2
1.682893746E-2	1.671009324E-2	1.678484492E-2
1.943494007E-2	1.939423196E-2	1.942380331E-2
2.158986218E-2	2.153619379E-2	2.157409303E-2
2.334998176E-2	2.327366546E-2	2.330521867E-2
2.492039092E-2	2.484114282E-2	2.491420135E-2
2.574591525E-2	2.570376545E-2	2.573355660E-2
2.595385909E-2	2.591208741E-2	2.594481409E-2
2.549616806E-2	2.544629946E-2	2.546750568E-2
2.499626949E-2	2.496803179E-2	2.498997375E-2
2.446376532E-2	2.441852726E-2	2.444576658E-2
2.368955687E-2	2.366307005E-2	2.367973514E-2
2.303816006E-2	2.301650681E-2	2.303155884E-2
2.223003469E-2	2.221731097E-2	2.220939472E-2
2.169786394E-2	2.165572532E-2	2.166264504E-2
2.086488530E-2	2.085863240E-2	2.084513381E-2
2.032913640E-2	2.029813081E-2	2.029305696E-2
1.922071353E-2	1.921884716E-2	1.920312457E-2
1.876914129E-2	1.876945235E-2	1.875053719E-2
1.744464785E-2	1.745912619E-2	1.743025333E-2
1.720531657E-2	1.719812304E-2	1.718651503E-2
1.583320834E-2	1.582266204E-2	1.583360508E-2
1.572882012E-2	1.572078653E-2	1.571981795E-2
1.455967687E-2	1.456013694E-2	1.456071995E-2
1.401249506E-2	1.401370857E-2	1.400112454E-2
1.325646322E-2	1.325709932E-2	1.324209105E-2
1.252253633E-2	1.254335511E-2	1.252597012E-2
1.185499132E-2	1.186080649E-2	1.182664372E-2
1.116358861E-2	1.119276043E-2	1.116363797E-2
1.045046281E-2	1.046300214E-2	1.043700520E-2
9.784050286E-3	9.796458296E-3	9.791393764E-3
9.079452604E-3	9.084649384E-3	9.085324593E-3
8.585548028E-3	8.595134132E-3	8.580232970E-3
8.275736123E-3	8.291607723E-3	8.275533095E-3
7.900253870E-3	7.901831530E-3	7.906861603E-3
7.729822770E-3	7.709271740E-3	7.723468356E-3
7.538804319E-3	7.540429011E-3	7.555741817E-3
7.375761867E-3	7.357464172E-3	7.361536846E-3
7.180465851E-3	7.168486714E-3	7.160839159E-3
6.922722794E-3	6.919613108E-3	6.916176062E-3
6.691105198E-3	6.692242343E-3	6.692772731E-3
6.394304801E-3	6.388165988E-3	6.389472168E-3
6.154614966E-3	6.150095258E-3	6.144579034E-3
5.953291897E-3	5.945296027E-3	5.946203601E-3
5.638314877E-3	5.635618232E-3	5.639646668E-3
5.372466519E-3	5.380235147E-3	5.386811681E-3
5.119136069E-3	5.131191574E-3	5.118242931E-3
4.831406754E-3	4.836033564E-3	4.843550734E-3
4.612983204E-3	4.616463557E-3	4.607968032E-3
4.352260381E-3	4.379505292E-3	4.360890947E-3
4.075778648E-3	4.089962691E-3	4.071474075E-3
3.852944123E-3	3.860671539E-3	3.863289487E-3
3.605497302E-3	3.622794524E-3	3.605022561E-3
3.431992372E-3	3.440278815E-3	3.434565384E-3
3.253475763E-3	3.251857124E-3	3.247586777E-3
3.033701796E-3	3.045287216E-3	3.041272284E-3
2.828061115E-3	2.839707304E-3	2.831631107E-3
2.633462893E-3	2.635156503E-3	2.621248132E-3
2.495380351E-3	2.505519660E-3	2.501996700E-3
2.340028528E-3	2.354686847E-3	2.338206628E-3
2.218741924E-3	2.224358032E-3	2.218359616E-3
2.093154239E-3	2.077661222E-3	2.099152189E-3
1.920962473E-3	1.917920192E-3	1.931744511E-3
1.737275859E-3	1.755214063E-3	1.750335912E-3
1.480746083E-3	1.490262803E-3	1.492778189E-3
1.343790093E-3	1.352159772E-3	1.338583301E-3
1.186727895E-3	1.185474568E-3	1.203660620E-3
1.054979977E-3	1.055843895E-3	1.063265372E-3
9.876308031E-4	9.898248827E-4	1.004608814E-3
8.155013202E-4	8.196244598E-4	8.185430779E-4
7.600925746E-4	7.723328308E-4	7.606515428E-4
6.122792838E-4	6.195455790E-4	6.373964716E-4
3.815832606E-4	3.760162799E-4	3.823165025E-4
3.578909673E-4	3.509929229E-4	3.331079206E-4
2.381065860E-4	2.403982944E-4	2.306963579E-4
1.297148119E-4	1.369315432E-4	1.208482427E-4
4.283266753E-5	3.115127765E-5	3.099782771E-5
-1.486353722E-4	-1.416684099E-4	-1.386036020E-4
-2.880355751E-4	-2.806332777E-4	-2.863829723E-4
-3.697057255E-4	-3.631265427E-4	-3.698053770E-4
-5.241191247E-4	-5.202241009E-4	-5.286148516E-4
-5.766607355E-4	-5.813622265E-4	-5.740636843E-4
-6.002151640E-4	-6.064175977E-4	-5.994001986E-4
-6.961607141E-4	-6.979096797E-4	-7.093261811E-4
-7.328248466E-4	-7.266210741E-4	-7.424550713E-4
-8.521879208E-4	-8.594279061E-4	-8.569048950E-4
-8.834407781E-4	-8.765992825E-4	-8.715215954E-4
-9.630696150E-4	-9.697379428E-4	-9.615694289E-4
-9.929271182E-4	-9.836169193E-4	-9.836599929E-4
-1.015423331E-3	-1.021671575E-3	-1.024862053E-3
-9.631723515E-4	-9.741277900E-4	-9.694169858E-4
-9.301339160E-4	-9.324835846E-4	-9.351534536E-4
-1.051589847E-3	-1.032802626E-3	-1.028601313E-3
-9.644118836E-4	-9.686886915E-4	-9.664036334E-4
-1.127785305E-3	-1.112556434E-3	-1.131012919E-3
-9.487355710E-4	-9.361597477E-4	-9.625204257E-4
-1.085968339E-3	-1.091127167E-3	-1.099498477E-3
-1.088417834E-3	-1.081917086E-3	-1.106854528E-3
-1.078506466E-3	-1.077526482E-3	-1.085786731E-3
-1.228115987E-3	-1.224287087E-3	-1.232876442E-3
-1.071043196E-3	-1.056128764E-3	-1.063778880E-3
-1.238886500E-3	-1.229869667E-3	-1.226714114E-3
-1.010559965E-3	-1.010587555E-3	-1.001058961E-3
-1.153641264E-3	-1.149021089E-3	-1.145616523E-3
-1.053203945E-3	-1.064300421E-3	-1.044113655E-3
-1.146729221E-3	-1.154935337E-3	-1.136552775E-3
-1.109071425E-3	-1.116771833E-3	-1.086013741E-3
-9.552444681E-4	-9.638257325E-4	-9.563023923E-4
-1.179858111E-3	-1.183248241E-3	-1.174771227E-3
-8.280066540E-4	-8.313205908E-4	-8.080729167E-4
-1.368502737E-3	-1.372156898E-3	-1.356162596E-3
-6.604856462E-4	-6.580007030E-4	-6.563838106E-4
-1.281876583E-3	-1.292274916E-3	-1.263307873E-3
-7.172052283E-4	-7.210933254E-4	-7.150603924E-4
-1.008586260E-3	-1.026406651E-3	-1.020477270E-3
-9.170477861E-4	-9.230223950E-4	-9.185128729E-4
-5.158123095E-4	-5.145697505E-4	-5.100470735E-4
-1.529079862E-3	-1.515083481E-3	-1.520636957E-3
2.880045213E-4	2.922916901E-4	2.897065715E-4
-2.417347627E-3	-2.410934540E-3	-2.413050272E-3
1.390178222E-3	1.404378330E-3	1.400086679E-3
-3.086971818E-3	-3.083128016E-3	-3.074328182E-3
1.430872595E-3	1.423614798E-3	1.404836774E-3
-2.274439903E-3	-2.273965161E-3	-2.279440174E-3
1.616242225E-4	1.542934187E-4	1.302992605E-4
-1.333147520E-3	-1.326600206E-3	-1.346351928E-3
-2.105968451E-4	-1.874120644E-4	-1.986344287E-4
-1.254292903E-3	-1.227507950E-3	-1.235980191E-3
-1.150636672E-4	-1.026020764E-4	-1.232408540E-4
-1.282931305E-3	-1.281564124E-3	-1.292314380E-3
-3.240962978E-4	-3.135324514E-4	-3.230086295E-4
-1.258835429E-3	-1.286410843E-3	-1.281787409E-3
-6.673166063E-4	-6.554238498E-4	-6.669486174E-4
-1.143730246E-3	-1.150607481E-3	-1.145474846E-3
-9.499110747E-4	-9.553083219E-4	-9.533464909E-4
-1.006487175E-3	-1.005041995E-3	-9.864981985E-4
-1.224939362E-3	-1.224262523E-3	-1.224866020E-3
-1.118289772E-3	-1.135583385E-3	-1.095146523E-3
-1.456209575E-3	-1.460452215E-3	-1.449019415E-3
-1.261409954E-3	-1.269787783E-3	-1.253524679E-3
-1.543292659E-3	-1.554407412E-3	-1.542337821E-3
-1.372886240E-3	-1.383377239E-3	-1.373427454E-3
-1.630173414E-3	-1.629187958E-3	-1.627431018E-3
-1.573902904E-3	-1.576923067E-3	-1.566048828E-3
-1.654836931E-3	-1.660187263E-3	-1.657049870E-3
-1.769752009E-3	-1.770422794E-3	-1.768004149E-3
-1.810020418E-3	-1.796406577E-3	-1.803790336E-3
-1.929615624E-3	-1.908621052E-3	-1.911322121E-3
-1.834604540E-3	-1.829748158E-3	-1.828897512E-3
-1.983415103E-3	-1.974588027E-3	-1.970896032E-3
-1.945740660E-3	-1.951265614E-3	-1.960986294E-3
-1.991971629E-3	-1.974517945E-3	-1.984415809E-3
-2.027884126E-3	-2.037412254E-3	-2.046408597E-3
-2.035337500E-3	-2.044160618E-3	-2.039091894E-3
-2.138759941E-3	-2.133262111E-3	-2.137543866E-3
-2.097275807E-3	-2.104324056E-3	-2.097273013E-3
-2.149277600E-3	-2.150572138E-3	-2.162618563E-3
-2.194916131E-3	-2.218395937E-3	-2.208401682E-3
-2.299746498E-3	-2.309296746E-3	-2.308516065E-3
-2.359629842E-3	-2.374350559E-3	-2.361804713E-3
-2.497993410E-3	-2.494449029E-3	-2.482426353E-3
-2.564452589E-3	-2.558908658E-3	-2.555788495E-3
-2.664810978E-3	-2.655366436E-3	-2.661131322E-3
-2.837779699E-3	-2.849201206E-3	-2.830521902E-3
-2.987661632E-3	-2.979427576E-3	-2.991704270E-3
-3.158345586E-3	-3.135980107E-3	-3.161789151E-3
-3.217946040E-3	-3.220224986E-3	-3.244128544E-3
-3.339174436E-3	-3.333099419E-3	-3.339293180E-3
-3.443986177E-3	-3.444344737E-3	-3.454366466E-3
-3.537682584E-3	-3.533297451E-3	-3.545576707E-3
-3.679924645E-3	-3.687789198E-3	-3.691940568E-3
-3.836485790E-3	-3.844647901E-3	-3.848431166E-3
-3.946091980E-3	-3.950683866E-3	-3.931165207E-3
-4.051366821E-3	-4.073182587E-3	-4.042093642E-3
-4.210765474E-3	-4.223802127E-3	-4.196275957E-3
-4.313144833E-3	-4.322906956E-3	-4.308541771E-3
-4.354042932E-3	-4.366304725E-3	-4.340087529E-3
-4.492637236E-3	-4.494126420E-3	-4.456776194E-3
-4.655901808E-3	-4.668023903E-3	-4.616250284E-3
-4.868155345E-3	-4.866517615E-3	-4.837204702E-3
-4.987308290E-3	-4.974847659E-3	-4.951301496E-3
-5.002307706E-3	-4.999942146E-3	-5.006798543E-3
-5.023929290E-3	-5.039121490E-3	-5.027642939E-3
-5.147221033E-3	-5.146975163E-3	-5.166897085E-3
-5.221777130E-3	-5.202591885E-3	-5.224772729E-3
-5.272364244E-3	-5.277541932E-3	-5.290577188E-3
-5.271023605E-3	-5.266773980E-3	-5.299615674E-3
-5.176401231E-3	-5.157464184E-3	-5.197531544E-3
-4.919383675E-3	-4.939564969E-3	-4.938072525E-3
-4.584616516E-3	-4.617279861E-3	-4.620575812E-3
-4.290752113E-3	-4.298460204E-3	-4.298381042E-3
-3.983774222E-3	-3.996877000E-3	-3.998739645E-3
-3.717800137E-3	-3.727420233E-3	-3.720649984E-3
-3.367495723E-3	-3.391810926E-3	-3.375210566E-3
-3.020250471E-3	-3.045386169E-3	-3.020800417E-3
-2.614908852E-3	-2.627921756E-3	-2.608292969E-3
-2.145895967E-3	-2.155234804E-3	-2.144179773E-3
-1.720310538E-3	-1.748158946E-3	-1.735684695E-3
-1.282283454E-3	-1.300049014E-3	-1.291523105E-3
-8.729381952E-4	-8.705552318E-4	-8.733977447E-4
-5.294933799E-4	-5.431841710E-4	-5.226123030E-4
-2.140404977E-4	-2.231469989E-4	-2.183387842E-4
1.612308115E-4	1.692080405E-4	1.515568874E-4
4.505786055E-4	4.354399571E-4	4.481650540E-4
6.028868956E-4	5.901044351E-4	5.951751955E-4
7.854509167E-4	7.790010422E-4	7.791738608E-4
8.145389147E-4	8.031498874E-4	8.146145847E-4
9.211854776E-4	9.146192460E-4	9.132019477E-4
9.298645309E-4	9.154704749E-4	9.311167523E-4
1.029137056E-3	1.043002121E-3	1.031995867E-3
1.030439627E-3	1.040154835E-3	1.021332107E-3
1.106581185E-3	1.108562457E-3	1.102831564E-3
1.223003608E-3	1.212827978E-3	1.223600004E-3
1.152347191E-3	1.176128746E-3	1.181177213E-3
1.277509378E-3	1.280356781E-3	1.292201923E-3
1.188885770E-3	1.176321413E-3	1.189816860E-3
1.313793939E-3	1.314913854E-3	1.297099050E-3
1.101176371E-3	1.099322690E-3	1.102090697E-3
1.295038499E-3	1.300881151E-3	1.308988198E-3
1.163589070E-3	1.156430226E-3	1.154490397E-3
1.306619495E-3	1.306154998E-3	1.300748554E-3
1.159660169E-3	1.169047086E-3	1.161068096E-3
1.270937501E-3	1.272597117E-3	1.267425716E-3
1.143912436E-3	1.150736935E-3	1.153058023E-3
1.153808204E-3	1.148149022E-3	1.151170582E-3
1.173452358E-3	1.174941310E-3	1.159108127E-3
1.147057395E-3	1.143436763E-3	1.130886725E-3
1.186806359E-3	1.190884272E-3	1.183103537E-3
1.151887467E-3	1.166783855E-3	1.149943098E-3
1.181655214E-3	1.188028720E-3	1.199548133E-3
1.115800580E-3	1.121348236E-3	1.115361927E-3
1.150141470E-3	1.125549665E-3	1.141731394E-3
1.056975685E-3	1.051076688E-3	1.056638313E-3
1.068527461E-3	1.083130599E-3	1.075103180E-3
1.092186663E-3	1.079880632E-3	1.090273960E-3
1.106290030E-3	1.115670078E-3	1.116985222E-3
1.078512054E-3	1.079442562E-3	1.085841679E-3
1.107563032E-3	1.094508567E-3	1.086057862E-3
1.082887524E-3	1.079791109E-3	1.091498300E-3
1.029263833E-3	1.027006889E-3	1.022671117E-3
1.039834460E-3	1.024199184E-3	1.048665843E-3
1.012420980E-3	1.015261398E-3	1.003405778E-3
9.953734698E-4	9.993264684E-4	9.840709390E-4
9.774096543E-4	9.804149158E-4	9.924608748E-4
9.816760430E-4	9.741999675E-4	9.798855754E-4
9.939048905E-4	9.778920794E-4	9.711725870E-4
9.207698749E-4	9.341070545E-4	9.332842892E-4
8.887705626E-4	8.889028104E-4	8.918963722E-4
9.045903571E-4	8.983918815E-4	8.994817617E-4
8.565270109E-4	8.632979589E-4	8.679880411E-4
8.598697023E-4	8.600770961E-4	8.643664769E-4
8.491979679E-4	8.406550041E-4	8.547308389E-4
8.334440063E-4	8.328433032E-4	8.466967265E-4
8.035711362E-4	8.027817821E-4	8.081772248E-4
7.784252521E-4	7.785927737E-4	7.841148181E-4
7.456062012E-4	7.460180786E-4	7.233928773E-4
6.857299013E-4	6.893544341E-4	6.936116260E-4
6.720082019E-4	6.700301310E-4	6.722873077E-4
6.524551427E-4	6.473360700E-4	6.530304672E-4
6.329344469E-4	6.354552461E-4	6.290588062E-4
6.211492000E-4	6.141836639E-4	6.251140730E-4
6.143022329E-4	6.064192276E-4	6.075783749E-4
5.958795082E-4	5.836195196E-4	5.921534030E-4
5.387093406E-4	5.255694850E-4	5.297882017E-4
5.207033246E-4	5.178735591E-4	5.199142033E-4
4.915149766E-4	5.137496046E-4	4.959022044E-4
4.730265355E-4	4.768665531E-4	4.787055659E-4
4.621522094E-4	4.595716600E-4	4.621787521E-4
4.389490059E-4	4.552533501E-4	4.333909019E-4
3.869828361E-4	3.907398786E-4	3.910140367E-4
3.404839372E-4	3.469555231E-4	3.492824326E-4
3.409998317E-4	3.304747806E-4	3.263143881E-4
2.872000914E-4	2.984718012E-4	2.782683005E-4
2.623859618E-4	2.702428610E-4	2.612226526E-4
2.253062266E-4	2.163855097E-4	2.361148654E-4
1.925756660E-4	1.909682469E-4	2.026254369E-4
1.613173372E-4	1.713361271E-4	1.868042018E-4
1.536594937E-4	1.522460079E-4	1.335857523E-4
6.398590631E-5	7.703389565E-5	1.004429432E-4
6.352921628E-5	6.716256030E-5	6.001477959E-5
3.805950109E-5	3.696750719E-5	4.232232823E-5
-5.437825166E-6	5.317115665E-6	-7.677030226E-6
-2.996271360E-5	-3.581720739E-5	-2.654566015E-5
-1.939346475E-5	-2.569438220E-5	-2.064848377E-5
-6.791668420E-5	-7.928481500E-5	-6.386023597E-5
-6.773207861E-5	-6.905848568E-5	-7.030501001E-5
-1.282745216E-4	-1.185221918E-4	-1.230146881E-4
-1.303577301E-4	-1.248100598E-4	-1.310181397E-4
-1.293311943E-4	-1.168493982E-4	-1.082152230E-4
-1.414505969E-4	-1.644610456E-4	-1.420477929E-4
-1.817998418E-4	-1.698768465E-4	-1.663783769E-4
-1.891624124E-4	-1.994681661E-4	-1.931655570E-4
-1.519203215E-4	-1.588726445E-4	-1.555552444E-4
-2.383409883E-4	-2.165155602E-4	-2.244042407E-4
-1.943833049E-4	-2.124188468E-4	-2.046105801E-4
-2.379881334E-4	-2.426770079E-4	-2.514734515E-4
-2.657425648E-4	-2.417526266E-4	-2.548063349E-4
-2.110544156E-4	-2.074646036E-4	-2.162773453E-4
-2.648384834E-4	-2.732984140E-4	-2.684266074E-4
-2.500546689E-4	-2.551995276E-4	-2.553934755E-4
-2.928111935E-4	-3.006020852E-4	-2.964200685E-4
-2.391978342E-4	-2.299473272E-4	-2.265401417E-4
-3.009304928E-4	-3.006183542E-4	-3.147023963E-4
-2.280429326E-4	-1.998911175E-4	-2.182965400E-4
-2.911385091E-4	-3.139861801E-4	-3.215575125E-4
-2.532039944E-4	-2.575404651E-4	-2.588994685E-4
-2.227530931E-4	-2.299916378E-4	-2.303021756E-4
-2.852224279E-4	-2.704368962E-4	-2.751406282E-4
-1.821288461E-4	-1.885389938E-4	-1.836947922E-4
-3.033887770E-4	-3.165851813E-4	-3.135122533E-4
-1.708698255E-4	-1.573094487E-4	-1.508281712E-4
-3.348155878E-4	-3.348269383E-4	-3.327448212E-4
-1.416934974E-4	-1.696630352E-4	-1.594694913E-4
-3.599707270E-4	-3.488751536E-4	-3.577026073E-4
-2.246149670E-4	-2.232763363E-4	-2.239150781E-4
-3.244300315E-4	-3.200415522E-4	-3.287655418E-4
-3.225433175E-4	-3.335288202E-4	-3.354755463E-4
-2.611192467E-4	-2.863314876E-4	-2.683776547E-4
-4.592217447E-4	-4.818283487E-4	-4.614517966E-4
-2.093113580E-4	-2.156336413E-4	-2.129826462E-4
-5.562024890E-4	-5.703111528E-4	-5.751819117E-4
-1.850841363E-4	-1.808758971E-4	-1.681045396E-4
-6.450654473E-4	-6.418406847E-4	-6.367317401E-4
-2.295870945E-4	-2.304628724E-4	-2.214214037E-4
-6.409711787E-4	-6.487139035E-4	-6.504624616E-4
-2.595008409E-4	-2.483394346E-4	-2.664896019E-4
-6.255653570E-4	-6.226995611E-4	-6.183256046E-4
-3.440458095E-4	-3.348267055E-4	-3.482316970E-4
-6.000568392E-4	-6.053391844E-4	-6.161826896E-4
-3.999221954E-4	-4.216329253E-4	-4.178313829E-4
-5.912930355E-4	-5.926695885E-4	-5.841564271E-4
-4.774797417E-4	-4.563365364E-4	-4.689027555E-4
-5.684653879E-4	-5.667990772E-4	-5.613589310E-4
-5.319424672E-4	-5.028518499E-4	-5.285345833E-4
-5.298394826E-4	-5.344579695E-4	-5.322392681E-4
-5.418899818E-4	-5.467962474E-4	-5.515814992E-4
-5.541306455E-4	-5.724578514E-4	-5.614235997E-4
-5.810488947E-4	-5.737359170E-4	-5.771360011E-4
-5.706679076E-4	-5.694687716E-4	-5.655150744E-4
-6.175991148E-4	-6.244600518E-4	-6.178457988E-4
-5.921219708E-4	-6.093598786E-4	-6.128484965E-4
-6.650785799E-4	-6.592284772E-4	-6.493760739E-4
-6.675106706E-4	-6.662692758E-4	-6.627272232E-4
-6.893535610E-4	-6.936285063E-4	-6.886635674E-4
-7.167666336E-4	-7.235748926E-4	-7.214447251E-4
-7.456091698E-4	-7.634114008E-4	-7.463092916E-4
-7.666051970E-4	-7.641228149E-4	-7.633759524E-4
-7.829834358E-4	-7.947614067E-4	-7.957480266E-4
-7.788484218E-4	-7.831759867E-4	-7.806634530E-4
-7.824655040E-4	-7.680130657E-4	-7.738518761E-4
-8.120104903E-4	-8.174306713E-4	-8.039691020E-4
-8.034064667E-4	-8.052642806E-4	-8.076197701E-4
-8.283654461E-4	-8.327875403E-4	-8.170223446E-4
-8.362189401E-4	-8.541702409E-4	-8.366691764E-4
-8.461794932E-4	-8.703717031E-4	-8.620896842E-4
-8.806654951E-4	-8.769402630E-4	-8.776689647E-4
-8.982474101E-4	-8.829303551E-4	-9.035815019E-4
-8.937804960E-4	-8.782835212E-4	-8.749592234E-4
-8.929539472E-4	-8.867859724E-4	-8.916750667E-4
-9.101144387E-4	-8.900098037E-4	-8.964248700E-4
-8.978818078E-4	-9.100183961E-4	-9.035256808E-4
-9.542061598E-4	-9.283879772E-4	-9.479036671E-4
-9.243641398E-4	-9.286592831E-4	-9.258861537E-4
-9.566706140E-4	-9.445219766E-4	-9.456903208E-4
-9.448137716E-4	-9.426801116E-4	-9.546770016E-4
-9.672940942E-4	-9.600006160E-4	-9.683581884E-4
-9.784498252E-4	-9.837397374E-4	-9.813915240E-4
-1.005923608E-3	-1.013343688E-3	-1.019100891E-3
-1.030228916E-3	-1.022761106E-3	-1.036866219E-3
-1.035626628E-3	-1.029491541E-3	-1.034136512E-3
-1.053364249E-3	-1.060114475E-3	-1.054805820E-3
-1.072261017E-3	-1.068738173E-3	-1.057963120E-3
-1.067264006E-3	-1.077000052E-3	-1.080351067E-3
-1.069174847E-3	-1.067577628E-3	-1.062579569E-3
-1.093943953E-3	-1.107670367E-3	-1.099913265E-3
-1.129464596E-3	-1.131907571E-3	-1.120777335E-3
-1.155218924E-3	-1.169568859E-3	-1.153138815E-3
-1.169099938E-3	-1.171534997E-3	-1.190984971E-3
-1.169255003E-3	-1.172547578E-3	-1.173747005E-3
-1.211711671E-3	-1.217068871E-3	-1.212281524E-3
-1.190194278E-3	-1.178668463E-3	-1.197202830E-3
-1.205291599E-3	-1.235134085E-3	-1.229966409E-3
-1.209483598E-3	-1.211217023E-3	-1.222062856E-3
-1.247459091E-3	-1.252345508E-3	-1.241144026E-3
-1.257717842E-3	-1.253741910E-3	-1.244460698E-3
-1.257462311E-3	-1.270834240E-3	-1.270634937E-3
-1.299668220E-3	-1.312364009E-3	-1.312210690E-3
-1.264925348E-3	-1.267552143E-3	-1.278497861E-3
-1.349695260E-3	-1.353463740E-3	-1.349672792E-3
-1.272156951E-3	-1.263622660E-3	-1.256847172E-3
-1.361834700E-3	-1.379459864E-3	-1.378713408E-3
-1.264786115E-3	-1.271250192E-3	-1.274504815E-3
-1.373948646E-3	-1.372569823E-3	-1.385574345E-3
-1.287159859E-3	-1.301713055E-3	-1.291062217E-3
-1.336113084E-3	-1.321455697E-3	-1.317978604E-3
-1.345756580E-3	-1.360943192E-3	-1.347687794E-3
-1.281032688E-3	-1.261208206E-3	-1.283823862E-3
-1.426224830E-3	-1.428232295E-3	-1.428546617E-3
-1.189332688E-3	-1.190347830E-3	-1.193700475E-3
-1.448899275E-3	-1.432224293E-3	-1.443015528E-3
-1.113605569E-3	-1.118870219E-3	-1.130991499E-3
-1.466025831E-3	-1.468507689E-3	-1.462228014E-3
-1.139846398E-3	-1.159716514E-3	-1.151936827E-3
-1.408906886E-3	-1.402083202E-3	-1.408521086E-3
-1.236705459E-3	-1.237350167E-3	-1.222420135E-3
-1.324912533E-3	-1.310960506E-3	-1.321962336E-3
-1.405027928E-3	-1.419384382E-3	-1.421137713E-3
-1.254715840E-3	-1.255830401E-3	-1.263234299E-3
-1.579242409E-3	-1.591728185E-3	-1.591736916E-3
-1.102088951E-3	-1.088672783E-3	-1.078063622E-3
-1.711453777E-3	-1.713752281E-3	-1.713000820E-3
-9.661055519E-4	-9.904446779E-4	-9.613260627E-4
-1.784974011E-3	-1.790900948E-3	-1.793493051E-3
-9.820651030E-4	-9.738733061E-4	-9.868042544E-4
-1.783114392E-3	-1.795875607E-3	-1.799797174E-3
-1.044394565E-3	-1.047911355E-3	-1.042365213E-3
-1.758480794E-3	-1.756869373E-3	-1.752293436E-3
-1.155879581E-3	-1.168982009E-3	-1.172785880E-3
-1.616758294E-3	-1.651291735E-3	-1.633522101E-3
-1.323955716E-3	-1.315212692E-3	-1.313209534E-3
-1.482131425E-3	-1.488082577E-3	-1.466005924E-3
-1.425726572E-3	-1.445047674E-3	-1.429346157E-3
-1.402404392E-3	-1.396711450E-3	-1.402009977E-3
-1.481707790E-3	-1.505484106E-3	-1.491526258E-3
-1.346335746E-3	-1.365666394E-3	-1.358864713E-3
-1.501468942E-3	-1.510865288E-3	-1.501784893E-3
-1.384562696E-3	-1.381889684E-3	-1.391552854E-3
-1.561436569E-3	-1.554069226E-3	-1.556301839E-3
-1.435233979E-3	-1.446561422E-3	-1.456084545E-3
-1.520573511E-3	-1.512859599E-3	-1.512318384E-3
-1.495470409E-3	-1.497857622E-3	-1.495838980E-3
-1.521664439E-3	-1.505611581E-3	-1.518122037E-3
-1.586053870E-3	-1.587191713E-3	-1.582181896E-3
-1.530566369E-3	-1.544063329E-3	-1.547330059E-3
-1.645626617E-3	-1.658646157E-3	-1.642543706E-3
-1.595200622E-3	-1.595056616E-3	-1.609087340E-3
-1.657628920E-3	-1.662871684E-3	-1.669554738E-3
-1.655291882E-3	-1.658767113E-3	-1.658198773E-3
-1.673299004E-3	-1.689405763E-3	-1.672724495E-3
-1.692541759E-3	-1.713333651E-3	-1.709140954E-3
-1.694138511E-3	-1.701058005E-3	-1.705118222E-3
-1.722046407E-3	-1.722713350E-3	-1.723847585E-3
-1.705964212E-3	-1.707567135E-3	-1.713306876E-3
-1.728568925E-3	-1.742080553E-3	-1.719239168E-3
-1.670737518E-3	-1.690867357E-3	-1.680438523E-3
-1.679763896E-3	-1.695318846E-3	-1.686372096E-3
-1.618125243E-3	-1.645942917E-3	-1.620023395E-3
-1.613825094E-3	-1.627467107E-3	-1.605708036E-3
-1.608193037E-3	-1.606389182E-3	-1.599911950E-3
-1.577564632E-3	-1.586218947E-3	-1.563086873E-3
-1.579245203E-3	-1.590239117E-3	-1.588158193E-3
-1.534390030E-3	-1.552953152E-3	-1.553305658E-3
-1.525792410E-3	-1.523795305E-3	-1.522298902E-3
-1.490085502E-3	-1.483194996E-3	-1.506887842E-3
-1.448811498E-3	-1.456152182E-3	-1.477816724E-3
-1.420901506E-3	-1.428336021E-3	-1.432109857E-3
-1.407324919E-3	-1.406176249E-3	-1.430720207E-3
-1.379620982E-3	-1.376123750E-3	-1.378703164E-3
-1.378238318E-3	-1.382731134E-3	-1.378365560E-3
-1.371988095E-3	-1.367455116E-3	-1.370873768E-3
-1.351293991E-3	-1.349326107E-3	-1.355584711E-3
-1.329305233E-3	-1.337610884E-3	-1.352506108E-3
-1.308174920E-3	-1.317752292E-3	-1.313736895E-3
-1.265617087E-3	-1.279633027E-3	-1.273323316E-3
-1.275785384E-3	-1.282945857E-3	-1.260446152E-3
-1.257977332E-3	-1.263639191E-3	-1.268431079E-3
-1.255949726E-3	-1.267244224E-3	-1.256921212E-3
-1.260296442E-3	-1.253128052E-3	-1.262500882E-3
-1.249908702E-3	-1.249407418E-3	-1.263581915E-3
-1.237317687E-3	-1.253520371E-3	-1.245375723E-3
-1.235646196E-3	-1.251046197E-3	-1.247756416E-3
-1.245419378E-3	-1.254663104E-3	-1.247703098E-3
-1.220911741E-3	-1.220282749E-3	-1.224038657E-3
-1.191189862E-3	-1.206676126E-3	-1.194699551E-3
-1.203856082E-3	-1.203424064E-3	-1.199025195E-3
-1.169487135E-3	-1.171637094E-3	-1.170542440E-3
-1.181228901E-3	-1.176133635E-3	-1.174096251E-3
-1.159191830E-3	-1.160466229E-3	-1.154553844E-3
-1.134426682E-3	-1.130038523E-3	-1.131225144E-3
-1.166163478E-3	-1.155188074E-3	-1.154069090E-3
-1.154298196E-3	-1.158897416E-3	-1.159379026E-3
-1.145609422E-3	-1.159667270E-3	-1.134514576E-3
-1.151803299E-3	-1.173387398E-3	-1.155729871E-3
-1.166567788E-3	-1.152889570E-3	-1.175647019E-3
-1.168580144E-3	-1.180432620E-3	-1.180273714E-3
-1.229868620E-3	-1.224472653E-3	-1.236303942E-3
-1.226740074E-3	-1.240903162E-3	-1.238691155E-3
-1.267665531E-3	-1.270460896E-3	-1.264286810E-3
-1.283673686E-3	-1.289267326E-3	-1.298463671E-3
-1.282767043E-3	-1.282244106E-3	-1.276137191E-3
-1.307484577E-3	-1.310175168E-3	-1.312328852E-3
-1.334750443E-3	-1.310045016E-3	-1.321573509E-3
-1.353207976E-3	-1.362930168E-3	-1.365894917E-3
-1.361037372E-3	-1.355024870E-3	-1.361632952E-3
-1.370047918E-3	-1.367049757E-3	-1.366044162E-3
-1.386489719E-3	-1.398004824E-3	-1.395696774E-3
-1.366090029E-3	-1.371315448E-3	-1.371406252E-3
-1.417601597E-3	-1.414207742E-3	-1.405366114E-3
-1.428097486E-3	-1.435221173E-3	-1.434730133E-3
-1.445005764E-3	-1.437095692E-3	-1.446177601E-3
-1.451974269E-3	-1.459540683E-3	-1.457435894E-3
-1.472725300E-3	-1.470209332E-3	-1.458458952E-3
-1.487706904E-3	-1.499869046E-3	-1.501790714E-3
-1.484667999E-3	-1.507545006E-3	-1.497282647E-3
-1.536528929E-3	-1.541567734E-3	-1.539489836E-3
-1.496195793E-3	-1.502407365E-3	-1.498306403E-3
-1.548956498E-3	-1.563907834E-3	-1.560830045E-3
-1.487743808E-3	-1.496061799E-3	-1.510059810E-3
-1.563059981E-3	-1.574093476E-3	-1.583908917E-3
-1.485329587E-3	-1.489375602E-3	-1.490208670E-3
-1.528327120E-3	-1.549605862E-3	-1.540291123E-3
-1.472966862E-3	-1.477840473E-3	-1.464444795E-3
-1.495259698E-3	-1.497194869E-3	-1.492454903E-3
-1.446258742E-3	-1.449052244E-3	-1.453425852E-3
-1.468941569E-3	-1.464619301E-3	-1.440715394E-3
-1.407727483E-3	-1.424460905E-3	-1.423115027E-3
-1.432767371E-3	-1.444691210E-3	-1.419216511E-3
-1.387483324E-3	-1.401662244E-3	-1.388621982E-3
-1.398131950E-3	-1.411130419E-3	-1.390791265E-3
-1.326579950E-3	-1.349819009E-3	-1.342087868E-3
-1.330961590E-3	-1.328872400E-3	-1.331071020E-3
-1.303837867E-3	-1.321633928E-3	-1.318787457E-3
-1.285346691E-3	-1.306576538E-3	-1.286916318E-3
-1.280442812E-3	-1.292040688E-3	-1.289495733E-3
-1.270789187E-3	-1.262229402E-3	-1.264489722E-3
-1.241720398E-3	-1.247510663E-3	-1.246609027E-3
-1.218357473E-3	-1.217453741E-3	-1.234762603E-3
-1.180973602E-3	-1.178576145E-3	-1.174433157E-3
-1.135599217E-3	-1.145790564E-3	-1.148225740E-3
-1.116040978E-3	-1.125556766E-3	-1.124200644E-3
-1.049094717E-3	-1.053821412E-3	-1.058719354E-3
-1.020829426E-3	-1.040039933E-3	-1.028231694E-3
-9.523755289E-4	-9.524003253E-4	-9.691530140E-4
-9.299191297E-4	-9.321426624E-4	-9.299720405E-4
-9.081673343E-4	-9.135031141E-4	-9.023518651E-4
-8.337707841E-4	-8.417434292E-4	-8.410207229E-4
-7.937505143E-4	-7.812160766E-4	-7.830673712E-4
-7.378631853E-4	-7.308046916E-4	-7.337216521E-4
-6.675692857E-4	-6.777399103E-4	-6.716428325E-4
-6.360124680E-4	-6.343424902E-4	-6.346650189E-4
-5.918073584E-4	-5.889445893E-4	-5.944740260E-4
-5.398695939E-4	-5.323505029E-4	-5.561240832E-4
-4.565902636E-4	-4.755780392E-4	-4.764740588E-4
-4.110661102E-4	-3.935728746E-4	-4.042418732E-4
-3.124665236E-4	-3.188325500E-4	-3.138655447E-4
-2.517316898E-4	-2.395840274E-4	-2.642180771E-4
-1.847293897E-4	-1.875197922E-4	-1.986042626E-4
-1.330145169E-4	-1.338802977E-4	-1.442400535E-4
-5.481302651E-5	-5.715942461E-5	-4.931363947E-5
1.461904139E-5	2.172025916E-6	8.073491699E-6
7.641385309E-5	8.034099301E-5	7.829403330E-5
1.493923046E-4	1.386867516E-4	1.518349018E-4
2.024923015E-4	2.007969888E-4	2.076087258E-4
2.709933615E-4	2.595473488E-4	2.776260371E-4
2.731645072E-4	2.646133653E-4	2.565594332E-4
2.913078351E-4	2.832431928E-4	2.888873278E-4
3.133009304E-4	3.014867543E-4	2.996273688E-4
3.238865756E-4	3.117276065E-4	3.304320562E-4
3.462314780E-4	3.495609271E-4	3.501164319E-4
3.773285716E-4	3.750233736E-4	3.908067883E-4
3.792736388E-4	3.765178553E-4	3.873226233E-4
3.607124963E-4	3.627556725E-4	3.599433403E-4
3.754874342E-4	3.725051065E-4	3.689751029E-4
3.876767296E-4	3.845795291E-4	3.906995698E-4
3.892427776E-4	3.882551973E-4	3.992598795E-4
4.752945388E-4	4.665609158E-4	4.755085974E-4
4.980264348E-4	4.922474618E-4	5.004171398E-4
5.683312775E-4	5.618312862E-4	5.690187681E-4
6.137889577E-4	6.147220265E-4	6.217213231E-4
6.630250136E-4	6.683599204E-4	6.845394964E-4
7.163240807E-4	7.236734382E-4	7.058413466E-4
7.825318025E-4	7.758882130E-4	7.764342008E-4
8.440786041E-4	8.631425444E-4	8.564185700E-4
8.900678367E-4	8.759940392E-4	8.806241676E-4
9.799874388E-4	1.003843732E-3	9.875930846E-4
1.012992696E-3	1.018806943E-3	1.010729349E-3
1.090695383E-3	1.105844276E-3	1.086012111E-3
1.116098138E-3	1.122173620E-3	1.115333172E-3
1.195868710E-3	1.192342257E-3	1.188529539E-3
1.231760369E-3	1.229767222E-3	1.210922957E-3
1.274502021E-3	1.276189694E-3	1.264430000E-3
1.292750007E-3	1.293457346E-3	1.304661622E-3
1.279857592E-3	1.276475028E-3	1.285784878E-3
1.376657630E-3	1.369735110E-3	1.367814955E-3
1.334617031E-3	1.331819105E-3	1.337141264E-3
1.415429055E-3	1.427588053E-3	1.422860427E-3
1.421820256E-3	1.417637570E-3	1.410253462E-3
1.451445976E-3	1.450179727E-3	1.427834737E-3
1.465764246E-3	1.461797394E-3	1.456821454E-3
1.461272477E-3	1.459131716E-3	1.460474683E-3
1.493511954E-3	1.486554276E-3	1.504568616E-3
1.466306276E-3	1.454714336E-3	1.463281806E-3
1.553437673E-3	1.548963832E-3	1.547308988E-3
1.477919519E-3	1.480873441E-3	1.474629971E-3
1.551929163E-3	1.552025904E-3	1.552519388E-3
1.495615812E-3	1.498666708E-3	1.494360855E-3
1.507959678E-3	1.512142131E-3	1.517135068E-3
1.522177947E-3	1.505999127E-3	1.514036092E-3
1.491321251E-3	1.479119412E-3	1.492483076E-3
1.509691239E-3	1.514604664E-3	1.507709734E-3
1.425518538E-3	1.433623838E-3	1.415724051E-3
1.541530830E-3	1.560577308E-3	1.562248101E-3
1.385532902E-3	1.396322157E-3	1.380330767E-3
1.549819019E-3	1.555914292E-3	1.552469563E-3
1.370472484E-3	1.369188074E-3	1.374541433E-3
1.515729702E-3	1.518013421E-3	1.525655040E-3
1.379609806E-3	1.383811352E-3	1.379768248E-3
1.477935468E-3	1.481246436E-3	1.483062748E-3
1.346469973E-3	1.337645808E-3	1.349978731E-3
1.408395125E-3	1.408757642E-3	1.410948462E-3
1.344713382E-3	1.342012780E-3	1.345064607E-3
1.330815023E-3	1.330821193E-3	1.336203422E-3
1.322216936E-3	1.329232589E-3	1.321413671E-3
1.259198179E-3	1.271766843E-3	1.265628845E-3
1.274899929E-3	1.293357345E-3	1.287470106E-3
1.199576072E-3	1.199450460E-3	1.205507549E-3
1.218136051E-3	1.215619734E-3	1.213701675E-3
1.146751805E-3	1.139236148E-3	1.142569585E-3
1.139973872E-3	1.144993235E-3	1.146461815E-3
1.082119066E-3	1.090376521E-3	1.076720655E-3
1.062499708E-3	1.056562527E-3	1.067109406E-3
1.020654570E-3	1.021150150E-3	1.026127487E-3
9.864836466E-4	9.822520660E-4	9.830037598E-4
9.835576639E-4	9.778467938E-4	9.779059328E-4
9.363825084E-4	9.322873666E-4	9.366484592E-4
9.399438277E-4	9.382389835E-4	9.332728223E-4
9.086348582E-4	8.973131189E-4	9.015912656E-4
9.111579857E-4	9.004620370E-4	8.995129028E-4
8.631546516E-4	8.754360606E-4	8.602498565E-4
8.700662293E-4	8.667770890E-4	8.685461362E-4
8.565915050E-4	8.628403302E-4	8.543333970E-4
8.504664875E-4	8.407366695E-4	8.482476696E-4
8.360620122E-4	8.466408472E-4	8.471557521E-4
8.375938050E-4	8.393556345E-4	8.338153712E-4
8.359097992E-4	8.423488471E-4	8.422986721E-4
8.339746855E-4	8.380042855E-4	8.396411431E-4
8.407532587E-4	8.439638186E-4	8.478962118E-4
8.275842993E-4	8.305366500E-4	8.312733262E-4
8.353604353E-4	8.328286931E-4	8.353607845E-4
8.238282171E-4	8.233208791E-4	8.340282948E-4
8.319563931E-4	8.244650089E-4	8.321831119E-4
8.227471844E-4	8.270719554E-4	8.292409475E-4
8.324909722E-4	8.200531593E-4	8.262378396E-4
8.211325621E-4	8.350934368E-4	8.343096706E-4
8.278393652E-4	8.268092060E-4	8.192217792E-4
8.243559278E-4	8.275294094E-4	8.414812619E-4
8.333395817E-4	8.329249686E-4	8.261693874E-4
8.302018978E-4	8.218968287E-4	8.284798823E-4
8.184260223E-4	8.192038513E-4	8.215904236E-4
8.183970931E-4	8.120726561E-4	8.229150553E-4
7.935104659E-4	8.049711469E-4	7.989467704E-4
8.000239031E-4	7.962844684E-4	8.003602270E-4
7.958975038E-4	8.045151480E-4	7.989138830E-4
8.063111454E-4	7.925606915E-4	7.939184434E-4
8.003564435E-4	8.050111937E-4	8.146751206E-4
8.007736760E-4	7.997606881E-4	8.114137454E-4
8.131698123E-4	8.025806164E-4	8.044425631E-4
8.036936633E-4	8.046051953E-4	8.040336543E-4
8.141986327E-4	8.158586570E-4	8.013722836E-4
8.039855165E-4	7.989426376E-4	8.062781417E-4
8.149334462E-4	7.983411197E-4	8.081206470E-4
8.012290346E-4	8.007941651E-4	8.036964573E-4
8.085789741E-4	8.097664686E-4	7.975046174E-4
8.075888036E-4	8.044192800E-4	8.067521267E-4
8.040802204E-4	7.932022563E-4	8.001425886E-4
8.009612211E-4	7.930561551E-4	7.889177650E-4
7.907085819E-4	8.069530013E-4	7.991328603E-4
7.988536381E-4	8.059853571E-4	8.067742456E-4
7.989914739E-4	7.954565808E-4	8.014074992E-4
8.193136309E-4	8.123877924E-4	8.144857711E-4
7.992032915E-4	8.006324060E-4	7.907084073E-4
8.103635628E-4	8.179934812E-4	8.094228688E-4
7.921944489E-4	7.889092667E-4	7.977659698E-4
7.992730825E-4	7.923382800E-4	8.028835291E-4
7.944604149E-4	8.045023424E-4	7.916233735E-4
7.955949986E-4	7.989284932E-4	7.991117309E-4
8.052077028E-4	8.132630028E-4	8.092048229E-4
7.813070551E-4	7.778535364E-4	7.851061528E-4
8.245743811E-4	8.327940595E-4	8.327145479E-4
7.601168472E-4	7.548140711E-4	7.620939869E-4
8.217689465E-4	8.295806474E-4	8.307143580E-4
7.333391695E-4	7.324565086E-4	7.335013361E-4
8.434906485E-4	8.458570810E-4	8.427414577E-4
7.318051066E-4	7.447805256E-4	7.418174064E-4
8.393258322E-4	8.347461699E-4	8.393408498E-4
7.313556853E-4	7.464538212E-4	7.470347919E-4
8.001288516E-4	7.966198609E-4	8.088663453E-4
7.412279956E-4	7.467934629E-4	7.427757373E-4
7.777263527E-4	7.698673289E-4	7.658079267E-4
7.702530711E-4	7.817042060E-4	7.792350370E-4
7.382931071E-4	7.272411021E-4	7.287418703E-4
8.010363090E-4	8.090352057E-4	8.022493566E-4
6.940501044E-4	6.886139745E-4	6.793746143E-4
8.451293688E-4	8.395389304E-4	8.353592712E-4
6.669365685E-4	6.761050317E-4	6.712586619E-4
8.444181876E-4	8.272050181E-4	8.398555801E-4
6.603453076E-4	6.639366038E-4	6.691135350E-4
8.201468154E-4	8.208489744E-4	8.197843563E-4
6.794991205E-4	6.921110325E-4	6.806777092E-4
7.783680339E-4	7.719410933E-4	7.751362864E-4
6.936102873E-4	6.911858800E-4	6.880302681E-4
7.326012710E-4	7.399322931E-4	7.387366495E-4
7.140602684E-4	7.174330531E-4	7.189578610E-4
7.028884720E-4	6.964981440E-4	6.997238379E-4
7.281437283E-4	7.193740457E-4	7.313844399E-4
6.661469233E-4	6.645816029E-4	6.815334782E-4
7.281107828E-4	7.136713830E-4	7.120471564E-4
6.647697301E-4	6.601857604E-4	6.640514475E-4
6.919512525E-4	6.978544407E-4	6.997037563E-4
6.578181055E-4	6.562022609E-4	6.662203814E-4
6.694647018E-4	6.822143332E-4	6.800235715E-4
6.793966168E-4	6.671056035E-4	6.689485745E-4
6.761921686E-4	6.717199576E-4	6.732157199E-4
6.869315403E-4	6.910702214E-4	6.924088229E-4
6.713662297E-4	6.697789649E-4	6.629397976E-4
6.871836958E-4	6.991323316E-4	7.058262709E-4
6.714908523E-4	6.856708787E-4	6.636218168E-4
7.058270276E-4	7.042396464E-4	6.996535813E-4
6.988401874E-4	7.080084761E-4	7.029607659E-4
6.982013583E-4	6.996583543E-4	7.095109904E-4
7.256937097E-4	7.196284714E-4	7.195236394E-4
7.206513546E-4	7.070117281E-4	7.125721313E-4
7.417179295E-4	7.393207052E-4	7.232891512E-4
7.414896390E-4	7.402981282E-4	7.398431771E-4
7.643445861E-4	7.591561880E-4	7.708592457E-4
7.599230157E-4	7.599479868E-4	7.687382167E-4
7.788757794E-4	7.743827300E-4	7.783062174E-4
7.761571323E-4	7.769659860E-4	7.668905309E-4
7.730533252E-4	7.756523555E-4	7.738276618E-4
7.858349127E-4	7.792223478E-4	7.817719597E-4
7.733058301E-4	7.724292809E-4	7.704324089E-4
7.970485603E-4	7.859441685E-4	7.963378448E-4
7.846182561E-4	7.938104682E-4	7.706406759E-4
7.931594737E-4	8.021456306E-4	7.999344380E-4
7.969917497E-4	7.866140222E-4	7.966504199E-4
7.905984530E-4	7.921552751E-4	7.983286632E-4
7.942868979E-4	7.933544694E-4	7.955157780E-4
8.068443858E-4	8.104373119E-4	7.898558979E-4
8.079429390E-4	8.137437981E-4	8.084790315E-4
8.066430455E-4	8.030611207E-4	8.095390513E-4
8.185466868E-4	8.138319245E-4	8.186801570E-4
8.172141970E-4	8.137456607E-4	8.081489941E-4
8.201767923E-4	8.292177226E-4	8.106870227E-4
8.419635706E-4	8.265397046E-4	8.313775761E-4
8.366119000E-4	8.156026597E-4	8.330126875E-4
8.337015752E-4	8.372301236E-4	8.216855349E-4
8.177569835E-4	8.211082895E-4	8.284777286E-4
8.226051577E-4	8.142525912E-4	8.222375764E-4
8.288535173E-4	8.228500374E-4	8.289095713E-4
8.189986111E-4	8.167473716E-4	8.115053643E-4
8.130063652E-4	8.271238767E-4	8.282120689E-4
8.263370837E-4	8.204544429E-4	8.356557228E-4
8.368014242E-4	8.234733250E-4	8.322357899E-4
8.259580936E-4	8.330402197E-4	8.293965948E-4
8.230462554E-4	8.131118375E-4	8.185630431E-4
8.319572662E-4	8.195044356E-4	8.316339226E-4
8.127171895E-4	8.194486145E-4	8.238501614E-4
8.336860919E-4	8.412936586E-4	8.270335384E-4
8.245235076E-4	8.179768920E-4	8.099140250E-4
8.325197850E-4	8.401065716E-4	8.360484499E-4
8.152888040E-4	8.207054925E-4	8.228302468E-4
8.253007545E-4	8.268973324E-4	8.253014530E-4
8.375811158E-4	8.319872431E-4	8.347357507E-4
8.182253805E-4	8.194745169E-4	8.114919765E-4
8.516985108E-4	8.393988828E-4	8.408284630E-4
8.352080476E-4	8.388059796E-4	8.284400101E-4
8.467937587E-4	8.538523689E-4	8.507386665E-4
8.410695591E-4	8.419912192E-4	8.442462422E-4
8.582435548E-4	8.633436519E-4	8.622443420E-4
8.780548815E-4	8.669637027E-4	8.598364657E-4
8.746951353E-4	8.677950827E-4	8.604466566E-4
8.885721909E-4	8.920385735E-4	8.881245158E-4
8.595758118E-4	8.619452128E-4	8.648881339E-4
9.035444236E-4	9.032947710E-4	9.064007318E-4
8.493604255E-4	8.481440018E-4	8.458396769E-4
9.159485926E-4	9.142390918E-4	9.214463644E-4
8.412429015E-4	8.462061523E-4	8.496886003E-4
9.220393840E-4	9.213850717E-4	9.223908419E-4
8.537447429E-4	8.633553516E-4	8.637685096E-4
9.283989202E-4	9.204751113E-4	9.241832886E-4
8.785762475E-4	8.693380514E-4	8.819114882E-4
9.190862183E-4	9.116455331E-4	9.219108033E-4
9.170659469E-4	9.023602470E-4	9.021367878E-4
9.081451572E-4	9.019841091E-4	9.097616421E-4
9.398335824E-4	9.335229988E-4	9.368156316E-4
9.025168838E-4	9.074622649E-4	9.053166141E-4
9.398146067E-4	9.563576896E-4	9.581734776E-4
8.997643599E-4	9.060280281E-4	9.086446371E-4
9.460599395E-4	9.583946085E-4	9.473873070E-4
9.169446421E-4	9.159191395E-4	9.228409617E-4
9.748449665E-4	9.603789658E-4	9.584085201E-4
9.412075742E-4	9.414746892E-4	9.541046456E-4
9.716271306E-4	9.834063239E-4	9.727062425E-4
9.705063421E-4	9.693068569E-4	9.761384572E-4
9.948610095E-4	9.924435290E-4	9.813006036E-4
9.807618335E-4	9.924960323E-4	9.847127367E-4
1.005035010E-3	9.980835021E-4	9.932641406E-4
1.006174367E-3	1.006209874E-3	9.988489328E-4
1.006495091E-3	1.005602768E-3	1.010852866E-3
1.009455533E-3	1.024158671E-3	1.031017513E-3
1.034043031E-3	1.023477409E-3	1.024976489E-3
1.039875671E-3	1.048346865E-3	1.026567537E-3
1.039268100E-3	1.038008719E-3	1.037668786E-3
1.043251483E-3	1.044344972E-3	1.048573758E-3
1.052899519E-3	1.041178592E-3	1.050251420E-3
1.048897393E-3	1.057797694E-3	1.053844113E-3
1.044748351E-3	1.054823981E-3	1.038680552E-3
1.041354146E-3	1.048623351E-3	1.034072018E-3
1.037521055E-3	1.036045491E-3	1.031207619E-3
1.037916518E-3	1.043598400E-3	1.034412766E-3
1.030310290E-3	1.045702025E-3	1.036011265E-3
1.040243544E-3	1.028528437E-3	1.035434892E-3
1.024615369E-3	1.019124407E-3	1.026500249E-3
1.027303748E-3	1.024744590E-3	1.031230437E-3
1.012680936E-3	1.023366582E-3	1.003792509E-3
1.016132534E-3	9.993643034E-4	1.018158044E-3
1.002026140E-3	9.959449526E-4	1.005992061E-3
9.899506113E-4	1.003016601E-3	9.889797075E-4
9.817911778E-4	9.824621957E-4	9.996112203E-4
9.932446992E-4	9.797207313E-4	9.909783257E-4
9.773109341E-4	9.855555836E-4	9.767458541E-4
9.808157338E-4	9.755038191E-4	9.749542805E-4
9.766139556E-4	9.773030179E-4	9.780747350E-4
9.694652399E-4	9.634752059E-4	9.812120115E-4
9.694652981E-4	9.726244025E-4	9.684842662E-4
9.679006762E-4	9.681602824E-4	9.572479757E-4
9.732265025E-4	9.728703881E-4	9.696390480E-4
9.600312915E-4	9.544685599E-4	9.618067998E-4
9.601050406E-4	9.411866195E-4	9.464512113E-4
9.607253014E-4	9.564131033E-4	9.506192873E-4
9.472003439E-4	9.559585596E-4	9.404798620E-4
9.517894941E-4	9.399088449E-4	9.456869448E-4
9.527420625E-4	9.362000856E-4	9.397466201E-4
9.574615979E-4	9.465108742E-4	9.495879640E-4
9.318817174E-4	9.271675372E-4	9.271877352E-4
9.236942278E-4	9.337833617E-4	9.333743947E-4
9.365699370E-4	9.331981419E-4	9.240431827E-4
9.313901537E-4	9.295886848E-4	9.210311109E-4
9.337948286E-4	9.333594353E-4	9.278462385E-4
9.144188953E-4	9.243572713E-4	9.179639746E-4
9.364642319E-4	9.313800256E-4	9.239697829E-4
9.261152009E-4	9.309196030E-4	9.239946958E-4
9.320612880E-4	9.265053668E-4	9.271241142E-4
9.295070195E-4	9.311494068E-4	9.356033406E-4
9.259830695E-4	9.185146191E-4	9.330303874E-4
9.410977946E-4	9.451040532E-4	9.217691841E-4
9.332804475E-4	9.305786807E-4	9.361502016E-4
9.660123033E-4	9.565923829E-4	9.631152498E-4
9.448628407E-4	9.406363824E-4	9.320435929E-4
9.726909921E-4	9.521525935E-4	9.691517917E-4
9.401201387E-4	9.528711671E-4	9.392325883E-4
9.742308175E-4	9.686188423E-4	9.775456274E-4
9.625165258E-4	9.595772717E-4	9.653281304E-4
9.639590862E-4	9.729713202E-4	9.779277025E-4
1.010138192E-3	9.950662497E-4	1.007715240E-3
9.741133545E-4	9.836191311E-4	9.828202892E-4
1.041402691E-3	1.036732690E-3	1.028360799E-3
9.735519998E-4	9.794557700E-4	9.749181336E-4
1.059598289E-3	1.048951759E-3	1.046473626E-3
9.983620839E-4	9.977192385E-4	9.887060151E-4
1.065932564E-3	1.063107164E-3	1.061762916E-3
9.980438044E-4	1.005258411E-3	1.011376618E-3
1.069296617E-3	1.068001031E-3	1.071975450E-3
1.032233820E-3	1.037013135E-3	1.034027315E-3
1.042755553E-3	1.040219096E-3	1.039684168E-3
1.056568581E-3	1.062249881E-3	1.074695378E-3
1.011755085E-3	1.015225425E-3	1.019407413E-3
1.086972654E-3	1.102443552E-3	1.094685402E-3
9.897747077E-4	9.940259624E-4	9.918513242E-4
1.116402680E-3	1.122862217E-3	1.126853633E-3
