3.479048284830149553e-08
3.348586288384881267e-08
3.346939671764577998e-08
3.471908392830987267e-08
3.717139230939241097e-08
4.072361849025511794e-08
4.523754393388544356e-08
5.054425901750725682e-08
5.644998882232998777e-08
6.274272093512507339e-08
6.919940911150491053e-08
7.559350802326845544e-08
8.170258353214602369e-08
8.731574291357408506e-08
9.224063393412559360e-08
9.630977928585391213e-08
9.938603679408602839e-08
1.013670051760996472e-07
1.021882310190627469e-07
1.018251156820898580e-07
1.002934661183879883e-07
9.764867793668040906e-08
9.398358507938700469e-08
8.942505797153063402e-08
8.412947439935482971e-08
7.827722257870354185e-08
7.206642790527982172e-08
6.570612266680867377e-08
5.940909542607877474e-08
5.338466393751449531e-08
4.783161696012814227e-08
4.293156502030893231e-08
3.884292409645654662e-08
3.569573136259062566e-08
3.358746281735167859e-08
3.257998852145785509e-08
3.269776087820490681e-08
3.392728734710051501e-08
3.621789486433442875e-08
3.948374833682984179e-08
4.360704840984236753e-08
4.844228199981333031e-08
5.382137625897559553e-08
5.955957002947446408e-08
6.546179121463432761e-08
7.132932678137534157e-08
7.696654138631570593e-08
8.218741718171181817e-08
8.682170188288644452e-08
9.072043933001999624e-08
9.376071169262774687e-08
9.584943360087761161e-08
9.692606971345044105e-08
9.696421274019700786e-08
9.597195455234393731e-08
9.399106140562645680e-08
9.109500835182314044e-08
8.738592696886252524e-08
8.299060596156198096e-08
7.805568786093712255e-08
7.274223292408603725e-08
6.721986721577443991e-08
6.166070106830197014e-08
5.623324797583502119e-08
5.109656705766802980e-08
4.639481433006957523e-08
4.225240820374253022e-08
3.876996913490442532e-08
3.602116735599942351e-08
3.405059309151437692e-08
3.287270210494033814e-08
3.247187166588439312e-08
3.280355983759428922e-08
3.379650538457535068e-08
3.535588969434029988e-08
3.736733601395744291e-08
3.970159135307854954e-08
4.221972751458604072e-08
4.477865585799003909e-08
4.723675865902338712e-08
4.945944086033129935e-08
5.132438341050943886e-08
5.272632113716909603e-08
5.358116857158074029e-08
5.382933899538757208e-08
5.343815471511151096e-08
5.240324024166318488e-08
5.074885848655376512e-08
4.852718864433506659e-08
4.581654892406948283e-08
4.271864505697484689e-08
3.935493619026683063e-08
3.586224372287517729e-08
3.238776728946513245e-08
2.908368425527170509e-08
2.610150448482633477e-08
2.358641994118452869e-08
2.167180571774497269e-08
2.047410379979404384e-08
2.008825625604621125e-08
2.058384324422832880e-08
2.200209037560458071e-08
2.435382358606047565e-08
2.761847287914240237e-08
3.174415714805525457e-08
3.664883844260154946e-08
4.222253462722242215e-08
4.833051331079919676e-08
5.481733830039700112e-08
6.151167132270521904e-08
6.823165839356834194e-08
7.479068053367533360e-08
8.100336100007424780e-08
8.669152185000817943e-08
9.168998078611370511e-08
9.585196348982921572e-08
9.905389121409597804e-08
1.011995121503636704e-07
1.022230806520680392e-07
1.020916111097002994e-07
1.008060792033174128e-07
9.840147436339309006e-08
9.494580798409943166e-08
9.053805557044302122e-08
8.530505161683462608e-08
7.939754262593884588e-08
7.298547206080548400e-08
6.625261032615720220e-08
5.939082330515916236e-08
5.259403113547789821e-08
4.605216598424752415e-08
3.994527410792447733e-08
3.443793316998597542e-08
2.967423368096668820e-08
2.577340558452839942e-08
2.282629163039067761e-08
2.089274787837140205e-08
2.000004247025488534e-08
2.014232452051862721e-08
2.128115787558307041e-08
2.334708541711709456e-08
2.624218714961515283e-08
2.984353249452881960e-08
3.400738854317088156e-08
3.857408439921298624e-08
4.337331306177002775e-08
4.822974148760024935e-08
5.296873067603683695e-08
5.742194060940600362e-08
6.143271931517312927e-08
6.486100295151314597e-08
6.758765785641022001e-08
6.951809924772140550e-08
7.058503030316143912e-08
7.075030199862749418e-08
7.000580570764314648e-08
6.837333437385180200e-08
6.590351527526165342e-08
6.267381585079190726e-08
5.878565451317960617e-08
5.436083343557119761e-08
4.953728692664846644e-08
4.446440127164504023e-08
3.929801586889496066e-08
3.419524849508935059e-08
2.930939235518972100e-08
2.478496415546256601e-08
2.075313374496044454e-08
1.732764689717164746e-08
1.460136149297383915e-08
1.264353091026124658e-08
1.149789483447704113e-08
1.118162541042116564e-08
1.168516798629764962e-08
1.297295955766523552e-08
1.498498156621773097e-08
1.763910523012616319e-08
2.083411336246273527e-08
2.445331180541289866e-08
2.836859765431448713e-08
3.244482100005797828e-08
3.654433719440082882e-08
4.053153819213539531e-08
4.427726330983994163e-08
4.766293053719320419e-08
5.058422065344539573e-08
5.295425496422728810e-08
5.470614657861213756e-08
5.579481012708043578e-08
5.619805082719476140e-08
5.591687648410481037e-08
5.497498993199039892e-08
5.341759677276406534e-08
5.130945466504928722e-08
4.873234590380036416e-08
4.578202334474784575e-08
4.256470623106891701e-08
3.919334170766838485e-08
3.578365519431965208e-08
3.245021301370621183e-08
2.930258828747508977e-08
2.644175363333378753e-08
2.395683231572653833e-08
2.192231928908283411e-08
2.039583890203854631e-08
1.941651828328153308e-08
1.900401616435656688e-08
1.915824715026009579e-08
1.985975579509667391e-08
2.107077567381746401e-08
2.273688256698327380e-08
2.478918973081611451e-08
2.714702160395664816e-08
2.972091124401201729e-08
3.241588693797739311e-08
3.513487703186325573e-08
3.778213571077538308e-08
4.026656189962971772e-08
4.250483644774722398e-08
4.442417974742100124e-08
4.596476201778978157e-08
4.708159793828688203e-08
4.774589555114277828e-08
4.794585970438633491e-08
4.768681715418186707e-08
4.699081691209964388e-08
4.589561493004373668e-08
4.445312318089115573e-08
4.272741848652388326e-08
4.079227821757323863e-08
3.872847615077326814e-08
3.662082689214880553e-08
3.455512121134949999e-08
3.261508517459220640e-08
3.087938340662671715e-08
2.941888175915544491e-08
2.829417530373610987e-08
2.755349822648652367e-08
2.723107309031014418e-08
2.734597774848365966e-08
2.790149817297787500e-08
2.888507133428769995e-08
3.026874889928795527e-08
3.201018180896472720e-08
3.405411325672437183e-08
3.633424880076514823e-08
3.877553558705414709e-08
4.129669546735731198e-08
4.381295284798985086e-08
4.623885047228017346e-08
4.849110146148051978e-08
5.049127101648833903e-08
5.216834361465333054e-08
5.346098287295253822e-08
5.431944493538814592e-08
5.470713046580279675e-08
5.460159601482149345e-08
5.399517069698238019e-08
5.289503232501893149e-08
5.132279039044102316e-08
4.931363782174028619e-08
4.691497968833993838e-08
4.418476016707911945e-08
4.118942172481178162e-08
3.800161521950721660e-08
3.469777106268371427e-08
3.135552101273800820e-08
2.805118821001877977e-08
2.485733314924579160e-08
2.184047804171297379e-08
1.905907527324887111e-08
1.656180537880786813e-08
1.438621022218278679e-08
1.255776972200660259e-08
1.108939769828651550e-08
9.981387800967215387e-09
9.221811917209923822e-09
8.787326523410456462e-09
8.644387509966992639e-09
8.750800386600717294e-09
9.057558193827550706e-09
9.510896023124020835e-09
1.005449677722574551e-08
1.063174618730141673e-08
1.118798691631280714e-08
1.167266976483497092e-08
1.204133350936875898e-08
1.225735470389955845e-08
1.229337773426270201e-08
1.213241475062457239e-08
1.176854924367220772e-08
1.120722950387249673e-08
1.046515199420651985e-08
9.569711748527685275e-09
8.558077267191481856e-09
7.475894307128724870e-09
6.375674415984191579e-09
5.314928783808554516e-09
4.354095632255894268e-09
3.554355158720374407e-09
2.975389893077018951e-09
2.673174501864277300e-09
2.697869120117951116e-09
3.091890896916442770e-09
3.888223423959827303e-09
5.109030298412083069e-09
6.764614102029253473e-09
8.852757879700753360e-09
1.135848006554097822e-08
1.425419266033190356e-08
1.750028351401246000e-08
2.104608678681283508e-08
2.483121763583465099e-08
2.878722256511187073e-08
3.283951979601595146e-08
3.690950066112879344e-08
4.091681108104176090e-08
4.478167655036444804e-08
4.842721319454433616e-08
5.178169371102452758e-08
5.478058170594770652e-08
5.736842090225213960e-08
5.950040838778003557e-08
6.114363737093567411e-08
6.227802335787000501e-08
6.289673938830003678e-08
6.300634337263394916e-08
6.262645026388042140e-08
6.178900991917677277e-08
6.053726623986651576e-08
5.892428289796172567e-08
5.701128465129640942e-08
5.486571783825502127e-08
5.255915330969714278e-08
5.016508067823281212e-08
4.775671261024907860e-08
4.540474560972192015e-08
4.317531138280790907e-08
4.112805715588530099e-08
3.931445697601525686e-08
3.777643357165901162e-08
3.654523486329414928e-08
3.564072422727014244e-08
3.507100500367437776e-08
3.483242504375439709e-08
3.490994344915688021e-08
3.527787579050093918e-08
3.590090582351172027e-08
3.673543724741845763e-08
3.773115516098679934e-08
3.883277099258146460e-08
3.998192377274040765e-08
4.111908378811104163e-08
4.218551818825146109e-08
4.312516535067627273e-08
4.388638850292865592e-08
4.442359036510046554e-08
4.469853682603203563e-08
4.468148888288075628e-08
4.435200850332051814e-08
4.369945230671776205e-08
4.272317785673398084e-08
4.143235832022794428e-08
3.984555653310665083e-08
3.798997400579716929e-08
3.590044696224445010e-08
3.361821486379052042e-08
3.118953798963403892e-08
2.866413180887926782e-08
2.609358066941179296e-08
2.352970139697988124e-08
2.102294083979388914e-08
1.862087340463767856e-08
1.636679477023540883e-08
1.429852417432259000e-08
1.244739750320540250e-08
1.083750103824488976e-08
9.485160206861360623e-09
8.398702947022723930e-09
7.578475873035129237e-09
7.017137080612300851e-09
6.700185014957414698e-09
6.606708027701598370e-09
6.710327866217882242e-09
6.980284740319094261e-09
7.382643146851366184e-09
7.881558761899747335e-09
8.440565761519872074e-09
9.023846026057333270e-09
9.597417637129451628e-09
1.013022785282259442e-08
1.059509639571184363e-08
1.096948517215478081e-08
1.123608047743201614e-08
1.138314714118765600e-08
1.140468049971619693e-08
1.130033185579249206e-08
1.107512575179891381e-08
1.073898169950111765e-08
1.030607306093899449e-08
9.794026714548601632e-09
9.223030558475926090e-09
8.614860599186371864e-09
7.991875812043589058e-09
7.376026482105944609e-09
6.787896553281075837e-09
6.245842522795252638e-09
5.765243355504737743e-09
5.357898298371960233e-09
5.031593908842871349e-09
4.789861788271507834e-09
4.631925140991478546e-09
4.552852154009065992e-09
4.543899077130666410e-09
4.593034556349547996e-09
4.685629076130714740e-09
4.805273488954563159e-09
4.934708628167616386e-09
5.056825678711099979e-09
5.155686858715292639e-09
5.217557261318340730e-09
5.231864790326533891e-09
5.192095882656280991e-09
5.096552100188049991e-09
4.948950784264808943e-09
4.758857529828458667e-09
4.541891240459811153e-09
4.319732065479866011e-09
4.119888039702339763e-09
3.975237161907558915e-09
3.923364348158144357e-09
4.005678867902002268e-09
4.266373103577924842e-09
4.751214086747273124e-09
5.506240178037036484e-09
6.576373432582921802e-09
8.003998511530725278e-09
9.827575754816363323e-09
1.208028304069954817e-08
1.478879623025590322e-08
1.797219330932812649e-08
2.164102851739951838e-08
2.579667575543742314e-08
3.043083083090342333e-08
3.552536737495733538e-08
4.105240504569991831e-08
4.697462793050016843e-08
5.324599518976439854e-08
5.981252329102484838e-08
6.661350387537153352e-08
7.358279518691515953e-08
8.065024981361171468e-08
8.774348892582435268e-08
9.478943549595628538e-08
1.017162279271301151e-07
1.084548911990170902e-07
1.149409097598615284e-07
1.211160058399092701e-07
1.269292887916603095e-07
1.323386973301326702e-07
1.373118821865138238e-07
1.418268000197565463e-07
1.458724217167996888e-07
1.494485537280556259e-07
1.525659630126788284e-07
1.552458026282202584e-07
1.575187379579134988e-07
1.594242539149096975e-07
1.610090646279833217e-07
1.623260376431205341e-07
1.634322365531745991e-07
1.643875312397472184e-07
1.652526857394231549e-07
1.660874246296611846e-07
1.669489982814763153e-07
1.678901303559576535e-07
1.689577931370495736e-07
1.701916855164285914e-07
1.716229135209031104e-07
1.732733853352307187e-07
1.751547519367510534e-07
1.772683452896187001e-07
1.796049248767501600e-07
1.821447030257317778e-07
1.848581510025614725e-07
1.877063186860538482e-07
1.906421548638230959e-07
1.936115375226652947e-07
1.965544714656638956e-07
1.994069644219957933e-07
2.021021985226989453e-07
2.045725697010637460e-07
2.067511973635635572e-07
2.085733903796419764e-07
2.099786076785402080e-07
2.109114526188806527e-07
2.113234317352847318e-07
2.111736148367745957e-07
2.104299540651120621e-07
2.090698013050555260e-07
2.070801930670319482e-07
2.044584626270916825e-07
2.012117612430426265e-07
1.973571912754599746e-07
1.929211547850970646e-07
1.879385205732314054e-07
1.824521348183457756e-07
1.765114061977009328e-07
1.701715376878874321e-07
1.634921625654075133e-07
1.565359602563060620e-07
1.493676908487995188e-07
1.420525929819812939e-07
1.346554632316660215e-07
1.272393865488424521e-07
1.198646025372285099e-07
1.125878274451921756e-07
1.054612098061635523e-07
9.853191941836006373e-08
9.184156870762763354e-08
8.542582553281756600e-08
7.931441986908404971e-08
7.353093799573791406e-08
6.809309817786243778e-08
6.301292048635043395e-08
5.829702971371616370e-08
5.394720791287486608e-08
4.996076852921044783e-08
4.633121095388391738e-08
4.304874594738093918e-08
4.010084533123526128e-08
3.747288942369926248e-08
3.514861880851961971e-08
3.311071167462439530e-08
3.134114984662737767e-08
2.982166181410258441e-08
2.853400584831665303e-08
2.746019101314569034e-08
2.658270162502964629e-08
2.588454569599418824e-08
2.534935104618343939e-08
2.496133826270907799e-08
2.470525427824268674e-08
2.456633788615916724e-08
2.453016871965586058e-08
2.458260282514082952e-08
2.470964712597373188e-08
2.489734656470745492e-08
2.513175583821083868e-08
2.539884556855532631e-08
2.568453848271220793e-08
2.597472088761318674e-08
2.625529322502708398e-08
2.651232612332907324e-08
2.673215455515195172e-08
2.690160381146729521e-08
2.700817524248636759e-08
2.704024978501118570e-08
2.698736928348826297e-08
2.684041635426827545e-08
2.659189323436215122e-08
2.623607354207184798e-08
2.576922664037578760e-08
2.518973794703469077e-08
2.449818763414041962e-08
2.369744264620236751e-08
2.279260211715258417e-08
2.179097923205514764e-08
2.070196613919060623e-08
1.953684956019898048e-08
1.830862714186554370e-08
1.703170340136455155e-08
1.572162116510003081e-08
1.439471475214569832e-08
1.306774891529552672e-08
1.175758240194558111e-08
1.048077969337746854e-08
9.253282279270176419e-09
8.090067710489522070e-09
7.004843773525600955e-09
6.009799449416555909e-09
5.115371572468188300e-09
4.330087970351162303e-09
3.660446959215560857e-09
3.110856253061180579e-09
2.683636184542455294e-09
2.379064306454839781e-09
2.195483146855082185e-09
2.129447100320540169e-09
2.175911186454154557e-09
2.328458586125433244e-09
2.579546531094413614e-09
2.920778250816196667e-09
3.343179754438575843e-09
3.837477131251363073e-09
4.394376026865312808e-09
5.004815938080318318e-09
5.660220533627092073e-09
6.352707489195501779e-09
7.075288545103571190e-09
7.822028511434190051e-09
8.588170841764362751e-09
9.370251865585535839e-09
1.016615824134109468e-08
1.097518833208764404e-08
1.179807130440285615e-08
1.263696462474947180e-08
1.349546582276580113e-08
1.437857316051955661e-08
1.529268557591869356e-08
1.624557316542083115e-08
1.724634717289060386e-08
1.830547403105487120e-08
1.943473958991009526e-08
2.064728094257922930e-08
2.195758635246516380e-08
2.338149614146382155e-08
2.493625749213750942e-08
2.664050088796085422e-08
2.851429043914485311e-08
3.057910959778344771e-08
3.285782199729631548e-08
3.537467931052129018e-08
3.815519259577233123e-08
4.122608945465129375e-08
4.461510159179043634e-08
4.835083817402058499e-08
5.246252868396380514e-08
5.697970551767446917e-08
6.193196207549389866e-08
6.734848718597149169e-08
7.325775360604346838e-08
7.968705032710691906e-08
8.666197066826382049e-08
9.420607023811815934e-08
1.023402505012833714e-07
1.110824425074002014e-07
1.204471251751278966e-07
1.304448483792261058e-07
1.410820792819589918e-07
1.523607012076807237e-07
1.642780170398619983e-07
1.768265508395492867e-07
1.899938948058238280e-07
2.037630482823427744e-07
2.181122577546844063e-07
2.330155765915986186e-07
2.484431045809617965e-07
2.643612573390784853e-07
2.807336646034016049e-07
2.975213025430170380e-07
3.146835357106655873e-07
3.321786175853209025e-07
3.499641384195386685e-07
3.679981968179829270e-07
3.862394438170425157e-07
4.046482097551071897e-07
4.231868067081965980e-07
4.418196730625728649e-07
4.605143366274066658e-07
4.792408724636486121e-07
4.979727587230705264e-07
5.166860049879705606e-07
5.353596777923936482e-07
5.539752619684651287e-07
5.725158195451749900e-07
5.909662198651138180e-07
6.093114703726076032e-07
6.275367825897458885e-07
6.456263536574959816e-07
6.635620394387208528e-07
6.813233933745784985e-07
6.988856525282393230e-07
7.162198713099449186e-07
7.332917312935352474e-07
7.500603961530273428e-07
7.664790557355685250e-07
7.824933023793724794e-07
7.980420492706572940e-07
8.130570765638595994e-07
8.274627368688797778e-07
8.411775904248569149e-07
8.541137046081173047e-07
8.661787569291848514e-07
8.772766222004157839e-07
8.873081102823090359e-07
8.961737005128062254e-07
9.037736823442070464e-07
9.100113459425597771e-07
9.147932815513607360e-07
9.180325086469347685e-07
9.196497293771792476e-07
9.195745214684073769e-07
9.177483277670197684e-07
9.141244800722377567e-07
9.086708746245940391e-07
9.013705467807018494e-07
8.922220239853756203e-07
8.812412435964212340e-07
8.684604332924515368e-07
8.539294131022976105e-07
8.377147629295495381e-07
8.198987329365696593e-07
8.005795382954086739e-07
7.798688380553596132e-07
7.578914392143937247e-07
7.347830979336755541e-07
7.106881986731334778e-07
6.857587345102904275e-07
6.601509722572229130e-07
6.340241921449495406e-07
6.075379673207068800e-07
5.808495626009386575e-07
5.541126024897790064e-07
5.274740593138385758e-07
5.010731488478623617e-07
4.750392605189756174e-07
4.494902180534183779e-07
4.245317278788766960e-07
4.002557179425967793e-07
3.767403181770818853e-07
3.540492491936191845e-07
3.322316002057788045e-07
3.113225845624293617e-07
2.913435462428585460e-07
2.723032651181748157e-07
2.541985166333329436e-07
2.370156924653696196e-07
2.207320056145168834e-07
2.053168768648329856e-07
1.907338167984325129e-07
1.769417069546902420e-07
1.638966758053143387e-07
1.515535203810556526e-07
1.398670838661371940e-07
1.287937914844475418e-07
1.182925976309429639e-07
1.083261592015991431e-07
9.886153324244067072e-08
8.987069322746402357e-08
8.133100517493719225e-08
7.322520125604419983e-08
6.554139733064102012e-08
5.827273078254662338e-08
5.141683801468079927e-08
4.497527444562380728e-08
3.895263605242794591e-08
3.335572545547548935e-08
2.819254728034520531e-08
2.347128691975052134e-08
1.919933890854197909e-08
1.538229245487158074e-08
1.202305609687491582e-08
9.121022577149825453e-09
6.671405603394009802e-09
4.664696569895931222e-09
3.086298136844009387e-09
1.916346153627142647e-09
1.129707470443191089e-09
6.961778263064117313e-10
5.808600650631472555e-10
7.447208278339385042e-10
1.145309382830888724e-09
1.737616320724338682e-09
2.475052524157071138e-09
3.310517870031853157e-09
4.197528769617596658e-09
5.091381363405433625e-09
5.950302336561221699e-09
6.736575805915347873e-09
7.417596809601979056e-09
7.966827095551580438e-09
8.364643288237066098e-09
8.599020636428837031e-09
8.666075071138189854e-09
8.570413952062871399e-09
8.325300422148768313e-09
7.952643453055270811e-09
7.482776640779942817e-09
6.954077410338664576e-09
6.412400610572288973e-09
5.910359240158095075e-09
5.506482043178331264e-09
5.264243300404921276e-09
5.251024126666527398e-09
5.537007076680850432e-09
6.194044332402142736e-09
7.294538538768509665e-09
8.910340555853767185e-09
1.111172599024673244e-08
1.396643645547858771e-08
1.753885352433318568e-08
2.188928780559608273e-08
2.707340302430762184e-08
3.314183564422029513e-08
4.013991711094287074e-08
4.810763059853128566e-08
5.707968660443942701e-08
6.708573091547643468e-08
7.815079717494205658e-08
9.029573301488101987e-08
1.035379042706903221e-07
1.178918739987580518e-07
1.333701034285564112e-07
1.499838930164066151e-07
1.677440175031977681e-07
1.866616752628479222e-07
2.067491669153877258e-07
2.280204432584716458e-07
2.504919111560421685e-07
2.741825790595379151e-07
2.991146345888510691e-07
3.253134894877661426e-07
3.528075872762707302e-07
3.816285963402995621e-07
4.118105923919841995e-07
4.433900244721463122e-07
4.764044895704834490e-07
5.108923801335077930e-07
5.468917176473683593e-07
5.844387722660993211e-07
6.235675127748015168e-07
6.643076030590084289e-07
7.066838025008495759e-07
7.507143987883873466e-07
7.964095410331595384e-07
8.437708777425410531e-07
8.927893904807163968e-07
9.434452874387753461e-07
9.957067344839488051e-07
1.049528602075269955e-06
1.104853038849863843e-06
1.161607766643354590e-06
1.219707136727455395e-06
1.279051705430066790e-06
1.339527869368696108e-06
1.401009818668975238e-06
1.463358559700999765e-06
1.526424377235371108e-06
1.590047336051017005e-06
1.654057782334524999e-06
1.718279579313175887e-06
1.782529598037256624e-06
1.846621269545639777e-06
1.910365565532281306e-06
1.973571840855135625e-06
2.036051752975800775e-06
2.097618548295237131e-06
2.158090980105946912e-06
2.217293654178740884e-06
2.275059556015143542e-06
2.331228534668145703e-06
2.385652741584000704e-06
2.438194783023190104e-06
2.488729191869627235e-06
2.537143770098666617e-06
2.583336737396637649e-06
2.627221547090157277e-06
2.668723598099471115e-06
2.707780644762940599e-06
2.744343065376710250e-06
2.778369679232991411e-06
2.809831879499120406e-06
2.838709143394216599e-06
2.864989529038161500e-06
2.888664822197256664e-06
2.909734441849672473e-06
2.928200516904567602e-06
2.944067369521392834e-06
2.957341072411540230e-06
2.968024565987970190e-06
2.976121930080230018e-06
2.981633767112761848e-06
2.984557273792299471e-06
2.984886514146612505e-06
2.982608383042251759e-06
2.977707863175782343e-06
2.970164462937871303e-06
2.959953434762172417e-06
2.947047219206065103e-06
2.931412692873022340e-06
2.913017524789547295e-06
2.891827846600021196e-06
2.867810557409576387e-06
2.840935737512697735e-06
2.811174939999917433e-06
2.778508069917058537e-06
2.742921782594535025e-06
2.704412153408306127e-06
2.662987235037545292e-06
2.618665581845271536e-06
2.571482565475607764e-06
2.521488571864345096e-06
2.468750976591727920e-06
2.413355782954206284e-06
2.355405436574160602e-06
2.295023476824705241e-06
2.232351700659426294e-06
2.167550599256206138e-06
2.100799345366858782e-06
2.032292379998135151e-06
1.962241852163896450e-06
1.890873533166446840e-06
1.818425575811739785e-06
1.745146890838186827e-06
1.671292773950511077e-06
1.597125459627330442e-06
1.522909392713640757e-06
1.448909011776374922e-06
1.375386366503223845e-06
1.302596772270631230e-06
1.230788538150444343e-06
1.160198767057468433e-06
1.091051369219106362e-06
1.023555163200114199e-06
9.579007650661080532e-07
8.942607300071974669e-07
8.327870025478674336e-07
7.736102244857891931e-07
7.168392832669239558e-07
6.625601962926609423e-07
6.108374152132441731e-07
5.617133712363470386e-07
5.152094115905074309e-07
4.713269493122221374e-07
4.300482165767471722e-07
3.913386037733796443e-07
3.551478105586563424e-07
3.214118451361875322e-07
2.900550592335055045e-07
2.609918277408511930e-07
2.341290614163842986e-07
2.093678293504426113e-07
1.866053784882501366e-07
1.657366782876035723e-07
1.466563366478998302e-07
1.292597808277518073e-07
1.134445049319971630e-07
9.911105921890033475e-08
8.616366646248406147e-08
7.451088488756109221e-08
6.406575282691453810e-08
5.474586910830277805e-08
4.647326334543828988e-08
3.917403796499213768e-08
3.277801162668809025e-08
2.721813177581607605e-08
2.242990446083990066e-08
1.835080286700867721e-08
1.491968176798760579e-08
1.207631741805027244e-08
9.761005392898817153e-09
7.914335725523880440e-09
6.477144137938807843e-09
5.390660692088289056e-09
4.596902142425909947e-09
4.039282661845681063e-09
3.663475883353862625e-09
3.418513002487018333e-09
3.258101264029732753e-09
3.142155956107099056e-09
3.038499529545616845e-09
2.924706588427815688e-09
2.790048543798982480e-09
2.637488104440171083e-09
2.485684245611163462e-09
2.370939944580856982e-09
2.349049772664487180e-09
2.496989741218682051e-09
2.914394544646263433e-09
3.724782767853214608e-09
5.076474165285849415e-09
7.143170209761794482e-09
1.012416624886945528e-08
1.424415906842098660e-08
1.975266985489550606e-08
2.692303623538540743e-08
3.605100884933042379e-08
4.745296816728363160e-08
6.146372017566202413e-08
7.843406601688936113e-08
9.872798152555299358e-08
1.227196029220442679e-07
1.507900541001992857e-07
1.833239672249801237e-07
2.207062808518575156e-07
2.633187061988495300e-07
3.115364123954864099e-07
3.657248925537522688e-07
4.262365740824094735e-07
4.934085007702061398e-07
5.675594758251511574e-07
6.489880712717887129e-07
7.379701327759048765e-07
8.347581424339476067e-07
9.395794909525332331e-07
1.052635826482287253e-06
1.174102901255590445e-06
1.304129362526387917e-06
1.442838553079075356e-06
1.590327913785886460e-06
1.746669893478138126e-06
1.911913214528594866e-06
2.086081989540383321e-06
2.269179278329946249e-06
2.461186285221212767e-06
2.662063592840071563e-06
2.871752507857550937e-06
3.090172857550023151e-06
3.317227131090246736e-06
3.552797834971590493e-06
3.796747732521358453e-06
4.048920065140835049e-06
4.309133748977653882e-06
4.577187483791519680e-06
4.852854409596178899e-06
5.135880986359079804e-06
5.425985996009153711e-06
5.722853129554702817e-06
6.026135765014406155e-06
6.335449504587916619e-06
6.650370768389119041e-06
6.970435907597828358e-06
7.295132590997933239e-06
7.623907198340584359e-06
7.956157020181882218e-06
8.291230640888456771e-06
8.628429298154534835e-06
8.966999130647982633e-06
9.306143417228941131e-06
9.645016377960953364e-06
9.982727250887776614e-06
1.031834558826420455e-05
1.065089581282895346e-05
1.097937547978010713e-05
1.130275151148100501e-05
1.161996846264758959e-05
1.192995784242562335e-05
1.223163479730422696e-05
1.252392158676940049e-05
1.280574526744563679e-05
1.307604867620387385e-05
1.333380191373281625e-05
1.357799921874472553e-05
1.380768492086960838e-05
1.402195008680090963e-05
1.421994329447579676e-05
1.440088117855374500e-05
1.456404270984668444e-05
1.470879404325356205e-05
1.483458135731210734e-05
1.494093838029621617e-05
1.502749310295926595e-05
1.509395729184727097e-05
1.514014735554166237e-05
1.516597180816881997e-05
1.517143386008523071e-05
1.515663299916847806e-05
1.512174940852480390e-05
1.506705987438765230e-05
1.499292042800106392e-05
1.489976760860283957e-05
1.478810003095146303e-05
1.465849106192588155e-05
1.451156936682541937e-05
1.434801502987842810e-05
1.416855528362049214e-05
1.397394530414689856e-05
1.376497892779562718e-05
1.354246961177287810e-05
1.330724670181115024e-05
1.306015178735622864e-05
1.280202195095541399e-05
1.253370086030230278e-05
1.225602307047238444e-05
1.196981274052758484e-05
1.167588266403022901e-05
1.137502196481372337e-05
1.106800867265013915e-05
1.075559864375097458e-05
1.043852733806144795e-05
1.011751176928157147e-05
9.793242648914683154e-06
9.466397761027012239e-06
9.137634772934488157e-06
8.807594852303428934e-06
8.476906044486976611e-06
8.146178170267705018e-06
7.816014990077216115e-06
7.487008856678500070e-06
7.159743961576575270e-06
6.834798904824110990e-06
6.512742091306353002e-06
6.194140554857072042e-06
5.879554391943373459e-06
5.569537769819872725e-06
5.264639054649161777e-06
4.965395223645307037e-06
4.672336358955986053e-06
4.385978990077367393e-06
4.106824421869486706e-06
3.835356339532880141e-06
3.572034333355339413e-06
3.317294833215642925e-06
3.071544129477024005e-06
2.835155257347359091e-06
2.608464604597493253e-06
2.391766091800133200e-06
2.185310733332553537e-06
1.989301236741545147e-06
1.803889665625807732e-06
1.629175334109913426e-06
1.465201665759768194e-06
1.311956870654806792e-06
1.169371991117742574e-06
1.037321315098187562e-06
9.156233335959793792e-07
8.040415447265766908e-07
7.022877814006216708e-07
6.100243937429951261e-07
5.268681491517332085e-07
4.523940610576891944e-07
3.861408227700849334e-07
3.276156768503531075e-07
2.763002605953865486e-07
2.316567235643746336e-07
1.931338803639751154e-07
1.601739818860266378e-07
1.322190876062523960e-07
1.087176642931478393e-07
8.913104553104686653e-08
7.293962215205062821e-08
5.964894815207538571e-08
4.879534316801081945e-08
3.995121395727990018e-08
3.272994536248509115e-08
2.679031584208272607e-08
2.184051590222303105e-08
1.764163882933823757e-08
1.401075497616049445e-08
1.082355390114817955e-08
8.016584887742869066e-09
5.589172711610676907e-09
3.605019211798968136e-09
2.193585627172501290e-09
1.551307084422124007e-09
1.942707791504980765e-09
3.701488358764733492e-09
7.231644413732866402e-09
1.300868080585852990e-08
2.158097521599138500e-08
3.357131360307544828e-08
4.967867434670309857e-08
7.068022131937823548e-08
9.743354684313994911e-08
1.308791579286394405e-07
1.720430496643293102e-07
2.220396189771040007e-07
2.820744704568680777e-07
3.534473061880536492e-07
4.375547718297154043e-07
5.358927389442198621e-07
6.500589284938255167e-07
7.817544227670250959e-07
9.327848854122318813e-07
1.105061162195219657e-06
1.300598109456484169e-06
1.521514115384388655e-06
1.770027808623815907e-06
2.048454295587999120e-06
2.359200248288086760e-06
2.704755637270596782e-06
3.087687582658081655e-06
3.510629054222579129e-06
3.976267690181231012e-06
4.487333395463566224e-06
5.046580807303870991e-06
5.656777173315198625e-06
6.320682022298068888e-06
7.041028823499955331e-06
7.820506073095055973e-06
8.661731236095944933e-06
9.567235877233755767e-06
1.053943840928281174e-05
1.158062221990491913e-05
1.269291452475305360e-05
1.387825546571386527e-05
1.513838691203642638e-05
1.647482285365267277e-05
1.788883278486491811e-05
1.938141057641309785e-05
2.095327176525630937e-05
2.260482570895903744e-05
2.433616259000468416e-05
2.614704376628640075e-05
2.803687425429850290e-05
3.000471662307866385e-05
3.204926840765556897e-05
3.416886091257114035e-05
3.636146210780763299e-05
3.862465447469384230e-05
4.095566922017054124e-05
4.335136927218245177e-05
4.580826082236780564e-05
4.832250894694385673e-05
5.088991919293251695e-05
5.350599210282715412e-05
5.616590891326960129e-05
5.886455358578624494e-05
6.159653836940774077e-05
6.435618523481903867e-05
6.713759807816585404e-05
6.993464674896021193e-05
7.274099591286698385e-05
7.555013679363721546e-05
7.835536454282893842e-05
8.114986493672813434e-05
8.392669321516517086e-05
8.667880689102605367e-05
8.939910101493119053e-05
9.208037956002200226e-05
9.471545449856968351e-05
9.729711833585184648e-05
9.981817990914839582e-05
1.022715024633969231e-04
1.046499696396735739e-04
1.069465959706425353e-04
1.091544941785431308e-04
1.112669143137740940e-04
1.132772849197088451e-04
1.151791754279104553e-04
1.169664167234746749e-04
1.186330646506402701e-04
1.201734421674556340e-04
1.215821827735793549e-04
1.228541901007471960e-04
1.239847647260632329e-04
1.249695635533299267e-04
1.258046420407852868e-04
1.264864962297651053e-04
1.270120177121364954e-04
1.273786193620947459e-04
1.275841875763037499e-04
1.276271186194716429e-04
1.275063528021096518e-04
1.272213207194233299e-04
1.267720581704903280e-04
1.261591467683540987e-04
1.253837538478990235e-04
1.244475686929227734e-04
1.233529021107987347e-04
1.221026153401387785e-04
1.207001290009751375e-04
1.191494271406134953e-04
1.174549795937008243e-04
1.156218172556091169e-04
1.136554468039535989e-04
1.115618408171658498e-04
1.093474229818304375e-04
1.070189797805102752e-04
1.045837114056445558e-04
1.020491378235631344e-04
9.942307444543253879e-05
9.671360404491095343e-05
9.392898588592765025e-05
9.107768793322334880e-05
8.816829396329584425e-05
8.520947336065362945e-05
8.220994888805520525e-05
7.917841357875366175e-05
7.612355270364283869e-05
7.305396228220366133e-05
6.997812206310006524e-05
6.690436794427588618e-05
6.384082507330618396e-05
6.079542677831099770e-05
5.777585141704179734e-05
5.478950422676056464e-05
5.184349922324458279e-05
4.894461184613698530e-05
4.609929790974842478e-05
4.331365000525401145e-05
4.059338873699322724e-05
3.794385375635367158e-05
3.536997373097365967e-05
3.287628419447249516e-05
3.046689984747808871e-05
2.814551191370241609e-05
2.591538477478905536e-05
2.377933818513766005e-05
2.173976161552431931e-05
1.979859755567197260e-05
1.795734175431698223e-05
1.621704278677690614e-05
1.457829294915834813e-05
1.304123946810538211e-05
1.160557699213567168e-05
1.027055148285436439e-05
9.034964593020401309e-06
7.897174645924286371e-06
6.855110492583455951e-06
5.906276873678436079e-06
5.047768335190855361e-06
4.276285757436194796e-06
3.588154149767383708e-06
2.979349625651417381e-06
2.445525669058462182e-06
1.982047014468723374e-06
1.584028396805947279e-06
1.246377977147708240e-06
9.638484938109843146e-07
7.310925102663083398e-07
5.427249158793815263e-07
3.933915668648123479e-07
2.778440425710217059e-07
1.910211645263829205e-07
1.281361768925529014e-07
8.477017721560265886e-08
5.697114422204969439e-08
4.135843446701993843e-08
3.523213375254288841e-08
3.668697700187003583e-08
4.473025715984961932e-08
5.940315814723735165e-08
8.190498853085534812e-08
1.147196251409835656e-07
1.617436007037723860e-07
2.284152068979328283e-07
3.218438637340463349e-07
4.509394516015404656e-07
6.265406384880151562e-07
8.615419218497907319e-07
1.171018883349034628e-06
1.572350541211135269e-06
2.085339938535572154e-06
2.732330612491737095e-06
3.538320031224302367e-06
4.531069621090019627e-06
5.741208695086228875e-06
7.202338164253872300e-06
8.951126084351507568e-06
1.102740049962398533e-05
1.347423857971669402e-05
1.633804479053915527e-05
1.966863600342241478e-05
2.351931008750930580e-05
2.794691468421479691e-05
3.301191244378339808e-05
3.877842540235758008e-05
4.531430199110468999e-05
5.269114924883349412e-05
6.098437123820606718e-05
7.027320323991495185e-05
8.064070574348113887e-05
9.217380970892772815e-05
1.049632917687378910e-04
1.191037665016908824e-04
1.346936722010791615e-04
1.518351832517043508e-04
1.706342223268370278e-04
1.912003429013727006e-04
2.136466484457926200e-04
2.380897020436698378e-04
2.646493122089531823e-04
2.934484971657215957e-04
3.246132285584334815e-04
3.582722467097814844e-04
3.945568651227244973e-04
4.336005814756504215e-04
4.755389888468984747e-04
5.205093377981092001e-04
5.686502286205774104e-04
6.201012973305076179e-04
6.750026176922026841e-04
7.334945825907665442e-04
7.957172632174484188e-04
8.618100608385636423e-04
9.319109376883950163e-04
1.006156320534832204e-03
1.084680306085446027e-03
1.167614188472228254e-03
1.255086011662341107e-03
1.347219614310407642e-03
1.444134659227420178e-03
1.545945689216350833e-03
1.652761668660099282e-03
1.764685578874299835e-03
1.881813338526936276e-03
2.004234102165758195e-03
2.132029237101781480e-03
2.265271990440496236e-03
2.404027240595857894e-03
2.548350366120665910e-03
2.698287965502811549e-03
2.853876823858048604e-03
3.015143810207224738e-03
3.182105884306578661e-03
3.354768965803167202e-03
3.533129199519740443e-03
3.717171946005628450e-03
3.906871972945731054e-03
4.102193769136635096e-03
4.303090415916499024e-03
4.509505462700426175e-03
4.721371917058303676e-03
4.938612730665991463e-03
5.161141406369028004e-03
5.388860812146436564e-03
5.621665660406048072e-03
5.859441412985157312e-03
6.102064999484109117e-03
6.349405643763757386e-03
6.601323512729549876e-03
6.857672736294957716e-03
7.118300106364256093e-03
7.383045929264089695e-03
7.651744969258158363e-03
7.924224812649394503e-03
8.200309344857601920e-03
8.479817128038552587e-03
8.762562295275048985e-03
9.048355523178433849e-03
9.337002024434838329e-03
9.628305419835633469e-03
9.922065727195531967e-03
1.021808025002835137e-02
1.051614454199721951e-02
1.081605000638152271e-02
1.111758814981043952e-02
1.142054818630553609e-02
1.172471793534787636e-02
1.202988480281357367e-02
1.233583303581658151e-02
1.264234839221524583e-02
1.294921542625755012e-02
1.325621845820497066e-02
1.356314263709370790e-02
1.386977094164473442e-02
1.417588931475714971e-02
1.448128372167370101e-02
1.478574125863702481e-02
1.508905135817834205e-02
1.539100262024759892e-02
1.569138842732343761e-02
1.599000383944321549e-02
1.628664779181434458e-02
1.658111981583200792e-02
1.687322600038304587e-02
1.716277575925230850e-02
1.744958319654645734e-02
1.773346853496933495e-02
1.801425466879555751e-02
1.829177343708425496e-02
1.856586217397827865e-02
1.883636508526022324e-02
1.910313464881324003e-02
1.936602790898167906e-02
1.962491286924201647e-02
1.987966472064511131e-02
2.013016707490424689e-02
2.037631318111971998e-02
2.061800185767494881e-02
2.085514380584114688e-02
2.108765742517089078e-02
2.131546977287472958e-02
2.153851747960228158e-02
2.175674226833470420e-02
2.197009705479398278e-02
2.217854133754388821e-02
2.238204184249984949e-02
2.258057312012806336e-02
2.277411270806285748e-02
2.296264699990396840e-02
2.314616631706306604e-02
2.332466532020643218e-02
2.349814339446947703e-02
2.366659963321778720e-02
2.383003857861917471e-02
2.398846519405360353e-02
2.414188523052037197e-02
2.429030560318881302e-02
2.443372945556784512e-02
2.457216195015082469e-02
2.470560541384369743e-02
2.483405988797025843e-02
2.495752372293836771e-02
2.507598898396741841e-02
2.518944746068926474e-02
2.529788622287791958e-02
2.540128853264294467e-02
2.549963481596234649e-02
2.559289858248531974e-02
2.568105272519475082e-02
2.576406560434086127e-02
2.584190237149960531e-02
2.591452633661392793e-02
2.598189542221405676e-02
2.604396867153520659e-02
2.610070281536926509e-02
2.615205389585150905e-02
2.619797888661102442e-02
2.623843254141727810e-02
2.627337388036391289e-02
2.630276304858143385e-02
2.632656392019094502e-02
2.634474108711813700e-02
2.635726610210653575e-02
2.636411438233667373e-02
2.636526672137538829e-02
2.636071068446329060e-02
2.635043753670964981e-02
2.633444790679120157e-02
2.631274853117989906e-02
2.628535333303541957e-02
2.625228434280053522e-02
2.621356837991669839e-02
2.616924193201500964e-02
2.611934761127467433e-02
2.606393468083716830e-02
2.600305941687279521e-02
2.593678151500169657e-02
2.586516815515436940e-02
2.578829021629808899e-02
2.570622231463671331e-02
2.561904270929179009e-02
2.552682958530346977e-02
2.542966446098980648e-02
2.532762837853260243e-02
2.522080168539140785e-02
2.510926374173192907e-02
2.499308936944812445e-02
2.487235189047053846e-02
2.474711961501136620e-02
2.461745568759526534e-02
2.448341792375001436e-02
2.434505575767235627e-02
2.420241323012923065e-02
2.405552609436775041e-02
2.390442202834430069e-02
2.374912088582193173e-02
2.358963240708403936e-02
2.342595939413783662e-02
2.325809564551557101e-02
2.308602671350673888e-02
2.290973071549253642e-02
2.272917691508788418e-02
2.254432915985379524e-02
2.235514467708007644e-02
2.216157537170962422e-02
2.196356915563013601e-02
2.176106931353141705e-02
2.155401809107657454e-02
2.134235619388344038e-02
2.112602444015720254e-02
2.090496539172154861e-02
2.067912325256984069e-02
2.044844734616771409e-02
2.021289201972427396e-02
1.997241834357944834e-02
1.972699572293060144e-02
1.947660198798138731e-02
1.922122643419543059e-02
1.896086978384783558e-02
1.869554559671871355e-02
1.842528153420775264e-02
1.815011930966953929e-02
1.787011700035740294e-02
1.758534876597010396e-02
1.729590570342057557e-02
1.700189651975594907e-02
1.670344710748183220e-02
1.640070195342675438e-02
1.609382343526441494e-02
1.578299214318160115e-02
1.546840608256198381e-02
1.515028133938669218e-02
1.482885101153611461e-02
1.450436483250259340e-02
1.417708862847037558e-02
1.384730308837970464e-02
1.351530360045042657e-02
1.318139880740116891e-02
1.284590967474889822e-02
1.250916843575032751e-02
1.217151707135269087e-02
1.183330653172824827e-02
1.149489508976836959e-02
1.115664706727353614e-02
1.081893149120660529e-02
1.048212048409328037e-02
1.014658813536822163e-02
9.812708860721162593e-03
9.480856023466512766e-03
9.151400537723142561e-03
8.824709369862529518e-03
8.501144316950277197e-03
8.181060559951375613e-03
7.864805391004533325e-03
7.552716964739161938e-03
7.245123070907477821e-03
6.942340030660953780e-03
6.644671581166661234e-03
6.352407865427000047e-03
6.065824475961431768e-03
5.785181602220373746e-03
5.510723194095665245e-03
5.242676257940726871e-03
4.981250206697132935e-03
4.726636282008486213e-03
4.479007126892752509e-03
4.238516307615853261e-03
4.005298051738838926e-03
3.779467005718562238e-03
3.561118072832541916e-03
3.350326419634961587e-03
3.147147398148295461e-03
2.951616718270607710e-03
2.763750618714246217e-03
2.583546117886000373e-03
2.410981428535029485e-03
2.246016278276740177e-03
2.088592475396869666e-03
1.938634460494958415e-03
1.796049928663688566e-03
1.660730592680037445e-03
1.532552854645103779e-03
1.411378688766532765e-03
1.297056499571255231e-03
1.189422031612358656e-03
1.088299383613256215e-03
9.935019361049671292e-04
9.048334364170523055e-04
8.220890367962979109e-04
7.450564138815386501e-04
6.735168032075869015e-04
6.072461407116004455e-04
5.460161542829207199e-04
4.895954529672128961e-04
4.377506372453151520e-04
3.902473219451396344e-04
3.468512032150064713e-04
3.073290586192209254e-04
2.714497127487622416e-04
2.389849809430623752e-04
2.097105213377016292e-04
1.834066778868841845e-04
1.598592432702322349e-04
1.388601625885027557e-04
1.202081845218764416e-04
1.037094200739009902e-04
8.917785733179608130e-05
7.643579210226493286e-05
6.531418813889272156e-05
5.565297170093474408e-05
4.730124146222630541e-05
4.011742138190479485e-05
3.396933788243881744e-05
2.873423135936924373e-05
2.429870710338348909e-05
2.055861956629619135e-05
1.741890661292089089e-05
1.479336807024902526e-05
1.260439688796860611e-05
1.078266879126414901e-05
9.266790996326795368e-06
8.002921297153742122e-06
6.944358119227749550e-06
6.051108630800272214e-06
5.289440759728825121e-06
4.631421977417614164e-06
4.054452997165282768e-06
3.540798776771729020e-06
3.077122254922410607e-06
2.654025369212674659e-06
2.265599962206407562e-06
1.908993793221028263e-06
1.583993426424540826e-06
1.292627167928035233e-06
1.038790422626524961e-06
8.278946915827772564e-07
6.665423772620534435e-07
5.622277211958735805e-07
5.230646484520659301e-07
5.575417134412947109e-07
6.743036980235789791e-07
8.819596222981714226e-07
1.188916080412034997e-06
1.603234833338984279e-06
2.132513591214261833e-06
2.783787779309452223e-06
3.563452479163088937e-06
4.477202156507896918e-06
5.529986384377943713e-06
6.725980730300002805e-06
8.068568364181670079e-06
9.560333886305791672e-06
1.120306522843528940e-05
1.299776244161665514e-05
1.494465438327029292e-05
1.704321535686080226e-05
1.929218897015619471e-05
2.168961111699468087e-05
2.423283830084633320e-05
2.691856864888830786e-05
2.974287007712574549e-05
3.270120415829467136e-05
3.578844837303803546e-05
3.899892411842100913e-05
4.232641034916073247e-05
4.576416939081061374e-05
4.930496566761589271e-05
5.294108531130660997e-05
5.666435342921511195e-05
6.046616569515159633e-05
6.433748319603455285e-05
6.826888533351434935e-05
7.225058063305896138e-05
7.627241282919601691e-05
8.032393136832054398e-05
8.439437117003740563e-05
8.847273209037409731e-05
9.254779678994590566e-05
9.660814406043059788e-05
1.006422479465045040e-04
1.046384553009413140e-04
1.085850942359905435e-04
1.124704994454506939e-04
1.162830316527175135e-04
1.200112033876873479e-04
1.236436488054941613e-04
1.271692551694109390e-04
1.305771870202269351e-04
1.338569021334726748e-04
1.369982793362485953e-04
1.399916355502672078e-04
1.428277332728405253e-04
1.454979237219646341e-04
1.479940793368305686e-04
1.503087334568348297e-04
1.524350751604892419e-04
1.543669333403520187e-04
1.560989122119183566e-04
1.576262879192495974e-04
1.589451368164577572e-04
1.600523005283816045e-04
1.609453410893422207e-04
1.616226606993154808e-04
1.620833623476325436e-04
1.623273617951956154e-04
1.623553240547107588e-04
1.621685928313854595e-04
1.617692940650289487e-04
1.611601694856380437e-04
1.603446745033744133e-04
1.593268948773725064e-04
1.581114604247078859e-04
1.567036372354273016e-04
1.551091484272988891e-04
1.533342637608610588e-04
1.513857084122679217e-04
1.492705728642759939e-04
1.469963995295383457e-04
1.445710049586441677e-04
1.420025660034843836e-04
1.392995307622177956e-04
1.364705337549451355e-04
1.335244795844323790e-04
1.304703765766184289e-04
1.273174202544739625e-04
1.240749116848094652e-04
1.207521818648015372e-04
1.173586706160144311e-04
1.139037760746797098e-04
1.103969321334863422e-04
1.068475347794074049e-04
1.032648752825826523e-04
9.965820980572413161e-05
9.603662536660959818e-05
9.240910646138548611e-05
8.878446807701362731e-05
8.517129600192081113e-05
8.157800338974152828e-05
7.801271329490973489e-05
7.448331182848215556e-05
7.099738793911497981e-05
6.756218108868128304e-05
6.418462481313113221e-05
6.087124799725209521e-05
5.762821637116180969e-05
5.446128235931780410e-05
5.137574363817441699e-05
4.837647833849579215e-05
4.546786958836022605e-05
4.265384129413252325e-05
3.993782374057352179e-05
3.732272852230792955e-05
3.481098267616725887e-05
3.240448122314748167e-05
3.010462448538975578e-05
2.791230452546725448e-05
2.582790072702241616e-05
2.385131912124803500e-05
2.198197453486195929e-05
2.021883419956865000e-05
1.856042610403831641e-05
1.700485505462225183e-05
1.554984904807321140e-05
1.419276702560524909e-05
1.293064833152936383e-05
1.176023818050357006e-05
1.067801823320496636e-05
9.680256202772949363e-06
8.763029561285411750e-06
7.922275090141336342e-06
7.153821691730989464e-06
6.453425166895863482e-06
5.816813181954401365e-06
5.239712313023999916e-06
4.717889211458011155e-06
4.247179396083765607e-06
3.823515248945776815e-06
3.442958086547050411e-06
3.101717233932933554e-06
2.796175610366796023e-06
2.522905817833053778e-06
2.278683850359233406e-06
2.060503523820099605e-06
1.865581401856894270e-06
1.691364277572694146e-06
1.535529652872178121e-06
1.395983743592742284e-06
1.270859204815137085e-06
1.158506432607413722e-06
1.057486199910313777e-06
9.665578705346773157e-07
8.846662237274072819e-07
8.109285349745855199e-07
7.446181365647883026e-07
6.851496273680593614e-07
6.320621484390627771e-07
5.850027871342711953e-07
5.437113154524234269e-07
5.080037863530335041e-07
4.777584871551361774e-07
4.529018325685765972e-07
4.333955298875710811e-07
4.192258705580882272e-07
4.103932301404650897e-07
4.069042683610107308e-07
4.087648827950890653e-07
4.159747131880030212e-07
4.285238935367341418e-07
4.463900882601592517e-07
4.695380119963403902e-07
4.979193895347863826e-07
5.314738920992821780e-07
5.701317949366591776e-07
6.138165597090393009e-07
6.624478098550016205e-07
7.159458231939480892e-07
7.742343827880375581e-07
8.372454772228395589e-07
9.049225619241507494e-07
9.772232470484270815e-07
1.054123279520215927e-06
1.135617231253949915e-06
1.221721316927024112e-06
1.312473578872152141e-06
1.407932955038899254e-06
1.508180161769934259e-06
1.613313793262872897e-06
1.723449795366885745e-06
1.838717463391749560e-06
1.959254384168437312e-06
2.085204589505411412e-06
2.216710608227764020e-06
2.353911097698508627e-06
2.496934375682407059e-06
2.645891377524768995e-06
2.800873901678073408e-06
2.961945253140868470e-06
3.129139360028813819e-06
3.302454968213620284e-06
3.481849761121915828e-06
3.667242157696778776e-06
3.858503333919841896e-06
4.055460951088053186e-06
4.257896492661869756e-06
4.465542677359331254e-06
4.678090930181919035e-06
4.895185893109608306e-06
5.116434981068869277e-06
5.341409206921497256e-06
5.569643754325474218e-06
5.800650853986355172e-06
6.033915521596926803e-06
6.268909750126285231e-06
6.505094883994518274e-06
6.741923091710822212e-06
6.978853345596745575e-06
7.215345460551541615e-06
7.450876186000420030e-06
7.684940044707213105e-06
7.917048636902291258e-06
8.146746814506736673e-06
8.373602034627766755e-06
8.597219691768445227e-06
8.817239888802048619e-06
9.033332376767542400e-06
9.245211037319373061e-06
9.452617066759919632e-06
9.655332408487423782e-06
9.853171775122299440e-06
1.004597301520008367e-05
1.023360998565352897e-05
1.041597027814700835e-05
1.059296764234048966e-05
1.076453067845260838e-05
1.093059041831756089e-05
1.109109345809336355e-05
1.124597667134850340e-05
1.139518093379570862e-05
1.153863916210274628e-05
1.167626388378983438e-05
1.180796316806383883e-05
1.193361521765203412e-05
1.205308579745240103e-05
1.216621813758997170e-05
1.227282282491991107e-05
1.237269832091663193e-05
1.246560738504067339e-05
1.255129938326657269e-05
1.262950318999372336e-05
1.269992019520244917e-05
1.276224946832754071e-05
1.281616623856498446e-05
1.286134837807264742e-05
1.289747160905235130e-05
1.292420463050695677e-05
1.294123716002123764e-05
1.294825911585536458e-05
1.294498896553268656e-05
1.293116920514685090e-05
1.290656146559564171e-05
1.287097460404991129e-05
1.282424258243140114e-05
1.276625177344815193e-05
1.269693445101239979e-05
1.261626175022904805e-05
1.252426912255196404e-05
1.242103145377662399e-05
1.230668702637571798e-05
1.218142768474926333e-05
1.204548861463118323e-05
1.189916966281140568e-05
1.174280765509953819e-05
1.157679615249746528e-05
1.140157252456741392e-05
1.121760509612740374e-05
1.102541043906760911e-05
1.082552441224353127e-05
1.061851839594996014e-05
1.040498494480979645e-05
1.018552414641702255e-05
9.960758256048044316e-06
9.731303935707565466e-06
9.497786596967041438e-06
9.260826949259827939e-06
9.021028836423173954e-06
8.778992968323077892e-06
8.535292761627603705e-06
8.290488398455232057e-06
8.045116189756175559e-06
7.799679560787187122e-06
7.554663060591626363e-06
7.310513183605024410e-06
7.067652884418338436e-06
6.826474496902167604e-06
6.587334275905510774e-06
6.350566725541423586e-06
6.116470327876690375e-06
5.885322066431827989e-06
5.657373291632375345e-06
5.432846936717687525e-06
5.211951138866279891e-06
4.994868606941251880e-06
4.781769845825135759e-06
4.572810490596480827e-06
4.368129613618544438e-06
4.167859952885963360e-06
3.972125376126462219e-06
3.781039119926105605e-06
3.594713390104895020e-06
3.413251203851533780e-06
3.236754899242915132e-06
3.065323013282657064e-06
2.899047745619520303e-06
2.738021190390433357e-06
2.582327622012186123e-06
2.432048728994361532e-06
2.287259810521687811e-06
2.148026566876132799e-06
2.014408592233011959e-06
1.886452449569728810e-06
1.764194638900742684e-06
1.647657952393889015e-06
1.536848545504073612e-06
1.431758111428556301e-06
1.332358691396931832e-06
1.238604916251693225e-06
1.150431696538754482e-06
1.067752715619057064e-06
9.904627630433575059e-07
9.184350822072315451e-07
8.515241618537857029e-07
7.895655019956191829e-07
7.323761094582022789e-07
6.797577812758858217e-07
6.314970047252131399e-07
5.873686905599967854e-07
5.471378135969930254e-07
5.105615214541766300e-07
4.773931290654013562e-07
4.473836251427801028e-07
4.202857379365036688e-07
3.958563484803687820e-07
3.738590088155507331e-07
3.540676135202636407e-07
3.362679954075721494e-07
3.202611545781358144e-07
3.058649995728338132e-07
2.929158796448690378e-07
2.812707720586882904e-07
2.708076054122746211e-07
2.614266605564423994e-07
2.530506048222379372e-07
2.456241822788800142e-07
2.391143456252941348e-07
2.335087498384342057e-07
2.288151259999891821e-07
2.250595043764398174e-07
2.222841719091773909e-07
2.205461328467850817e-07
2.199142263594649462e-07
2.204672198510956201e-07
2.222910499741059757e-07
2.254760115162362341e-07
2.301147091926027152e-07
2.362989224420963784e-07
2.441177347194483222e-07
2.536550536523279827e-07
2.649872820261969089e-07
2.781821039272134819e-07
2.932962061757948201e-07
3.103746587695524101e-07
3.294496994484343784e-07
3.505397308107179325e-07
3.736497996739195559e-07
3.987706358081558726e-07
4.258798188278162851e-07
4.549420216098498470e-07
4.859093412020574661e-07
5.187234858818446957e-07
5.533157015694641186e-07
5.896094099312313810e-07
6.275212638377047579e-07
6.669620374034588018e-07
7.078398154329144445e-07
7.500597464382586712e-07
7.935272904216255806e-07
8.381490080851317602e-07
8.838329276488329786e-07
9.304918169806518513e-07
9.780416518636959864e-07
1.026404641114862359e-06
1.075508849805000983e-06
1.125287255354038049e-06
1.175680544919150568e-06
1.226633697610459805e-06
1.278098490216345679e-06
1.330031692475899058e-06
1.382392709634841889e-06
1.435146032458731381e-06
1.488256078618052334e-06
1.541689580406149223e-06
1.595412798483896425e-06
1.649388316142918817e-06
1.703577864993541529e-06
1.757936132999548563e-06
1.812413891001974110e-06
1.866955059793712018e-06
1.921493514295695520e-06
1.975957185832887311e-06
2.030261645380333419e-06
2.084314799462200996e-06
2.138014535638564591e-06
2.191246193280257412e-06
2.243888528358397552e-06
2.295807523542502980e-06
2.346863015962679326e-06
2.396907146737633306e-06
2.445782617759673243e-06
2.493330489301323792e-06
2.539384104100914794e-06
2.583777366506097097e-06
2.626343637317266734e-06
2.666914342701915422e-06
2.705327985937441792e-06
2.741423634669530516e-06
2.775050080078417129e-06
2.806064464881978101e-06
2.834330532961803708e-06
2.859726808539682979e-06
2.882144722100213449e-06
2.901486335669703387e-06
2.917673444856689387e-06
2.930639164187099547e-06
2.940336713800943044e-06
2.946736366030694867e-06
2.949822042143321603e-06
2.949599625714567911e-06
2.946087178010216825e-06
2.939322862431266075e-06
2.929360712309414422e-06
2.916266207925809823e-06
2.900123674093894547e-06
2.881025581632400696e-06
2.859079654981778067e-06
2.834403914790020780e-06
2.807121752185217209e-06
2.777368663300289923e-06
2.745281416395971099e-06
2.711004683319774112e-06
2.674686039378201755e-06
2.636471212962704877e-06
2.596510558811266571e-06
2.554948896265123652e-06
2.511932045926211179e-06
2.467602407257815485e-06
2.422094940756537567e-06
2.375543678551959918e-06
2.328072795358036051e-06
2.279803248725725649e-06
2.230849272298662018e-06
2.181315337791964185e-06
2.131302740883679424e-06
2.080902089264136755e-06
2.030199962825282970e-06
1.979276309278381379e-06
1.928202291347148797e-06
1.877046715224669704e-06
1.825869777519432065e-06
1.774729427484582093e-06
1.723679386086053554e-06
1.672767553824713874e-06
1.622041896556991323e-06
1.571545109652037658e-06
1.521320281932650965e-06
1.471409172575139639e-06
1.421850811168618498e-06
1.372686480756477801e-06
1.323954971977449313e-06
1.275697242878244069e-06
1.227954684814243116e-06
1.180767674589652494e-06
1.134179472954698616e-06
1.088231904601459166e-06
1.042968925345717390e-06
9.984348145426244668e-07
9.546726540386484760e-07
9.117272030900792976e-07
8.696410456008547087e-07
8.284572128103084504e-07
7.882174420600450921e-07
7.489607447016973964e-07
7.107255141629372081e-07
6.735463169161967572e-07
6.374558692690397285e-07
6.024835995526813332e-07
5.686545359832073500e-07
5.359909702277870602e-07
5.045100648460432718e-07
4.742254877812553525e-07
4.451464647161206405e-07
4.172771417466786477e-07
3.906180462407034096e-07
3.651645482583757565e-07
3.409083312223041484e-07
3.178369594089475327e-07
2.959336998213848441e-07
2.751788546081918164e-07
2.555489261049706793e-07
2.370179293727485141e-07
2.195573224995256786e-07
2.031361086052974150e-07
1.877219630939170443e-07
1.732808196997618501e-07
1.597779152456683000e-07
1.471778409113556744e-07
1.354446848218023749e-07
1.245428324689664401e-07
1.144366906204387643e-07
1.050913637055329744e-07
9.647263263132602301e-08
8.854697435303973620e-08
8.128199617569359710e-08
7.464614263901396828e-08
6.860902280383016697e-08
6.314127385217674713e-08
5.821445411875482007e-08
5.380121870306229050e-08
4.987502779456275706e-08
4.641028604826733392e-08
4.338219837869294709e-08
4.076666844535729468e-08
3.854042424908149542e-08
3.668085012835325288e-08
3.516615461209807730e-08
3.397536978431699994e-08
3.308840168734944603e-08
3.248628556667820254e-08
3.215122629592102567e-08
3.206692446492520207e-08
3.221877106774350671e-08
3.259407180547562492e-08
3.318245438823847590e-08
3.397604608210385722e-08
3.496990212413157661e-08
3.616226658323553592e-08
3.755480880005037833e-08
3.915301677364536923e-08
4.096627455582713506e-08
4.300817447704886946e-08
4.529658091597222795e-08
4.785360551058409808e-08
5.070573691835050697e-08
5.388353189256238497e-08
5.742157930324062514e-08
6.135812769962530895e-08
6.573458387457612481e-08
7.059523524367076887e-08
7.598639551992660389e-08
8.195596766550332666e-08
8.855259430895682446e-08
9.582468432852959471e-08
1.038197949690892631e-07
1.125835907380033088e-07
1.221587018187892188e-07
1.325841700879412626e-07
1.438939999906829333e-07
1.561166864564143533e-07
1.692741615354828333e-07
1.833806915823796306e-07
1.984427644269429500e-07
2.144577063805023068e-07
2.314138533535168565e-07
2.492898980440164160e-07
2.680542155872811471e-07
2.876656864324465855e-07
3.080726428342198603e-07
3.292140979538260210e-07
3.510197229202068265e-07
3.734097730639489530e-07
3.962970779376751139e-07
4.195862930813220583e-07
4.431762708964387354e-07
4.669605548485794094e-07
4.908277344530776529e-07
5.146644452927836168e-07
5.383545734801748963e-07
5.617824703162093686e-07
5.848335301970747851e-07
6.073945171613436980e-07
6.293570985751718732e-07
6.506164679447838125e-07
6.710748655896883556e-07
6.906416845124227622e-07
7.092332443317305215e-07
7.267762911476166066e-07
7.432055829700395586e-07
7.584671961158880115e-07
7.725177509798573772e-07
7.853233023354418364e-07
7.968624086615180707e-07
8.071225363869089585e-07
8.161028817129952548e-07
8.238126516792644113e-07
8.302690940769087172e-07
8.355000672159694881e-07
8.395395122923892507e-07
8.424298581038777596e-07
8.442196568799967643e-07
8.449611117274752234e-07
8.447123839467508143e-07
8.435326670582705431e-07
8.414844894196823459e-07
8.386312130143455011e-07
8.350345716677809678e-07
8.307570875466007670e-07
8.258573320074803809e-07
8.203924855202701529e-07
8.144161780123179921e-07
8.079764717694124589e-07
8.011186767239638555e-07
7.938812046594546810e-07
7.862985915876124485e-07
7.783999344229310754e-07
7.702075056423737613e-07
7.617400287029858751e-07
7.530092365851595551e-07
7.440233123229513866e-07
7.347858908906653058e-07
7.252952171217187175e-07
7.155476996578032352e-07
7.055350236560666711e-07
6.952477535244012048e-07
6.846746603395778038e-07
6.738021585248467122e-07
6.626178138833360857e-07
6.511077403716315954e-07
6.392600245823551649e-07
6.270640831351708339e-07
6.145100926041788383e-07
6.015921280268720333e-07
5.883056130641332846e-07
5.746502788160103952e-07
5.606293401672620074e-07
5.462487384114270230e-07
5.315196990022448533e-07
5.164561437340335558e-07
5.010770333592079007e-07
4.854053044264191650e-07
4.694668969524768472e-07
4.532926725959862081e-07
4.369158485667389428e-07
4.203737209689034053e-07
4.037064433226674282e-07
3.869559370073093623e-07
3.701672391573093463e-07
3.533861142041161487e-07
3.366602612278087093e-07
3.200380931924969889e-07
3.035676872936266033e-07
2.872977054628717136e-07
2.712753590132024155e-07
2.555472533498634878e-07
2.401583360804845943e-07
2.251510394608221718e-07
2.105659373931096493e-07
1.964401965839847483e-07
1.828082159020329577e-07
1.697008712067837717e-07
1.571449552685381020e-07
1.451637188110253366e-07
1.337758663050943423e-07
1.229961205372716586e-07
1.128348257743881903e-07
1.032977242779817022e-07
9.438648780181678203e-08
8.609823139640858567e-08
7.842608619395728148e-08
7.135914721128033931e-08
6.488255456350588293e-08
5.897806342343949687e-08
5.362397098245224174e-08
4.879571925260684613e-08
4.446610232257221750e-08
4.060555633746484524e-08
3.718272635737846839e-08
3.416476537900745625e-08
3.151768462726714211e-08
2.920692556304878740e-08
2.719759944586074383e-08
2.545503614135403633e-08
2.394511287320613593e-08
2.263458787380591624e-08
2.149156735356459758e-08
2.048571171980516028e-08
1.958863933552281157e-08
1.877414652493587765e-08
1.801840234818295020e-08
1.730022810693035507e-08
1.660115062216088917e-08
1.590559562361686717e-08
1.520091833074238951e-08
1.447740036061332673e-08
1.372830667059941930e-08
1.294975166652707483e-08
1.214067491151905574e-08
1.130268355475032578e-08
1.043987218677598942e-08
9.558689645804979265e-09
8.667668358912371074e-09
7.777240730895867274e-09
6.899467361050557619e-09
6.047764058644691555e-09
5.236667297580003543e-09
4.481527714386860423e-09
3.798268701387977588e-09
3.203108351640473283e-09
2.712299484843474177e-09
2.341903535428518516e-09
2.107548120903110134e-09
2.024233081215226980e-09
2.106139376342891055e-09
2.366463232427350165e-09
2.817289216041286611e-09
3.469465912299937842e-09
4.332532817266702722e-09
5.414658733521112573e-09
6.722596573721776072e-09
8.261701826984008706e-09
1.003591447785956184e-08
1.204783212718174802e-08
1.429875974640708794e-08
1.678875358794064951e-08
1.951678393878469329e-08
2.248075363198442612e-08
2.567770060010172723e-08
2.910389452808190651e-08
3.275489854342768383e-08
3.662584349205698951e-08
4.071138206350813064e-08
4.500598192845111406e-08
4.950398575279680919e-08
5.419960742716265870e-08
5.908727717274113044e-08
6.416142981478011212e-08
6.941685169548163462e-08
7.484862949525714830e-08
8.045201231664747998e-08
8.622280222323430271e-08
9.215690030193492991e-08
9.825069395199530689e-08
1.045008509505690822e-07
1.109040130033501932e-07
1.174572398916968995e-07
1.241572787394511542e-07
1.310010169738059876e-07
1.379851222333450504e-07
1.451055781771479216e-07
1.523582338627295447e-07
1.597378094875469956e-07
1.672384840993280999e-07
1.748534273976646025e-07
1.825742325684651972e-07
1.903916617058177216e-07
1.982944415951547834e-07
2.062700875435132801e-07
2.143044036552630904e-07
2.223808938743740791e-07
2.304818093237477260e-07
2.385868045352140413e-07
2.466740991173624674e-07
2.547200217266206135e-07
2.626984734391105184e-07
2.705823555518918321e-07
2.783421389140315754e-07
2.859474194549546812e-07
2.933665401464513957e-07
3.005661354324630006e-07
3.075129446758129835e-07
3.141722989264750406e-07
3.205100397625479606e-07
3.264921849492860122e-07
3.320845142989368887e-07
3.372546749567434538e-07
3.419705349635497034e-07
3.462023368604579099e-07
3.499223085312288961e-07
3.531041931738462285e-07
3.557254683604441713e-07
3.577654893945902999e-07
3.592076829120586681e-07
3.600389825585067906e-07
3.602491943738249162e-07
3.598331230536265687e-07
3.587884569182058530e-07
3.571178063715745006e-07
3.548278858180970435e-07
3.519286559684420377e-07
3.484351953399531286e-07
3.443653608065973504e-07
3.397415445350276590e-07
3.345896166290537468e-07
3.289378791463228389e-07
3.228186192130873851e-07
3.162656798645383735e-07
3.093159144763448275e-07
3.020080059275542336e-07
2.943813580285098278e-07
2.864773712050162788e-07
2.783371266803621617e-07
2.700026082373322194e-07
2.615155721473420229e-07
2.529165429351991447e-07
2.442459144994982220e-07
2.355419485549385347e-07
2.268418691916200436e-07
2.181809440695772140e-07
2.095917218162438112e-07
2.011048951009086921e-07
1.927485553058975859e-07
1.845476071754626067e-07
1.765247766517615538e-07
1.686993283499401935e-07
1.610880945376143955e-07
1.537050278440519249e-07
1.465608982588013203e-07
1.396642682274847454e-07
1.330206245299645563e-07
1.266333567205928857e-07
1.205035454897014531e-07
1.146298623569137341e-07
1.090094670464870940e-07
1.036374362442184685e-07
9.850763552841727940e-08
9.361263889140381823e-08
8.894372393769357685e-08
8.449163339403378984e-08
8.024617278244106477e-08
7.619692340109939190e-08
7.233319741345156809e-08
6.864404110287121734e-08
6.511882352378016938e-08
6.174690893006011010e-08
5.851818787706219589e-08
5.542301072337811048e-08
5.245215331220918882e-08
4.959722868380620157e-08
4.685038687789632970e-08
4.420467238367525898e-08
4.165391797960347042e-08
3.919266369202719581e-08
3.681641136951338407e-08
3.452133938643492042e-08
3.230451237123861958e-08
3.016374112408116638e-08
2.809746533674157725e-08
2.610488099634459254e-08
2.418567524247161966e-08
2.234012084453595574e-08
2.056891922354561786e-08
1.887306631849993008e-08
1.725388846813989070e-08
1.571281236920677521e-08
1.425138326457492597e-08
1.287111726488314815e-08
1.157337834252203693e-08
1.035936800608110281e-08
9.229954715655615054e-09
8.185665355604621476e-09
7.226582600931364921e-09
6.352269431507308127e-09
5.561766859024871919e-09
4.853511644627929932e-09
4.225355122432525753e-09
3.674540864575537683e-09
3.197709289835609077e-09
2.790950320494143576e-09
2.449825188952362813e-09
2.169449157730289367e-09
1.944561634116362344e-09
1.769616271046522923e-09
1.638901272747538998e-09
1.546645623953230936e-09
1.487159200686147988e-09
1.454963908834544449e-09
1.444930035472539068e-09
1.452426345246948021e-09
1.473448125033331590e-09
1.504759137529554974e-09
1.544011567301875902e-09
1.589853161039387036e-09
1.642032908838949752e-09
1.701467301859599507e-09
1.770307319801511513e-09
1.851968293378200657e-09
1.951134226648695622e-09
2.073753650115382725e-09
2.226983851599008453e-09
2.419135969560897810e-09
2.659577850167439315e-09
2.958610578660654878e-09
3.327348373032083547e-09
3.777541958155720805e-09
4.321426790539591427e-09
4.971533370529898946e-09
5.740481200233825743e-09
6.640815692163236801e-09
7.684773732057855787e-09
8.884132528677866674e-09
1.025001698573806746e-08
1.179270125952970797e-08
1.352152449371477983e-08
1.544467788602007381e-08
1.756917650921196476e-08
1.990075036860812568e-08
2.244372726655704458e-08
2.520113293358813148e-08
2.817452907904096673e-08
3.136418827133734568e-08
3.476908860110334344e-08
3.838687740356111397e-08
4.221418851725977088e-08
4.624646980392913126e-08
5.047835901802460541e-08
5.490371169935099632e-08
5.951556000907440332e-08
6.430660070532393773e-08
6.926887688683107807e-08
7.439428933596254291e-08
7.967453522080633317e-08
8.510093999749706684e-08
9.066504301004523706e-08
9.635799493381249152e-08
1.021711435849550487e-07
1.080957876220339962e-07
1.141228030708477637e-07
1.202433031877893624e-07
1.264476891049292291e-07
1.327263234600182738e-07
1.390690958547976056e-07
1.454648653137998452e-07
1.519021162862686049e-07
1.583684521535666011e-07
1.648499774846642517e-07
1.713322542967943196e-07
1.777989292578637985e-07
1.842327875218955133e-07
1.906152303210536016e-07
1.969256652283063771e-07
2.031428243329536479e-07
2.092432817830331791e-07
2.152029084778927945e-07
2.209964351280391336e-07
2.265969433888317772e-07
2.319776044854890376e-07
2.371101461752741030e-07
2.419667157218960953e-07
2.465195284304152873e-07
2.507404448770622801e-07
2.546030439133467239e-07
2.580809963714145294e-07
2.611501953234213711e-07
2.637883773357729101e-07
2.659746671868274970e-07
2.676917704256921822e-07
2.689241485871910462e-07
2.696601766522923936e-07
2.698915791658403694e-07
2.696127970072030343e-07
2.688230478345147892e-07
2.675242286185065687e-07
2.657228688884439653e-07
2.634292837007278747e-07
2.606566912712717446e-07
2.574229659991688993e-07
2.537483103137131737e-07
2.496568818544593502e-07
2.451756989703910546e-07
2.403335708047300723e-07
2.351625102308200470e-07
2.296953506143559270e-07
2.239670688729654878e-07
2.180136071669251400e-07
2.118707872806300358e-07
2.055754765262951792e-07
1.991633935806805428e-07
1.926702457842639209e-07
1.861306775222383825e-07
1.795773627199741771e-07
1.730420606706273787e-07
1.665538157613736312e-07
1.601400322961281052e-07
1.538257028804038697e-07
1.476327981231707048e-07
1.415813038194813640e-07
1.356878954624794400e-07
1.299670045667155226e-07
1.244303601544663233e-07
1.190866738449352350e-07
1.139426624349883518e-07
1.090021405208276062e-07
1.042670483052195795e-07
9.973722911595268128e-08
9.541031272033088594e-08
9.128266211322758152e-08
8.734874621095650883e-08
8.360205694905118470e-08
8.003500075862209833e-08
7.663885784734368888e-08
7.340458446223024775e-08
7.032232801781143328e-08
6.738217715788500342e-08
6.457407025363677214e-08
6.188774676086639960e-08
5.931337470363522897e-08
5.684112556284284132e-08
5.446174746409443763e-08
5.216645034013843796e-08
4.994682341151468877e-08
4.779530136765408049e-08
4.570477451397256341e-08
4.366901036824745009e-08
4.168251678507203849e-08
3.974043443414810349e-08
3.783887132794364262e-08
3.597455021428533812e-08
3.414510675727872201e-08
3.234893994771132085e-08
3.058508965448062416e-08
2.885345794221641234e-08
2.715449304656131291e-08
2.548937664599169709e-08
2.385986184876626645e-08
2.226813559708445783e-08
2.071693373805653837e-08
1.920925669376247345e-08
1.774845432881066639e-08
1.633805450746832883e-08
1.498161599774994774e-08
1.368275685178615120e-08
1.244491179087865617e-08
1.127134570927974042e-08
1.016499979535258529e-08
9.128366379282515519e-09
8.163482238016370506e-09
7.271763343703901900e-09
6.454009535349063006e-09
5.710319280225649787e-09
5.040038044475874145e-09
4.441787288320623538e-09
3.913418115826598169e-09
3.452073832992920973e-09
3.054215696482779335e-09
2.715679681134216506e-09
2.431786938698264166e-09
2.197421932658971833e-09
2.007175567556056008e-09
1.855471645552103138e-09
1.736709186526323884e-09
1.645433337054626936e-09
1.576478701312612504e-09
1.525142943179316490e-09
1.487335787781986963e-09
1.459720111539579446e-09
1.439856361361588864e-09
1.426303467752342525e-09
1.418723344426003604e-09
1.417943271173671325e-09
1.425990253427552768e-09
1.446111325116057878e-09
1.482737201783321502e-09
1.541438229492578645e-09
1.628831721935847333e-09
1.752457123035551385e-09
1.920638919263409979e-09
2.142307715235671277e-09
2.426795818379302055e-09
2.783640221787272464e-09
3.222333760253504984e-09
3.752111167591284614e-09
4.381706982539795565e-09
5.119107976032977661e-09
5.971368937590712866e-09
6.944364678511543866e-09
8.042653166360911944e-09
9.269308979192338907e-09
1.062576667281067458e-08
1.211181154334380815e-08
1.372543859540459943e-08
1.546293651305451033e-08
1.731889107928196566e-08
1.928619281302727742e-08
2.135629289369949615e-08
2.351917823776651336e-08
2.576371715438978460e-08
2.807780867932300784e-08
3.044850636844103307e-08
3.286249915975910616e-08
3.530608909182486043e-08
3.776571051103943088e-08
4.022808647102962437e-08
4.268032029310074150e-08
4.511045912147693467e-08
4.750729896036375748e-08
4.986092216134363043e-08
5.216269276982670447e-08
5.440516160760493479e-08
5.658256787562388475e-08
5.869034503417181602e-08
6.072556387756364131e-08
6.268668099377361134e-08
6.457320185814138050e-08
6.638607585116342774e-08
6.812691041769051776e-08
6.979833025130263835e-08
7.140353478051693124e-08
7.294580319978339811e-08
7.442887005248212424e-08
7.585598723734619582e-08
7.723032575272065773e-08
7.855450329890028634e-08
7.983010037701346445e-08
8.105817182299847527e-08
8.223833858826601653e-08
8.336938226237857311e-08
8.444890021053856089e-08
8.547297428345221598e-08
8.643692660106613799e-08
8.733454947343015257e-08
8.815895401119191984e-08
8.890240144256573808e-08
8.955614601093868762e-08
9.011141061150325723e-08
9.055872877990603927e-08
9.088896642470604855e-08
9.109324173937624539e-08
9.116283668280230594e-08
9.109024006149689564e-08
9.086847706117653108e-08
9.049212422563942641e-08
8.995716244332655740e-08
8.926080559807879554e-08
8.840242148990967380e-08
8.738273062316347170e-08
8.620464394601437066e-08
8.487293881974731128e-08
8.339391746327550089e-08
8.177609069476610861e-08
8.002923023153978670e-08
7.816496437145233678e-08
7.619628901621643815e-08
7.413709198045797080e-08
7.200261435349923696e-08
6.980846197147159335e-08
6.757101920531184572e-08
6.530691686935803923e-08
6.303255132640671892e-08
6.076443365486432902e-08
5.851831824136642941e-08
5.630955611303279147e-08
5.415266409289945090e-08
5.206096751028550785e-08
5.004695221023963511e-08
4.812161742917984118e-08
4.629485901649663172e-08
4.457521258590439773e-08
4.296966485976162806e-08
4.148405341747661565e-08
4.012263929269522146e-08
3.888852904653888568e-08
3.778356038928747659e-08
3.680822910342759792e-08
3.596210511160229345e-08
3.524352996535703095e-08
3.465002916035848613e-08
3.417825037316062002e-08
3.382391312694627807e-08
3.358219082535209695e-08
3.344742749038199774e-08
3.341350254336674276e-08
3.347375339085910827e-08
3.362089289595967372e-08
3.384735257837155153e-08
3.414497269859506542e-08
3.450534123265315967e-08
3.491969996071068247e-08
3.537884479345367164e-08
3.587348321631611262e-08
3.639391863040020972e-08
3.693042902723517470e-08
3.747319945199965189e-08
3.801225322111164554e-08
3.853788274332116728e-08
3.904036087245302784e-08
3.951040145444308900e-08
3.993913732200071160e-08
4.031809413521517905e-08
4.063963711370562215e-08
4.089695635764653105e-08
4.108404126031272199e-08
4.119618234714036531e-08
4.122966293345325459e-08
4.118223719101070464e-08
4.105305281607655368e-08
4.084254966929605579e-08
4.055286719554308129e-08
4.018741883474849000e-08
3.975123368665236857e-08
3.925072911418601835e-08
3.869345743339971813e-08
3.808833074311812734e-08
3.744504535576155370e-08
3.677423693205389727e-08
3.608710094945230293e-08
3.539500627526847163e-08
3.470956336765780144e-08
3.404197577080453150e-08
3.340308647201540869e-08
3.280296265870530980e-08
3.225050675797256477e-08
3.175351445592646046e-08
3.131811465421684822e-08
3.094887887041698141e-08
3.064854493184110755e-08
3.041779322388788592e-08
3.025547125384552704e-08
3.015826489542292962e-08
3.012102164872454041e-08
3.013672593638604472e-08
3.019652594321110961e-08
3.029020319091858970e-08
3.040609056089660506e-08
3.053162306180726025e-08
3.065352293112989632e-08
3.075800508310006134e-08
3.083140052950165153e-08
3.086018106481537920e-08
3.083158647989717841e-08
3.073383460083588851e-08
3.055630979899442823e-08
3.029012563689665154e-08
2.992804509539460365e-08
2.946495880031185660e-08
2.889791000930823649e-08
2.822607518339029428e-08
2.745106669852315689e-08
2.657661138589118947e-08
2.560872972582990188e-08
2.455548598531577388e-08
2.342670849338420945e-08
2.223398378598654852e-08
2.099013190934848960e-08
1.970911440478794115e-08
1.840560709382044632e-08
1.709458762199383196e-08
1.579115565249749624e-08
1.450999992214300845e-08
1.326521997519350093e-08
1.206994268519026070e-08
1.093599888836475253e-08
9.873792164531196327e-09
8.891977918306146252e-09
7.997410471214283994e-09
7.194996326740899348e-09
6.487622740741562232e-09
5.876230822487367274e-09
5.359801387842556034e-09
4.935520398190241788e-09
4.598903285976683131e-09
4.343969384264060194e-09
4.163507076983084999e-09
4.049274296223891700e-09
3.992302491861392212e-09
3.983152519760347888e-09
4.012172828123622468e-09
4.069800988956176456e-09
4.146771502707486847e-09
4.234379329148003685e-09
4.324662763554670260e-09
4.410550795944716939e-09
4.486029230715364973e-09
4.546182621130400001e-09
4.587280637563359450e-09
4.606766820552938915e-09
4.603207430705232887e-09
4.576264100631402407e-09
4.526545685519214609e-09
4.455522278724959566e-09
4.365358641362188676e-09
4.258734508392253573e-09
4.138712982516231011e-09
4.008524075562380851e-09
3.871435927268503090e-09
3.730582451415711874e-09
3.588811166295762978e-09
3.448600174222259059e-09
3.311929647456369210e-09
3.180250863480677334e-09
3.054438801339713798e-09
2.934777960259433291e-09
2.821015850035804270e-09
2.712385828179542782e-09
2.607710517434565219e-09
2.505487856938993100e-09
2.403995131712758511e-09
2.301434551420727975e-09
2.196036288607751232e-09
2.086206232414462798e-09
1.970636252053685328e-09
1.848404791767197329e-09
1.719084944098504269e-09
1.582794868206454524e-09
1.440259082595070292e-09
1.292819714634883677e-09
1.142423310774503612e-09
9.915958106300282311e-10
8.433674862437441358e-10
7.011955307200443451e-10
5.688511538929298314e-10
4.502931189749713249e-10
3.495359856609451408e-10
2.705016035379927105e-10
2.168786994772635778e-10
1.919819068839893809e-10
1.986230251152179774e-10
2.390005026608706715e-10
3.146060447302400375e-10
4.261600045780212823e-10
5.735727141628802049e-10
7.559337857977909901e-10
9.715381163986028901e-10
1.217938043631885775e-09
1.492020039970866032e-09
1.790122431619703688e-09
2.108152095065063060e-09
2.441744489609486618e-09
2.786418188398342569e-09
3.137727904611776173e-09
3.491450175089661031e-09
3.843710204908456479e-09
4.191148987071088898e-09
4.531033485397255486e-09
4.861333723719550625e-09
5.180823548765260259e-09
5.489066714219862696e-09
5.786451277242129301e-09
6.074130958239562507e-09
6.353924454919058732e-09
6.628252040198253818e-09
6.899935430639446357e-09
7.172081494055066972e-09
7.447873830424006731e-09
7.730346943127155793e-09
8.022241704514922104e-09
8.325736173493400795e-09
8.642319974213921563e-09
8.972601969420591105e-09
9.316140629175162131e-09
9.671411417310525967e-09
1.003566320087200372e-08
1.040497641673811744e-08
1.077426675790093397e-08
1.113733275135070993e-08
1.148707319938446420e-08
1.181557259711243074e-08
1.211441279904927108e-08
1.237489975279276882e-08
1.258831453856705051e-08
1.274631988704287234e-08
1.284117520782556558e-08
1.286615403654209850e-08
1.281581268413298205e-08
1.268623467493439980e-08
1.247537652078604471e-08
1.218316413710196381e-08
1.181173585407623306e-08
1.136548686023041600e-08
1.085105184872460149e-08
1.027733264967711432e-08
9.655275853390344185e-09
8.997747133396288317e-09
8.319221385828519413e-09
7.635421265960768871e-09
6.962983288846136661e-09
6.318953480166875183e-09
5.720368301719084843e-09
5.183737830350814515e-09
4.724536472256810198e-09
4.356755254848296125e-09
4.092405005221210756e-09
3.941134348528014065e-09
3.909858206670228355e-09
4.002460813040023106e-09
4.219617603571813462e-09
4.558650173865115876e-09
5.013536720830066136e-09
5.574985485088396704e-09
6.230602679057980991e-09
6.965211128979008126e-09
7.761179666268631944e-09
8.598921151857270565e-09
9.457403928816427758e-09
1.031470613751355961e-08
1.114869652247175131e-08
1.193760390777671890e-08
1.266072565889985896e-08
1.329902422492525136e-08
1.383567372546297423e-08
1.425666747231907224e-08
1.455117278122991985e-08
1.471197510971031621e-08
1.473569628425676890e-08
1.462289670083929862e-08
1.437818349689621357e-08
1.401000790800881588e-08
1.353052647973047193e-08
1.295522017267624567e-08
1.230241335096917790e-08
1.159280332234385745e-08
1.084875242812125948e-08
1.009367135045391822e-08
9.351260583428287609e-09
8.644746419335106154e-09
7.996195501845425437e-09
7.425749709932641106e-09
6.951017526152312936e-09
6.586471527379401962e-09
6.342948192624812315e-09
6.227307579138211029e-09
6.242143111028949520e-09
6.385698555004942257e-09
6.651877885656249505e-09
7.030396167412146573e-09
7.507115981816218866e-09
8.064440525248718818e-09
8.681899331984647917e-09
9.336785630401050400e-09
1.000486863838048598e-08
1.066122891568215872e-08
1.128102986026930733e-08
1.184039670986501343e-08
1.231720770482698806e-08
1.269183252050642443e-08
1.294787846830896424e-08
1.307272001602780301e-08
1.305803197757586529e-08
1.290010577652176906e-08
1.260001859843926368e-08
1.216372476837611480e-08
1.160186969741698635e-08
1.092955959997730994e-08
1.016590219631277965e-08
9.333415642574016732e-09
8.457367175601535724e-09
7.564952363803990832e-09
6.684407005510048122e-09
5.844109923564379214e-09
5.071605010443012631e-09
4.392690380886960225e-09
3.830512825232797070e-09
3.404742143318370675e-09
3.130864630275574631e-09
3.019573748823325758e-09
3.076335649019797598e-09
3.301103242275776591e-09
3.688208728149632077e-09
4.226455715996435354e-09
4.899372643816036851e-09
5.685671775458737431e-09
6.559860978707511631e-09
7.493002805590737300e-09
8.453632309633680634e-09
9.408735638630932887e-09
1.032484797639332013e-08
1.116916064155097511e-08
1.191062772278067519e-08
1.252108508742391067e-08
1.297623800318236362e-08
1.325661394379121645e-08
1.334833790403392327e-08
1.324374683885544578e-08
1.294186602074641568e-08
1.244861615309264507e-08
1.177687283992302456e-08
1.094626221998146429e-08
9.982744071957167994e-09
8.918017522207352452e-09
7.788684506513329144e-09
6.635283994339291115e-09
5.501150190365848741e-09
4.431162860062041597e-09
3.470432122587513923e-09
2.662923278800319147e-09
2.050100049906325723e-09
1.669599153969364972e-09
1.553991213403434362e-09
1.729666329407764606e-09
2.215871485449054040e-09
3.023941656863132754e-09
4.156742729894255527e-09
5.608347174544546810e-09
7.363964077515030586e-09
9.400111609399156326e-09
1.168505371620223546e-08
1.417947091405803576e-08
1.683735322881521772e-08
1.960711278473244391e-08
2.243284375870969446e-08
2.525574711445536345e-08
2.801563537309069677e-08
3.065249242855111185e-08
3.310806559366685589e-08
3.532739406794545840e-08
3.726028880764765223e-08
3.886267210493788943e-08
4.009776217948909033e-08
4.093707468536653329e-08
4.136118714098281632e-08
