6.655015796E-2
8.349201828E-2
8.878298104E-2
1.101467982E-1
-9.215365350E-2
-6.006779522E-2
-8.665811270E-2
-4.902012646E-2
-2.852530219E-2
-1.779865846E-2
4.489162192E-2
3.464651480E-2
-7.139701396E-2
-4.831690341E-2
-4.358049482E-2
-2.532033436E-2
5.444596987E-3
-9.329500049E-2
-8.647588640E-2
-4.094718397E-2
-3.973282501E-2
-4.543957300E-3
-2.704714984E-2
3.973022103E-3
1.320572477E-2
1.975775324E-2
4.819592461E-2
-5.011476204E-2
-3.967427462E-2
-2.325210348E-2
-1.925115660E-2
-2.237586863E-2
2.023336664E-2
9.132415056E-3
1.971894130E-2
2.613742836E-2
2.605783194E-2
3.450705484E-2
5.949291214E-2
-1.177819795E-3
-2.093323879E-2
1.780661754E-2
8.837705478E-3
2.326269448E-2
2.802870236E-2
3.810014203E-2
-5.832782388E-2
-1.844859868E-2
-4.734071437E-3
3.623584285E-2
7.718729787E-3
3.957500681E-2
1.252157707E-2
4.485807568E-2
4.019205645E-2
-2.776356880E-3
1.551077608E-2
3.999010101E-2
3.986379877E-2
2.621702664E-2
6.951764971E-2
7.009653747E-2
7.078726590E-2
1.021659598E-1
-1.181354746E-1
-6.977282465E-2
-4.200300947E-2
7.203978300E-2
-1.021586582E-1
-5.243165419E-2
-7.555650175E-2
-9.264966100E-2
-5.475052074E-2
-6.835255772E-2
-4.168922082E-2
-2.817533538E-2
-8.979733102E-3
-8.959336579E-2
-6.936167181E-2
-5.827387795E-2
-3.240257874E-2
5.484724883E-3
3.314665332E-2
1.362078008E-3
9.054791182E-3
3.717983514E-2
6.445429474E-2
6.803093851E-2
-1.144844964E-1
1.028027385E-1
3.457279876E-3
4.607769847E-2
6.223936751E-2
9.050782025E-2
1.013962924E-1
-8.184868097E-2
-7.769774646E-2
-2.162001655E-2
-1.247941144E-2
1.107105240E-2
9.017294273E-3
3.904281929E-2
-2.109243348E-2
-2.067865618E-2
1.805330440E-2
4.918793961E-2
2.357911132E-2
6.319256872E-2
7.916872948E-2
1.114716828E-1
9.555340558E-2
-5.877185985E-2
-3.033763543E-2
-2.161870152E-2
1.649686880E-2
2.956474572E-2
3.915530816E-2
4.771241546E-2
7.846287638E-2
-6.281297188E-3
4.328252282E-3
3.510897234E-2
4.377725348E-2
5.924622342E-2
-1.024645492E-1
-5.955007672E-2
-6.431411207E-2
-8.635944873E-2
-1.175908279E-2
2.841353603E-2
4.564155638E-2
5.155877396E-2
9.544420987E-2
-6.075720489E-2
7.277918607E-2
7.929832488E-2
-5.264150351E-2
-6.248401850E-2
-1.554491837E-2
-1.920642331E-2
1.740468107E-2
1.750138216E-2
4.775254428E-2
7.014982402E-2
8.591613919E-2
-7.467500120E-2
-6.631327420E-2
-2.717608400E-2
8.483133279E-3
-1.532914862E-2
3.619834408E-2
3.992366046E-2
7.553748786E-2
-1.045137048E-1
-8.844084293E-2
-4.594672471E-2
-5.829295516E-2
-2.585515380E-2
-1.763485745E-2
4.011179879E-2
5.089962482E-2
-6.863674521E-2
-1.163146272E-2
-1.736711897E-2
9.772450430E-4
5.274748057E-2
6.327808648E-2
7.148720324E-2
8.021666110E-2
-8.054682612E-2
-4.172145575E-2
-1.373916306E-2
-3.197959065E-2
1.673434675E-2
-1.343655959E-2
2.200294100E-2
6.474308670E-2
7.418958098E-2
-9.976282716E-2
-6.394901872E-2
-3.067510389E-2
-6.346550584E-2
1.717246510E-2
1.876113378E-2
2.182006277E-2
1.014002413E-1
-1.105723530E-1
-1.077489331E-1
-9.188065678E-2
-9.598225355E-2
-1.020645872E-1
-4.775511101E-2
-2.819638513E-2
-6.149072666E-3
4.203921650E-3
2.590718679E-2
2.928056009E-2
5.913241953E-2
5.727403611E-2
6.030401960E-2
7.026363164E-2
-7.152200490E-2
-7.012213022E-2
-4.053472355E-2
1.171306125E-3
-2.079114504E-2
2.427773178E-2
1.547587221E-3
7.220423967E-2
8.304995298E-2
9.341149777E-2
-6.844728440E-2
-5.431963876E-2
-4.036960751E-2
-1.948074065E-2
3.991510719E-2
-6.269456353E-3
5.451113358E-2
6.521607190E-2
-1.222982481E-1
1.011976227E-1
-9.016041458E-2
-2.591505414E-3
-5.083838105E-2
1.294588018E-2
6.864203140E-3
2.623478882E-2
5.878245085E-2
5.951461941E-2
8.885468543E-2
-7.462698221E-2
-4.213720560E-2
-4.542835057E-2
-2.947192639E-2
1.286957134E-2
2.317849174E-2
-8.673178405E-2
-2.869831212E-2
-1.721976325E-2
-1.515679620E-2
2.792213298E-2
3.541223332E-2
5.886862800E-2
8.586482704E-2
6.243013963E-2
-5.923497677E-2
-1.274649147E-2
-5.000493955E-3
2.374620177E-2
-5.958691612E-2
-3.245454654E-2
1.343004592E-2
3.029954620E-2
4.196031392E-2
5.074634776E-2
-8.751921356E-2
-6.840386987E-2
-5.215470493E-2
-2.840952389E-2
-1.390033308E-2
9.254114702E-3
2.453165501E-2
3.348280489E-2
3.400775790E-2
1.018212512E-1
-8.240981400E-2
-7.737869769E-2
-2.803587355E-2
-1.071970444E-2
-1.626721956E-2
1.343267784E-2
3.872640058E-2
8.520962298E-2
7.397513092E-2
-1.076667011E-1
-6.376876682E-2
-5.146003142E-2
-2.926141955E-2
1.013890188E-2
-9.412587620E-3
3.147970140E-2
3.027849458E-2
-3.586212546E-2
4.278915003E-3
2.480399981E-2
4.551064596E-2
5.722930282E-2
-1.170691252E-1
-7.923773676E-2
-8.545887470E-2
-5.734370276E-2
-3.331606567E-4
-1.672046818E-2
1.896440424E-2
1.098092925E-2
4.616848007E-2
8.671474457E-2
9.341149777E-2
-7.510785758E-2
-6.377797574E-2
-3.340511769E-2
