-4.073930904E-2
-2.608868480E-2
-9.905305691E-3
8.617988788E-3
-5.337305367E-3
-1.765265712E-3
8.742977865E-3
2.328308672E-2
4.175704345E-2
4.225568101E-2
4.752230272E-2
-1.161373919E-3
-1.819270104E-2
-6.629291456E-3
-2.068260312E-2
1.811378752E-3
-9.363444149E-2
7.687749714E-2
8.827710152E-2
1.181486994E-1
-7.924102992E-2
-7.236403227E-2
4.436930269E-2
2.796357684E-2
6.793423742E-2
3.590034693E-2
5.458875746E-2
8.397289366E-2
-1.211608574E-1
-9.643286467E-2
-8.280846477E-2
-5.705688521E-2
-6.727173924E-2
-8.293344826E-2
-5.396177620E-2
-3.772774339E-2
-4.600922018E-2
-2.765235677E-2
-1.075522788E-2
-3.069750965E-3
1.603506878E-2
-6.067497283E-2
-8.095600456E-2
-6.853740662E-2
-2.968703769E-2
-5.087193102E-2
-4.536059499E-2
-5.984614138E-3
-1.176960766E-2
-4.267666955E-3
1.214134879E-2
1.208214369E-2
1.306429040E-2
5.419668928E-2
5.984748527E-2
7.938779145E-2
-2.421056852E-2
6.027438212E-3
-7.948907092E-3
2.991602942E-2
2.508489415E-2
2.424089238E-2
3.677592427E-2
3.609637916E-2
4.260038584E-2
8.342426270E-2
7.218647748E-2
-1.207806244E-1
-9.086364508E-2
-1.245210692E-1
-9.857609123E-2
-6.812297553E-2
-1.183144469E-2
-2.251204103E-2
2.146877907E-2
-2.818495850E-4
-9.544874728E-2
-4.259176925E-2
-4.369430244E-2
-1.844901417E-4
-3.955455124E-2
-1.941627264E-2
7.267455570E-3
1.401548041E-3
6.000207365E-2
5.325730145E-2
5.987642705E-2
5.298298597E-2
6.851510704E-2
8.989142627E-2
-5.569911748E-2
-5.765485764E-2
-7.721424103E-2
-7.184170932E-2
-5.267702788E-2
-3.385704756E-2
-3.243612498E-2
1.000927063E-3
-1.991560683E-3
-1.427003555E-2
1.125235558E-1
-7.082337886E-2
-3.785536438E-2
-3.815862536E-2
-2.608408034E-2
-3.219338506E-2
-2.167001180E-2
1.850392111E-2
2.215884812E-2
1.567852311E-2
1.257486176E-2
2.987129614E-2
4.358384758E-2
5.774241313E-2
6.928411871E-2
7.064451277E-2
8.001207560E-2
1.098974794E-1
-9.904315323E-2
-8.180000633E-2
-6.836834550E-2
-6.350826472E-2
-5.586949736E-2
-5.400453508E-2
-8.623844944E-3
-2.524406416E-3
1.156771742E-2
2.210753597E-2
5.160153285E-2
5.101737380E-2
2.666566893E-2
4.540012777E-2
5.863575265E-2
3.895796090E-2
-2.209694684E-2
-2.923378907E-2
-3.972229734E-2
-9.848074056E-3
-1.207422349E-3
3.235856816E-2
6.293667108E-2
3.456625715E-2
5.991984531E-2
5.512818322E-2
5.642674491E-2
-1.455546618E-1
1.017350778E-1
-9.682428092E-2
-5.886922032E-2
-1.357404701E-2
-9.502090979E-4
-6.779935677E-3
5.371577572E-3
-1.654943079E-2
1.153350994E-2
1.647055522E-2
7.622689754E-2
8.795674145E-2
-1.035986934E-2
1.765926182E-2
4.955961555E-2
4.280168563E-2
5.669251084E-2
-9.795773029E-2
-8.657982945E-2
-6.956560165E-2
-5.719766393E-2
-1.642378420E-2
1.280576177E-2
1.419905387E-2
5.121735856E-2
6.844405830E-2
6.567458063E-2
8.464388549E-2
-9.678020328E-2
-4.521850124E-2
-5.050683022E-2
-2.108519711E-2
-2.123785205E-3
-5.442558788E-3
2.557892725E-2
5.339084193E-2
5.283694342E-2
8.475834876E-2
-8.349326998E-2
-7.818257064E-2
-3.175395355E-2
7.698077708E-2
-1.237349957E-2
3.906584531E-2
6.087765098E-2
3.884349763E-2
1.059235036E-1
-7.787207514E-2
-7.147924602E-2
-4.164054245E-2
-1.257216558E-2
3.478268534E-2
3.698050976E-2
3.725745901E-2
7.703274488E-2
-1.348280162E-1
-7.150555402E-2
-6.396348774E-2
-2.880093455E-2
-3.315250948E-2
-1.192419883E-2
-8.871186525E-2
-4.223456606E-2
-3.804153204E-2
5.571559072E-3
-3.450636752E-3
5.749174394E-3
5.747072771E-2
5.442627147E-2
5.055097118E-2
-9.484419972E-2
-5.469789356E-2
-6.647378206E-2
-3.498457745E-2
-1.238665637E-2
2.134642191E-2
2.744980901E-2
4.830446839E-2
4.092554003E-2
-1.521402784E-2
-5.641882308E-3
2.720505698E-3
4.798344523E-2
-1.176111773E-1
-1.177381426E-1
-7.729778439E-2
-5.059300736E-2
-2.404676750E-2
-3.047512285E-2
4.743345547E-3
2.385010244E-3
5.015034974E-2
4.771899432E-2
9.273459017E-2
-1.024270505E-1
-6.721515954E-2
-5.593264848E-2
-1.766840741E-2
7.719785720E-2
-8.283674717E-2
-5.209089443E-2
-5.392164737E-2
-2.264031768E-2
-2.922918461E-2
-1.560215000E-2
2.481715567E-2
2.302982099E-2
4.038480297E-2
4.658751935E-2
4.522119835E-2
6.545091420E-2
1.372600943E-1
-4.750381783E-2
-6.303067505E-2
-2.347247861E-2
-2.073851973E-2
7.050370332E-3
1.437728992E-3
2.184506133E-2
4.178993404E-2
6.259196997E-2
1.232554615E-1
-9.396467358E-2
-5.328223482E-2
-5.211589485E-2
-5.004700646E-2
3.439518390E-3
-4.150572233E-3
3.718575463E-2
5.312639102E-2
-4.883790761E-2
8.528523147E-3
9.634305025E-4
6.419507321E-3
3.689499199E-2
4.829460010E-2
4.074003175E-2
-1.097546667E-1
-6.556005031E-2
-6.627906114E-2
-2.596764266E-2
-1.511666831E-2
4.674235242E-4
2.879179083E-2
5.040624738E-2
4.160048068E-2
1.012048647E-1
-8.728370816E-2
-7.738527656E-2
-5.031540245E-2
-2.570648305E-2
2.169046924E-2
-5.799104925E-3
2.186216414E-2
6.008627638E-2
