-3.945785016E-2
-4.143990204E-2
-1.469631214E-2
-2.231271565E-2
-9.831628762E-3
3.122643381E-2
5.333423149E-3
-5.945732445E-2
-6.468907744E-2
-7.063458115E-2
-6.795588136E-2
-2.908380330E-2
-3.762446344E-2
9.537381679E-2
-8.504904807E-2
-9.180171788E-2
-5.329999700E-2
-5.931589007E-2
-2.196209133E-2
5.736810714E-2
-1.119511724E-1
1.191295236E-1
-8.710543811E-2
-5.385191739E-2
-7.077667862E-2
-4.693285562E-3
-1.392993517E-2
7.543223351E-2
-1.029191092E-1
-8.753763139E-2
-4.172014073E-2
-5.832058564E-2
-2.100823075E-2
-1.018159650E-2
1.078752615E-2
-8.764880896E-2
-1.373784803E-2
-2.379942127E-2
-4.006437212E-2
-7.795631420E-3
1.723693311E-2
-8.750671148E-2
-7.960546762E-2
-3.118360974E-2
-2.965019830E-2
-1.414307393E-2
2.340215445E-2
1.904597692E-2
1.056037992E-1
-4.663613439E-2
-4.124912992E-2
5.822851788E-3
3.914873302E-2
6.263604015E-2
8.022258431E-2
-9.901618212E-2
-7.440397143E-2
-6.703557074E-2
-4.735185951E-2
-8.400769532E-2
-9.215234220E-2
-7.295937091E-2
-6.781971455E-2
-1.973466389E-2
6.273468025E-3
5.206662044E-2
-4.441462830E-2
-5.406637117E-2
3.613844514E-3
2.079318464E-2
2.306032402E-4
5.464204028E-2
9.288786352E-2
7.567431778E-2
-7.607816160E-2
-7.185881585E-2
7.067345828E-2
7.027810067E-2
6.832170486E-2
9.606586397E-2
-1.094586402E-1
-7.790102065E-2
-2.616959810E-2
-3.400966525E-2
1.146575343E-2
1.400499325E-2
5.251657963E-2
7.026297599E-2
-1.364048850E-2
1.093882788E-2
4.506989568E-2
3.502871469E-2
6.110855192E-2
5.538210645E-2
-1.224719211E-1
-9.964178503E-2
-6.510877609E-2
7.606507093E-2
7.590653002E-2
1.176908463E-1
-9.022620320E-2
-6.023159251E-2
-4.903920367E-2
-7.588414010E-3
-4.078868311E-3
-7.838913053E-2
-2.647351846E-2
-3.834545240E-2
-5.737268366E-3
-1.079996023E-2
4.377832738E-5
4.949317500E-2
6.868808065E-3
2.727548219E-2
6.591469049E-2
6.780333072E-2
9.830710292E-2
-7.373955846E-2
-7.681296021E-2
-6.789470464E-2
-3.881580383E-2
-5.637800321E-2
-1.987544075E-2
9.112289548E-2
-9.607237577E-2
-7.629590482E-2
-4.834979400E-2
-5.121860653E-2
-2.280411869E-2
2.803001739E-2
2.659462392E-2
-4.661771655E-2
-4.903525487E-2
1.596665382E-2
9.304109961E-3
1.764873601E-2
4.992142320E-2
7.801620662E-2
-7.744974643E-2
-7.903117687E-2
-4.097612947E-2
-6.423912197E-2
-1.835058071E-2
-7.032543886E-3
1.236961782E-2
3.631280735E-2
7.017087936E-2
5.913702399E-2
8.948488533E-2
-7.874107361E-2
-5.380784348E-2
-6.244323403E-2
-2.731357142E-2
-8.016663603E-3
3.405968891E-3
2.855233848E-2
-4.988649487E-2
-2.059116401E-2
-8.632396348E-3
9.702757932E-3
3.260986134E-2
3.167310357E-2
6.873350590E-2
8.709431440E-2
-1.251657456E-1
-3.686992824E-2
-9.743935615E-2
-2.645509876E-2
-2.226407407E-3
6.760597974E-2
8.371371031E-2
1.242060363E-1
-6.429634988E-2
-3.537204117E-2
-2.173119038E-2
5.008719862E-2
3.215134889E-2
7.253776491E-2
1.034908369E-1
-6.032895297E-2
-5.525902659E-2
-3.700017929E-2
-1.924983971E-2
-1.950244792E-2
4.042295739E-2
2.123787999E-2
5.791674182E-2
7.067477703E-2
9.578825533E-2
-8.317290246E-2
-6.129333749E-2
-4.004595056E-2
-2.158515155E-2
1.691656746E-2
-9.016568214E-2
-7.500983775E-2
-3.013041802E-2
-9.655986913E-3
-3.009267966E-4
2.896809019E-2
5.620374158E-2
5.416379496E-2
1.039236933E-1
-1.249894500E-1
-8.279991150E-2
-3.774156049E-2
-2.944561280E-2
2.414813824E-2
1.929266378E-2
4.971420765E-2
4.222081602E-2
-9.516192973E-2
-9.199709445E-2
-7.098257542E-2
-5.030750856E-2
-5.777392536E-2
1.821904094E-3
5.184094422E-3
4.621057957E-2
1.464638114E-2
5.858904868E-2
7.589863986E-2
-8.612197638E-2
-7.497037202E-2
-3.008568473E-2
4.142089188E-2
-2.247388661E-2
-1.178276446E-2
1.650279015E-2
3.096329980E-2
5.056675896E-2
5.183506384E-2
6.910649687E-2
-1.124254763E-1
-9.139648825E-2
-8.846846968E-2
-4.200432450E-2
-2.354352362E-2
-1.227811351E-2
-1.438979874E-3
3.081989288E-2
4.500740394E-2
6.194926426E-2
-7.994688302E-2
9.425484389E-2
3.404854238E-2
4.612111673E-2
8.637399226E-2
8.193887025E-2
-6.695926189E-2
-7.815099508E-2
-2.010042034E-2
-2.518942580E-2
-1.427796786E-3
-6.833220366E-3
1.363989525E-2
4.871561378E-2
1.868679933E-2
-1.037631556E-2
7.987125777E-3
3.604967520E-2
5.523080379E-2
7.465533167E-2
-1.127438620E-1
-6.620604545E-2
-2.561175451E-2
-4.608421400E-2
-1.071509998E-2
1.776714623E-2
2.457967773E-2
8.393210918E-2
5.746612325E-2
-1.211292744E-1
-7.467039675E-2
-5.680098757E-2
-4.843136296E-2
-1.197353657E-2
1.736520976E-2
2.243908495E-2
2.976012230E-2
7.497964054E-2
8.967434615E-2
-9.791628271E-2
-3.355970606E-2
4.985893145E-2
9.181756526E-2
-7.228706032E-2
-5.021541193E-2
-1.735725068E-2
1.486346684E-2
2.987853251E-2
5.998431519E-2
1.060248092E-1
-7.128518075E-2
-6.891895086E-2
-4.285819456E-2
6.063618697E-3
3.644762561E-3
3.591416031E-2
4.668619484E-2
7.739192247E-2
