3.001122093E+1
2.981695366E+1
2.942144203E+1
2.912361717E+1
2.880790329E+1
2.849747658E+1
2.820957756E+1
2.788019562E+1
2.761542130E+1
2.730578423E+1
2.700563240E+1
2.668175697E+1
2.648876762E+1
2.621089554E+1
2.589928055E+1
2.558193016E+1
2.518131638E+1
2.497366524E+1
2.466905594E+1
2.436892891E+1
2.403488541E+1
2.376423073E+1
2.346469688E+1
2.314580727E+1
2.286524773E+1
2.256746483E+1
2.223286057E+1
2.195311737E+1
2.164013100E+1
2.129610443E+1
2.104655266E+1
2.071283531E+1
2.041433716E+1
2.018938828E+1
1.978811264E+1
1.949381447E+1
1.930082512E+1
1.898390770E+1
1.867843819E+1
1.837423134E+1
1.807824898E+1
1.776502991E+1
1.746504974E+1
1.717537689E+1
1.687350655E+1
1.656040192E+1
1.624568939E+1
1.593338490E+1
1.565165234E+1
1.531122589E+1
1.502177906E+1
1.471144295E+1
1.441956329E+1
1.409229565E+1
1.382799816E+1
1.361208248E+1
1.330720997E+1
1.291538811E+1
1.265905094E+1
1.238469505E+1
1.206360435E+1
1.179066181E+1
1.143730545E+1
1.116255283E+1
1.087301731E+1
1.054466820E+1
1.022236729E+1
9.937202454E+0
9.630558968E+0
9.324234962E+0
9.001162529E+0
8.815896034E+0
8.382519722E+0
8.192450523E+0
7.886660099E+0
7.570986271E+0
7.279118061E+0
6.976916313E+0
6.626492500E+0
6.346273422E+0
6.025459290E+0
5.740562439E+0
5.438813686E+0
5.217431545E+0
4.826217651E+0
4.518662930E+0
4.218040466E+0
3.990856171E+0
3.595720768E+0
3.321377516E+0
2.991378307E+0
2.784015894E+0
2.486736536E+0
2.193272829E+0
1.870003223E+0
1.561650753E+0
1.271674156E+0
9.294707179E-1
6.447101235E-1
2.990853190E-1
6.144532468E-3
-3.089843392E-1
-5.912702084E-1
-8.284536600E-1
-1.109388947E+0
-1.417767763E+0
-1.746707916E+0
-2.052472591E+0
-2.367803335E+0
-2.665016890E+0
-2.981654644E+0
-3.302462101E+0
-3.605238199E+0
-3.958421946E+0
-4.146492004E+0
-4.463591099E+0
-4.759908199E+0
-5.098478317E+0
-5.301521301E+0
-5.740739346E+0
-5.928118706E+0
-6.242064953E+0
-6.589045525E+0
-6.890269756E+0
-7.178463459E+0
-7.497251511E+0
-7.831121922E+0
-8.097673416E+0
-8.334951401E+0
-8.642490387E+0
-8.961698532E+0
-9.298521996E+0
-9.582345963E+0
-9.818275452E+0
-1.012210083E+1
-1.043135738E+1
-1.075300312E+1
-1.110543060E+1
-1.141061497E+1
-1.159525394E+1
-1.189812279E+1
-1.224520016E+1
-1.256870651E+1
-1.287507248E+1
-1.320574665E+1
-1.352191734E+1
-1.381582260E+1
-1.402541256E+1
-1.434601688E+1
-1.467565536E+1
-1.499472618E+1
-1.531215572E+1
-1.561306858E+1
-1.579741573E+1
-1.611987305E+1
-1.654234123E+1
-1.672372627E+1
-1.704394150E+1
-1.735061646E+1
-1.768288994E+1
-1.798570251E+1
-1.825730133E+1
-1.857549858E+1
-1.888962746E+1
-1.909802628E+1
-1.947997475E+1
-1.968141747E+1
-2.002347946E+1
-2.029115105E+1
-2.072896576E+1
-2.090850830E+1
-2.122281265E+1
-2.154100800E+1
-2.182732201E+1
-2.213323593E+1
-2.246224403E+1
-2.278387070E+1
-2.306621361E+1
-2.337738037E+1
-2.370013428E+1
-2.397098732E+1
-2.431818199E+1
-2.460830688E+1
-2.479635048E+1
-2.511282539E+1
-2.541907501E+1
-2.572202110E+1
-2.602633476E+1
-2.632080460E+1
-2.665538979E+1
-2.696420288E+1
-2.725755310E+1
-2.758911133E+1
-2.790609550E+1
-2.815855980E+1
-2.847805405E+1
-2.880042076E+1
-2.914361954E+1
-2.933828354E+1
-2.963269043E+1
-2.994145393E+1
