-3.764423775E-3
-1.654087938E-2
1.159074157E-2
-8.206511289E-2
2.018596511E-3
-7.469604909E-2
1.390039735E-2
-6.831177324E-2
3.887112439E-2
-5.686743185E-2
4.349569976E-2
-4.206616059E-2
-5.656482652E-2
4.629346728E-2
-1.510614250E-2
5.746875703E-2
3.942765296E-2
-1.176032871E-1
-3.775405884E-2
-1.507331282E-1
-5.114957225E-3
7.934371382E-2
5.330791697E-3
8.091988415E-2
-4.843271803E-3
9.273129702E-2
1.229593996E-2
-1.255953163E-1
-4.614383215E-4
-8.453264832E-2
8.918619715E-3
-7.043920457E-2
3.500042856E-2
1.535684243E-2
2.284233831E-2
-6.225640699E-2
-4.098731279E-2
3.290325403E-2
-2.339222282E-2
7.037151605E-2
-1.272215135E-2
5.604125559E-2
-9.417850524E-3
-8.651667833E-2
-2.872528322E-2
-9.691242874E-2
-1.930382103E-3
-5.684177577E-2
1.364581566E-2
-5.503536388E-2
9.057422169E-3
-7.615184039E-2
3.269011527E-2
-7.607421279E-2
4.472716525E-2
5.654384196E-2
-3.242428601E-2
-2.513153665E-2
1.431812253E-2
7.827012986E-2
-9.680326097E-3
8.410248905E-2
-1.577516086E-2
-1.123248264E-1
1.738231443E-2
-5.195669830E-2
3.124748543E-2
-6.714609265E-2
3.207964450E-2
-5.017923191E-2
4.930174351E-2
5.620439723E-2
6.892888248E-2
8.074819297E-2
3.907896113E-3
-1.130096316E-1
-3.663775045E-3
9.358253330E-2
3.605230525E-2
-6.856635213E-2
4.492451623E-2
-2.753789350E-2
6.669027358E-2
7.891678065E-2
6.869930029E-2
-1.154989097E-2
9.723614901E-2
1.095679104E-1
-7.395467162E-2
3.830144182E-2
-5.269413069E-2
-5.359536409E-2
6.130590290E-2
-6.956099719E-2
8.475703001E-2
-4.152545705E-3
-9.971414506E-2
5.209092516E-3
-5.593462288E-2
4.851234332E-2
-4.220036045E-2
3.536158055E-2
-3.334722668E-2
-3.580555320E-2
1.149358302E-1
1.714154705E-2
-9.239310771E-2
4.294048622E-2
-7.551768422E-2
3.227041662E-2
-3.165067360E-2
6.525158882E-2
-3.454382718E-2
1.087515354E-1
1.068997309E-1
9.548166767E-3
-8.383534104E-2
4.608296230E-2
2.858720347E-2
4.387461022E-2
6.427142024E-2
-4.533888772E-2
7.568813115E-2
-2.993438393E-2
-8.855266869E-2
5.190018937E-2
-9.313448519E-2
4.228725657E-2
2.250947431E-2
-7.833255827E-2
8.642793447E-2
-6.481279153E-3
-1.051143035E-1
-8.478327841E-2
1.424970757E-2
-7.641826570E-2
5.355858803E-2
-4.161291197E-2
5.909031630E-2
7.697485387E-2
3.378339810E-3
-9.377455711E-2
2.287457138E-2
-7.990149409E-2
1.947751641E-2
-5.176395178E-2
6.117565185E-2
1.151430532E-1
-1.123149972E-2
-8.717845380E-2
2.252394520E-2
-7.003135234E-2
2.191676572E-2
2.586245351E-2
-4.429424554E-2
-4.023475200E-2
-1.134793647E-2
8.062254637E-2
8.191054687E-3
-7.368825376E-2
3.797383979E-2
-3.938548639E-2
6.889270246E-2
-3.385836259E-2
-7.800236344E-3
-1.578897424E-2
2.466059104E-2
-1.038900763E-1
4.938529059E-2
5.594258010E-2
5.976459756E-2
-3.134806827E-2
-1.461151391E-1
-9.308650158E-3
-1.091534048E-1
1.981432736E-2
-4.474683478E-2
5.625768378E-2
-2.024645917E-2
9.923793375E-2
5.406442564E-3
1.029816717E-1
1.932029426E-2
2.019915916E-2
-4.861029610E-2
7.223187387E-2
-3.678178042E-2
1.062294021E-1
3.302030964E-3
-7.858780026E-2
1.702836133E-3
-4.976150393E-2
1.869074628E-2
-4.129781201E-2
-1.098513678E-1
-1.393848751E-2
-7.761683315E-2
1.627978310E-2
2.850694768E-2
-5.194617435E-2
6.268735230E-2
