-7.204705811E+1	-8.937786865E+1	-8.276387787E+1
-6.778414154E+1	-6.915013123E+1	-7.716207123E+1
-7.579965973E+1	-7.302045441E+1	-7.109402466E+1
-7.614997101E+1	-7.416339111E+1	-7.885940552E+1
-7.354403687E+1	-7.223117065E+1	-7.774419403E+1
-7.583610535E+1	-7.404424286E+1	-7.147088623E+1
-8.194496918E+1	-7.968260956E+1	-7.498724365E+1
-6.998486328E+1	-7.009544373E+1	-6.938890076E+1
-7.020748138E+1	-6.922597504E+1	-6.949712372E+1
-7.507637024E+1	-7.354206848E+1	-7.243321228E+1
-6.933901215E+1	-6.903005219E+1	-7.362088776E+1
-7.662475586E+1	-8.018273926E+1	-7.456455994E+1
-7.290705109E+1	-6.971166229E+1	-7.263048553E+1
-7.177493286E+1	-7.106983948E+1	-7.245897675E+1
-7.156230927E+1	-7.254844666E+1	-7.101454163E+1
-6.731594086E+1	-6.890165710E+1	-6.826144409E+1
-6.824946594E+1	-7.057390594E+1	-6.779860687E+1
-5.993538666E+1	-6.050968552E+1	-6.125664520E+1
-8.051601410E+1	-7.951498413E+1	-7.532469940E+1
-7.140803528E+1	-6.927500153E+1	-6.920906067E+1
-6.499631500E+1	-6.560894012E+1	-6.560563660E+1
-6.947759247E+1	-7.107373047E+1	-6.970294952E+1
-7.062619781E+1	-7.125093079E+1	-7.140922546E+1
-7.003392029E+1	-7.423415375E+1	-7.144505310E+1
-6.769169617E+1	-6.648106384E+1	-6.654955292E+1
-6.799243164E+1	-6.852302551E+1	-6.752268982E+1
-5.932585144E+1	-5.916763687E+1	-5.932518005E+1
-6.677981567E+1	-6.729654694E+1	-6.788356781E+1
-6.666014862E+1	-6.616847229E+1	-6.683010864E+1
-6.663523865E+1	-6.604116058E+1	-6.585165405E+1
-6.493529510E+1	-6.482106018E+1	-6.446081543E+1
-5.833688354E+1	-5.854549789E+1	-5.864300537E+1
-8.302643585E+1	-8.233183289E+1	-8.349433899E+1
-6.330238724E+1	-6.288973618E+1	-6.314424515E+1
-6.613022614E+1	-6.543400574E+1	-6.605714417E+1
-6.453314972E+1	-6.450807190E+1	-6.472271729E+1
-6.680689240E+1	-6.729769897E+1	-6.647999573E+1
-6.567250824E+1	-6.514540863E+1	-6.522361755E+1
-6.390075684E+1	-6.365687943E+1	-6.350965881E+1
-6.365228653E+1	-6.375033188E+1	-6.329301071E+1
-6.217919159E+1	-6.221014023E+1	-6.186508560E+1
-6.497607422E+1	-6.488191223E+1	-6.533343506E+1
-6.233352661E+1	-6.252942657E+1	-6.222909546E+1
-6.302265930E+1	-6.291524887E+1	-6.281477356E+1
-6.126930237E+1	-6.148337555E+1	-6.179089355E+1
-5.871990204E+1	-5.866246796E+1	-5.874847031E+1
-6.380786896E+1	-6.454167175E+1	-6.416082001E+1
-6.161709976E+1	-6.191101074E+1	-6.151661682E+1
-6.057802200E+1	-6.084208679E+1	-6.138504410E+1
-6.236733627E+1	-6.203864288E+1	-6.225601959E+1
-6.204496384E+1	-6.192947006E+1	-6.177328873E+1
-6.182180786E+1	-6.112273788E+1	-6.143352509E+1
-6.122924423E+1	-6.083206940E+1	-6.114237595E+1
-6.115637589E+1	-6.112133408E+1	-6.057296753E+1
-6.056088257E+1	-6.061063385E+1	-6.046849060E+1
-6.070595169E+1	-6.049676514E+1	-6.077128220E+1
-6.189098358E+1	-6.141092682E+1	-6.148514175E+1
-6.255596924E+1	-6.245029068E+1	-6.249572372E+1
-6.245253754E+1	-6.232372284E+1	-6.225872040E+1
-6.101565552E+1	-6.102834702E+1	-6.129008484E+1
-6.465676117E+1	-6.426207733E+1	-6.458309174E+1
-6.207258606E+1	-6.182739639E+1	-6.209177399E+1
-6.083797073E+1	-6.130050659E+1	-6.094529343E+1
-6.156687927E+1	-6.155058289E+1	-6.139847565E+1
-6.115058136E+1	-6.102152634E+1	-6.133487701E+1
-6.168043900E+1	-6.159930420E+1	-6.167531586E+1
-6.021441650E+1	-5.985371780E+1	-6.034130859E+1
-6.075778961E+1	-6.048256302E+1	-6.087321091E+1
-5.952320480E+1	-5.934315872E+1	-5.930386734E+1
-5.968247604E+1	-5.989239883E+1	-5.990077591E+1
-6.276253128E+1	-6.319883347E+1	-6.309181595E+1
-5.878409195E+1	-5.897321320E+1	-5.889025879E+1
-6.098615265E+1	-6.102938080E+1	-6.098986435E+1
-5.768372726E+1	-5.775705719E+1	-5.759160233E+1
-6.682892609E+1	-6.700059509E+1	-6.642776489E+1
-5.797978973E+1	-5.800614929E+1	-5.798541260E+1
-6.109773254E+1	-6.130029678E+1	-6.121284103E+1
-5.833866119E+1	-5.848948288E+1	-5.822567749E+1
-6.073303986E+1	-6.056780243E+1	-6.074423218E+1
-5.952697754E+1	-5.966621017E+1	-5.966704941E+1
-5.972439575E+1	-5.958915710E+1	-5.944403839E+1
-6.210948563E+1	-6.251585388E+1	-6.205940628E+1
-5.754461670E+1	-5.742085266E+1	-5.739913940E+1
-6.346532822E+1	-6.364609528E+1	-6.393582153E+1
-5.664429855E+1	-5.679833603E+1	-5.675702286E+1
-6.473265839E+1	-6.442744446E+1	-6.440220642E+1
-5.709749222E+1	-5.695200729E+1	-5.705274963E+1
-6.098362350E+1	-6.107204819E+1	-6.088380814E+1
-5.937647629E+1	-5.944606400E+1	-5.933036423E+1
-6.038927078E+1	-6.057490158E+1	-6.038988876E+1
-5.912577057E+1	-5.917500305E+1	-5.920639420E+1
-5.880435181E+1	-5.850710297E+1	-5.880795288E+1
-6.029902267E+1	-6.054417419E+1	-6.026243210E+1
-5.856383896E+1	-5.868311310E+1	-5.876537323E+1
-6.244945908E+1	-6.223026276E+1	-6.232843018E+1
-5.855310822E+1	-5.869386292E+1	-5.881058502E+1
-6.182061768E+1	-6.185168076E+1	-6.209759140E+1
-5.819829559E+1	-5.824264145E+1	-5.818844223E+1
-5.967244720E+1	-5.954369736E+1	-5.970316696E+1
-5.709103012E+1	-5.711161804E+1	-5.704178238E+1
-5.776873016E+1	-5.768653870E+1	-5.772503281E+1
-5.696189880E+1	-5.695474625E+1	-5.696488571E+1
-5.777636719E+1	-5.771342087E+1	-5.764137268E+1
-5.831136703E+1	-5.829851151E+1	-5.821174240E+1
-5.985117340E+1	-5.974706650E+1	-5.981292343E+1
-6.074721146E+1	-6.073339081E+1	-6.055540848E+1
-6.001300430E+1	-6.009167480E+1	-6.033660507E+1
-6.105377960E+1	-6.082785797E+1	-6.074720383E+1
-5.958288574E+1	-5.975937653E+1	-5.946610260E+1
-6.058730316E+1	-6.024538040E+1	-6.006155777E+1
-5.898898315E+1	-5.898952484E+1	-5.898821259E+1
-5.975825500E+1	-5.987045288E+1	-5.977165222E+1
-5.830693817E+1	-5.838189697E+1	-5.830702972E+1
-5.842707062E+1	-5.854681396E+1	-5.846543121E+1
-5.781124115E+1	-5.786481094E+1	-5.786959457E+1
-5.586008072E+1	-5.576018143E+1	-5.585281754E+1
-5.878289795E+1	-5.863161469E+1	-5.875188828E+1
-5.448795319E+1	-5.444581604E+1	-5.442481613E+1
-5.944536591E+1	-5.969343567E+1	-5.969520950E+1
-5.378362274E+1	-5.378158951E+1	-5.378557205E+1
-5.845416641E+1	-5.837913132E+1	-5.831042480E+1
-5.277394867E+1	-5.280486298E+1	-5.273086548E+1
-5.689240265E+1	-5.690129471E+1	-5.695169830E+1
-5.442796707E+1	-5.442823792E+1	-5.447703171E+1
-5.503468323E+1	-5.501248550E+1	-5.509928131E+1
-5.839853668E+1	-5.837600708E+1	-5.837833023E+1
-5.203309631E+1	-5.203818130E+1	-5.210264206E+1
-5.987777710E+1	-5.983681488E+1	-5.981428528E+1
-5.137834930E+1	-5.140904617E+1	-5.130987167E+1
-6.887471008E+1	-6.910511017E+1	-6.887842560E+1
-5.088663101E+1	-5.092382050E+1	-5.089845276E+1
-6.109805298E+1	-6.110899353E+1	-6.115089798E+1
-5.133868408E+1	-5.127343750E+1	-5.131173325E+1
-5.724158096E+1	-5.729827499E+1	-5.721644974E+1
-5.329932022E+1	-5.324549103E+1	-5.325716400E+1
-5.316059875E+1	-5.314118576E+1	-5.322817993E+1
-5.479404831E+1	-5.472669983E+1	-5.478267670E+1
-5.187146378E+1	-5.189940643E+1	-5.196442413E+1
-6.050252533E+1	-6.057229233E+1	-6.063955307E+1
-5.133027267E+1	-5.133161926E+1	-5.130978775E+1
-6.498472595E+1	-6.498623657E+1	-6.491524506E+1
-5.096779251E+1	-5.100933075E+1	-5.096839142E+1
-6.029986954E+1	-6.037751770E+1	-6.027263260E+1
-5.256407928E+1	-5.264277267E+1	-5.266862106E+1
-5.610770035E+1	-5.617843246E+1	-5.610375595E+1
-5.414114380E+1	-5.407570648E+1	-5.410084534E+1
-5.377208328E+1	-5.376156998E+1	-5.375495529E+1
-5.501630402E+1	-5.492743301E+1	-5.500854492E+1
-5.345629883E+1	-5.342412567E+1	-5.341760254E+1
-5.628589249E+1	-5.641553116E+1	-5.635905457E+1
-5.443108368E+1	-5.441147232E+1	-5.447945404E+1
-5.573190689E+1	-5.563850784E+1	-5.575938416E+1
-5.473363113E+1	-5.466613770E+1	-5.464666367E+1
-5.434233475E+1	-5.428070831E+1	-5.433076477E+1
-5.429780579E+1	-5.434116745E+1	-5.430293655E+1
-5.425462723E+1	-5.425149155E+1	-5.417088699E+1
-5.474047470E+1	-5.465474319E+1	-5.471765137E+1
-5.489818573E+1	-5.487004089E+1	-5.489107513E+1
-5.481399536E+1	-5.480792618E+1	-5.489538193E+1
-5.408238983E+1	-5.403260803E+1	-5.407171631E+1
-5.583200073E+1	-5.579595947E+1	-5.581544113E+1
-5.248273087E+1	-5.252304077E+1	-5.251943207E+1
-5.889490509E+1	-5.879544830E+1	-5.898189926E+1
-5.115320969E+1	-5.111487579E+1	-5.106956863E+1
-5.985887146E+1	-5.989622879E+1	-5.982778549E+1
-5.006020355E+1	-5.006080246E+1	-5.013680649E+1
-5.448945999E+1	-5.450812912E+1	-5.454864502E+1
-4.997330856E+1	-4.995681381E+1	-4.997136688E+1
-5.086004257E+1	-5.089377594E+1	-5.089919662E+1
-5.110223007E+1	-5.117002869E+1	-5.115920639E+1
-4.746123505E+1	-4.747494507E+1	-4.750254822E+1
-5.352821350E+1	-5.356010818E+1	-5.350508499E+1
-4.506324387E+1	-4.505866241E+1	-4.506643295E+1
-5.612815475E+1	-5.606090164E+1	-5.613057327E+1
-4.420344543E+1	-4.418972778E+1	-4.421499634E+1
-5.093846130E+1	-5.089368820E+1	-5.093694687E+1
-4.428207016E+1	-4.427185822E+1	-4.428270340E+1
-4.769598389E+1	-4.772616577E+1	-4.770932007E+1
-4.473209381E+1	-4.473963928E+1	-4.475991821E+1
-4.517685699E+1	-4.519296646E+1	-4.517947388E+1
-4.596223831E+1	-4.594427490E+1	-4.595716858E+1
-4.363948441E+1	-4.364294052E+1	-4.363779449E+1
-4.877701569E+1	-4.878105164E+1	-4.874409866E+1
-4.290829086E+1	-4.290368271E+1	-4.291253662E+1
-5.064110947E+1	-5.057823181E+1	-5.063185120E+1
-4.313270569E+1	-4.311496353E+1	-4.311611176E+1
-5.088850784E+1	-5.089409637E+1	-5.086703873E+1
-4.435236740E+1	-4.434823990E+1	-4.436172485E+1
-4.915211868E+1	-4.914748383E+1	-4.913350677E+1
-4.663818741E+1	-4.665870285E+1	-4.665226746E+1
-4.739126587E+1	-4.737712860E+1	-4.736756134E+1
-5.077207947E+1	-5.076933670E+1	-5.079706955E+1
-4.731725693E+1	-4.729115677E+1	-4.729963684E+1
-5.832915878E+1	-5.833815384E+1	-5.834077072E+1
-4.811225891E+1	-4.812349701E+1	-4.809640121E+1
-6.409637451E+1	-6.429908752E+1	-6.417397308E+1
-5.002882767E+1	-5.008462524E+1	-5.003763199E+1
-5.497045135E+1	-5.489125443E+1	-5.493852234E+1
-5.192757416E+1	-5.191167068E+1	-5.189386368E+1
-5.280488205E+1	-5.275710678E+1	-5.279987717E+1
-5.328182983E+1	-5.323179626E+1	-5.317133331E+1
-5.319136047E+1	-5.318649292E+1	-5.320247269E+1
-5.301916885E+1	-5.297597122E+1	-5.304352188E+1
-5.371335220E+1	-5.376424789E+1	-5.372334671E+1
-5.347866440E+1	-5.350756073E+1	-5.345603180E+1
-5.125350189E+1	-5.122870636E+1	-5.123073578E+1
-5.803689957E+1	-5.805160522E+1	-5.806890488E+1
-4.730385971E+1	-4.730267715E+1	-4.732208633E+1
-6.157233429E+1	-6.155730820E+1	-6.150762177E+1
-4.464299393E+1	-4.463612366E+1	-4.465718079E+1
-4.802935410E+1	-4.803118896E+1	-4.801047516E+1
-4.163092041E+1	-4.162599945E+1	-4.161238098E+1
-4.182081604E+1	-4.181657410E+1	-4.181707764E+1
-3.957976913E+1	-3.956583405E+1	-3.957482910E+1
-3.762334442E+1	-3.761446762E+1	-3.761063004E+1
-3.702270889E+1	-3.702376556E+1	-3.703546143E+1
-3.412799072E+1	-3.412701797E+1	-3.412914276E+1
-3.483154678E+1	-3.483637238E+1	-3.482311249E+1
-3.191138840E+1	-3.191417122E+1	-3.191469193E+1
-3.227186966E+1	-3.227058792E+1	-3.226796722E+1
-3.001729584E+1	-3.001581383E+1	-3.001287460E+1
-3.011638451E+1	-3.011337852E+1	-3.011019897E+1
-2.801453972E+1	-2.801437378E+1	-2.801171303E+1
-2.760867119E+1	-2.760312843E+1	-2.760063553E+1
-2.728455353E+1	-2.727782059E+1	-2.727304649E+1
-2.660946274E+1	-2.660515213E+1	-2.660254478E+1
-2.563493156E+1	-2.563123512E+1	-2.562952995E+1
-2.403505898E+1	-2.403458405E+1	-2.402892303E+1
-2.473525620E+1	-2.473291016E+1	-2.473396873E+1
-2.444179535E+1	-2.443900681E+1	-2.443715286E+1
-2.399912453E+1	-2.399764824E+1	-2.399585724E+1
-2.210606575E+1	-2.210291100E+1	-2.210227966E+1
-2.243036079E+1	-2.242726517E+1	-2.242405319E+1
-2.238618851E+1	-2.238541031E+1	-2.238142776E+1
-2.269941711E+1	-2.269975471E+1	-2.269619751E+1
-2.157479095E+1	-2.157440567E+1	-2.156954384E+1
-2.085147476E+1	-2.085097313E+1	-2.084782410E+1
-2.133763123E+1	-2.133378601E+1	-2.133534813E+1
-2.112789917E+1	-2.112356949E+1	-2.112272263E+1
-2.126266479E+1	-2.125625420E+1	-2.125770950E+1
-2.024588394E+1	-2.024351501E+1	-2.024111748E+1
-2.041343117E+1	-2.040795898E+1	-2.040643311E+1
-1.952736282E+1	-1.952109718E+1	-1.951840210E+1
-2.013489914E+1	-2.013421249E+1	-2.013144302E+1
-2.057802010E+1	-2.057703018E+1	-2.057443619E+1
-2.056869888E+1	-2.056826210E+1	-2.056548691E+1
-2.011821938E+1	-2.011771584E+1	-2.011570740E+1
-1.967414665E+1	-1.967446709E+1	-1.967247581E+1
-2.043547821E+1	-2.043456078E+1	-2.043282127E+1
-2.055655098E+1	-2.055544472E+1	-2.054936600E+1
-2.075944328E+1	-2.075399780E+1	-2.075180435E+1
-1.897565269E+1	-1.897551155E+1	-1.897076797E+1
-2.007802010E+1	-2.007516670E+1	-2.006948090E+1
-2.012881851E+1	-2.012730217E+1	-2.012083054E+1
-2.034652328E+1	-2.034502983E+1	-2.034192657E+1
-1.991095924E+1	-1.990948677E+1	-1.991106224E+1
-1.982709122E+1	-1.982375336E+1	-1.982344437E+1
-2.127176476E+1	-2.127028465E+1	-2.126844215E+1
-2.111542130E+1	-2.111401558E+1	-2.111269379E+1
-2.129755211E+1	-2.129745483E+1	-2.129014397E+1
-2.069225311E+1	-2.068704987E+1	-2.068721771E+1
-2.150281143E+1	-2.150422859E+1	-2.149843216E+1
-2.180707359E+1	-2.180833435E+1	-2.180861473E+1
-2.211328316E+1	-2.211473274E+1	-2.211288261E+1
-2.172372246E+1	-2.172353554E+1	-2.172155952E+1
-2.228964615E+1	-2.228774643E+1	-2.228830147E+1
-2.304975510E+1	-2.304990959E+1	-2.304634857E+1
-2.351981926E+1	-2.351837921E+1	-2.351932144E+1
-2.371461105E+1	-2.371772766E+1	-2.371346092E+1
-2.396908760E+1	-2.396518326E+1	-2.396621132E+1
-2.517322159E+1	-2.517133713E+1	-2.517139435E+1
-2.549284554E+1	-2.549192047E+1	-2.549077606E+1
-2.619544029E+1	-2.619459152E+1	-2.619100380E+1
-2.632456589E+1	-2.632024384E+1	-2.632222748E+1
-2.814258003E+1	-2.814171028E+1	-2.813737869E+1
-2.875304031E+1	-2.874816513E+1	-2.875070190E+1
-2.939919281E+1	-2.939884186E+1	-2.939292145E+1
-2.984323311E+1	-2.984152794E+1	-2.984252548E+1
-3.192587280E+1	-3.192425537E+1	-3.192034912E+1
-3.304467392E+1	-3.304414749E+1	-3.304584885E+1
-3.418847656E+1	-3.419175720E+1	-3.418669510E+1
-3.550583267E+1	-3.550788116E+1	-3.550207901E+1
-3.639144135E+1	-3.638133240E+1	-3.638323593E+1
-4.028245926E+1	-4.028163528E+1	-4.028230286E+1
-3.908505630E+1	-3.909294891E+1	-3.908606339E+1
-4.750032425E+1	-4.750317764E+1	-4.749009705E+1
-4.157072830E+1	-4.156322479E+1	-4.156644821E+1
-5.232394409E+1	-5.229569244E+1	-5.224930191E+1
-4.631965256E+1	-4.633810043E+1	-4.633871078E+1
-4.916007996E+1	-4.917998123E+1	-4.918126678E+1
-5.169400787E+1	-5.163751221E+1	-5.165921021E+1
-4.892512512E+1	-4.892379379E+1	-4.888711548E+1
-5.189886856E+1	-5.188429260E+1	-5.190945053E+1
-5.068542099E+1	-5.068300247E+1	-5.068277740E+1
-4.984643936E+1	-4.985534668E+1	-4.982836533E+1
-5.148954391E+1	-5.150321579E+1	-5.147790527E+1
-4.974857712E+1	-4.974015808E+1	-4.973458099E+1
-4.851103210E+1	-4.852478409E+1	-4.853887177E+1
-5.186306381E+1	-5.188317490E+1	-5.187251282E+1
-4.551582718E+1	-4.551675797E+1	-4.550722504E+1
-6.026829147E+1	-6.023575211E+1	-6.021125793E+1
-4.351454163E+1	-4.352769470E+1	-4.351014328E+1
-5.296015549E+1	-5.298169708E+1	-5.294348526E+1
-4.353544617E+1	-4.353989792E+1	-4.353176498E+1
-4.593572235E+1	-4.594829941E+1	-4.592193985E+1
-4.487613297E+1	-4.486493301E+1	-4.485377502E+1
-4.237348557E+1	-4.236737442E+1	-4.235971832E+1
-4.865716934E+1	-4.868160248E+1	-4.870081711E+1
-4.061820602E+1	-4.061380768E+1	-4.060823441E+1
-5.486740494E+1	-5.485548401E+1	-5.487082291E+1
-4.011217880E+1	-4.012128448E+1	-4.011632156E+1
-4.935294724E+1	-4.934066391E+1	-4.931403351E+1
-4.082263947E+1	-4.082288361E+1	-4.082362366E+1
-4.413055801E+1	-4.414387894E+1	-4.411508179E+1
-4.295994949E+1	-4.296007156E+1	-4.295585632E+1
-4.168358231E+1	-4.168226624E+1	-4.167116547E+1
-4.640068054E+1	-4.640095901E+1	-4.640092850E+1
-4.068370056E+1	-4.068596649E+1	-4.068661880E+1
-5.317347336E+1	-5.325458527E+1	-5.326482010E+1
-4.051512909E+1	-4.050851822E+1	-4.050728226E+1
-5.263187408E+1	-5.263243866E+1	-5.262451172E+1
-4.143071365E+1	-4.142959595E+1	-4.142786789E+1
-4.683044434E+1	-4.682223511E+1	-4.680332947E+1
-4.354996109E+1	-4.355111313E+1	-4.355912018E+1
-4.413956070E+1	-4.413331604E+1	-4.412623596E+1
-4.759621811E+1	-4.762868118E+1	-4.761425018E+1
-4.304960632E+1	-4.304674911E+1	-4.305375671E+1
-5.606630325E+1	-5.611268616E+1	-5.606280899E+1
-4.315839005E+1	-4.317301559E+1	-4.316963959E+1
-5.713330460E+1	-5.709602356E+1	-5.708479691E+1
-4.437957382E+1	-4.438054657E+1	-4.438279724E+1
-5.023524094E+1	-5.023515320E+1	-5.021783066E+1
-4.636158371E+1	-4.636606598E+1	-4.638088226E+1
-4.732171249E+1	-4.734806061E+1	-4.732740021E+1
-4.895357895E+1	-4.898064041E+1	-4.895335388E+1
-4.633684158E+1	-4.634578323E+1	-4.633806610E+1
-5.048381424E+1	-5.047418213E+1	-5.050425339E+1
-4.677428818E+1	-4.677805328E+1	-4.675142288E+1
-4.952485657E+1	-4.953334808E+1	-4.953625107E+1
-4.796918488E+1	-4.797456741E+1	-4.799694061E+1
-4.828445435E+1	-4.828020477E+1	-4.827362823E+1
-4.921680069E+1	-4.923172760E+1	-4.921092987E+1
-4.804793549E+1	-4.805274582E+1	-4.803638458E+1
-4.939133072E+1	-4.940509415E+1	-4.940195084E+1
-4.857320023E+1	-4.859572983E+1	-4.858498764E+1
-4.833699799E+1	-4.838006592E+1	-4.834551620E+1
-4.954296875E+1	-4.955127335E+1	-4.952774811E+1
-4.757351303E+1	-4.758946609E+1	-4.758895111E+1
-4.982133484E+1	-4.981103134E+1	-4.979962921E+1
-4.731398392E+1	-4.731276703E+1	-4.732966614E+1
-4.869983673E+1	-4.870207977E+1	-4.867357635E+1
-4.831537247E+1	-4.830588913E+1	-4.830527115E+1
-4.707135773E+1	-4.708367920E+1	-4.706887817E+1
-5.044684219E+1	-5.043125534E+1	-5.044476700E+1
-4.586214447E+1	-4.585438919E+1	-4.588130951E+1
-5.282515335E+1	-5.280457306E+1	-5.280960083E+1
-4.541276932E+1	-4.539661026E+1	-4.540260315E+1
-5.202408218E+1	-5.204927444E+1	-5.204362106E+1
-4.578026581E+1	-4.575559998E+1	-4.578410339E+1
-4.882931900E+1	-4.882973480E+1	-4.884078598E+1
-4.724569702E+1	-4.727111816E+1	-4.725572586E+1
-4.645748138E+1	-4.647182465E+1	-4.645116806E+1
-4.989595032E+1	-4.984450912E+1	-4.987767029E+1
-4.512867737E+1	-4.512414169E+1	-4.511059570E+1
-5.374369431E+1	-5.379541779E+1	-5.384087372E+1
-4.454813004E+1	-4.454761124E+1	-4.455789948E+1
-5.421011353E+1	-5.416207123E+1	-5.418045807E+1
-4.489570236E+1	-4.488557816E+1	-4.490981674E+1
-5.107904816E+1	-5.108250809E+1	-5.107577515E+1
-4.613416290E+1	-4.614519882E+1	-4.613911819E+1
-4.813399506E+1	-4.811937332E+1	-4.812878799E+1
-4.799267960E+1	-4.800184250E+1	-4.800140381E+1
-4.642524338E+1	-4.640896225E+1	-4.642345428E+1
-4.986190033E+1	-4.987255096E+1	-4.987644958E+1
-4.584585571E+1	-4.585543442E+1	-4.585264969E+1
-5.071990585E+1	-5.074851608E+1	-5.069701004E+1
-4.590379715E+1	-4.589184189E+1	-4.589421463E+1
-4.960358047E+1	-4.960142517E+1	-4.962261963E+1
-4.667582321E+1	-4.670747757E+1	-4.669052505E+1
-4.812210083E+1	-4.812109375E+1	-4.811406708E+1
-4.733439255E+1	-4.734814453E+1	-4.732587051E+1
-4.736104965E+1	-4.734733963E+1	-4.737660980E+1
-4.808036423E+1	-4.808390427E+1	-4.807984543E+1
-4.698704529E+1	-4.699798203E+1	-4.700568390E+1
-4.772765732E+1	-4.772237015E+1	-4.770469666E+1
-4.720566177E+1	-4.720553970E+1	-4.718753815E+1
-4.722456741E+1	-4.721871948E+1	-4.722778702E+1
-4.711989594E+1	-4.711752319E+1	-4.712341690E+1
-4.706456375E+1	-4.708781433E+1	-4.710536575E+1
-4.738127518E+1	-4.738686752E+1	-4.740415192E+1
-4.703419113E+1	-4.703065109E+1	-4.705064011E+1
-4.672470474E+1	-4.670225906E+1	-4.670687866E+1
-4.721001434E+1	-4.723053741E+1	-4.720240784E+1
-4.663695908E+1	-4.665837097E+1	-4.666446304E+1
-4.719666290E+1	-4.718193817E+1	-4.717742920E+1
-4.672687912E+1	-4.673546600E+1	-4.672703171E+1
-4.707918930E+1	-4.707241440E+1	-4.707633972E+1
-4.710185242E+1	-4.709899139E+1	-4.710916901E+1
-4.612491226E+1	-4.610990906E+1	-4.613388443E+1
-4.771176147E+1	-4.770036316E+1	-4.771669769E+1
-4.590481949E+1	-4.589415359E+1	-4.590389252E+1
-4.807565308E+1	-4.806164169E+1	-4.807832718E+1
-4.555931473E+1	-4.556957626E+1	-4.558120728E+1
-4.790963364E+1	-4.791609955E+1	-4.789142990E+1
-4.597735977E+1	-4.599256134E+1	-4.599635315E+1
-4.668244934E+1	-4.664649963E+1	-4.667191315E+1
-4.641741562E+1	-4.642283630E+1	-4.641273499E+1
-4.607061386E+1	-4.608508682E+1	-4.605291367E+1
-4.751822281E+1	-4.751925278E+1	-4.751936340E+1
-4.494553757E+1	-4.495226288E+1	-4.495089340E+1
-4.814951324E+1	-4.816354370E+1	-4.816165543E+1
-4.492869949E+1	-4.492872620E+1	-4.493379974E+1
-4.783154678E+1	-4.784406662E+1	-4.782669830E+1
-4.473488617E+1	-4.473254776E+1	-4.472620773E+1
-4.745143890E+1	-4.744661713E+1	-4.745117950E+1
-4.542452240E+1	-4.540541077E+1	-4.541847610E+1
-4.595835114E+1	-4.596505356E+1	-4.595244217E+1
-4.598332977E+1	-4.599747086E+1	-4.598830032E+1
-4.554819107E+1	-4.554333496E+1	-4.554722595E+1
-4.652273560E+1	-4.651820374E+1	-4.652621460E+1
-4.482511139E+1	-4.482281494E+1	-4.482196808E+1
-4.699251556E+1	-4.704003525E+1	-4.701670837E+1
-4.516539001E+1	-4.514576340E+1	-4.516203308E+1
-4.632865906E+1	-4.633701324E+1	-4.630293274E+1
-4.500598145E+1	-4.499966049E+1	-4.502945328E+1
-4.616712952E+1	-4.618096542E+1	-4.616558838E+1
-4.555474472E+1	-4.557959747E+1	-4.555025482E+1
-4.537798309E+1	-4.537099457E+1	-4.538949203E+1
-4.571961594E+1	-4.571926498E+1	-4.571762848E+1
-4.553723526E+1	-4.554636002E+1	-4.553301239E+1
-4.553742981E+1	-4.553475189E+1	-4.553900909E+1
-4.511619568E+1	-4.511238861E+1	-4.512553024E+1
-4.565886688E+1	-4.565559387E+1	-4.566535187E+1
-4.555559158E+1	-4.554150772E+1	-4.554359055E+1
-4.525473404E+1	-4.522769547E+1	-4.523514557E+1
-4.521604919E+1	-4.521221542E+1	-4.520977402E+1
-4.547016144E+1	-4.544500732E+1	-4.545074081E+1
-4.522808075E+1	-4.523350143E+1	-4.522290039E+1
-4.507024384E+1	-4.506808853E+1	-4.507331085E+1
-4.531047440E+1	-4.530622482E+1	-4.531502151E+1
-4.564810562E+1	-4.565119171E+1	-4.564808655E+1
-4.492467880E+1	-4.494017792E+1	-4.493640900E+1
-4.495271683E+1	-4.496473694E+1	-4.497901917E+1
-4.540066147E+1	-4.538969040E+1	-4.540177155E+1
-4.499482727E+1	-4.497752762E+1	-4.500070190E+1
-4.518148804E+1	-4.518046570E+1	-4.519036102E+1
-4.462808609E+1	-4.463713837E+1	-4.463880920E+1
-4.580265808E+1	-4.581311798E+1	-4.578668213E+1
-4.416614914E+1	-4.415944290E+1	-4.416260529E+1
-4.542433167E+1	-4.543156433E+1	-4.542097855E+1
-4.443124390E+1	-4.443563843E+1	-4.443306732E+1
-4.557643127E+1	-4.557238770E+1	-4.558609009E+1
-4.431598282E+1	-4.432156372E+1	-4.430321121E+1
-4.479779816E+1	-4.480332565E+1	-4.480656815E+1
-4.479647827E+1	-4.476372910E+1	-4.479525757E+1
-4.410309219E+1	-4.407872772E+1	-4.408493805E+1
-4.488298035E+1	-4.487395096E+1	-4.486933136E+1
-4.371552658E+1	-4.373129654E+1	-4.371843719E+1
-4.535781860E+1	-4.537281799E+1	-4.538193130E+1
-4.355681610E+1	-4.354539490E+1	-4.355742645E+1
-4.506332779E+1	-4.505030441E+1	-4.508157730E+1
-4.363960648E+1	-4.365462494E+1	-4.364860916E+1
-4.471346283E+1	-4.469955063E+1	-4.473198318E+1
-4.385375977E+1	-4.385387802E+1	-4.384792709E+1
-4.426660919E+1	-4.426025009E+1	-4.427827454E+1
-4.431164551E+1	-4.430747604E+1	-4.432126999E+1
-4.363163376E+1	-4.365674210E+1	-4.364544678E+1
-4.413813400E+1	-4.415239716E+1	-4.413141632E+1
-4.326322174E+1	-4.326039886E+1	-4.328633499E+1
-4.397870255E+1	-4.396802139E+1	-4.398455048E+1
-4.295794296E+1	-4.296715164E+1	-4.297135162E+1
-4.352189636E+1	-4.354116058E+1	-4.354917145E+1
-4.308033752E+1	-4.307622528E+1	-4.309295654E+1
-4.326921844E+1	-4.327354813E+1	-4.327339554E+1
-4.302305984E+1	-4.303781891E+1	-4.302953720E+1
-4.295417786E+1	-4.294988251E+1	-4.295087433E+1
-4.312805176E+1	-4.314278030E+1	-4.313582993E+1
-4.269957352E+1	-4.270040131E+1	-4.270524597E+1
-4.296346283E+1	-4.296829987E+1	-4.297026825E+1
-4.257157516E+1	-4.259067917E+1	-4.260175705E+1
-4.259366989E+1	-4.260583115E+1	-4.260443497E+1
-4.236741638E+1	-4.237071991E+1	-4.237966537E+1
-4.234140015E+1	-4.235667038E+1	-4.235859680E+1
-4.227466583E+1	-4.225262070E+1	-4.227760315E+1
-4.209611130E+1	-4.208776474E+1	-4.210515594E+1
-4.210205841E+1	-4.209909058E+1	-4.209940720E+1
-4.198862076E+1	-4.195773315E+1	-4.197377014E+1
-4.195660019E+1	-4.196117020E+1	-4.195062256E+1
-4.173899460E+1	-4.174433517E+1	-4.174153137E+1
-4.161849976E+1	-4.162382889E+1	-4.163307190E+1
-4.158279800E+1	-4.157830429E+1	-4.156706238E+1
-4.138868713E+1	-4.138583755E+1	-4.139328766E+1
-4.137220764E+1	-4.136622620E+1	-4.136866760E+1
-4.124074173E+1	-4.121617889E+1	-4.123847198E+1
-4.112500381E+1	-4.113083649E+1	-4.111565018E+1
-4.110455322E+1	-4.110832214E+1	-4.110848999E+1
-4.087609100E+1	-4.088003540E+1	-4.086940765E+1
-4.088195038E+1	-4.091062927E+1	-4.088874435E+1
-4.061175537E+1	-4.062553024E+1	-4.060548401E+1
-4.070073318E+1	-4.067582321E+1	-4.068398285E+1
-4.051083755E+1	-4.050057602E+1	-4.050023270E+1
-4.058131409E+1	-4.058552551E+1	-4.057483673E+1
-4.046382523E+1	-4.046503067E+1	-4.045567322E+1
-4.035316086E+1	-4.035250854E+1	-4.034408188E+1
-4.023618317E+1	-4.023427200E+1	-4.022622299E+1
-4.005561447E+1	-4.006180954E+1	-4.006963348E+1
-4.000904846E+1	-3.999938965E+1	-4.001947784E+1
-3.981799316E+1	-3.982423019E+1	-3.982538605E+1
-3.988219452E+1	-3.990197754E+1	-3.990324020E+1
-3.965201569E+1	-3.966718292E+1	-3.968845367E+1
-3.961014557E+1	-3.960225677E+1	-3.963106155E+1
-3.932179642E+1	-3.931419373E+1	-3.934662247E+1
-3.921897888E+1	-3.920924377E+1	-3.921858597E+1
-3.886911011E+1	-3.887785339E+1	-3.889385605E+1
-3.849365234E+1	-3.851624298E+1	-3.851947403E+1
-3.813097382E+1	-3.813307190E+1	-3.814036179E+1
-3.782583618E+1	-3.782714844E+1	-3.782357788E+1
-3.747008896E+1	-3.747614288E+1	-3.747209549E+1
-3.718209457E+1	-3.718483734E+1	-3.719368362E+1
-3.706718063E+1	-3.706590271E+1	-3.706793594E+1
-3.693947601E+1	-3.694385147E+1	-3.694608688E+1
-3.685915756E+1	-3.684966660E+1	-3.686770248E+1
-3.666743851E+1	-3.668081665E+1	-3.667695618E+1
-3.649518967E+1	-3.651262283E+1	-3.650370407E+1
-3.628673172E+1	-3.630365753E+1	-3.629365540E+1
-3.611179352E+1	-3.611229324E+1	-3.612119675E+1
-3.585734558E+1	-3.585347366E+1	-3.584157562E+1
-3.560617447E+1	-3.561108398E+1	-3.560278320E+1
-3.539468384E+1	-3.538672256E+1	-3.537579346E+1
-3.521028137E+1	-3.520872498E+1	-3.520502090E+1
-3.503970718E+1	-3.504288101E+1	-3.504582977E+1
-3.491064453E+1	-3.492412186E+1	-3.492484283E+1
-3.506869507E+1	-3.507611847E+1	-3.505842209E+1
-3.525873184E+1	-3.526571274E+1	-3.525455475E+1
-3.531507874E+1	-3.531480026E+1	-3.529605484E+1
-3.523657608E+1	-3.523335266E+1	-3.521958923E+1
-3.506346893E+1	-3.506198502E+1	-3.504859924E+1
-3.494055939E+1	-3.495978165E+1	-3.492831802E+1
-3.482065582E+1	-3.483119583E+1	-3.480172348E+1
-3.463537598E+1	-3.463251495E+1	-3.461568832E+1
-3.441598511E+1	-3.439615631E+1	-3.441212845E+1
-3.430048752E+1	-3.430075836E+1	-3.431108093E+1
-3.423934174E+1	-3.422889328E+1	-3.424342346E+1
-3.416842651E+1	-3.416482544E+1	-3.417154312E+1
-3.402133560E+1	-3.401523209E+1	-3.402711868E+1
-3.377653503E+1	-3.376741028E+1	-3.379601288E+1
-3.347014236E+1	-3.345622635E+1	-3.348864365E+1
-3.317829514E+1	-3.317341232E+1	-3.320780945E+1
-3.306468582E+1	-3.307424927E+1	-3.308821869E+1
-3.321522903E+1	-3.321692657E+1	-3.322063828E+1
-3.374389648E+1	-3.374243927E+1	-3.375040436E+1
-3.414551163E+1	-3.414606857E+1	-3.415882111E+1
-3.419322968E+1	-3.419223404E+1	-3.419442749E+1
-3.426912308E+1	-3.427090073E+1	-3.426779556E+1
-3.446375656E+1	-3.447471619E+1	-3.447077942E+1
-3.492003632E+1	-3.493370819E+1	-3.493038177E+1
-3.533932114E+1	-3.534346390E+1	-3.535886383E+1
-3.531449509E+1	-3.531019592E+1	-3.535227966E+1
-3.529071808E+1	-3.529378128E+1	-3.534560394E+1
-3.537372971E+1	-3.536083984E+1	-3.541506958E+1
-3.556749344E+1	-3.555619049E+1	-3.561692047E+1
-3.583694839E+1	-3.584877396E+1	-3.588837814E+1
-3.601140213E+1	-3.600708771E+1	-3.605586624E+1
-3.632034683E+1	-3.632567215E+1	-3.635149765E+1
-3.670257187E+1	-3.672555542E+1	-3.672367859E+1
-3.718700409E+1	-3.720466995E+1	-3.719120789E+1
-3.780062103E+1	-3.781911469E+1	-3.780111313E+1
-3.842140579E+1	-3.843991852E+1	-3.840845108E+1
-3.899830246E+1	-3.902548599E+1	-3.898884583E+1
-3.971777344E+1	-3.973965836E+1	-3.969148636E+1
-4.051850510E+1	-4.054394150E+1	-4.047620010E+1
-4.133436584E+1	-4.138054657E+1	-4.126898575E+1
-4.228008270E+1	-4.230529785E+1	-4.218363190E+1
-4.311218643E+1	-4.317045212E+1	-4.299444199E+1
-4.410350800E+1	-4.412047195E+1	-4.399494934E+1
-4.527709198E+1	-4.529083633E+1	-4.518549728E+1
-4.663980103E+1	-4.669130707E+1	-4.649843979E+1
-4.796756363E+1	-4.797059631E+1	-4.787189484E+1
-4.950459671E+1	-4.943893051E+1	-4.929042435E+1
-5.106828690E+1	-5.101242828E+1	-5.095208359E+1
-5.252212524E+1	-5.238650513E+1	-5.233547974E+1
-5.485706711E+1	-5.472499466E+1	-5.472548294E+1
-5.665044022E+1	-5.652653885E+1	-5.671749878E+1
-5.934181595E+1	-5.920196915E+1	-5.945339203E+1
-6.283754349E+1	-6.289566040E+1	-6.309661102E+1
-6.666082001E+1	-6.613713074E+1	-6.646117401E+1
-7.101305389E+1	-7.034331512E+1	-6.934753418E+1
-6.657801056E+1	-6.625607300E+1	-6.560144043E+1
-6.204738235E+1	-6.226295853E+1	-6.170449448E+1
-5.891020203E+1	-5.892272568E+1	-5.872063065E+1
-5.619647217E+1	-5.618144608E+1	-5.596945572E+1
-5.430353546E+1	-5.427819061E+1	-5.419097137E+1
-5.244186401E+1	-5.243991470E+1	-5.233169556E+1
-5.138100815E+1	-5.139629364E+1	-5.133878708E+1
-5.045532990E+1	-5.043134689E+1	-5.044609070E+1
-4.928073120E+1	-4.923331451E+1	-4.923395920E+1
-4.855070114E+1	-4.853406525E+1	-4.855414581E+1
-4.800395584E+1	-4.798817062E+1	-4.801993942E+1
-4.734465790E+1	-4.734690094E+1	-4.736249161E+1
-4.663801193E+1	-4.666228104E+1	-4.669611740E+1
-4.627420044E+1	-4.626853943E+1	-4.629369354E+1
-4.606237793E+1	-4.607034302E+1	-4.609531784E+1
-4.580669403E+1	-4.578878403E+1	-4.582544708E+1
-4.549565887E+1	-4.546318817E+1	-4.548197174E+1
-4.506707382E+1	-4.504940414E+1	-4.506822586E+1
-4.466141891E+1	-4.467588806E+1	-4.465488052E+1
-4.430232620E+1	-4.431644058E+1	-4.433000565E+1
-4.401746368E+1	-4.402573013E+1	-4.403966904E+1
-4.381221390E+1	-4.381148911E+1	-4.380255890E+1
-4.348116302E+1	-4.349864578E+1	-4.350328445E+1
-4.320244217E+1	-4.318804932E+1	-4.319945908E+1
-4.299131012E+1	-4.298908615E+1	-4.303151703E+1
-4.282617569E+1	-4.283100128E+1	-4.285340118E+1
-4.274908447E+1	-4.275096893E+1	-4.281292725E+1
-4.259938431E+1	-4.258381271E+1	-4.261427307E+1
-4.251361465E+1	-4.253187943E+1	-4.258107376E+1
-4.245289993E+1	-4.246503067E+1	-4.247523880E+1
-4.241899109E+1	-4.242663193E+1	-4.242518616E+1
-4.233506393E+1	-4.234551239E+1	-4.235125732E+1
-4.229058838E+1	-4.229445267E+1	-4.232593155E+1
-4.211432648E+1	-4.213546371E+1	-4.214941788E+1
-4.199198914E+1	-4.201812363E+1	-4.203424835E+1
-4.184294891E+1	-4.184968185E+1	-4.184662628E+1
-4.165129089E+1	-4.166430664E+1	-4.165108109E+1
-4.168406296E+1	-4.169675827E+1	-4.168527222E+1
-4.156380844E+1	-4.158380127E+1	-4.156093216E+1
-4.161544800E+1	-4.162419128E+1	-4.161721420E+1
-4.135419464E+1	-4.136620712E+1	-4.135385513E+1
-4.138205719E+1	-4.138330460E+1	-4.137759018E+1
-4.115622330E+1	-4.116366196E+1	-4.113410950E+1
-4.116246033E+1	-4.118398666E+1	-4.114971542E+1
-4.096719742E+1	-4.097030640E+1	-4.095912933E+1
-4.075601196E+1	-4.076324081E+1	-4.074469376E+1
-4.066797638E+1	-4.066745377E+1	-4.064888000E+1
-4.040148544E+1	-4.038945770E+1	-4.040041351E+1
-4.052124023E+1	-4.052259064E+1	-4.050351334E+1
-4.010919952E+1	-4.010612106E+1	-4.009502411E+1
-4.012120056E+1	-4.011329269E+1	-4.011223221E+1
-3.958166122E+1	-3.958582687E+1	-3.957058334E+1
-3.946374130E+1	-3.946891022E+1	-3.946094131E+1
-3.905615616E+1	-3.906282806E+1	-3.904470444E+1
-3.887957001E+1	-3.886486435E+1	-3.888382339E+1
-3.866066742E+1	-3.866281128E+1	-3.866957092E+1
-3.837297440E+1	-3.836256790E+1	-3.838694382E+1
-3.831386185E+1	-3.829504013E+1	-3.831447220E+1
-3.789209747E+1	-3.790155029E+1	-3.791979599E+1
-3.788084030E+1	-3.788801575E+1	-3.790030289E+1
-3.751621628E+1	-3.751462555E+1	-3.753954697E+1
-3.753233719E+1	-3.752503586E+1	-3.755289841E+1
-3.739090729E+1	-3.739331055E+1	-3.741560745E+1
-3.732600021E+1	-3.731323624E+1	-3.734043121E+1
-3.716484451E+1	-3.717639160E+1	-3.721254349E+1
-3.683353806E+1	-3.682212448E+1	-3.684603882E+1
-3.673429108E+1	-3.674282837E+1	-3.675687027E+1
-3.647653580E+1	-3.647703171E+1	-3.651383209E+1
-3.634479904E+1	-3.636092758E+1	-3.638184738E+1
-3.612942886E+1	-3.615594864E+1	-3.615607452E+1
-3.592659378E+1	-3.593250656E+1	-3.593277359E+1
-3.578720856E+1	-3.580241013E+1	-3.580344391E+1
-3.550360489E+1	-3.551855850E+1	-3.551679230E+1
-3.548618317E+1	-3.549541092E+1	-3.548285675E+1
-3.516524124E+1	-3.517840576E+1	-3.516218948E+1
-3.506522751E+1	-3.505838776E+1	-3.504755783E+1
-3.494831848E+1	-3.494630432E+1	-3.493230438E+1
-3.468017197E+1	-3.468892670E+1	-3.466141129E+1
-3.474317551E+1	-3.474910736E+1	-3.472403717E+1
-3.421644974E+1	-3.421810150E+1	-3.420351410E+1
-3.443780518E+1	-3.444043350E+1	-3.442416382E+1
-3.374979401E+1	-3.375567245E+1	-3.374444199E+1
-3.396944809E+1	-3.398643112E+1	-3.395983124E+1
-3.345689011E+1	-3.346368408E+1	-3.344643784E+1
-3.338063049E+1	-3.337245941E+1	-3.336713028E+1
-3.316668701E+1	-3.316645432E+1	-3.316889954E+1
-3.261244965E+1	-3.261341476E+1	-3.261172104E+1
-3.289952469E+1	-3.289472198E+1	-3.291191483E+1
-3.184890747E+1	-3.184373665E+1	-3.184394073E+1
-3.252481461E+1	-3.252513123E+1	-3.254242325E+1
-3.115780258E+1	-3.115070152E+1	-3.116874123E+1
-3.189206505E+1	-3.189500427E+1	-3.191291428E+1
-3.052173042E+1	-3.052198982E+1	-3.053690147E+1
-3.096489143E+1	-3.096645927E+1	-3.097367668E+1
-2.997354889E+1	-2.997298431E+1	-2.998675728E+1
-2.984291840E+1	-2.984731483E+1	-2.985662079E+1
-2.950429535E+1	-2.950807381E+1	-2.951735306E+1
-2.877682686E+1	-2.877752876E+1	-2.878526115E+1
-2.907757950E+1	-2.908362198E+1	-2.909133339E+1
-2.779059410E+1	-2.779610443E+1	-2.779839706E+1
-2.833281136E+1	-2.833270073E+1	-2.834325218E+1
-2.672924995E+1	-2.672565269E+1	-2.673381042E+1
-2.713104820E+1	-2.713115120E+1	-2.713844872E+1
-2.577814674E+1	-2.577855110E+1	-2.578436279E+1
-2.582716751E+1	-2.582895088E+1	-2.583847046E+1
-2.492444611E+1	-2.492558861E+1	-2.493593025E+1
-2.449282837E+1	-2.449025917E+1	-2.450254822E+1
-2.402865219E+1	-2.402644539E+1	-2.403937721E+1
-2.320045853E+1	-2.320154190E+1	-2.321260834E+1
-2.304084396E+1	-2.303959656E+1	-2.305153275E+1
-2.209338379E+1	-2.209452629E+1	-2.210088348E+1
-2.201911736E+1	-2.202134132E+1	-2.202639389E+1
-2.125680161E+1	-2.125734138E+1	-2.125652122E+1
-2.106878853E+1	-2.107072830E+1	-2.107085609E+1
-2.061511230E+1	-2.061915588E+1	-2.061547279E+1
-2.030815506E+1	-2.030534172E+1	-2.029830742E+1
-2.024722099E+1	-2.024661255E+1	-2.023393822E+1
-1.985177231E+1	-1.985877609E+1	-1.983411598E+1
-1.991745567E+1	-1.992031860E+1	-1.989262772E+1
-1.959821320E+1	-1.960293198E+1	-1.957974052E+1
-1.966414642E+1	-1.966951942E+1	-1.964325714E+1
-1.963656044E+1	-1.964092255E+1	-1.961688232E+1
-1.970168114E+1	-1.970435524E+1	-1.968480873E+1
-1.996114540E+1	-1.996023178E+1	-1.994954872E+1
-1.998227501E+1	-1.998044586E+1	-1.997661591E+1
-2.040021133E+1	-2.039480209E+1	-2.039671707E+1
-2.043052483E+1	-2.042344093E+1	-2.042813492E+1
-2.083292770E+1	-2.083009720E+1	-2.083128548E+1
-2.104826355E+1	-2.104288101E+1	-2.104551697E+1
-2.137481117E+1	-2.136908913E+1	-2.137446785E+1
-2.177689743E+1	-2.177300835E+1	-2.178056335E+1
-2.201587868E+1	-2.201151848E+1	-2.201576042E+1
-2.257567787E+1	-2.257156372E+1	-2.257652473E+1
-2.289449310E+1	-2.289349174E+1	-2.289746284E+1
-2.357760429E+1	-2.357562637E+1	-2.357746887E+1
-2.393296623E+1	-2.393386459E+1	-2.393994522E+1
-2.445105553E+1	-2.444518471E+1	-2.445517731E+1
-2.496393013E+1	-2.496269035E+1	-2.496487427E+1
-2.542656898E+1	-2.542486763E+1	-2.543107986E+1
-2.609971046E+1	-2.610020256E+1	-2.611049461E+1
-2.654465103E+1	-2.654634666E+1	-2.655041122E+1
-2.715874100E+1	-2.715707016E+1	-2.716042900E+1
-2.746053886E+1	-2.746301651E+1	-2.746442604E+1
-2.790322495E+1	-2.790455627E+1	-2.789788437E+1
-2.829596710E+1	-2.830035782E+1	-2.829251862E+1
-2.869990921E+1	-2.870158958E+1	-2.868720436E+1
-2.930777168E+1	-2.931187820E+1	-2.929339218E+1
-2.976108932E+1	-2.976566124E+1	-2.975751686E+1
-3.041711044E+1	-3.042189980E+1	-3.041441345E+1
-3.097974396E+1	-3.097768593E+1	-3.098013306E+1
-3.158980179E+1	-3.159040070E+1	-3.159362030E+1
-3.230435181E+1	-3.230821991E+1	-3.231803894E+1
-3.280604172E+1	-3.280106735E+1	-3.281907272E+1
-3.344403458E+1	-3.343723297E+1	-3.344825745E+1
-3.394800186E+1	-3.395996094E+1	-3.396265793E+1
-3.465597153E+1	-3.465501785E+1	-3.465452957E+1
-3.515164948E+1	-3.515813828E+1	-3.516766357E+1
-3.558552551E+1	-3.558469009E+1	-3.559989929E+1
-3.614135742E+1	-3.615022659E+1	-3.615726852E+1
-3.643755722E+1	-3.643557739E+1	-3.644280243E+1
-3.713398743E+1	-3.712486267E+1	-3.713749695E+1
-3.740675354E+1	-3.739999008E+1	-3.742071915E+1
-3.806865311E+1	-3.806199646E+1	-3.809187698E+1
-3.853437805E+1	-3.854181290E+1	-3.857064438E+1
-3.891921616E+1	-3.891944504E+1	-3.894190598E+1
-3.949317932E+1	-3.948321152E+1	-3.951050949E+1
-3.962591553E+1	-3.964466858E+1	-3.964944458E+1
-4.038103867E+1	-4.038719940E+1	-4.040564728E+1
-4.050125122E+1	-4.053279877E+1	-4.051360703E+1
-4.124050522E+1	-4.125152969E+1	-4.125394058E+1
-4.144446945E+1	-4.146139908E+1	-4.145767212E+1
-4.207429123E+1	-4.207284164E+1	-4.207070541E+1
-4.252997971E+1	-4.254233551E+1	-4.251959229E+1
-4.295465851E+1	-4.296305847E+1	-4.295101166E+1
-4.374523926E+1	-4.373742676E+1	-4.374985504E+1
-4.398377609E+1	-4.399183273E+1	-4.397087860E+1
-4.487688065E+1	-4.483762360E+1	-4.483298492E+1
-4.480594254E+1	-4.478635025E+1	-4.478536987E+1
-4.521552277E+1	-4.520851135E+1	-4.520504761E+1
-4.524375534E+1	-4.522868729E+1	-4.523703384E+1
-4.513585663E+1	-4.511871719E+1	-4.512508011E+1
-4.536255646E+1	-4.537010956E+1	-4.535861969E+1
-4.511014938E+1	-4.505950165E+1	-4.509542847E+1
-4.548584366E+1	-4.547246933E+1	-4.545302200E+1
-4.520326996E+1	-4.522473907E+1	-4.522832870E+1
-4.544225311E+1	-4.542648697E+1	-4.542875671E+1
-4.549634933E+1	-4.550513458E+1	-4.548773193E+1
-4.546899414E+1	-4.547647858E+1	-4.545286179E+1
-4.577189636E+1	-4.579397583E+1	-4.572246933E+1
-4.555319595E+1	-4.558045578E+1	-4.551275253E+1
-4.597083282E+1	-4.595665741E+1	-4.591388702E+1
-4.563177872E+1	-4.561386871E+1	-4.561236954E+1
-4.593051147E+1	-4.590818787E+1	-4.589120102E+1
-4.590766144E+1	-4.588752365E+1	-4.588856125E+1
-4.593744659E+1	-4.593860245E+1	-4.588070679E+1
-4.609242249E+1	-4.607763672E+1	-4.608243561E+1
-4.609506607E+1	-4.607702637E+1	-4.608914185E+1
-4.645013428E+1	-4.646513367E+1	-4.646809006E+1
-4.615412521E+1	-4.617324829E+1	-4.617281723E+1
-4.636944580E+1	-4.636101913E+1	-4.640045929E+1
-4.638361740E+1	-4.639475250E+1	-4.640389252E+1
-4.651915359E+1	-4.654077530E+1	-4.655978012E+1
-4.647294998E+1	-4.647452927E+1	-4.649086761E+1
-4.622158051E+1	-4.618983841E+1	-4.621855927E+1
-4.643462753E+1	-4.641362381E+1	-4.643690109E+1
-4.611781693E+1	-4.615855789E+1	-4.616044998E+1
-4.630953598E+1	-4.629833603E+1	-4.631244278E+1
-4.596854401E+1	-4.595444489E+1	-4.596591568E+1
-4.619447327E+1	-4.617177582E+1	-4.621700287E+1
-4.628738785E+1	-4.630353165E+1	-4.630458069E+1
-4.643115616E+1	-4.643909836E+1	-4.647012329E+1
-4.641010284E+1	-4.642770386E+1	-4.644895935E+1
-4.630727005E+1	-4.629749680E+1	-4.636482239E+1
-4.652474594E+1	-4.654866028E+1	-4.659196854E+1
-4.634973526E+1	-4.635081482E+1	-4.641748428E+1
-4.627930832E+1	-4.627244568E+1	-4.633673477E+1
-4.604821396E+1	-4.606914520E+1	-4.612182236E+1
-4.619618225E+1	-4.621577835E+1	-4.625088120E+1
-4.623843384E+1	-4.623563385E+1	-4.629209900E+1
-4.620302200E+1	-4.619900513E+1	-4.622757721E+1
-4.640369797E+1	-4.637700653E+1	-4.638499451E+1
-4.627017593E+1	-4.625835800E+1	-4.626788712E+1
-4.630486298E+1	-4.628327560E+1	-4.625400162E+1
-4.626681900E+1	-4.628413391E+1	-4.623271942E+1
-4.633520126E+1	-4.635004044E+1	-4.631475449E+1
-4.648734283E+1	-4.648430634E+1	-4.642016220E+1
-4.662502289E+1	-4.663917542E+1	-4.657541656E+1
-4.691123581E+1	-4.687965393E+1	-4.682188797E+1
-4.699293137E+1	-4.697586060E+1	-4.694256592E+1
-4.709819412E+1	-4.707926941E+1	-4.706742096E+1
-4.724211502E+1	-4.727758408E+1	-4.722685623E+1
-4.731389999E+1	-4.737840652E+1	-4.731427002E+1
-4.758557129E+1	-4.759754181E+1	-4.760907364E+1
-4.775648117E+1	-4.778052902E+1	-4.777391815E+1
-4.798114777E+1	-4.797719955E+1	-4.797077942E+1
-4.801594925E+1	-4.798450851E+1	-4.802614975E+1
-4.797966766E+1	-4.792564774E+1	-4.794710159E+1
-4.801755524E+1	-4.804664993E+1	-4.804929352E+1
-4.809521484E+1	-4.811056137E+1	-4.810154343E+1
-4.837242889E+1	-4.831074905E+1	-4.831793213E+1
-4.844308090E+1	-4.844276810E+1	-4.843301773E+1
-4.854220963E+1	-4.851297760E+1	-4.849239731E+1
-4.865694809E+1	-4.867211914E+1	-4.865571976E+1
-4.879759216E+1	-4.880043030E+1	-4.883362961E+1
-4.915779877E+1	-4.908128738E+1	-4.907472610E+1
-4.910905838E+1	-4.907239151E+1	-4.913084412E+1
-4.923755264E+1	-4.926119995E+1	-4.931047821E+1
-4.913091660E+1	-4.917439651E+1	-4.920253372E+1
-4.945277786E+1	-4.944443893E+1	-4.949435043E+1
-4.961219025E+1	-4.964151001E+1	-4.964453888E+1
-4.985138702E+1	-4.986097336E+1	-4.992860794E+1
-5.023758698E+1	-5.024737167E+1	-5.024343109E+1
-5.021480560E+1	-5.019953156E+1	-5.022254944E+1
-5.020363617E+1	-5.014371109E+1	-5.018243408E+1
-5.020888901E+1	-5.020829773E+1	-5.019720078E+1
-5.033322906E+1	-5.035789490E+1	-5.038148117E+1
-5.037941360E+1	-5.042835999E+1	-5.037421799E+1
-5.050029755E+1	-5.050790024E+1	-5.052550507E+1
-5.070588684E+1	-5.068764496E+1	-5.072201538E+1
-5.057285309E+1	-5.057780838E+1	-5.060594177E+1
-5.074957275E+1	-5.077150345E+1	-5.078812027E+1
-5.065429306E+1	-5.065406799E+1	-5.069520950E+1
-5.046165848E+1	-5.045674515E+1	-5.043461609E+1
-5.004490662E+1	-5.005287933E+1	-5.002724075E+1
-4.968661499E+1	-4.968815231E+1	-4.968185043E+1
-4.938722992E+1	-4.939052582E+1	-4.933581924E+1
-4.905666733E+1	-4.905889893E+1	-4.897562408E+1
-4.869944382E+1	-4.874774551E+1	-4.863236618E+1
-4.845249176E+1	-4.849243546E+1	-4.843758774E+1
-4.831237793E+1	-4.833596039E+1	-4.827164841E+1
-4.817112732E+1	-4.815746689E+1	-4.812686157E+1
-4.795886230E+1	-4.793561172E+1	-4.792715836E+1
-4.747242737E+1	-4.746159363E+1	-4.750706863E+1
-4.700706863E+1	-4.700071716E+1	-4.697766876E+1
-4.668509674E+1	-4.671968842E+1	-4.668228531E+1
-4.640038681E+1	-4.642948151E+1	-4.643960571E+1
-4.615104294E+1	-4.618616486E+1	-4.620230103E+1
-4.618097305E+1	-4.618306732E+1	-4.624306107E+1
-4.624647522E+1	-4.626742554E+1	-4.630065155E+1
-4.600783920E+1	-4.601775360E+1	-4.602917099E+1
-4.586920547E+1	-4.587250900E+1	-4.588610840E+1
-4.569997406E+1	-4.573164749E+1	-4.574096298E+1
-4.564552689E+1	-4.564669800E+1	-4.569287491E+1
-4.562600327E+1	-4.560440063E+1	-4.564603806E+1
-4.559788895E+1	-4.560143661E+1	-4.560565948E+1
-4.561127472E+1	-4.558932877E+1	-4.561028290E+1
-4.543498993E+1	-4.545201492E+1	-4.545272827E+1
-4.551947784E+1	-4.549987793E+1	-4.550653076E+1
-4.540244675E+1	-4.540944290E+1	-4.543904114E+1
-4.535218811E+1	-4.534422684E+1	-4.540475464E+1
-4.533683777E+1	-4.534123230E+1	-4.538583755E+1
-4.551466370E+1	-4.551374817E+1	-4.554911041E+1
-4.557600784E+1	-4.554188919E+1	-4.557061005E+1
-4.541537857E+1	-4.543032455E+1	-4.541878128E+1
-4.541762161E+1	-4.542268372E+1	-4.541370392E+1
-4.533202362E+1	-4.532648849E+1	-4.534125137E+1
-4.527391434E+1	-4.528857803E+1	-4.528050613E+1
-4.532962418E+1	-4.532694244E+1	-4.533501816E+1
-4.521567535E+1	-4.521759796E+1	-4.522152710E+1
-4.517392349E+1	-4.517288589E+1	-4.519482040E+1
-4.485657501E+1	-4.487677383E+1	-4.490378189E+1
-4.457999802E+1	-4.456496811E+1	-4.463153076E+1
-4.435576630E+1	-4.436854553E+1	-4.438316727E+1
-4.419766235E+1	-4.420320511E+1	-4.418077087E+1
-4.403868103E+1	-4.405881500E+1	-4.402656555E+1
-4.378059769E+1	-4.379029465E+1	-4.371259308E+1
-4.349411392E+1	-4.349220657E+1	-4.341300964E+1
-4.313969040E+1	-4.313485718E+1	-4.310017395E+1
-4.304352188E+1	-4.306037521E+1	-4.303480148E+1
-4.305113220E+1	-4.305981445E+1	-4.302921295E+1
-4.303515244E+1	-4.303625488E+1	-4.301264954E+1
-4.287320328E+1	-4.286837006E+1	-4.287181854E+1
-4.272714615E+1	-4.273455429E+1	-4.271255493E+1
-4.263387299E+1	-4.260651016E+1	-4.260144043E+1
-4.248093414E+1	-4.248358154E+1	-4.245767975E+1
-4.219028473E+1	-4.219397736E+1	-4.216674423E+1
-4.215002060E+1	-4.215586853E+1	-4.211407471E+1
-4.203026199E+1	-4.204843521E+1	-4.200688171E+1
-4.183442688E+1	-4.181955338E+1	-4.179204559E+1
-4.175299454E+1	-4.175635529E+1	-4.174240875E+1
-4.149448395E+1	-4.149471283E+1	-4.150249100E+1
-4.112131500E+1	-4.113233948E+1	-4.116877365E+1
-4.060078049E+1	-4.061655426E+1	-4.064810944E+1
-4.028800964E+1	-4.029394913E+1	-4.033518600E+1
-3.999233246E+1	-4.001918030E+1	-4.006430817E+1
-3.978163528E+1	-3.976229095E+1	-3.983770752E+1
-3.941555786E+1	-3.940771484E+1	-3.945843506E+1
-3.889298630E+1	-3.889707565E+1	-3.895600891E+1
-3.860783005E+1	-3.861974716E+1	-3.864595413E+1
-3.828319550E+1	-3.827746201E+1	-3.829148102E+1
-3.825449753E+1	-3.825959778E+1	-3.827006149E+1
-3.809883118E+1	-3.810986710E+1	-3.812110138E+1
-3.811716843E+1	-3.813993835E+1	-3.812543106E+1
-3.815465164E+1	-3.814432144E+1	-3.814474869E+1
-3.822367096E+1	-3.822111511E+1	-3.822109604E+1
-3.834069824E+1	-3.836074066E+1	-3.835747147E+1
-3.828670502E+1	-3.828811264E+1	-3.830141449E+1
-3.849169540E+1	-3.848287201E+1	-3.850679016E+1
-3.848251343E+1	-3.848587418E+1	-3.850051498E+1
-3.874010086E+1	-3.873880386E+1	-3.875800705E+1
-3.899915695E+1	-3.899883270E+1	-3.904500198E+1
-3.928207397E+1	-3.927693939E+1	-3.933486557E+1
-3.973436737E+1	-3.973526382E+1	-3.977209854E+1
-4.000665283E+1	-4.001007080E+1	-4.001869965E+1
-4.075603485E+1	-4.076454163E+1	-4.078817368E+1
-4.108941650E+1	-4.110621643E+1	-4.111357498E+1
-4.195034790E+1	-4.194202423E+1	-4.195202255E+1
-4.248819351E+1	-4.248852921E+1	-4.249760056E+1
-4.299682236E+1	-4.297328568E+1	-4.297990799E+1
-4.362063980E+1	-4.362445068E+1	-4.359461594E+1
-4.383330154E+1	-4.384122467E+1	-4.380990601E+1
-4.456241989E+1	-4.455807114E+1	-4.455812454E+1
-4.455650711E+1	-4.457874680E+1	-4.455345154E+1
-4.540277481E+1	-4.541370392E+1	-4.539365387E+1
-4.550217056E+1	-4.554116058E+1	-4.546865463E+1
-4.605586243E+1	-4.610428238E+1	-4.604363632E+1
-4.662233353E+1	-4.664868546E+1	-4.659411240E+1
-4.668894196E+1	-4.670666122E+1	-4.663047028E+1
-4.746186829E+1	-4.743722153E+1	-4.739689255E+1
-4.738491440E+1	-4.736688614E+1	-4.729840469E+1
-4.868256760E+1	-4.868925095E+1	-4.860303116E+1
-4.863586807E+1	-4.860036469E+1	-4.854466629E+1
-4.929459381E+1	-4.930337524E+1	-4.923725128E+1
-4.978179169E+1	-4.980327225E+1	-4.978177643E+1
-4.986516190E+1	-4.985232544E+1	-4.985916901E+1
-5.112121964E+1	-5.114342880E+1	-5.110615540E+1
-5.090136719E+1	-5.085218430E+1	-5.086417770E+1
-5.250678635E+1	-5.251810455E+1	-5.253888321E+1
-5.203100586E+1	-5.199322510E+1	-5.203329086E+1
-5.316382217E+1	-5.317551041E+1	-5.321423340E+1
-5.329933167E+1	-5.327845764E+1	-5.345249557E+1
-5.361115265E+1	-5.357845688E+1	-5.360810852E+1
-5.529298401E+1	-5.531748199E+1	-5.531070709E+1
-5.450387192E+1	-5.454621506E+1	-5.449137497E+1
-5.704491806E+1	-5.707905197E+1	-5.709188080E+1
-5.595017624E+1	-5.587366867E+1	-5.613308716E+1
-5.779704285E+1	-5.781197739E+1	-5.789904022E+1
-5.752190399E+1	-5.746106720E+1	-5.767350388E+1
-5.728191376E+1	-5.731660843E+1	-5.737066650E+1
-5.981275940E+1	-5.979690552E+1	-5.980747604E+1
-5.771570206E+1	-5.771063995E+1	-5.779634094E+1
-6.100406647E+1	-6.111632538E+1	-6.129848480E+1
-5.924474716E+1	-5.931130219E+1	-5.937633133E+1
-5.981372452E+1	-5.981867599E+1	-5.989707184E+1
-6.054824448E+1	-6.053199005E+1	-6.064939880E+1
-5.822033310E+1	-5.815178299E+1	-5.830110168E+1
-6.235008621E+1	-6.239291382E+1	-6.258843613E+1
-5.853013611E+1	-5.870883179E+1	-5.861035919E+1
-6.084675980E+1	-6.085994720E+1	-6.095385361E+1
-5.931523132E+1	-5.934757233E+1	-5.929463196E+1
-5.826515961E+1	-5.825028992E+1	-5.838101196E+1
-6.057831955E+1	-6.063320541E+1	-6.081688690E+1
-5.685309219E+1	-5.683166885E+1	-5.695881271E+1
-6.011977005E+1	-6.004750824E+1	-6.007873535E+1
-5.630335617E+1	-5.637117004E+1	-5.637133026E+1
-5.765855026E+1	-5.768162918E+1	-5.765689087E+1
-5.655837250E+1	-5.657542801E+1	-5.662659836E+1
-5.560977936E+1	-5.560608673E+1	-5.563963318E+1
-5.704774094E+1	-5.704073334E+1	-5.708463669E+1
-5.445843887E+1	-5.439033508E+1	-5.439438248E+1
-5.669534302E+1	-5.672364426E+1	-5.668490601E+1
-5.391310501E+1	-5.393594360E+1	-5.387556839E+1
-5.529622269E+1	-5.527947617E+1	-5.530892563E+1
-5.400994873E+1	-5.406537247E+1	-5.409511185E+1
-5.368258286E+1	-5.379002762E+1	-5.372512054E+1
-5.429021835E+1	-5.429339600E+1	-5.430929184E+1
-5.239217377E+1	-5.242539978E+1	-5.243401337E+1
-5.400341797E+1	-5.403231430E+1	-5.399739838E+1
-5.175461578E+1	-5.181943130E+1	-5.183106995E+1
-5.290253448E+1	-5.289740372E+1	-5.301377869E+1
-5.182252121E+1	-5.187800980E+1	-5.186930084E+1
-5.176078796E+1	-5.177925873E+1	-5.177977371E+1
-5.216991806E+1	-5.218941498E+1	-5.222781754E+1
-5.081058884E+1	-5.080887604E+1	-5.082863617E+1
-5.210577011E+1	-5.210279846E+1	-5.209678650E+1
-5.032846451E+1	-5.031901169E+1	-5.034233475E+1
-5.134370804E+1	-5.134786224E+1	-5.135789490E+1
-5.043460846E+1	-5.041944885E+1	-5.041582870E+1
-5.024893570E+1	-5.027030945E+1	-5.025292969E+1
-5.076318359E+1	-5.072940826E+1	-5.070311356E+1
-4.942196655E+1	-4.941691971E+1	-4.943353653E+1
-5.100044250E+1	-5.101980972E+1	-5.104673386E+1
-4.905466461E+1	-4.904376221E+1	-4.909252548E+1
-5.049476624E+1	-5.049367523E+1	-5.050984192E+1
-4.934800720E+1	-4.939041138E+1	-4.939111328E+1
-4.971944046E+1	-4.975662994E+1	-4.973019409E+1
-5.001400757E+1	-4.998747635E+1	-5.003421402E+1
-4.887110901E+1	-4.890384674E+1	-4.888189697E+1
-5.061871719E+1	-5.061439133E+1	-5.062327957E+1
-4.861779404E+1	-4.862417603E+1	-4.859681702E+1
-5.080702591E+1	-5.080970383E+1	-5.077810669E+1
-4.892831802E+1	-4.894276047E+1	-4.894751740E+1
-5.005499268E+1	-5.009461975E+1	-5.010752487E+1
-4.941119385E+1	-4.939565277E+1	-4.942968750E+1
-4.901725769E+1	-4.899803925E+1	-4.903934097E+1
-5.023553848E+1	-5.024772263E+1	-5.031601715E+1
-4.850162888E+1	-4.853517532E+1	-4.855030441E+1
-5.088610840E+1	-5.084522247E+1	-5.090308380E+1
-4.850244904E+1	-4.851348877E+1	-4.849134445E+1
-5.059395981E+1	-5.058151627E+1	-5.062626266E+1
-4.890932846E+1	-4.890131760E+1	-4.892546082E+1
-4.960705948E+1	-4.958336258E+1	-4.955706024E+1
-4.974758148E+1	-4.977221298E+1	-4.976214600E+1
-4.871010971E+1	-4.872398758E+1	-4.870953751E+1
-5.067293930E+1	-5.068607712E+1	-5.065580750E+1
-4.836124420E+1	-4.832786942E+1	-4.834298706E+1
-5.090989685E+1	-5.097177887E+1	-5.096264267E+1
-4.869591904E+1	-4.864844513E+1	-4.867593384E+1
-5.015407181E+1	-5.012223053E+1	-5.019217300E+1
-4.952628326E+1	-4.955186844E+1	-4.957045364E+1
-4.912577438E+1	-4.914725876E+1	-4.912849045E+1
-5.081949997E+1	-5.082185745E+1	-5.080861282E+1
-4.824805450E+1	-4.825837708E+1	-4.825887680E+1
-5.153828812E+1	-5.150004578E+1	-5.156058884E+1
-4.794751358E+1	-4.793588257E+1	-4.798401260E+1
-5.087340546E+1	-5.090142822E+1	-5.089567566E+1
-4.832884979E+1	-4.838685226E+1	-4.834066010E+1
-4.933563232E+1	-4.932045746E+1	-4.934414673E+1
-4.951932144E+1	-4.946468735E+1	-4.952849960E+1
-4.786528015E+1	-4.787018585E+1	-4.785216522E+1
-5.082701492E+1	-5.085868454E+1	-5.086006546E+1
-4.692302322E+1	-4.694796371E+1	-4.696263123E+1
-5.173398590E+1	-5.170826721E+1	-5.174176025E+1
-4.681819534E+1	-4.682916641E+1	-4.679776382E+1
-5.057828903E+1	-5.059201431E+1	-5.058158112E+1
-4.744303513E+1	-4.743972778E+1	-4.743728638E+1
-4.864441681E+1	-4.860670471E+1	-4.864014816E+1
-4.864038467E+1	-4.864005280E+1	-4.863226318E+1
-4.708533096E+1	-4.711122894E+1	-4.709431458E+1
-5.018051910E+1	-5.018099213E+1	-5.020871735E+1
-4.633425522E+1	-4.635486603E+1	-4.633367538E+1
-5.064963150E+1	-5.069401169E+1	-5.069775009E+1
-4.643981552E+1	-4.643687820E+1	-4.643030548E+1
-4.941997147E+1	-4.940753555E+1	-4.944685745E+1
-4.719154358E+1	-4.716911697E+1	-4.715826416E+1
-4.764286423E+1	-4.766878510E+1	-4.763642502E+1
-4.847247314E+1	-4.843294144E+1	-4.850216675E+1
-4.634250641E+1	-4.636087418E+1	-4.636218643E+1
-4.970491028E+1	-4.977482605E+1	-4.978136063E+1
-4.560036850E+1	-4.559883118E+1	-4.560258484E+1
-4.973526382E+1	-4.975979996E+1	-4.973699188E+1
-4.584279633E+1	-4.582233429E+1	-4.585811996E+1
-4.809833527E+1	-4.809339905E+1	-4.810128021E+1
-4.672137451E+1	-4.670818710E+1	-4.672703934E+1
-4.652909470E+1	-4.654758453E+1	-4.657637405E+1
-4.790386200E+1	-4.791476440E+1	-4.789281082E+1
-4.538961411E+1	-4.539345932E+1	-4.540583801E+1
-4.895564270E+1	-4.897369385E+1	-4.902053070E+1
-4.494222260E+1	-4.493967819E+1	-4.494768906E+1
-4.871893311E+1	-4.874060822E+1	-4.873312759E+1
-4.552265930E+1	-4.553084564E+1	-4.551402283E+1
-4.723392868E+1	-4.726807404E+1	-4.725339508E+1
-4.661949921E+1	-4.661735153E+1	-4.662079620E+1
-4.599796677E+1	-4.598950577E+1	-4.597318649E+1
-4.801213837E+1	-4.804895020E+1	-4.806967545E+1
-4.529632950E+1	-4.529951859E+1	-4.530881882E+1
-4.907892227E+1	-4.907776642E+1	-4.908464813E+1
-4.505875015E+1	-4.507786179E+1	-4.504528427E+1
-4.840581894E+1	-4.840796661E+1	-4.838479614E+1
-4.578231049E+1	-4.580136108E+1	-4.579953766E+1
-4.707679367E+1	-4.711403275E+1	-4.709281540E+1
-4.686002350E+1	-4.684241486E+1	-4.689317703E+1
-4.593212891E+1	-4.594458389E+1	-4.592488098E+1
-4.809214783E+1	-4.808922958E+1	-4.809906387E+1
-4.522474670E+1	-4.523664856E+1	-4.524791718E+1
-4.869792938E+1	-4.872116852E+1	-4.872358322E+1
-4.515155792E+1	-4.514775848E+1	-4.516362381E+1
-4.798910904E+1	-4.797004700E+1	-4.797364807E+1
-4.572429657E+1	-4.572771072E+1	-4.573903656E+1
-4.670534897E+1	-4.669670486E+1	-4.672537231E+1
-4.656205750E+1	-4.657802200E+1	-4.660937881E+1
-4.554391479E+1	-4.559275436E+1	-4.558018494E+1
-4.743449020E+1	-4.746652985E+1	-4.747630692E+1
-4.500812149E+1	-4.500214767E+1	-4.502867889E+1
-4.790674210E+1	-4.790988541E+1	-4.788267136E+1
-4.504852676E+1	-4.507001877E+1	-4.507645035E+1
-4.721955109E+1	-4.721942902E+1	-4.725789261E+1
-4.553639221E+1	-4.553206635E+1	-4.555442429E+1
-4.627923584E+1	-4.629900742E+1	-4.628036118E+1
-4.623661423E+1	-4.622885895E+1	-4.623829269E+1
-4.547263718E+1	-4.548774338E+1	-4.548233414E+1
-4.698834229E+1	-4.700610733E+1	-4.698033142E+1
-4.515324020E+1	-4.516005707E+1	-4.516276932E+1
-4.710791016E+1	-4.708822250E+1	-4.712633133E+1
-4.533695602E+1	-4.534241867E+1	-4.534259796E+1
-4.676148224E+1	-4.679573441E+1	-4.677458954E+1
-4.576070404E+1	-4.576136398E+1	-4.577367783E+1
-4.602979660E+1	-4.607314301E+1	-4.604988861E+1
-4.632757187E+1	-4.630598068E+1	-4.627490234E+1
-4.551920319E+1	-4.551536560E+1	-4.554126740E+1
-4.661598969E+1	-4.663177490E+1	-4.664910889E+1
-4.536698914E+1	-4.540765381E+1	-4.537809372E+1
-4.667216492E+1	-4.667308044E+1	-4.673950577E+1
-4.566616058E+1	-4.568235016E+1	-4.569182968E+1
-4.641777039E+1	-4.641776276E+1	-4.641167450E+1
-4.614469147E+1	-4.619086456E+1	-4.620452881E+1
-4.606947708E+1	-4.607021332E+1	-4.611194992E+1
-4.658136368E+1	-4.659140015E+1	-4.661920166E+1
-4.578239822E+1	-4.580096054E+1	-4.581266785E+1
-4.678118515E+1	-4.675497055E+1	-4.678947067E+1
-4.587649155E+1	-4.586707687E+1	-4.589377213E+1
-4.672138214E+1	-4.674216080E+1	-4.676523209E+1
-4.619647217E+1	-4.620503235E+1	-4.624370575E+1
-4.665912628E+1	-4.666157532E+1	-4.668840408E+1
-4.671930695E+1	-4.672249222E+1	-4.675551224E+1
-4.646157837E+1	-4.644058990E+1	-4.646354294E+1
-4.696568680E+1	-4.697684860E+1	-4.697079468E+1
-4.639180374E+1	-4.638830566E+1	-4.641461563E+1
-4.705019379E+1	-4.707341385E+1	-4.707135010E+1
-4.634830856E+1	-4.632987595E+1	-4.634763336E+1
-4.669238663E+1	-4.670565414E+1	-4.670442200E+1
-4.637734222E+1	-4.636466217E+1	-4.637375259E+1
-4.651715851E+1	-4.654290390E+1	-4.652576065E+1
-4.665223694E+1	-4.669438553E+1	-4.670383072E+1
-4.640473938E+1	-4.638804626E+1	-4.641090393E+1
-4.675089264E+1	-4.675868988E+1	-4.676954269E+1
-4.621303177E+1	-4.620732498E+1	-4.627758408E+1
-4.652663422E+1	-4.651823425E+1	-4.654082870E+1
-4.614483643E+1	-4.615339661E+1	-4.617544937E+1
-4.630195999E+1	-4.633157730E+1	-4.631114960E+1
-4.620901489E+1	-4.624673462E+1	-4.621198273E+1
-4.605663300E+1	-4.610169983E+1	-4.607584381E+1
-4.625195312E+1	-4.622502136E+1	-4.620692444E+1
-4.591652679E+1	-4.595658112E+1	-4.592510986E+1
-4.622091293E+1	-4.625054169E+1	-4.623815155E+1
-4.589006042E+1	-4.589247513E+1	-4.591972351E+1
-4.609092331E+1	-4.610209656E+1	-4.610917664E+1
-4.599177933E+1	-4.601482773E+1	-4.602724838E+1
-4.600414276E+1	-4.602817917E+1	-4.601752853E+1
-4.612776184E+1	-4.610637665E+1	-4.611055374E+1
-4.582447815E+1	-4.580903625E+1	-4.579421234E+1
-4.597630310E+1	-4.600006485E+1	-4.602616119E+1
-4.571257782E+1	-4.571511459E+1	-4.571096420E+1
-4.596208572E+1	-4.597480392E+1	-4.596840286E+1
-4.572384644E+1	-4.572331238E+1	-4.571581268E+1
-4.561299896E+1	-4.560504532E+1	-4.563198471E+1
-4.554184341E+1	-4.553231049E+1	-4.553469467E+1
-4.530432892E+1	-4.532063675E+1	-4.533757019E+1
-4.547830582E+1	-4.547969437E+1	-4.550939178E+1
-4.524868011E+1	-4.526068878E+1	-4.528290176E+1
-4.540303421E+1	-4.540749359E+1	-4.541771698E+1
-4.523390579E+1	-4.522664642E+1	-4.522024155E+1
-4.526191330E+1	-4.525753784E+1	-4.524535370E+1
-4.518927002E+1	-4.518063354E+1	-4.519181442E+1
-4.515398026E+1	-4.515431976E+1	-4.515418243E+1
-4.526292419E+1	-4.525973511E+1	-4.527198410E+1
-4.518381119E+1	-4.517203903E+1	-4.519818115E+1
-4.538218689E+1	-4.538784027E+1	-4.540286255E+1
-4.533830261E+1	-4.533467865E+1	-4.536862946E+1
-4.550856400E+1	-4.551722717E+1	-4.558151245E+1
-4.568119049E+1	-4.568255234E+1	-4.570876694E+1
-4.582596970E+1	-4.584137726E+1	-4.586242294E+1
-4.599652481E+1	-4.601845551E+1	-4.604464722E+1
-4.601285172E+1	-4.602309418E+1	-4.606636810E+1
-4.625246429E+1	-4.623103333E+1	-4.623336029E+1
-4.629677963E+1	-4.627130127E+1	-4.628178787E+1
-4.652398682E+1	-4.654927063E+1	-4.652827835E+1
-4.672397995E+1	-4.672128677E+1	-4.673721313E+1
-4.684970856E+1	-4.685889053E+1	-4.685717010E+1
-4.708139038E+1	-4.710864639E+1	-4.708686447E+1
-4.714506149E+1	-4.715005112E+1	-4.714427567E+1
-4.733883286E+1	-4.734735489E+1	-4.733195114E+1
-4.728823471E+1	-4.735355759E+1	-4.730553436E+1
-4.745509338E+1	-4.745731354E+1	-4.743959808E+1
-4.754415894E+1	-4.752968216E+1	-4.753789139E+1
-4.769216919E+1	-4.770739746E+1	-4.771814346E+1
-4.787446976E+1	-4.788832474E+1	-4.789958572E+1
-4.796772003E+1	-4.796742630E+1	-4.798762131E+1
-4.810026169E+1	-4.808610153E+1	-4.812326431E+1
-4.803427505E+1	-4.808889389E+1	-4.811898422E+1
-4.817368698E+1	-4.818696594E+1	-4.822976303E+1
-4.819487762E+1	-4.814799500E+1	-4.822196579E+1
-4.835886383E+1	-4.834043121E+1	-4.837790680E+1
-4.837508392E+1	-4.837601852E+1	-4.840289307E+1
-4.846080017E+1	-4.841522217E+1	-4.847953033E+1
-4.853573990E+1	-4.851217270E+1	-4.850703812E+1
-4.845702744E+1	-4.850244141E+1	-4.850461960E+1
-4.865083313E+1	-4.866507721E+1	-4.866928864E+1
-4.871006393E+1	-4.872615051E+1	-4.871215820E+1
-4.880868530E+1	-4.880328369E+1	-4.878215408E+1
-4.867554474E+1	-4.872769547E+1	-4.866729736E+1
-4.873261642E+1	-4.875259781E+1	-4.873937988E+1
-4.867976761E+1	-4.868953323E+1	-4.866771317E+1
-4.863293839E+1	-4.863198090E+1	-4.860257339E+1
-4.859805679E+1	-4.859404755E+1	-4.859170914E+1
-4.844242096E+1	-4.845328522E+1	-4.844922256E+1
-4.829488754E+1	-4.831027603E+1	-4.829944992E+1
-4.800416183E+1	-4.802727890E+1	-4.803543854E+1
-4.791150665E+1	-4.793472672E+1	-4.790325928E+1
-4.765014648E+1	-4.765258026E+1	-4.766833496E+1
-4.760095596E+1	-4.758689880E+1	-4.762031174E+1
-4.745057678E+1	-4.747953033E+1	-4.749290085E+1
-4.736560059E+1	-4.738087082E+1	-4.740008163E+1
-4.732108688E+1	-4.732029343E+1	-4.733379364E+1
-4.722262192E+1	-4.721355820E+1	-4.723879242E+1
-4.713113022E+1	-4.714484787E+1	-4.713402176E+1
-4.706177139E+1	-4.704826355E+1	-4.707793427E+1
-4.716104889E+1	-4.715645599E+1	-4.722694397E+1
-4.714778519E+1	-4.716163635E+1	-4.719652557E+1
-4.719039154E+1	-4.722822189E+1	-4.723198318E+1
-4.708045197E+1	-4.709622574E+1	-4.713750458E+1
-4.690999603E+1	-4.691260529E+1	-4.694590759E+1
-4.670266724E+1	-4.671487045E+1	-4.673824692E+1
-4.658693695E+1	-4.656403732E+1	-4.659491348E+1
-4.658379745E+1	-4.660868454E+1	-4.662812042E+1
-4.652392197E+1	-4.652700424E+1	-4.651972961E+1
-4.646376419E+1	-4.644887543E+1	-4.646788025E+1
-4.621097565E+1	-4.622877121E+1	-4.623820496E+1
-4.610950089E+1	-4.610760880E+1	-4.614897156E+1
-4.596774673E+1	-4.597895813E+1	-4.601894379E+1
-4.596793365E+1	-4.596793365E+1	-4.595745087E+1
-4.593249130E+1	-4.595225906E+1	-4.594286728E+1
-4.576186752E+1	-4.578696823E+1	-4.580409241E+1
-4.570846558E+1	-4.571359634E+1	-4.571429825E+1
-4.557437897E+1	-4.557452011E+1	-4.557129288E+1
-4.561725235E+1	-4.561996841E+1	-4.563026428E+1
-4.561259460E+1	-4.560451126E+1	-4.563610458E+1
-4.562273407E+1	-4.561836624E+1	-4.564455795E+1
-4.563005447E+1	-4.564061737E+1	-4.564014053E+1
-4.547948456E+1	-4.551597595E+1	-4.548283768E+1
-4.547062683E+1	-4.548671341E+1	-4.546380234E+1
-4.535062027E+1	-4.537311935E+1	-4.534089661E+1
-4.548789215E+1	-4.547444916E+1	-4.546865082E+1
-4.556734085E+1	-4.556865311E+1	-4.553339005E+1
-4.561115265E+1	-4.562519455E+1	-4.562790680E+1
-4.566080856E+1	-4.569294739E+1	-4.567295074E+1
-4.561126709E+1	-4.563272476E+1	-4.560823822E+1
-4.558275223E+1	-4.560276031E+1	-4.559427261E+1
-4.544901657E+1	-4.547543335E+1	-4.545729065E+1
-4.554531479E+1	-4.553738403E+1	-4.553385925E+1
-4.565310669E+1	-4.566279602E+1	-4.563172150E+1
-4.568124008E+1	-4.568959427E+1	-4.567615509E+1
-4.562073517E+1	-4.564216995E+1	-4.562703323E+1
-4.554975510E+1	-4.555046082E+1	-4.555601501E+1
-4.559584808E+1	-4.557361603E+1	-4.558349991E+1
-4.563215256E+1	-4.563903809E+1	-4.564763260E+1
-4.572640228E+1	-4.574095535E+1	-4.571734619E+1
-4.576282883E+1	-4.579252243E+1	-4.579070282E+1
-4.574985504E+1	-4.576218796E+1	-4.579183960E+1
-4.570409012E+1	-4.570338440E+1	-4.573752594E+1
-4.574697495E+1	-4.573536682E+1	-4.574521637E+1
-4.586088943E+1	-4.586263275E+1	-4.589540482E+1
-4.587583160E+1	-4.588265228E+1	-4.591136169E+1
-4.587052155E+1	-4.586174393E+1	-4.590365601E+1
-4.584344482E+1	-4.582329941E+1	-4.587500763E+1
-4.567697144E+1	-4.567313385E+1	-4.572251511E+1
-4.558994293E+1	-4.558736038E+1	-4.560475922E+1
-4.558844376E+1	-4.559874725E+1	-4.562423325E+1
-4.569815063E+1	-4.567034531E+1	-4.572755814E+1
-4.583123398E+1	-4.584523010E+1	-4.588521576E+1
-4.577994919E+1	-4.580714417E+1	-4.585433960E+1
-4.572729492E+1	-4.574754333E+1	-4.581232071E+1
-4.576350403E+1	-4.575049591E+1	-4.579782104E+1
-4.584481430E+1	-4.585430527E+1	-4.590755081E+1
-4.598933411E+1	-4.596384430E+1	-4.603077698E+1
-4.615063095E+1	-4.615892029E+1	-4.621311569E+1
-4.642990875E+1	-4.644777298E+1	-4.648632812E+1
-4.660242081E+1	-4.662207413E+1	-4.661293411E+1
-4.668409729E+1	-4.668804932E+1	-4.669282532E+1
-4.679386139E+1	-4.684225082E+1	-4.684167480E+1
-4.698104858E+1	-4.700404739E+1	-4.698419189E+1
-4.700766754E+1	-4.703733444E+1	-4.700185776E+1
-4.702229309E+1	-4.705681229E+1	-4.701003265E+1
-4.710265732E+1	-4.711067581E+1	-4.708652115E+1
-4.712261963E+1	-4.713150406E+1	-4.708974075E+1
-4.711091232E+1	-4.713012314E+1	-4.708280563E+1
-4.712884903E+1	-4.715866852E+1	-4.712900543E+1
-4.721044922E+1	-4.725417709E+1	-4.720669556E+1
-4.709465027E+1	-4.715031815E+1	-4.709107208E+1
-4.685258865E+1	-4.686281204E+1	-4.682383728E+1
-4.668254471E+1	-4.669340897E+1	-4.666072464E+1
-4.660040665E+1	-4.658882141E+1	-4.658514786E+1
-4.657091904E+1	-4.659100723E+1	-4.656701279E+1
-4.664579391E+1	-4.663864899E+1	-4.658377457E+1
-4.676679993E+1	-4.675318527E+1	-4.674983597E+1
-4.675735855E+1	-4.675570297E+1	-4.675370026E+1
-4.657917786E+1	-4.659082413E+1	-4.660725784E+1
-4.637977219E+1	-4.637093353E+1	-4.637954712E+1
-4.631710434E+1	-4.630915070E+1	-4.635272217E+1
-4.639513397E+1	-4.641191101E+1	-4.642682648E+1
-4.642837143E+1	-4.642413330E+1	-4.644439697E+1
-4.646593857E+1	-4.646620941E+1	-4.648902512E+1
-4.642610168E+1	-4.644990540E+1	-4.647980499E+1
-4.640573883E+1	-4.641251373E+1	-4.646960449E+1
-4.650282288E+1	-4.649940872E+1	-4.659559631E+1
-4.664122009E+1	-4.667152786E+1	-4.671777344E+1
-4.683010483E+1	-4.682910919E+1	-4.688504791E+1
-4.679792786E+1	-4.677585983E+1	-4.683939362E+1
-4.674874496E+1	-4.675012589E+1	-4.678664780E+1
-4.670415115E+1	-4.671401596E+1	-4.677408981E+1
-4.678516769E+1	-4.678901291E+1	-4.684184647E+1
-4.695238495E+1	-4.696791458E+1	-4.701522446E+1
-4.714218521E+1	-4.713056946E+1	-4.717443085E+1
-4.737788010E+1	-4.739042282E+1	-4.742363739E+1
-4.757364273E+1	-4.758246613E+1	-4.761538315E+1
-4.758545303E+1	-4.761406326E+1	-4.762867355E+1
-4.762978745E+1	-4.761735535E+1	-4.764796448E+1
-4.782992554E+1	-4.788656616E+1	-4.789478683E+1
-4.814799500E+1	-4.818247604E+1	-4.817348480E+1
-4.840970230E+1	-4.843822861E+1	-4.841615677E+1
-4.867548370E+1	-4.869411087E+1	-4.864756012E+1
-4.886618042E+1	-4.890394974E+1	-4.887942505E+1
-4.909654617E+1	-4.916948700E+1	-4.911193085E+1
-4.939678192E+1	-4.944107819E+1	-4.936941910E+1
-4.971525574E+1	-4.967982101E+1	-4.963743591E+1
-4.993186188E+1	-4.992106628E+1	-4.986792374E+1
-5.004275894E+1	-5.005758667E+1	-4.997005844E+1
-5.010758591E+1	-5.009519196E+1	-5.000016022E+1
-5.015497208E+1	-5.012070847E+1	-5.010202408E+1
-5.027994156E+1	-5.028281784E+1	-5.020302963E+1
-5.033661270E+1	-5.036344910E+1	-5.033192444E+1
-5.060618210E+1	-5.062073517E+1	-5.058428955E+1
-5.078501892E+1	-5.078593445E+1	-5.076354599E+1
-5.079627609E+1	-5.077640915E+1	-5.076212311E+1
-5.071367264E+1	-5.072775650E+1	-5.072068405E+1
-5.065346527E+1	-5.063701630E+1	-5.068692398E+1
-5.075833893E+1	-5.075344086E+1	-5.079581451E+1
-5.084522247E+1	-5.085145569E+1	-5.090806961E+1
-5.110186386E+1	-5.112588501E+1	-5.109469604E+1
-5.142564774E+1	-5.138769913E+1	-5.142683411E+1
-5.163037872E+1	-5.164037323E+1	-5.168775558E+1
-5.179061127E+1	-5.183530426E+1	-5.185739517E+1
-5.201552963E+1	-5.198308945E+1	-5.203076172E+1
-5.238799286E+1	-5.239157104E+1	-5.244473648E+1
-5.272246552E+1	-5.266355515E+1	-5.269007111E+1
-5.309833527E+1	-5.306694794E+1	-5.312680435E+1
-5.331788254E+1	-5.328098297E+1	-5.331419373E+1
-5.365766907E+1	-5.358622360E+1	-5.365530396E+1
-5.379756927E+1	-5.382925797E+1	-5.389786148E+1
-5.417348862E+1	-5.423323059E+1	-5.424731827E+1
-5.450608826E+1	-5.451194763E+1	-5.454034805E+1
-5.481020737E+1	-5.488358688E+1	-5.485387039E+1
-5.494388580E+1	-5.494080353E+1	-5.488678360E+1
-5.498575974E+1	-5.494552612E+1	-5.493112946E+1
-5.509261703E+1	-5.504103088E+1	-5.502132034E+1
-5.501443100E+1	-5.502340698E+1	-5.496713638E+1
-5.533858109E+1	-5.541576385E+1	-5.532746887E+1
-5.543978882E+1	-5.541024017E+1	-5.528447723E+1
-5.587050629E+1	-5.590549088E+1	-5.588004684E+1
-5.576287842E+1	-5.573469543E+1	-5.576859665E+1
-5.609779739E+1	-5.602719116E+1	-5.598319626E+1
-5.620359802E+1	-5.612951660E+1	-5.613676453E+1
-5.625527954E+1	-5.622962570E+1	-5.624022293E+1
-5.677487183E+1	-5.676482391E+1	-5.678052902E+1
-5.666516495E+1	-5.659276962E+1	-5.661362839E+1
-5.733161163E+1	-5.729238129E+1	-5.729514694E+1
-5.684050369E+1	-5.681251907E+1	-5.684172440E+1
-5.758190155E+1	-5.757498932E+1	-5.759606934E+1
-5.719113159E+1	-5.714541626E+1	-5.721517181E+1
-5.759308624E+1	-5.753188324E+1	-5.762266922E+1
-5.745505142E+1	-5.744783783E+1	-5.748488998E+1
-5.713726044E+1	-5.729677200E+1	-5.722919464E+1
-5.752106094E+1	-5.757245255E+1	-5.757748413E+1
-5.668405151E+1	-5.673868561E+1	-5.672378922E+1
-5.791501236E+1	-5.790634155E+1	-5.786258316E+1
-5.681629562E+1	-5.680548859E+1	-5.684732056E+1
-5.818027878E+1	-5.815292358E+1	-5.809802628E+1
-5.711643600E+1	-5.710678101E+1	-5.705916977E+1
-5.768955994E+1	-5.766236877E+1	-5.766481400E+1
-5.723409271E+1	-5.727468872E+1	-5.719487762E+1
-5.683882141E+1	-5.675745773E+1	-5.677523422E+1
-5.748569107E+1	-5.743918228E+1	-5.748530579E+1
-5.636743164E+1	-5.628037262E+1	-5.624373627E+1
-5.810637283E+1	-5.804977417E+1	-5.810782242E+1
-5.632600021E+1	-5.642498398E+1	-5.632939529E+1
-5.845948792E+1	-5.839834213E+1	-5.838349533E+1
-5.664229202E+1	-5.652303696E+1	-5.659505081E+1
-5.788313675E+1	-5.788363647E+1	-5.788121033E+1
-5.705855560E+1	-5.702697372E+1	-5.703988266E+1
-5.703665161E+1	-5.700004959E+1	-5.707199860E+1
-5.806561661E+1	-5.801940155E+1	-5.805010986E+1
-5.635318375E+1	-5.636609268E+1	-5.629095078E+1
-5.877495575E+1	-5.881031799E+1	-5.879770279E+1
-5.609325790E+1	-5.607256699E+1	-5.601943970E+1
-5.919241714E+1	-5.921282959E+1	-5.922293091E+1
-5.650553513E+1	-5.646652985E+1	-5.649144745E+1
-5.872515488E+1	-5.869925308E+1	-5.876594543E+1
-5.685686493E+1	-5.682239914E+1	-5.687992477E+1
-5.713922119E+1	-5.713311005E+1	-5.714268494E+1
-5.773657990E+1	-5.769594955E+1	-5.769289780E+1
-5.596547318E+1	-5.598093033E+1	-5.595208740E+1
-5.936105347E+1	-5.931442261E+1	-5.937114334E+1
-5.571283722E+1	-5.568214035E+1	-5.565967178E+1
-5.996259308E+1	-5.989218140E+1	-5.989320374E+1
-5.572567749E+1	-5.577331543E+1	-5.575939560E+1
-5.905249023E+1	-5.907107925E+1	-5.909601593E+1
-5.623727798E+1	-5.623900604E+1	-5.624810028E+1
-5.734469223E+1	-5.733472061E+1	-5.740278244E+1
-5.739253616E+1	-5.741603470E+1	-5.739131927E+1
-5.600441360E+1	-5.598913574E+1	-5.603240204E+1
-5.929036713E+1	-5.934329605E+1	-5.930296707E+1
-5.568367004E+1	-5.574878693E+1	-5.567846298E+1
-6.041348267E+1	-6.041965485E+1	-6.056190872E+1
-5.594067001E+1	-5.594213104E+1	-5.590468979E+1
-6.002484131E+1	-6.004986191E+1	-5.996838379E+1
-5.647371674E+1	-5.645490265E+1	-5.640663147E+1
-5.823754501E+1	-5.828400040E+1	-5.821137238E+1
-5.791592026E+1	-5.784086227E+1	-5.786981964E+1
-5.678315735E+1	-5.675946808E+1	-5.673667908E+1
-5.989500809E+1	-5.986633682E+1	-5.991443253E+1
-5.652803802E+1	-5.650575638E+1	-5.653520203E+1
-6.110822678E+1	-6.104318619E+1	-6.105201340E+1
-5.656982803E+1	-5.665431595E+1	-5.660496902E+1
-6.109812546E+1	-6.111170578E+1	-6.104830170E+1
-5.725627518E+1	-5.725966263E+1	-5.719938660E+1
-5.924217987E+1	-5.921213913E+1	-5.925056458E+1
-5.875001144E+1	-5.882351303E+1	-5.879124451E+1
-5.784619141E+1	-5.790657806E+1	-5.786120987E+1
-6.090449142E+1	-6.083762360E+1	-6.075454712E+1
-5.777455902E+1	-5.784522629E+1	-5.779884720E+1
-6.258887100E+1	-6.246376419E+1	-6.258357620E+1
-5.778901291E+1	-5.779622269E+1	-5.781582642E+1
-6.237067795E+1	-6.225693512E+1	-6.240598297E+1
-5.835449982E+1	-5.846679687E+1	-5.845512772E+1
-6.054902267E+1	-6.047245789E+1	-6.046128082E+1
-5.983485794E+1	-5.981063843E+1	-5.982012558E+1
-5.926222610E+1	-5.924681854E+1	-5.917155838E+1
-6.098815918E+1	-6.109442902E+1	-6.091577911E+1
-5.841394424E+1	-5.835923004E+1	-5.840597153E+1
-6.168526077E+1	-6.164076614E+1	-6.163682556E+1
-5.756321335E+1	-5.753773880E+1	-5.757879257E+1
-6.123175430E+1	-6.122937775E+1	-6.122911453E+1
-5.764984894E+1	-5.771553040E+1	-5.771160126E+1
-5.920324326E+1	-5.921169662E+1	-5.925682068E+1
-5.843529892E+1	-5.849480057E+1	-5.855672073E+1
-5.822934341E+1	-5.815663910E+1	-5.807686996E+1
-5.935722733E+1	-5.926211548E+1	-5.934055328E+1
-5.733898926E+1	-5.735537720E+1	-5.726906967E+1
-5.984076309E+1	-5.984755707E+1	-5.980776978E+1
-5.669745255E+1	-5.669999695E+1	-5.671585464E+1
-5.902903366E+1	-5.894061279E+1	-5.908646774E+1
-5.698908615E+1	-5.698623276E+1	-5.703106689E+1
-5.771669388E+1	-5.778421402E+1	-5.772667694E+1
-5.778562927E+1	-5.779414749E+1	-5.778445435E+1
-5.731455994E+1	-5.737946320E+1	-5.733874130E+1
-5.889392471E+1	-5.898284912E+1	-5.887739182E+1
-5.706859207E+1	-5.710374451E+1	-5.709062958E+1
-5.951118469E+1	-5.953134155E+1	-5.946735382E+1
-5.733130646E+1	-5.727228165E+1	-5.713049316E+1
-5.900144577E+1	-5.909198380E+1	-5.896001053E+1
-5.808317947E+1	-5.802001572E+1	-5.812021255E+1
-5.840791321E+1	-5.844290924E+1	-5.832639313E+1
-5.898429489E+1	-5.908286285E+1	-5.892826843E+1
-5.815065384E+1	-5.814365005E+1	-5.816392899E+1
-5.977442551E+1	-5.956422806E+1	-5.960633850E+1
-5.776516342E+1	-5.770297241E+1	-5.769128036E+1
-5.945606995E+1	-5.943144608E+1	-5.940132141E+1
-5.769176102E+1	-5.762367630E+1	-5.767050171E+1
-5.875663376E+1	-5.876453781E+1	-5.871493530E+1
-5.813094330E+1	-5.808730316E+1	-5.816979599E+1
-5.819378281E+1	-5.809227753E+1	-5.808543396E+1
-5.847291183E+1	-5.853387451E+1	-5.850500870E+1
-5.760971451E+1	-5.757126617E+1	-5.760171127E+1
-5.892040253E+1	-5.889536285E+1	-5.883903122E+1
-5.740239716E+1	-5.751610184E+1	-5.749660110E+1
-5.875957489E+1	-5.871151352E+1	-5.875928879E+1
-5.775268936E+1	-5.772343063E+1	-5.770488739E+1
-5.829376984E+1	-5.824633408E+1	-5.824330902E+1
-5.815346909E+1	-5.820554352E+1	-5.816026306E+1
-5.801038742E+1	-5.803850555E+1	-5.795661545E+1
-5.871434021E+1	-5.864737701E+1	-5.867773437E+1
-5.776215744E+1	-5.776792526E+1	-5.772115707E+1
-5.901642227E+1	-5.891938400E+1	-5.885354996E+1
-5.787570953E+1	-5.778651047E+1	-5.785191727E+1
-5.878458786E+1	-5.870111084E+1	-5.877457809E+1
-5.798055267E+1	-5.801835632E+1	-5.791238022E+1
-5.813595581E+1	-5.816639709E+1	-5.811641693E+1
-5.822328568E+1	-5.824849319E+1	-5.818326187E+1
-5.776813126E+1	-5.780094910E+1	-5.776850510E+1
-5.853315735E+1	-5.856463242E+1	-5.848945618E+1
-5.750647736E+1	-5.752370453E+1	-5.758681870E+1
-5.846651840E+1	-5.846643829E+1	-5.845341492E+1
-5.751958847E+1	-5.749081039E+1	-5.744260025E+1
-5.793121719E+1	-5.792351532E+1	-5.793045425E+1
-5.748204803E+1	-5.738555527E+1	-5.751759338E+1
-5.735294342E+1	-5.732973099E+1	-5.740814590E+1
-5.750668716E+1	-5.752830887E+1	-5.754591370E+1
-5.688368988E+1	-5.683328629E+1	-5.694681549E+1
-5.765596390E+1	-5.754735184E+1	-5.755762482E+1
-5.681130981E+1	-5.676022339E+1	-5.669516754E+1
-5.732497025E+1	-5.724603271E+1	-5.729907608E+1
-5.674361038E+1	-5.668378067E+1	-5.675695038E+1
-5.688708115E+1	-5.686236954E+1	-5.685700607E+1
-5.664770508E+1	-5.666170502E+1	-5.668376541E+1
-5.633658218E+1	-5.631869888E+1	-5.635483170E+1
-5.663009644E+1	-5.661535645E+1	-5.661726761E+1
-5.598858643E+1	-5.601245499E+1	-5.599029541E+1
-5.653947830E+1	-5.653520584E+1	-5.651716614E+1
-5.588056183E+1	-5.589427185E+1	-5.587797546E+1
-5.618237305E+1	-5.619101334E+1	-5.623113251E+1
-5.592255020E+1	-5.593445587E+1	-5.595094299E+1
-5.592496109E+1	-5.592452240E+1	-5.595232391E+1
-5.604533386E+1	-5.603326797E+1	-5.600824356E+1
-5.563430786E+1	-5.561252594E+1	-5.567153168E+1
-5.598555374E+1	-5.601164246E+1	-5.601317215E+1
-5.544524384E+1	-5.544835281E+1	-5.540168381E+1
-5.573036957E+1	-5.573572159E+1	-5.573180008E+1
-5.533130646E+1	-5.536928177E+1	-5.531366730E+1
-5.539276505E+1	-5.547413254E+1	-5.543389511E+1
-5.532946777E+1	-5.531476974E+1	-5.526487732E+1
-5.512233734E+1	-5.516012955E+1	-5.512891769E+1
-5.534219742E+1	-5.533483887E+1	-5.525221634E+1
-5.481897354E+1	-5.482150269E+1	-5.483756256E+1
-5.511890411E+1	-5.509624481E+1	-5.509310532E+1
-5.463970566E+1	-5.456298828E+1	-5.466880417E+1
-5.469667435E+1	-5.482156372E+1	-5.477844238E+1
-5.458871078E+1	-5.453523636E+1	-5.454835129E+1
-5.455720901E+1	-5.451155472E+1	-5.454151917E+1
-5.459551620E+1	-5.461137390E+1	-5.460536194E+1
-5.442273712E+1	-5.435403824E+1	-5.440779495E+1
-5.461369705E+1	-5.462240601E+1	-5.459304810E+1
-5.436302948E+1	-5.435779190E+1	-5.432233810E+1
-5.455995941E+1	-5.451654053E+1	-5.455341339E+1
-5.441623688E+1	-5.438678741E+1	-5.446011734E+1
-5.458663559E+1	-5.454622650E+1	-5.450831985E+1
-5.453739548E+1	-5.450796509E+1	-5.451405716E+1
-5.451338577E+1	-5.444716263E+1	-5.451862335E+1
-5.464577484E+1	-5.469309998E+1	-5.462791061E+1
-5.453823471E+1	-5.450096512E+1	-5.450859833E+1
-5.480127335E+1	-5.478316116E+1	-5.478739548E+1
-5.468166733E+1	-5.472311401E+1	-5.468347549E+1
-5.490813446E+1	-5.490770340E+1	-5.491079330E+1
-5.492345428E+1	-5.490650177E+1	-5.491507339E+1
-5.502495956E+1	-5.502410126E+1	-5.505360031E+1
-5.520129395E+1	-5.516921616E+1	-5.516135788E+1
-5.513579178E+1	-5.515238190E+1	-5.513312531E+1
-5.531945038E+1	-5.536547089E+1	-5.535791779E+1
-5.526729584E+1	-5.529575348E+1	-5.525890350E+1
-5.553455734E+1	-5.551088715E+1	-5.555886459E+1
-5.552391434E+1	-5.550774765E+1	-5.543486404E+1
-5.567345810E+1	-5.566160965E+1	-5.564744186E+1
-5.570105743E+1	-5.569995499E+1	-5.573129654E+1
-5.577488708E+1	-5.575516891E+1	-5.572418976E+1
-5.595786667E+1	-5.593048477E+1	-5.596511078E+1
-5.599289703E+1	-5.596726608E+1	-5.593273544E+1
-5.614730453E+1	-5.620022202E+1	-5.613637543E+1
-5.609439850E+1	-5.606806564E+1	-5.612041092E+1
-5.627322769E+1	-5.629297256E+1	-5.626470947E+1
-5.640343475E+1	-5.640440369E+1	-5.640242386E+1
-5.652154160E+1	-5.648834610E+1	-5.642438889E+1
-5.675468063E+1	-5.671535110E+1	-5.673897552E+1
-5.678849792E+1	-5.671663666E+1	-5.674439240E+1
-5.697345352E+1	-5.696760178E+1	-5.687761307E+1
-5.692913818E+1	-5.693365097E+1	-5.696988297E+1
-5.720191956E+1	-5.706521225E+1	-5.710633850E+1
-5.721988678E+1	-5.723584366E+1	-5.722692871E+1
-5.731550980E+1	-5.731956100E+1	-5.735468292E+1
-5.742701721E+1	-5.745466995E+1	-5.750881195E+1
-5.750505829E+1	-5.751166534E+1	-5.747693253E+1
-5.775189972E+1	-5.767787552E+1	-5.768358231E+1
-5.768686676E+1	-5.762363815E+1	-5.770307922E+1
-5.778184509E+1	-5.772640991E+1	-5.776577759E+1
-5.762585831E+1	-5.767783356E+1	-5.776763153E+1
-5.769786835E+1	-5.771082687E+1	-5.765869522E+1
-5.769725037E+1	-5.777470779E+1	-5.773493195E+1
-5.763036346E+1	-5.771792221E+1	-5.773161316E+1
-5.775577927E+1	-5.774272919E+1	-5.767337036E+1
-5.762319565E+1	-5.745137405E+1	-5.758860779E+1
-5.760804749E+1	-5.764836502E+1	-5.747178268E+1
-5.736867523E+1	-5.735833359E+1	-5.735987473E+1
-5.726548386E+1	-5.713977814E+1	-5.722975159E+1
-5.709983444E+1	-5.710087204E+1	-5.710244751E+1
-5.700584030E+1	-5.692207718E+1	-5.695484543E+1
-5.689033127E+1	-5.688343430E+1	-5.690501022E+1
-5.666779709E+1	-5.667388153E+1	-5.664059830E+1
-5.662001419E+1	-5.657984924E+1	-5.659014130E+1
-5.641550064E+1	-5.635602951E+1	-5.638017273E+1
-5.630577087E+1	-5.619407654E+1	-5.626966858E+1
-5.625198364E+1	-5.621747971E+1	-5.611883163E+1
-5.607888794E+1	-5.605158615E+1	-5.608431625E+1
-5.599497604E+1	-5.597963715E+1	-5.598449326E+1
-5.589324570E+1	-5.582316208E+1	-5.587469482E+1
-5.584458923E+1	-5.576686478E+1	-5.581809235E+1
-5.569279099E+1	-5.568851852E+1	-5.565567017E+1
