2.997888184E+1
2.978757095E+1
2.955909348E+1
2.937941742E+1
2.919749260E+1
2.898839569E+1
2.878182220E+1
2.862500954E+1
2.842237663E+1
2.823447800E+1
2.801283264E+1
2.782912827E+1
2.764867020E+1
2.744008255E+1
2.723998642E+1
2.702150726E+1
2.685692787E+1
2.667164993E+1
2.647147942E+1
2.627267456E+1
2.608271408E+1
2.586935616E+1
2.569104385E+1
2.551389313E+1
2.534057426E+1
2.508247948E+1
2.479630852E+1
2.460716629E+1
2.442010117E+1
2.418039894E+1
2.397970772E+1
2.381783295E+1
2.362422752E+1
2.343305779E+1
2.321530342E+1
2.304517365E+1
2.284028053E+1
2.266668892E+1
2.247752380E+1
2.226990128E+1
2.206353569E+1
2.188470268E+1
2.166709518E+1
2.136558914E+1
2.117955208E+1
2.095917130E+1
2.080654526E+1
2.059735870E+1
2.039601326E+1
2.020478630E+1
2.002088356E+1
1.980880928E+1
1.962735939E+1
1.943842506E+1
1.924891090E+1
1.904983521E+1
1.882192993E+1
1.865004158E+1
1.846112251E+1
1.822851372E+1
1.806598854E+1
1.785513115E+1
1.769412613E+1
1.748072624E+1
1.729512405E+1
1.707773399E+1
1.676725388E+1
1.659711456E+1
1.638708305E+1
1.623239136E+1
1.602008438E+1
1.579668999E+1
1.562728214E+1
1.542518616E+1
1.524435520E+1
1.501900959E+1
1.485998917E+1
1.462735653E+1
1.442467690E+1
1.422642040E+1
1.404617023E+1
1.383843899E+1
1.365687466E+1
1.345183086E+1
1.325929165E+1
1.307229042E+1
1.288211727E+1
1.268306923E+1
1.248409271E+1
1.228793049E+1
1.208551884E+1
1.191231918E+1
1.170529270E+1
1.152185154E+1
1.118620586E+1
1.100624561E+1
1.081083298E+1
1.061419964E+1
1.044444561E+1
1.020282078E+1
9.995395660E+0
9.801507950E+0
9.620159149E+0
9.428137779E+0
9.269903183E+0
9.038263321E+0
8.840315819E+0
8.627958298E+0
8.438451767E+0
8.234775543E+0
8.052320480E+0
7.868195534E+0
7.637260914E+0
7.467367172E+0
7.254273891E+0
7.039608002E+0
6.883022785E+0
6.646413326E+0
6.489134312E+0
6.285176754E+0
6.072813511E+0
5.894567966E+0
5.694744110E+0
5.485994816E+0
5.310854912E+0
5.007120609E+0
4.814842224E+0
4.588160992E+0
4.399689674E+0
4.206432819E+0
4.001895428E+0
3.817457676E+0
3.630501747E+0
3.412246943E+0
3.240463257E+0
3.037431955E+0
2.829824686E+0
2.639602900E+0
2.456043959E+0
2.270457745E+0
2.007971525E+0
1.829246521E+0
1.625527740E+0
1.459323883E+0
1.229368091E+0
1.044140458E+0
8.275176287E-1
6.193999052E-1
4.305311143E-1
2.015798390E-1
3.715150990E-3
-1.938120574E-1
-3.763123751E-1
-5.965855122E-1
-7.915655971E-1
-9.894052744E-1
-1.182582259E+0
-1.385364890E+0
-1.582953215E+0
-1.793762803E+0
-1.987077236E+0
-2.161016464E+0
-2.371454239E+0
-2.591728687E+0
-2.755864382E+0
-2.961699247E+0
-3.188266516E+0
-3.392917633E+0
-3.568780184E+0
-3.800241232E+0
-4.011590958E+0
-4.203272343E+0
-4.420522213E+0
-4.616839886E+0
-4.829786301E+0
-5.043817997E+0
-5.239664555E+0
-5.453043461E+0
-5.656224728E+0
-5.882695675E+0
-6.062924862E+0
-6.267303467E+0
-6.480322838E+0
-6.674468040E+0
-6.870004654E+0
-7.075428963E+0
-7.297768593E+0
-7.268938065E+0
-7.604253292E+0
-7.769309998E+0
-7.998415947E+0
-8.189304352E+0
-8.403749466E+0
-8.588136673E+0
-8.828654289E+0
-9.034037590E+0
-9.243089676E+0
-9.440246582E+0
-9.643568993E+0
-9.841504097E+0
-1.008635044E+1
-1.027637196E+1
-1.047693253E+1
-1.067008209E+1
-1.069654465E+1
-1.100598526E+1
-1.122502613E+1
-1.141056156E+1
-1.162440968E+1
-1.184073925E+1
-1.202667713E+1
-1.222955132E+1
-1.246574211E+1
-1.267447281E+1
-1.288186836E+1
-1.307337856E+1
-1.330714512E+1
-1.348521614E+1
-1.351692009E+1
-1.370747280E+1
-1.400547123E+1
-1.422573662E+1
-1.444043732E+1
-1.462539482E+1
-1.483695602E+1
-1.504977512E+1
-1.525767326E+1
-1.546101093E+1
-1.566078281E+1
-1.586770439E+1
-1.606734467E+1
-1.624968338E+1
-1.644037437E+1
-1.663997459E+1
-1.685361099E+1
-1.701909637E+1
-1.725430870E+1
-1.741087532E+1
-1.762300682E+1
-1.780711174E+1
-1.800913239E+1
-1.822616959E+1
-1.840814781E+1
-1.863496399E+1
-1.880011749E+1
-1.900417519E+1
-1.919271088E+1
-1.941996574E+1
-1.958597946E+1
-1.976456451E+1
-1.999612236E+1
-2.018642998E+1
-2.037570381E+1
-2.055527878E+1
-2.077169418E+1
-2.095504761E+1
-2.117886925E+1
-2.134610367E+1
-2.159003067E+1
-2.175440979E+1
-2.195322800E+1
-2.214833641E+1
-2.236840630E+1
-2.255344391E+1
-2.275953674E+1
-2.296783638E+1
-2.318408585E+1
-2.336219597E+1
-2.356985855E+1
-2.375420761E+1
-2.398308182E+1
-2.416962242E+1
-2.437630081E+1
-2.456604195E+1
-2.476436996E+1
-2.496459198E+1
-2.517085457E+1
-2.539023590E+1
-2.557407570E+1
-2.574279404E+1
-2.598579788E+1
-2.616144753E+1
-2.632423782E+1
-2.651819611E+1
-2.672295952E+1
-2.695275307E+1
-2.711937904E+1
-2.734438133E+1
-2.756814384E+1
-2.772031212E+1
-2.801726532E+1
-2.823895454E+1
-2.843468475E+1
-2.861795425E+1
-2.884169006E+1
-2.903055954E+1
-2.922924614E+1
-2.946171761E+1
-2.965950394E+1
-2.987085342E+1
-3.004459763E+1
