3.517053847E-5	1.126095303E-4	8.198241994E-5
-1.720542605E-5	3.168990661E-4	2.213146508E-4
1.757509162E-4	1.796628931E-4	1.489535352E-4
1.973957114E-4	8.377501217E-5	2.888791787E-4
2.628204529E-4	1.980681409E-4	9.356474766E-5
1.358706504E-4	1.005408121E-4	8.261783660E-5
3.300325625E-5	-3.555308240E-6	7.786070637E-5
2.575225371E-4	2.048963070E-4	1.893310837E-4
2.487118472E-4	2.257126325E-4	1.909949060E-4
2.335779282E-4	2.769473067E-4	2.472681517E-4
2.305091766E-4	2.963894221E-4	2.373255265E-4
1.499324135E-4	7.522337546E-5	1.167705341E-4
2.780296782E-4	2.144124592E-4	2.643082698E-4
2.543443406E-4	2.846266725E-4	2.676039585E-4
4.222649732E-4	3.590026463E-4	3.165126836E-4
4.003878275E-4	4.183862184E-4	4.576173669E-4
3.997074091E-4	2.912358032E-4	3.276794741E-4
4.553008766E-4	4.693527007E-4	4.312953097E-4
1.953286264E-4	1.997814834E-4	1.187322705E-4
2.858316293E-4	3.018537536E-4	2.753455774E-4
4.121276434E-4	3.927877697E-4	3.590553242E-4
3.775887599E-4	3.416830441E-4	3.378106339E-4
3.271943424E-4	3.865690378E-4	4.127042193E-4
4.328366194E-4	4.476159229E-4	4.965340486E-4
4.623393761E-4	4.133076873E-4	5.081456620E-4
5.481522530E-4	5.176666891E-4	5.382017698E-4
8.162622689E-4	8.546358440E-4	8.211013628E-4
4.254985543E-4	4.602128756E-4	4.308675707E-4
4.363400803E-4	4.904541420E-4	4.319373111E-4
5.200955784E-4	5.159974680E-4	5.177755957E-4
6.547914236E-4	6.614267477E-4	6.659799838E-4
8.930121548E-4	8.994975942E-4	9.054281982E-4
1.652751671E-4	1.650389313E-4	1.788404334E-4
7.994605112E-4	7.377379807E-4	8.026558789E-4
5.723834620E-4	5.648558144E-4	5.811877782E-4
6.262964453E-4	6.425366155E-4	6.511677057E-4
5.461280234E-4	5.377976340E-4	5.553058581E-4
7.180673419E-4	6.753054331E-4	6.382261636E-4
7.685427554E-4	7.566658896E-4	7.154096384E-4
8.012042963E-4	7.912908914E-4	8.454257040E-4
7.791565731E-4	7.626403240E-4	7.519307546E-4
7.568907458E-4	7.825391367E-4	7.553525502E-4
7.346893544E-4	7.309755310E-4	7.374401321E-4
9.183561197E-4	8.966361056E-4	9.108950035E-4
8.332598372E-4	8.099240367E-4	8.360893698E-4
1.326712780E-3	1.359216403E-3	1.378280926E-3
6.386169116E-4	6.732514012E-4	6.465000915E-4
1.031987602E-3	1.029983163E-3	1.023703022E-3
9.029553039E-4	9.380276897E-4	9.493631660E-4
6.987405359E-4	7.434777217E-4	7.516624755E-4
7.892507128E-4	8.043963462E-4	8.297276217E-4
8.315056330E-4	8.295443258E-4	8.459353121E-4
1.045523561E-3	1.093043131E-3	1.053482643E-3
8.703932981E-4	8.647938375E-4	8.679832681E-4
1.049376442E-3	1.028469764E-3	1.042247051E-3
8.265915676E-4	8.378325729E-4	8.348107222E-4
9.525116184E-4	9.217267507E-4	9.239435312E-4
6.850571372E-4	6.994623691E-4	6.828380865E-4
8.928404422E-4	9.051142260E-4	8.660709136E-4
8.968819166E-4	9.416298708E-4	9.003514424E-4
7.456780295E-4	7.640923141E-4	7.484201924E-4
8.827547426E-4	8.319583139E-4	8.705144282E-4
9.802037384E-4	9.764557471E-4	9.234040626E-4
9.191281279E-4	9.061557939E-4	8.891171892E-4
1.001351629E-3	9.729828453E-4	1.030299230E-3
1.093640109E-3	1.089560799E-3	1.094401814E-3
1.106918324E-3	1.078991219E-3	1.087087439E-3
1.095069339E-3	1.069233171E-3	1.073089777E-3
1.015133923E-3	9.943480836E-4	1.006622217E-3
1.083017443E-3	1.083843294E-3	1.088112127E-3
7.902598591E-4	7.972875610E-4	7.737723063E-4
1.267284271E-3	1.267528976E-3	1.275132759E-3
1.085072407E-3	1.086023636E-3	1.074646483E-3
1.370700891E-3	1.367523684E-3	1.371688675E-3
7.367592189E-4	7.006757078E-4	7.240999839E-4
1.211067080E-3	1.193856471E-3	1.231839531E-3
9.808160830E-4	9.780941764E-4	9.843268199E-4
1.214925083E-3	1.166906557E-3	1.200237777E-3
1.099018031E-3	1.089302474E-3	1.117403503E-3
1.042553457E-3	1.058598747E-3	1.055445173E-3
1.228037989E-3	1.239608042E-3	1.239923411E-3
8.750285488E-4	8.655138663E-4	8.721867343E-4
1.438250998E-3	1.417211024E-3	1.467336318E-3
7.873278228E-4	7.825095090E-4	7.791704847E-4
1.623620745E-3	1.627380145E-3	1.638518763E-3
7.524070679E-4	7.264437154E-4	7.317371783E-4
1.635432127E-3	1.625166507E-3	1.630625455E-3
8.464020211E-4	8.372982848E-4	8.597929263E-4
1.255044946E-3	1.255142852E-3	1.233726507E-3
9.445101023E-4	9.339448879E-4	9.594721487E-4
1.332723885E-3	1.346093370E-3	1.347737620E-3
1.261229394E-3	1.278345939E-3	1.257881057E-3
1.231901231E-3	1.243447419E-3	1.226922846E-3
1.242553000E-3	1.245040097E-3	1.254135976E-3
1.016857335E-3	1.048328355E-3	1.041878830E-3
1.200713916E-3	1.196427038E-3	1.211395953E-3
1.194826677E-3	1.181157189E-3	1.210857299E-3
1.424934017E-3	1.393347746E-3	1.425856375E-3
1.485286630E-3	1.443586196E-3	1.446748269E-3
1.582174562E-3	1.560136210E-3	1.575969975E-3
1.383287599E-3	1.381970127E-3	1.386358636E-3
1.398183987E-3	1.414803206E-3	1.423850190E-3
1.019778079E-3	1.018083072E-3	1.015746733E-3
1.417048043E-3	1.428696210E-3	1.441428787E-3
7.734180545E-4	7.549003931E-4	7.872467977E-4
1.554775285E-3	1.569898101E-3	1.585997292E-3
5.913426867E-4	5.790994037E-4	5.958412075E-4
1.653139829E-3	1.644056058E-3	1.662896830E-3
7.732370868E-4	7.672457723E-4	7.846683147E-4
1.462417771E-3	1.495310222E-3	1.464609988E-3
1.231970615E-3	1.228468842E-3	1.223771949E-3
9.867597837E-4	1.001519384E-3	1.007451210E-3
1.921968767E-3	1.891905209E-3	1.885517733E-3
6.429512869E-4	6.384363514E-4	6.560048205E-4
2.616394777E-3	2.613573102E-3	2.630983014E-3
3.320232208E-4	3.538028104E-4	3.335747460E-4
2.877772087E-3	2.874704544E-3	2.877187449E-3
3.401010181E-4	3.095090215E-4	3.349388135E-4
2.718816279E-3	2.736413153E-3	2.742382931E-3
7.365044439E-4	7.354764384E-4	7.217541570E-4
2.255972708E-3	2.213950967E-3	2.249366371E-3
1.195644611E-3	1.192131778E-3	1.191265066E-3
1.752150012E-3	1.774713281E-3	1.754813245E-3
1.637748675E-3	1.638200250E-3	1.646562247E-3
1.351412269E-3	1.368426718E-3	1.356321387E-3
1.753515797E-3	1.769620925E-3	1.763436710E-3
1.324722311E-3	1.300803851E-3	1.325931516E-3
1.703790040E-3	1.717965584E-3	1.689778641E-3
1.512216870E-3	1.525895554E-3	1.520639053E-3
1.570533146E-3	1.569648855E-3	1.562494785E-3
1.655591070E-3	1.648669248E-3	1.644713455E-3
1.546208863E-3	1.571608707E-3	1.549402135E-3
1.611144398E-3	1.600023010E-3	1.622421900E-3
1.784915454E-3	1.784649328E-3	1.780924154E-3
1.286147046E-3	1.275032060E-3	1.283282763E-3
2.313780598E-3	2.281771973E-3	2.299132757E-3
8.602642920E-4	8.470586617E-4	8.349420386E-4
2.683397382E-3	2.685865154E-3	2.685900079E-3
5.799129140E-4	5.730791599E-4	5.796503974E-4
2.603527624E-3	2.612960758E-3	2.607241739E-3
8.670351235E-4	8.973817457E-4	8.819071227E-4
2.164989244E-3	2.195385285E-3	2.163657453E-3
1.773331547E-3	1.777008525E-3	1.775901415E-3
1.352100982E-3	1.345437253E-3	1.337306341E-3
2.967176726E-3	2.969769528E-3	2.969185589E-3
3.715052444E-4	3.569619439E-4	3.657723719E-4
3.697438631E-3	3.702708986E-3	3.696254455E-3
-4.828695965E-4	-4.831991100E-4	-5.010319292E-4
4.033459816E-3	4.028603435E-3	4.019347019E-3
-4.923666711E-4	-4.917716724E-4	-5.037345691E-4
3.852027236E-3	3.843521001E-3	3.853551578E-3
2.671411203E-4	2.628539223E-4	2.565644099E-4
3.061381169E-3	3.068806371E-3	3.083429299E-3
1.161416760E-3	1.158805331E-3	1.159868087E-3
2.216941444E-3	2.214730019E-3	2.235206310E-3
1.881048433E-3	1.879807794E-3	1.897109440E-3
1.644887845E-3	1.641556271E-3	1.657542074E-3
2.149658976E-3	2.149424981E-3	2.141573001E-3
1.646963879E-3	1.637567533E-3	1.639960916E-3
1.969726291E-3	1.961659873E-3	1.962640556E-3
1.890698913E-3	1.897018170E-3	1.889786683E-3
1.664232812E-3	1.653006999E-3	1.647272846E-3
2.110596281E-3	2.119948389E-3	2.129477216E-3
1.621714677E-3	1.616243389E-3	1.597207855E-3
2.026804956E-3	2.008800628E-3	2.014752477E-3
1.900509582E-3	1.901292591E-3	1.914217137E-3
1.538796118E-3	1.526002190E-3	1.534436247E-3
2.611522796E-3	2.621530090E-3	2.618313534E-3
9.790323675E-4	1.003894722E-3	1.010417473E-3
3.041223390E-3	3.075102577E-3	3.050249303E-3
7.697922993E-4	7.723571616E-4	7.695893291E-4
2.947724890E-3	2.938388847E-3	2.927261870E-3
1.354333828E-3	1.337798778E-3	1.341800322E-3
2.238783520E-3	2.231374616E-3	2.222752199E-3
2.382244216E-3	2.373999916E-3	2.378493547E-3
9.525433416E-4	9.395974921E-4	9.441787261E-4
3.701134818E-3	3.712553298E-3	3.707104828E-3
-3.656678891E-4	-3.699640220E-4	-3.816059907E-4
4.691409878E-3	4.698115401E-3	4.693484399E-3
-8.919015527E-4	-9.150607511E-4	-8.935361984E-4
5.016535521E-3	5.006772466E-3	5.013181828E-3
-6.786020240E-4	-6.564971991E-4	-6.768165622E-4
4.614199977E-3	4.613632336E-3	4.629727453E-3
1.142501933E-4	1.259795681E-4	1.207711975E-4
3.463135334E-3	3.462545807E-3	3.456081729E-3
1.046719612E-3	1.043678727E-3	1.030798769E-3
2.526347060E-3	2.526661381E-3	2.514678519E-3
1.847775071E-3	1.861990080E-3	1.837840304E-3
1.970905345E-3	1.970576821E-3	1.970633632E-3
2.176252427E-3	2.172401175E-3	2.163261175E-3
1.758028287E-3	1.763011096E-3	1.751489239E-3
2.208188176E-3	2.203483135E-3	2.212210326E-3
1.752457349E-3	1.745081740E-3	1.754729543E-3
2.229119651E-3	2.244659234E-3	2.234396525E-3
1.762952190E-3	1.757950755E-3	1.780427760E-3
2.394534647E-3	2.404371975E-3	2.393752569E-3
1.689205179E-3	1.704041963E-3	1.688970719E-3
2.392824739E-3	2.380885882E-3	2.383888233E-3
1.820066362E-3	1.831004512E-3	1.822004560E-3
2.079354366E-3	2.062889747E-3	2.083041240E-3
2.674342599E-3	2.678903518E-3	2.669153502E-3
9.939508745E-4	9.908351349E-4	9.919201257E-4
3.951534629E-3	3.951522522E-3	3.967200406E-3
-1.092289574E-3	-1.099761110E-3	-1.099699293E-3
5.662571639E-3	5.671415944E-3	5.679504480E-3
-2.759504830E-3	-2.768067876E-3	-2.775721019E-3
7.419789210E-3	7.412120234E-3	7.419034373E-3
-3.455511061E-3	-3.463026602E-3	-3.468071576E-3
7.981990464E-3	7.991067134E-3	7.994958200E-3
-3.143973183E-3	-3.160495777E-3	-3.160294611E-3
7.026703097E-3	7.041872013E-3	7.019784302E-3
-1.826721593E-3	-1.833606977E-3	-1.822942751E-3
5.048738793E-3	5.058756564E-3	5.060828757E-3
-6.608558124E-6	1.034775687E-5	5.638983566E-6
3.535818309E-3	3.526296467E-3	3.537676763E-3
1.385693671E-3	1.359709306E-3	1.372101600E-3
2.783020027E-3	2.803576412E-3	2.789881313E-3
1.739837346E-3	1.748545212E-3	1.733386889E-3
2.665746259E-3	2.666292945E-3	2.665536711E-3
1.875369577E-3	1.874219393E-3	1.873044181E-3
2.230711980E-3	2.230138285E-3	2.229182981E-3
3.236759920E-3	3.236483783E-3	3.244137857E-3
-1.243324659E-4	-1.313228131E-4	-1.414462895E-4
6.891422439E-3	6.882233080E-3	6.882283371E-3
-5.107200239E-3	-5.109572783E-3	-5.119007546E-3
1.247154549E-2	1.247962564E-2	1.246542390E-2
-1.098797098E-2	-1.099657733E-2	-1.099756546E-2
1.757229120E-2	1.758630015E-2	1.758078299E-2
-1.397388428E-2	-1.398161612E-2	-1.400161441E-2
1.778870635E-2	1.779583097E-2	1.779721119E-2
-8.855451830E-3	-8.844307624E-3	-8.841587231E-3
7.697130553E-3	7.663487457E-3	7.667046972E-3
7.999053225E-3	8.032886311E-3	8.028320968E-3
-1.545538194E-2	-1.553206425E-2	-1.555579156E-2
3.401160613E-2	3.408839181E-2	3.409979865E-2
-4.508699849E-2	-4.520991445E-2	-4.525050148E-2
6.594606489E-2	6.605543941E-2	6.607059389E-2
-8.006596565E-2	-8.020004630E-2	-8.026071638E-2
9.675300866E-2	9.690800309E-2	9.696096927E-2
-1.048142388E-1	-1.049656644E-1	-1.050543785E-1
1.120082811E-1	1.120913476E-1	1.121551767E-1
-1.037476733E-1	-1.038213447E-1	-1.038414463E-1
1.017785892E-1	1.018688232E-1	1.018842012E-1
-7.324286550E-2	-7.332903147E-2	-7.336866856E-2
5.733862519E-2	5.735254660E-2	5.738661811E-2
-2.990589663E-2	-2.989365719E-2	-2.994200960E-2
2.298188396E-3	2.275161911E-3	2.262743888E-3
2.506240085E-2	2.515030839E-2	2.518332005E-2
-4.903546721E-2	-4.911131412E-2	-4.910585657E-2
8.688861877E-2	8.701182157E-2	8.709208667E-2
-1.025459096E-1	-1.026977897E-1	-1.027384773E-1
1.324298978E-1	1.326377541E-1	1.326651871E-1
-1.393790245E-1	-1.395261735E-1	-1.396307200E-1
1.488430202E-1	1.489308029E-1	1.489935815E-1
-1.404894292E-1	-1.405958235E-1	-1.406544298E-1
1.222766936E-1	1.223622561E-1	1.224088445E-1
-9.154409915E-2	-9.159781784E-2	-9.160855412E-2
7.135418057E-2	7.143100351E-2	7.140652835E-2
-3.775271773E-2	-3.772170842E-2	-3.774989769E-2
1.833883300E-2	1.831389219E-2	1.830224134E-2
5.887257867E-3	5.918255076E-3	5.895933136E-3
-2.626802213E-2	-2.639534883E-2	-2.636473067E-2
4.598022252E-2	4.606395587E-2	4.606714845E-2
-5.466694757E-2	-5.478984863E-2	-5.478362739E-2
6.313648075E-2	6.317625195E-2	6.320958585E-2
-6.173719838E-2	-6.185421720E-2	-6.185583025E-2
6.289398670E-2	6.293289363E-2	6.295411289E-2
-5.464474484E-2	-5.468910187E-2	-5.471771583E-2
5.013602972E-2	5.016671121E-2	5.019838735E-2
-3.683039919E-2	-3.685951605E-2	-3.688158840E-2
3.128700331E-2	3.130740672E-2	3.131680936E-2
-1.917331293E-2	-1.918697357E-2	-1.919995062E-2
1.544365752E-2	1.543663349E-2	1.545978710E-2
-6.234138738E-3	-6.240971386E-3	-6.235572044E-3
5.657242145E-3	5.665797275E-3	5.672114436E-3
4.383027554E-4	4.234264488E-4	4.372741969E-4
1.420029555E-3	1.395717496E-3	1.417697524E-3
2.419353928E-3	2.410321496E-3	2.421111567E-3
7.430010010E-4	7.469627308E-4	7.402930059E-4
3.028262174E-3	3.040141892E-3	3.025572049E-3
9.613400907E-4	9.478977299E-4	9.433150990E-4
4.011509474E-3	3.999279346E-3	3.986555617E-3
8.100314153E-5	8.062459528E-5	6.268889410E-5
5.607482977E-3	5.620012060E-3	5.606356077E-3
-1.446670271E-3	-1.440993277E-3	-1.431875164E-3
7.592623588E-3	7.599711418E-3	7.567980327E-3
-2.368018730E-3	-2.397794044E-3	-2.408497501E-3
8.032034151E-3	8.023532107E-3	8.022826165E-3
-2.190798987E-3	-2.206715057E-3	-2.206492005E-3
6.911703851E-3	6.909370888E-3	6.903602276E-3
-3.609059204E-4	-3.681987873E-4	-3.729892196E-4
4.537093919E-3	4.516569898E-3	4.533114843E-3
2.104076324E-3	2.111283131E-3	2.112061484E-3
2.093645278E-3	2.087576315E-3	2.096163575E-3
4.102349281E-3	4.109205212E-3	4.116583150E-3
8.327077376E-4	8.269126411E-4	8.328698459E-4
5.046762992E-3	5.050492007E-3	5.060981028E-3
8.712257259E-4	8.739289478E-4	8.772317087E-4
4.721520003E-3	4.725306295E-3	4.727087449E-3
1.887122286E-3	1.894928864E-3	1.879734802E-3
3.741457826E-3	3.735198407E-3	3.734119236E-3
3.015396418E-3	3.007004037E-3	3.006540472E-3
3.146050498E-3	3.135468811E-3	3.140552435E-3
3.479758976E-3	3.468323965E-3	3.455933882E-3
3.256737255E-3	3.243329702E-3	3.237540601E-3
3.135767300E-3	3.127819393E-3	3.127447795E-3
4.018218722E-3	4.024712369E-3	4.012696911E-3
2.562843729E-3	2.553758910E-3	2.551683225E-3
4.419467412E-3	4.429681227E-3	4.423446953E-3
2.431859262E-3	2.432053676E-3	2.430160996E-3
3.984572366E-3	3.990035970E-3	3.976305015E-3
3.375915810E-3	3.377014538E-3	3.367597470E-3
2.646888373E-3	2.645648317E-3	2.637129975E-3
4.891523160E-3	4.886633251E-3	4.891924094E-3
1.204888104E-3	1.204155385E-3	1.197972451E-3
6.003474817E-3	6.000493187E-3	5.998521578E-3
2.520283160E-4	2.519118425E-4	2.415466734E-4
6.250979844E-3	6.250902545E-3	6.252768915E-3
7.182528498E-4	7.235662779E-4	7.263514563E-4
5.271836184E-3	5.269403104E-3	5.255029071E-3
2.258449793E-3	2.255364554E-3	2.247217344E-3
3.381304210E-3	3.374089021E-3	3.359366208E-3
4.266536795E-3	4.270546604E-3	4.270806443E-3
1.373130828E-3	1.369500766E-3	1.352875493E-3
5.937267095E-3	5.930204410E-3	5.930081941E-3
2.442898403E-4	2.415515628E-4	2.273668651E-4
6.299973931E-3	6.294794381E-3	6.287232041E-3
5.415427149E-4	5.337825278E-4	5.241609761E-4
5.364314187E-3	5.371838342E-3	5.359948613E-3
1.821822021E-3	1.837177319E-3	1.837248099E-3
3.816379001E-3	3.824582323E-3	3.806155873E-3
3.499289276E-3	3.512616735E-3	3.503235988E-3
2.455695765E-3	2.447318286E-3	2.448680345E-3
4.479844123E-3	4.465637263E-3	4.474368412E-3
1.999167260E-3	2.003252739E-3	1.997862943E-3
4.299920518E-3	4.315636121E-3	4.304917995E-3
2.529021353E-3	2.522492083E-3	2.527943812E-3
3.383549629E-3	3.390536411E-3	3.378363326E-3
3.508948022E-3	3.504392458E-3	3.504375694E-3
2.409235109E-3	2.411517780E-3	2.397921868E-3
4.233458079E-3	4.229343496E-3	4.238326568E-3
1.991056837E-3	1.988478936E-3	1.985868672E-3
4.081522115E-3	4.074499011E-3	4.060184583E-3
2.551544691E-3	2.550656907E-3	2.542644506E-3
3.012937959E-3	3.027962986E-3	3.023737576E-3
3.859813791E-3	3.848772962E-3	3.855858929E-3
1.704390161E-3	1.701920643E-3	1.698162523E-3
5.203240551E-3	5.195825361E-3	5.194841884E-3
7.624290884E-4	7.530442090E-4	7.476514438E-4
5.840218160E-3	5.833285395E-3	5.831914023E-3
7.454596926E-4	7.417108864E-4	7.413105341E-4
5.375431385E-3	5.368509796E-3	5.373556633E-3
1.692336169E-3	1.691728714E-3	1.684505725E-3
4.083481152E-3	4.066134337E-3	4.064592533E-3
3.163341433E-3	3.164146794E-3	3.161363536E-3
2.524195006E-3	2.520906506E-3	2.519185888E-3
4.539546557E-3	4.552759230E-3	4.535294138E-3
1.518405625E-3	1.486164168E-3	1.504798303E-3
5.167415366E-3	5.172839854E-3	5.176342558E-3
1.391863683E-3	1.384417294E-3	1.371973311E-3
4.891300574E-3	4.902510438E-3	4.881426226E-3
2.009775722E-3	2.017118037E-3	2.006148687E-3
4.047249909E-3	4.054649733E-3	4.044544417E-3
3.081706120E-3	3.080621595E-3	3.063252429E-3
3.208428621E-3	3.194743069E-3	3.193647368E-3
3.854390467E-3	3.851694055E-3	3.839878365E-3
2.832730999E-3	2.827306977E-3	2.805270953E-3
3.989992198E-3	3.985783551E-3	3.981879912E-3
2.999464283E-3	2.997378586E-3	2.994977636E-3
3.559993114E-3	3.552819835E-3	3.548014909E-3
3.592594992E-3	3.589963540E-3	3.575713839E-3
3.068644088E-3	3.067297395E-3	3.056167858E-3
4.152008332E-3	4.153839778E-3	4.148992244E-3
2.849526238E-3	2.839519409E-3	2.837530104E-3
4.229440354E-3	4.219766706E-3	4.206738900E-3
3.153647296E-3	3.141612746E-3	3.136509331E-3
3.723520553E-3	3.720942419E-3	3.698351094E-3
3.908625804E-3	3.911066800E-3	3.904233221E-3
2.984317252E-3	2.986825770E-3	2.989082364E-3
4.721763078E-3	4.712716676E-3	4.717649892E-3
2.421707148E-3	2.412181115E-3	2.412627218E-3
5.165261216E-3	5.156845320E-3	5.145165604E-3
2.291350393E-3	2.283046721E-3	2.268686658E-3
5.028585438E-3	5.026538856E-3	5.011428613E-3
2.695900621E-3	2.686180174E-3	2.686702181E-3
4.553993698E-3	4.540107679E-3	4.541357979E-3
3.449241165E-3	3.444136586E-3	3.432552563E-3
3.872147994E-3	3.863033140E-3	3.850759473E-3
4.057848360E-3	4.061700311E-3	4.057355691E-3
3.340825438E-3	3.331859829E-3	3.327834653E-3
4.382021260E-3	4.375032149E-3	4.376479425E-3
3.342120443E-3	3.336202120E-3	3.337443806E-3
4.421246238E-3	4.402784165E-3	4.403335974E-3
3.505667206E-3	3.500318853E-3	3.501877422E-3
4.106720444E-3	4.097963218E-3	4.093196243E-3
3.775033867E-3	3.785602748E-3	3.763853572E-3
3.858092474E-3	3.850377165E-3	3.861842211E-3
3.928823862E-3	3.933367319E-3	3.925137687E-3
3.969663288E-3	3.970948979E-3	3.966194578E-3
4.074378405E-3	4.068071488E-3	4.064019769E-3
3.993473947E-3	3.991664387E-3	3.985559568E-3
3.854994895E-3	3.856251249E-3	3.851027228E-3
4.162378609E-3	4.153371323E-3	4.146635067E-3
3.749718191E-3	3.752292134E-3	3.729029791E-3
4.194555804E-3	4.176035523E-3	4.164047539E-3
3.888484556E-3	3.872535657E-3	3.853282426E-3
4.376838915E-3	4.361769650E-3	4.361517727E-3
3.940640017E-3	3.940928262E-3	3.931785934E-3
4.068580922E-3	4.067180213E-3	4.061532672E-3
4.382013343E-3	4.381896928E-3	4.359830637E-3
3.805611981E-3	3.794734133E-3	3.792033531E-3
4.551137332E-3	4.539726302E-3	4.540929571E-3
3.699087538E-3	3.692793427E-3	3.683498129E-3
5.016012583E-3	5.019344855E-3	5.017082673E-3
3.567143111E-3	3.567976411E-3	3.556004958E-3
4.734266549E-3	4.733146168E-3	4.720443394E-3
3.959588706E-3	3.943255637E-3	3.936169669E-3
4.657324404E-3	4.659232683E-3	4.658801947E-3
4.087598063E-3	4.066173453E-3	4.072479438E-3
4.435826559E-3	4.434297793E-3	4.425239749E-3
4.583782516E-3	4.577708896E-3	4.577692598E-3
4.176962189E-3	4.175621551E-3	4.166427068E-3
4.438851960E-3	4.431275185E-3	4.429959226E-3
4.421510734E-3	4.385167267E-3	4.386506043E-3
4.687265959E-3	4.658795893E-3	4.667134956E-3
4.287437536E-3	4.297960084E-3	4.280720372E-3
4.539440852E-3	4.535777029E-3	4.519759677E-3
4.696756601E-3	4.678315483E-3	4.678665660E-3
4.450251348E-3	4.445164930E-3	4.437194671E-3
4.445864353E-3	4.438957199E-3	4.435881507E-3
4.763562232E-3	4.747233354E-3	4.733162001E-3
4.739933647E-3	4.762288183E-3	4.735676572E-3
4.540059716E-3	4.548474215E-3	4.529525060E-3
4.473410081E-3	4.458234645E-3	4.451023415E-3
5.088999402E-3	5.094268825E-3	5.079202820E-3
4.468018655E-3	4.468007479E-3	4.460523836E-3
4.843801260E-3	4.828974139E-3	4.823258612E-3
4.710901529E-3	4.713765346E-3	4.679984413E-3
4.993063863E-3	4.979437217E-3	4.974243231E-3
4.514363594E-3	4.507654812E-3	4.497324117E-3
4.659839440E-3	4.642391112E-3	4.651568364E-3
5.247219466E-3	5.243536085E-3	5.227451678E-3
4.612258635E-3	4.600152373E-3	4.585938063E-3
5.034870468E-3	5.027544219E-3	5.024367478E-3
4.711888265E-3	4.708884750E-3	4.688997287E-3
5.321565084E-3	5.325529259E-3	5.310974550E-3
4.448549822E-3	4.439804703E-3	4.430927336E-3
5.201082677E-3	5.200940184E-3	5.181688815E-3
4.926436581E-3	4.921578802E-3	4.908029921E-3
5.128587130E-3	5.116258282E-3	5.111613311E-3
4.935611971E-3	4.914799239E-3	4.920484964E-3
5.225853063E-3	5.193850026E-3	5.199068692E-3
5.262141116E-3	5.258659832E-3	5.234308075E-3
5.060128868E-3	5.057394039E-3	5.049356725E-3
5.380908027E-3	5.367785227E-3	5.373966414E-3
5.474760197E-3	5.456263665E-3	5.445250310E-3
5.330089014E-3	5.321549252E-3	5.329259671E-3
5.352157634E-3	5.342773162E-3	5.344553851E-3
5.438093096E-3	5.454845726E-3	5.429818761E-3
5.541414022E-3	5.542023573E-3	5.532908253E-3
5.392748863E-3	5.381925032E-3	5.385531113E-3
5.513873883E-3	5.517006386E-3	5.512341391E-3
5.638821982E-3	5.627315491E-3	5.623952020E-3
5.429978948E-3	5.435593426E-3	5.411052145E-3
5.700293928E-3	5.710142199E-3	5.705797113E-3
5.463517271E-3	5.460159853E-3	5.445539951E-3
5.916031078E-3	5.900412332E-3	5.887280218E-3
5.548025481E-3	5.540404469E-3	5.516249686E-3
6.103270687E-3	6.103430409E-3	6.103481166E-3
5.829856265E-3	5.822282750E-3	5.827616435E-3
6.144472864E-3	6.130050868E-3	6.125987507E-3
6.028597709E-3	6.023483351E-3	6.016926374E-3
6.106427871E-3	6.102073472E-3	6.098236423E-3
6.258768961E-3	6.259961985E-3	6.271366496E-3
6.094471086E-3	6.101876032E-3	6.099408958E-3
6.430132780E-3	6.417408120E-3	6.428475026E-3
6.064991001E-3	6.070804317E-3	6.065138616E-3
6.451969501E-3	6.447222084E-3	6.432067603E-3
6.304354407E-3	6.305874325E-3	6.285413168E-3
6.571333390E-3	6.583641283E-3	6.562962662E-3
6.500804797E-3	6.498666480E-3	6.473118439E-3
6.675049663E-3	6.676596124E-3	6.656701211E-3
6.734455936E-3	6.724250503E-3	6.708325818E-3
6.734418683E-3	6.736201234E-3	6.715365220E-3
6.871217396E-3	6.859226618E-3	6.857987493E-3
6.802627351E-3	6.779821124E-3	6.785749923E-3
7.035931107E-3	7.019347046E-3	7.011145819E-3
6.990388036E-3	6.992141251E-3	6.952308584E-3
7.086666767E-3	7.090783678E-3	7.058795542E-3
7.105090655E-3	7.109612226E-3	7.084898651E-3
7.249487098E-3	7.235803641E-3	7.196506951E-3
7.321530022E-3	7.313915063E-3	7.282654755E-3
7.297131699E-3	7.302353159E-3	7.259851322E-3
7.349528838E-3	7.329985499E-3	7.286403328E-3
7.333707996E-3	7.325593848E-3	7.289454341E-3
7.484030444E-3	7.455763407E-3	7.421517745E-3
7.534085773E-3	7.521904539E-3	7.487721741E-3
7.575679105E-3	7.557018194E-3	7.524754852E-3
7.686323021E-3	7.655676454E-3	7.591994479E-3
7.641374599E-3	7.616033312E-3	7.565597538E-3
7.716131397E-3	7.670722902E-3	7.637816481E-3
7.684000768E-3	7.645444013E-3	7.608012296E-3
7.783854846E-3	7.738421205E-3	7.708225399E-3
7.800358813E-3	7.744325325E-3	7.716379594E-3
7.910034619E-3	7.849656045E-3	7.834429853E-3
8.028939366E-3	7.983088493E-3	7.971094921E-3
8.068186231E-3	8.027235046E-3	8.009143174E-3
8.107947186E-3	8.075149730E-3	8.081813343E-3
8.020844311E-3	7.985010743E-3	8.000335656E-3
8.206746541E-3	8.169154637E-3	8.174258284E-3
8.260999806E-3	8.240282536E-3	8.258989081E-3
8.416816592E-3	8.405216970E-3	8.416865952E-3
8.556131274E-3	8.547605947E-3	8.592773229E-3
8.838428184E-3	8.829183877E-3	8.867091499E-3
9.192095138E-3	9.178330190E-3	9.208182804E-3
9.323532693E-3	9.311327711E-3	9.365992621E-3
9.543335997E-3	9.563704021E-3	9.621057659E-3
9.752330370E-3	9.770021774E-3	9.819569066E-3
9.802191518E-3	9.808826260E-3	9.870371781E-3
9.641687386E-3	9.649894200E-3	9.707954712E-3
9.383526631E-3	9.418665431E-3	9.462047368E-3
9.346902370E-3	9.396059439E-3	9.419997223E-3
9.208377451E-3	9.281676263E-3	9.287812747E-3
9.204215370E-3	9.303546511E-3	9.267083369E-3
9.088278748E-3	9.203161113E-3	9.167249314E-3
9.031961672E-3	9.122154675E-3	9.065702558E-3
9.001067840E-3	9.091371670E-3	9.013377130E-3
8.844688535E-3	8.946215734E-3	8.856793866E-3
8.700568229E-3	8.780747652E-3	8.661355823E-3
8.412330411E-3	8.468282409E-3	8.316428401E-3
8.270003833E-3	8.254870772E-3	8.077517152E-3
7.761281449E-3	7.706545293E-3	7.503468543E-3
7.174231578E-3	7.040323224E-3	6.889380980E-3
6.851710379E-3	6.706559565E-3	6.558667868E-3
6.622185931E-3	6.471398752E-3	6.303022616E-3
6.545603275E-3	6.376465317E-3	6.247244310E-3
6.361696403E-3	6.180266850E-3	6.063726731E-3
6.070097908E-3	5.879677832E-3	5.795156583E-3
5.805982277E-3	5.579059944E-3	5.531804636E-3
5.487217102E-3	5.248724017E-3	5.229355302E-3
5.003346130E-3	4.815299995E-3	4.824811127E-3
4.315349273E-3	4.182051867E-3	4.252687097E-3
3.701650305E-3	3.602942452E-3	3.713706508E-3
3.153756959E-3	3.097093198E-3	3.181247739E-3
2.610275522E-3	2.610258525E-3	2.721312921E-3
1.958959037E-3	2.034735400E-3	2.146333456E-3
9.977220325E-4	1.150931465E-3	1.241486869E-3
-1.773216354E-4	-5.145854811E-5	6.951738760E-5
-1.712481142E-3	-1.625528443E-3	-1.477289596E-3
-3.391246777E-3	-3.288057633E-3	-3.160253633E-3
-4.537038971E-3	-4.472085740E-3	-4.290533252E-3
-4.863937385E-3	-4.764036275E-3	-4.594489001E-3
-5.282518454E-3	-5.169014912E-3	-5.021785386E-3
-6.117036566E-3	-6.018920336E-3	-5.870338995E-3
-6.922237109E-3	-6.845463533E-3	-6.775758229E-3
-7.375346497E-3	-7.327471394E-3	-7.330373395E-3
-7.423412520E-3	-7.368855178E-3	-7.399655879E-3
-7.931282744E-3	-7.865808904E-3	-7.938267663E-3
-8.699054830E-3	-8.612643927E-3	-8.799096569E-3
-9.421451949E-3	-9.348726831E-3	-9.543234482E-3
-1.005876064E-2	-1.004794519E-2	-1.020371914E-2
-1.047064085E-2	-1.051578484E-2	-1.066963095E-2
-1.095609833E-2	-1.105944719E-2	-1.119870320E-2
-1.138406992E-2	-1.147769764E-2	-1.161151007E-2
-1.150980406E-2	-1.164904330E-2	-1.173311286E-2
-1.136746351E-2	-1.151257381E-2	-1.154915337E-2
-1.101154741E-2	-1.112548076E-2	-1.116680354E-2
-1.065661479E-2	-1.071551722E-2	-1.073989365E-2
-1.019283477E-2	-1.023632381E-2	-1.023526676E-2
-9.463687427E-3	-9.504289366E-3	-9.495877661E-3
-8.829174563E-3	-8.885181509E-3	-8.859113790E-3
-8.098383434E-3	-8.135499433E-3	-8.105785586E-3
-7.419438567E-3	-7.415795233E-3	-7.381875534E-3
-6.853627972E-3	-6.833722349E-3	-6.812048145E-3
-6.153581198E-3	-6.108686794E-3	-6.080538966E-3
-5.469764583E-3	-5.416889675E-3	-5.375110079E-3
-4.763341509E-3	-4.728256259E-3	-4.683754407E-3
-4.157923162E-3	-4.114756361E-3	-4.103067331E-3
-3.632626729E-3	-3.585364204E-3	-3.547539469E-3
-3.225165419E-3	-3.151052631E-3	-3.116536420E-3
-2.641287399E-3	-2.605138114E-3	-2.591509605E-3
-2.210793551E-3	-2.173335291E-3	-2.137403237E-3
-1.827208325E-3	-1.775633078E-3	-1.720047207E-3
-1.352841733E-3	-1.285433071E-3	-1.243837061E-3
-1.061550458E-3	-1.032738131E-3	-9.797600796E-4
-6.364942528E-4	-6.154424627E-4	-6.006933399E-4
-4.214220680E-4	-3.979453759E-4	-3.876123810E-4
-1.105716146E-4	-8.657263243E-5	-7.442405331E-5
1.301513985E-4	1.299399446E-4	1.691950165E-4
5.070869229E-4	5.239934544E-4	5.470420001E-4
9.291273891E-4	9.153234423E-4	9.195344173E-4
1.200668165E-3	1.193042030E-3	1.193685574E-3
1.676260261E-3	1.672796207E-3	1.693497878E-3
1.922086347E-3	1.926687197E-3	1.918783993E-3
2.267058007E-3	2.220029943E-3	2.194077475E-3
2.613876713E-3	2.549770987E-3	2.533960389E-3
2.858408494E-3	2.797036432E-3	2.799001755E-3
3.054465167E-3	2.985743573E-3	2.952690003E-3
3.223418025E-3	3.140830901E-3	3.121758113E-3
3.464016598E-3	3.392410930E-3	3.383097006E-3
3.575200913E-3	3.489419352E-3	3.508728463E-3
3.672802122E-3	3.618775634E-3	3.598369192E-3
3.776826197E-3	3.738120431E-3	3.727399046E-3
3.842225764E-3	3.819830948E-3	3.818021854E-3
4.122694954E-3	4.093903117E-3	4.098340869E-3
4.161833320E-3	4.141098820E-3	4.129532259E-3
4.438216798E-3	4.420441110E-3	4.398609046E-3
4.428040702E-3	4.427296109E-3	4.409304354E-3
4.634398501E-3	4.624990281E-3	4.609761760E-3
4.618609324E-3	4.617805593E-3	4.597816151E-3
4.798408132E-3	4.795907065E-3	4.777132999E-3
4.861001857E-3	4.877729341E-3	4.859995563E-3
4.850223195E-3	4.854438361E-3	4.821755923E-3
4.921993706E-3	4.964457359E-3	4.927011672E-3
4.877357278E-3	4.909051117E-3	4.879949149E-3
5.007379223E-3	5.026798230E-3	5.001671612E-3
4.923249595E-3	4.915622529E-3	4.909270443E-3
5.087129306E-3	5.092347972E-3	5.073321052E-3
5.025703926E-3	5.053046625E-3	5.034020171E-3
5.126431119E-3	5.172904581E-3	5.153426901E-3
5.210592411E-3	5.248213187E-3	5.224043969E-3
5.261613987E-3	5.305910949E-3	5.288396962E-3
5.385756027E-3	5.461517721E-3	5.438741297E-3
5.416085944E-3	5.459087435E-3	5.437346175E-3
5.509417970E-3	5.586553365E-3	5.557199474E-3
5.504005123E-3	5.560148042E-3	5.530871451E-3
5.657862872E-3	5.705796648E-3	5.691222381E-3
5.800578743E-3	5.830436014E-3	5.814557895E-3
5.879907869E-3	5.898172967E-3	5.884701386E-3
5.995400716E-3	5.987100303E-3	6.004440133E-3
5.988516845E-3	5.994844250E-3	6.000441499E-3
6.312965881E-3	6.309545599E-3	6.299384870E-3
6.393571850E-3	6.385305896E-3	6.356062833E-3
6.563950796E-3	6.530978717E-3	6.528329570E-3
6.635834463E-3	6.564579438E-3	6.572462618E-3
6.772694644E-3	6.687393878E-3	6.674814969E-3
6.995221600E-3	6.897119805E-3	6.892626639E-3
7.178849075E-3	7.079683710E-3	7.075984962E-3
7.521652151E-3	7.405651268E-3	7.399174850E-3
7.610042114E-3	7.462472189E-3	7.487905677E-3
7.922287099E-3	7.810828276E-3	7.801069412E-3
7.877146825E-3	7.765519898E-3	7.792583201E-3
8.137966506E-3	8.056608029E-3	8.035206236E-3
8.190860972E-3	8.086974733E-3	8.082563058E-3
8.333447389E-3	8.248717524E-3	8.231168613E-3
8.426901884E-3	8.345146663E-3	8.316112682E-3
8.500861004E-3	8.451352827E-3	8.457196876E-3
8.545574732E-3	8.526977152E-3	8.493808098E-3
8.465173654E-3	8.445086889E-3	8.422107436E-3
8.500779979E-3	8.496038616E-3	8.460246027E-3
8.555960841E-3	8.552773856E-3	8.504688740E-3
8.734536357E-3	8.734137751E-3	8.699365892E-3
8.999554440E-3	9.009469301E-3	8.965260349E-3
8.993972093E-3	9.007432498E-3	8.995754644E-3
9.050738066E-3	9.092562832E-3	9.053979069E-3
9.061068296E-3	9.116350673E-3	9.081137367E-3
9.209020995E-3	9.256133810E-3	9.231701493E-3
9.377731010E-3	9.469021112E-3	9.436570108E-3
9.405728430E-3	9.487886913E-3	9.454341605E-3
9.662598372E-3	9.750420228E-3	9.729022160E-3
9.425991215E-3	9.545673616E-3	9.485971183E-3
9.835815057E-3	9.934233502E-3	9.897729382E-3
9.590927511E-3	9.715274908E-3	9.682467207E-3
9.951932356E-3	1.004901808E-2	1.004723739E-2
9.870173410E-3	9.965195321E-3	9.928029962E-3
1.014318876E-2	1.023545023E-2	1.018817443E-2
1.032765396E-2	1.039941888E-2	1.034841221E-2
1.042793132E-2	1.043768134E-2	1.042601652E-2
1.087589748E-2	1.086169109E-2	1.084699016E-2
1.081320923E-2	1.076293923E-2	1.073552202E-2
1.136776898E-2	1.130890660E-2	1.127656084E-2
1.122078486E-2	1.114909258E-2	1.112113521E-2
1.177290361E-2	1.168603264E-2	1.165583450E-2
1.189859863E-2	1.178382616E-2	1.174526848E-2
1.217910834E-2	1.201951317E-2	1.198958606E-2
1.260434277E-2	1.244323701E-2	1.243678667E-2
1.253868733E-2	1.234839577E-2	1.234245114E-2
1.323720906E-2	1.303489320E-2	1.299401186E-2
1.297228131E-2	1.278862637E-2	1.273816172E-2
1.369532477E-2	1.351448614E-2	1.345433574E-2
1.358294301E-2	1.341326162E-2	1.337186247E-2
1.375424396E-2	1.358104404E-2	1.351403538E-2
1.396446116E-2	1.383590605E-2	1.377682295E-2
1.290379092E-2	1.281276252E-2	1.278237998E-2
1.430485211E-2	1.423330605E-2	1.418965217E-2
1.206547394E-2	1.202171482E-2	1.198043488E-2
1.440976746E-2	1.443442143E-2	1.442582719E-2
1.132722571E-2	1.137391943E-2	1.137500256E-2
1.395602524E-2	1.403947081E-2	1.405509561E-2
9.883968160E-3	9.980301373E-3	1.000221260E-2
1.174721494E-2	1.187099610E-2	1.190585643E-2
7.474877406E-3	7.611359004E-3	7.642598357E-3
7.205772679E-3	7.393381558E-3	7.444378454E-3
3.765973495E-3	4.001180641E-3	4.047349095E-3
3.321729600E-4	5.645484198E-4	5.236616125E-4
-2.702298807E-3	-2.473484492E-3	-2.510726685E-3
-9.831184521E-3	-9.628997184E-3	-9.670723230E-3
-1.280233543E-2	-1.253676973E-2	-1.265776716E-2
-2.294093743E-2	-2.272097208E-2	-2.283207327E-2
-2.544811741E-2	-2.533544600E-2	-2.534992248E-2
-3.696638718E-2	-3.699038550E-2	-3.699267283E-2
-3.987076133E-2	-3.992661834E-2	-3.989451379E-2
-5.092920363E-2	-5.110623315E-2	-5.104216561E-2
-5.525961891E-2	-5.542796478E-2	-5.530440435E-2
-6.404687464E-2	-6.418909132E-2	-6.402649730E-2
-6.939828396E-2	-6.955119222E-2	-6.943207234E-2
-7.544396818E-2	-7.560722530E-2	-7.552126795E-2
-8.086749911E-2	-8.103457838E-2	-8.092795312E-2
-8.285726607E-2	-8.302233368E-2	-8.296483755E-2
-8.707033843E-2	-8.726841956E-2	-8.724663407E-2
-8.609776944E-2	-8.624786139E-2	-8.620721102E-2
-8.958649635E-2	-8.957733214E-2	-8.949747682E-2
-8.801846951E-2	-8.792120218E-2	-8.788670599E-2
-9.017170966E-2	-9.002263099E-2	-9.004351497E-2
-8.838550746E-2	-8.824813366E-2	-8.826816827E-2
-8.861676604E-2	-8.850049227E-2	-8.852557838E-2
-8.680967987E-2	-8.671207726E-2	-8.675806224E-2
-8.537719399E-2	-8.527567238E-2	-8.531389385E-2
-8.375813067E-2	-8.363343775E-2	-8.360358328E-2
-8.085567504E-2	-8.070844412E-2	-8.060865104E-2
-7.873065770E-2	-7.860795408E-2	-7.844073325E-2
-7.449699193E-2	-7.433211803E-2	-7.414325327E-2
-7.130613178E-2	-7.113700360E-2	-7.095478475E-2
-6.665638089E-2	-6.654319912E-2	-6.632165611E-2
-6.240192801E-2	-6.229709461E-2	-6.212919205E-2
-5.713886768E-2	-5.707634985E-2	-5.696871877E-2
-5.192006752E-2	-5.190078542E-2	-5.180486292E-2
-4.663972929E-2	-4.664120451E-2	-4.653848708E-2
-4.115191475E-2	-4.119717330E-2	-4.112488031E-2
-3.639667854E-2	-3.636620566E-2	-3.632342443E-2
-3.143085539E-2	-3.126394749E-2	-3.123754822E-2
-2.616413124E-2	-2.596031874E-2	-2.595401555E-2
-2.065451443E-2	-2.045946941E-2	-2.047005296E-2
-1.522839721E-2	-1.502888557E-2	-1.503012143E-2
-1.068708021E-2	-1.048699021E-2	-1.044410467E-2
-6.063129753E-3	-5.824446678E-3	-5.821509752E-3
-2.286348725E-3	-2.132048365E-3	-2.094216878E-3
1.434718724E-3	1.501715044E-3	1.589590916E-3
3.972944338E-3	3.899617819E-3	4.038746934E-3
5.957801826E-3	5.864396691E-3	6.006323267E-3
7.636774331E-3	7.506127004E-3	7.637832779E-3
8.761348203E-3	8.615163155E-3	8.698912337E-3
9.933935478E-3	9.738416411E-3	9.824639186E-3
1.019078773E-2	1.008562464E-2	1.013358869E-2
1.082311757E-2	1.079214737E-2	1.080423035E-2
1.109986007E-2	1.112223882E-2	1.110355649E-2
1.162990090E-2	1.168161444E-2	1.168171782E-2
1.193954982E-2	1.195183396E-2	1.196502987E-2
1.201488171E-2	1.202762686E-2	1.201028097E-2
1.221137308E-2	1.218885649E-2	1.217679866E-2
1.204693224E-2	1.202343497E-2	1.201719046E-2
1.202675980E-2	1.205783710E-2	1.205101423E-2
1.170157455E-2	1.174730249E-2	1.175380498E-2
1.175786369E-2	1.179815736E-2	1.181267668E-2
1.148410700E-2	1.149772946E-2	1.151920669E-2
1.128126029E-2	1.129135117E-2	1.130305044E-2
1.112757437E-2	1.114376169E-2	1.115070935E-2
1.065285876E-2	1.066472288E-2	1.068729535E-2
1.053719036E-2	1.056094002E-2	1.057863608E-2
9.925396182E-3	9.969229810E-3	9.969175793E-3
9.647107683E-3	9.693019092E-3	9.668610990E-3
8.991611190E-3	9.014382958E-3	8.964206092E-3
8.452091366E-3	8.505496196E-3	8.476910181E-3
7.922523655E-3	7.957546972E-3	7.938398048E-3
7.498900872E-3	7.527975831E-3	7.501184940E-3
7.387884427E-3	7.414936088E-3	7.400066126E-3
7.089267951E-3	7.092033513E-3	7.109569851E-3
7.233087905E-3	7.241345476E-3	7.270211354E-3
6.987891626E-3	7.010311820E-3	7.013257593E-3
7.103989366E-3	7.126929238E-3	7.136319764E-3
6.987895351E-3	7.014704403E-3	7.028453052E-3
6.978098303E-3	7.017488591E-3	7.042896934E-3
6.926402450E-3	6.972862873E-3	6.963157095E-3
6.735374220E-3	6.775516551E-3	6.793056615E-3
6.818865426E-3	6.855846383E-3	6.871805526E-3
6.617960520E-3	6.636960432E-3	6.644441281E-3
6.601507775E-3	6.606247742E-3	6.600003690E-3
6.329193711E-3	6.317852531E-3	6.309394725E-3
6.243383046E-3	6.212668959E-3	6.230127998E-3
6.097622681E-3	6.042402703E-3	6.049597636E-3
5.849514157E-3	5.815354176E-3	5.812460557E-3
5.773420446E-3	5.727123935E-3	5.722681992E-3
5.474889651E-3	5.429022480E-3	5.431087688E-3
5.483702756E-3	5.415358115E-3	5.415339954E-3
5.124825984E-3	5.064134020E-3	5.049334839E-3
5.081368610E-3	5.030120723E-3	5.012670998E-3
4.836990498E-3	4.789455328E-3	4.776954185E-3
4.645595793E-3	4.600886256E-3	4.627285525E-3
4.524813034E-3	4.512909334E-3	4.491452128E-3
4.329667427E-3	4.312464967E-3	4.299922846E-3
4.335524980E-3	4.324133974E-3	4.302011803E-3
4.079307895E-3	4.060603213E-3	4.041914828E-3
4.051579628E-3	4.025233909E-3	4.001775291E-3
3.789506387E-3	3.762505949E-3	3.731519682E-3
3.705380484E-3	3.676990513E-3	3.676412161E-3
3.487740643E-3	3.460856387E-3	3.416350577E-3
3.243760439E-3	3.218807047E-3	3.172230208E-3
3.109166864E-3	3.063803306E-3	3.054314060E-3
2.894437872E-3	2.867038129E-3	2.837745240E-3
2.783871721E-3	2.757918555E-3	2.749063307E-3
2.518648980E-3	2.504470060E-3	2.494848566E-3
2.453799592E-3	2.461364726E-3	2.437172458E-3
2.296768362E-3	2.287784824E-3	2.283531241E-3
2.093452495E-3	2.108346904E-3	2.122588456E-3
1.904813806E-3	1.935250126E-3	1.938934787E-3
1.732782112E-3	1.762930187E-3	1.779034967E-3
1.600925112E-3	1.648369478E-3	1.649753773E-3
1.441302709E-3	1.505447435E-3	1.512055518E-3
1.295077964E-3	1.348345773E-3	1.338436618E-3
1.102146809E-3	1.147030620E-3	1.159854117E-3
8.844038821E-4	9.375410737E-4	9.489076328E-4
7.428399404E-4	7.683852455E-4	7.808307419E-4
5.621523014E-4	5.813672324E-4	6.101663457E-4
4.279717105E-4	4.369003582E-4	4.570451565E-4
3.475368430E-4	3.390150378E-4	3.709458979E-4
2.962845901E-4	2.679403697E-4	2.781165531E-4
2.202788601E-4	1.805118518E-4	1.921799703E-4
8.848379366E-5	4.739545693E-5	6.692415627E-5
1.031897045E-5	-5.484191570E-5	-3.585981904E-5
-9.778427193E-5	-1.534184848E-4	-1.253328664E-4
-1.373942796E-4	-1.727190102E-4	-1.542639948E-4
-2.175344125E-4	-2.144578175E-4	-1.931029547E-4
-1.959539659E-4	-1.720805885E-4	-1.197725651E-4
-2.443915000E-4	-1.951065933E-4	-1.455563615E-4
-2.180799638E-4	-1.507180423E-4	-1.242497383E-4
-1.927704143E-4	-1.402549387E-4	-1.157916340E-4
-1.800966857E-4	-1.244601008E-4	-1.164271016E-4
-1.853357389E-4	-1.100916925E-4	-1.016922761E-4
-2.473173954E-4	-1.679883280E-4	-1.684407616E-4
-2.704078797E-4	-1.971455349E-4	-2.726560633E-4
-3.723707923E-4	-3.506827052E-4	-4.011706333E-4
-3.777802049E-4	-3.879350843E-4	-4.521399387E-4
-4.068385751E-4	-4.332852841E-4	-4.899106571E-4
-4.079353239E-4	-4.496311012E-4	-5.020941026E-4
-4.209353647E-4	-4.774253466E-4	-5.118456902E-4
-4.964798572E-4	-5.357534392E-4	-5.691791303E-4
-5.070938496E-4	-5.524887238E-4	-5.563442828E-4
-5.562138394E-4	-5.958310794E-4	-5.876406212E-4
-5.086092860E-4	-5.282933125E-4	-5.200380692E-4
-4.058786435E-4	-4.231522908E-4	-3.983068455E-4
-3.988032986E-4	-4.073781311E-4	-3.804777807E-4
-2.794732864E-4	-3.012599773E-4	-2.971600043E-4
-2.079069818E-4	-2.819532820E-4	-2.769428829E-4
-1.678689296E-4	-2.475292713E-4	-2.621106105E-4
-2.296973107E-4	-3.189643030E-4	-3.400824789E-4
-1.894758170E-4	-2.535987587E-4	-3.005780454E-4
-1.462415385E-4	-2.415073686E-4	-2.735228336E-4
-1.612671622E-4	-2.429551969E-4	-2.787649573E-4
-9.928245709E-5	-1.669158373E-4	-1.944134274E-4
-5.480682375E-5	-1.334676635E-4	-1.526476408E-4
-8.280156180E-6	-6.163553917E-5	-7.179344539E-5
4.070732757E-5	1.191876436E-5	-6.179192269E-7
-9.631950888E-6	1.463019180E-5	1.477009937E-5
7.198605090E-6	3.400641799E-5	6.430166104E-5
-2.140365359E-5	5.699538087E-5	7.863131759E-5
-3.872938805E-7	1.047603655E-4	1.190215698E-4
-4.881991117E-5	9.705571574E-5	1.226145396E-4
2.031223448E-5	1.655689848E-4	2.041215193E-4
1.376451692E-4	2.495602530E-4	3.063683980E-4
2.794496540E-4	4.023495712E-4	4.150442546E-4
3.472341341E-4	4.406597000E-4	4.629684554E-4
3.814183874E-4	4.345414636E-4	4.610269971E-4
4.025911039E-4	4.311445227E-4	4.424150102E-4
3.481794847E-4	3.563368227E-4	3.655372420E-4
2.431438770E-4	2.586457122E-4	2.731619170E-4
2.879192471E-4	2.577247797E-4	2.721386263E-4
2.871217730E-4	2.534803061E-4	2.428952866E-4
2.137108968E-4	1.442489593E-4	1.694788079E-4
1.243297447E-4	8.866516146E-5	1.230377966E-4
1.658493238E-5	8.723052815E-6	4.166180588E-5
-4.379465099E-5	-3.759342871E-5	-1.365688968E-5
-1.127744399E-4	-6.940961612E-5	-5.350878928E-5
-1.487755944E-4	-1.224766456E-4	-8.974420052E-5
-1.639103721E-4	-1.524143590E-4	-9.599247278E-5
-2.440276148E-4	-2.414296177E-4	-2.104774903E-4
-2.335692261E-4	-2.348452545E-4	-2.369513240E-4
-3.081434697E-4	-3.401570721E-4	-3.124759824E-4
-4.451549903E-4	-4.731425142E-4	-4.721310979E-4
-4.962314852E-4	-5.343773519E-4	-5.486809532E-4
-5.118864938E-4	-5.283054197E-4	-5.655075074E-4
-5.543709267E-4	-5.594543763E-4	-6.089499220E-4
-5.706230877E-4	-5.827547866E-4	-6.638293271E-4
-5.820993101E-4	-6.108457455E-4	-6.672106101E-4
-6.738303928E-4	-7.397308946E-4	-8.058596868E-4
-7.851463160E-4	-8.500184049E-4	-9.022228187E-4
-7.863245555E-4	-8.278444875E-4	-8.947266033E-4
-7.445678930E-4	-8.143521263E-4	-8.771317080E-4
-7.609518943E-4	-8.161339210E-4	-8.485582075E-4
-8.383918903E-4	-8.711593691E-4	-8.995567332E-4
-8.652990218E-4	-8.971862844E-4	-9.088613442E-4
-9.513268596E-4	-9.627679246E-4	-1.000578981E-3
-1.014026813E-3	-1.035646768E-3	-1.071829698E-3
-1.070876606E-3	-1.038026530E-3	-1.049319166E-3
-1.153575722E-3	-1.144088688E-3	-1.130468678E-3
-1.322390977E-3	-1.332544605E-3	-1.335037407E-3
-1.581846038E-3	-1.643159427E-3	-1.646561432E-3
-1.886328915E-3	-1.954377396E-3	-1.958649373E-3
-2.092366805E-3	-2.162769902E-3	-2.143471036E-3
-2.320726169E-3	-2.372082323E-3	-2.368715592E-3
-2.554766135E-3	-2.580262721E-3	-2.551078098E-3
-2.805719385E-3	-2.810818842E-3	-2.763049444E-3
-2.968425164E-3	-2.941782121E-3	-2.879903419E-3
-3.266057232E-3	-3.174395068E-3	-3.081332194E-3
-3.565028077E-3	-3.460400505E-3	-3.368059872E-3
-3.802500665E-3	-3.709295765E-3	-3.601080971E-3
-4.117681645E-3	-3.988449462E-3	-3.907707985E-3
-4.254509229E-3	-4.120077938E-3	-4.036551341E-3
-4.465563223E-3	-4.353520460E-3	-4.278171808E-3
-4.624641966E-3	-4.541156348E-3	-4.477626644E-3
-4.912433214E-3	-4.859433509E-3	-4.838556983E-3
-5.487211049E-3	-5.462030880E-3	-5.408407655E-3
-6.057216320E-3	-6.009269506E-3	-5.994131789E-3
-6.650389172E-3	-6.623438094E-3	-6.659805309E-3
-6.956428755E-3	-6.968501490E-3	-7.025505416E-3
-7.579277735E-3	-7.619609591E-3	-7.654130459E-3
-8.220645599E-3	-8.277275600E-3	-8.346864022E-3
-9.020097554E-3	-9.052081034E-3	-9.081711061E-3
-9.775990620E-3	-9.749220684E-3	-9.776261635E-3
-1.030392200E-2	-1.028954331E-2	-1.030527521E-2
-1.074097492E-2	-1.069861464E-2	-1.070864219E-2
-1.082918607E-2	-1.074404642E-2	-1.076975930E-2
-1.093769446E-2	-1.085657813E-2	-1.088592876E-2
-1.082753576E-2	-1.078387257E-2	-1.082336996E-2
-1.091062929E-2	-1.090809330E-2	-1.091061626E-2
-1.073956490E-2	-1.079681423E-2	-1.081146672E-2
-1.047742553E-2	-1.058093924E-2	-1.061876677E-2
-1.029570121E-2	-1.040972676E-2	-1.046658121E-2
-9.763509035E-3	-9.873167612E-3	-9.884431958E-3
-9.473438375E-3	-9.602788836E-3	-9.581293911E-3
-8.727997541E-3	-8.838875219E-3	-8.819057606E-3
-8.242602460E-3	-8.351099677E-3	-8.306161501E-3
-7.467673626E-3	-7.555899676E-3	-7.527951617E-3
-6.847946439E-3	-6.923222914E-3	-6.877172738E-3
-6.122253370E-3	-6.162867416E-3	-6.125723477E-3
-5.304229446E-3	-5.307319574E-3	-5.282579456E-3
-4.861854017E-3	-4.814465530E-3	-4.767962266E-3
-4.212753847E-3	-4.115335643E-3	-4.069403280E-3
-4.003115930E-3	-3.893523710E-3	-3.837396391E-3
-3.461007262E-3	-3.347532591E-3	-3.307964653E-3
-3.232314950E-3	-3.134748666E-3	-3.109412966E-3
-2.799530979E-3	-2.736472525E-3	-2.719012089E-3
-2.590133110E-3	-2.532546176E-3	-2.498556161E-3
-2.354808152E-3	-2.276093932E-3	-2.263511531E-3
-1.984668197E-3	-1.942551578E-3	-1.917024958E-3
-2.007443924E-3	-1.910404069E-3	-1.898831571E-3
-1.573904417E-3	-1.476914156E-3	-1.437564497E-3
-1.527939341E-3	-1.425106544E-3	-1.399853500E-3
-1.019724761E-3	-9.449661011E-4	-9.165789234E-4
-1.042061485E-3	-9.901573649E-4	-9.591480484E-4
-7.597810472E-4	-7.384673227E-4	-7.064552628E-4
-5.492383498E-4	-5.457860534E-4	-5.279538454E-4
-5.063512363E-4	-5.188104697E-4	-5.025496939E-4
-1.848049724E-4	-1.967601129E-4	-1.972010505E-4
-2.244935458E-4	-2.405335981E-4	-2.369633294E-4
1.090592268E-4	9.625510575E-5	9.708488506E-5
2.531085556E-6	-4.484586680E-5	-4.639717736E-5
2.392054594E-4	2.196885180E-4	2.019110689E-4
1.544700062E-4	1.701658039E-4	1.214634976E-4
2.500581031E-4	2.391068701E-4	2.239420719E-4
4.154571507E-4	3.843896848E-4	3.689279838E-4
3.187748953E-4	2.944136213E-4	2.835127525E-4
6.730115856E-4	6.226410624E-4	6.289982121E-4
4.312850651E-4	3.707237775E-4	3.525535285E-4
7.153410115E-4	6.822121213E-4	6.894374383E-4
5.183108733E-4	4.965933040E-4	4.944466054E-4
7.371624233E-4	7.137487992E-4	7.253902149E-4
8.202357567E-4	7.940328214E-4	7.929311250E-4
7.740574074E-4	7.529058494E-4	7.651494816E-4
1.098496374E-3	1.090594218E-3	1.083440031E-3
8.170457440E-4	7.931021973E-4	7.921856595E-4
1.209328067E-3	1.203179592E-3	1.209248905E-3
9.149260004E-4	9.017183911E-4	8.939912077E-4
1.275740447E-3	1.262398553E-3	1.258744858E-3
1.162522472E-3	1.145356451E-3	1.135157887E-3
1.223105472E-3	1.220252481E-3	1.190575887E-3
1.330790808E-3	1.315883710E-3	1.303212717E-3
1.133036800E-3	1.129375072E-3	1.120834262E-3
1.441681059E-3	1.445462229E-3	1.453963923E-3
1.081681927E-3	1.089460799E-3	1.109992387E-3
1.465288457E-3	1.483705244E-3	1.480391133E-3
1.172974007E-3	1.201683888E-3	1.226132968E-3
1.367739867E-3	1.403390896E-3	1.401256071E-3
1.354049426E-3	1.380366855E-3	1.381641254E-3
1.298538875E-3	1.321217627E-3	1.337355934E-3
1.528268447E-3	1.556171803E-3	1.561906072E-3
1.175928395E-3	1.223248895E-3	1.210725168E-3
1.499416074E-3	1.524683204E-3	1.523146755E-3
1.214817632E-3	1.229773974E-3	1.221505343E-3
1.534497947E-3	1.538456301E-3	1.519259764E-3
1.372085884E-3	1.355567365E-3	1.369594946E-3
1.396037522E-3	1.382119022E-3	1.390003832E-3
1.449395320E-3	1.455868944E-3	1.448223367E-3
1.274370123E-3	1.264891238E-3	1.269632136E-3
1.572553418E-3	1.586783328E-3	1.583226258E-3
1.232171431E-3	1.249858062E-3	1.236755284E-3
1.603659010E-3	1.619892893E-3	1.630320563E-3
1.253932249E-3	1.266396837E-3	1.246758387E-3
1.500951243E-3	1.483849832E-3	1.495215925E-3
1.351441257E-3	1.348813064E-3	1.342750154E-3
1.331993029E-3	1.317582792E-3	1.316818874E-3
1.427199808E-3	1.427165000E-3	1.401068992E-3
1.151474775E-3	1.137129962E-3	1.127570518E-3
1.485396991E-3	1.459356979E-3	1.459581428E-3
1.127525349E-3	1.114989864E-3	1.100450405E-3
1.416507643E-3	1.390951569E-3	1.385643845E-3
1.068974962E-3	1.055637258E-3	1.051816856E-3
1.204346074E-3	1.188856666E-3	1.201156294E-3
1.102442038E-3	1.097222092E-3	1.085345400E-3
9.969648672E-4	9.745774441E-4	9.734764462E-4
1.117247157E-3	1.106008654E-3	1.091758488E-3
7.995052147E-4	7.918346091E-4	7.920025964E-4
1.042105723E-3	1.019720803E-3	1.020153868E-3
7.130714948E-4	6.809503539E-4	6.726115826E-4
8.898939122E-4	8.560953429E-4	8.689698880E-4
7.001584745E-4	6.791804335E-4	6.874723476E-4
6.359816180E-4	6.433205563E-4	6.631866563E-4
6.818728871E-4	6.984245265E-4	7.038059994E-4
4.814512504E-4	4.758015566E-4	4.883082001E-4
6.954125129E-4	7.042888901E-4	7.146278513E-4
4.110054870E-4	4.244163283E-4	4.248834157E-4
6.247053389E-4	6.234639441E-4	6.251265877E-4
3.788245958E-4	4.021689238E-4	3.947700898E-4
4.598164232E-4	4.594577476E-4	4.595370265E-4
4.837368906E-4	4.901370266E-4	4.890226992E-4
3.423158196E-4	3.590036649E-4	3.461402666E-4
4.719049321E-4	4.940800718E-4	4.876735329E-4
2.243084455E-4	2.306722599E-4	2.379810467E-4
4.406579828E-4	4.325747141E-4	4.318200808E-4
2.422326215E-4	2.372430608E-4	2.288862452E-4
3.413721279E-4	3.423566814E-4	3.479325387E-4
2.654919808E-4	2.842083632E-4	2.843249531E-4
1.729219512E-4	1.881592325E-4	1.820943144E-4
2.683217754E-4	2.673292474E-4	2.822180395E-4
5.865262210E-5	8.284516662E-5	7.648779865E-5
2.669891692E-4	2.572712256E-4	2.771648578E-4
1.267605257E-4	1.398467139E-4	1.187741582E-4
1.928572019E-4	1.973449544E-4	1.948908903E-4
2.468668390E-4	2.595248807E-4	2.630322997E-4
1.356123830E-4	1.406944502E-4	1.377805165E-4
3.946434881E-4	4.087039561E-4	4.137580981E-4
8.321154746E-5	9.170922567E-5	8.118708502E-5
4.401537590E-4	4.469346313E-4	4.438164760E-4
1.378402958E-4	1.455525926E-4	1.312219974E-4
3.216954065E-4	3.428636992E-4	3.243701067E-4
2.731629647E-4	2.717810858E-4	2.763788216E-4
1.091135346E-4	1.076986664E-4	1.033002482E-4
4.091911833E-4	3.995662555E-4	4.015372833E-4
-1.322065509E-4	-1.381033508E-4	-1.497395278E-4
4.649478942E-4	4.861669731E-4	4.670137423E-4
-1.667451288E-4	-1.887072140E-4	-1.825428044E-4
3.686984419E-4	3.482018656E-4	3.471047676E-4
-5.877755757E-5	-6.870403740E-5	-7.319096039E-5
8.693562268E-5	6.141611811E-5	4.956723933E-5
1.705520845E-4	1.714974351E-4	1.875615999E-4
-2.904534631E-4	-3.119567700E-4	-2.945187734E-4
3.974431893E-4	3.875472466E-4	3.819723788E-4
-5.499102990E-4	-5.665159551E-4	-5.743466318E-4
4.367552465E-4	4.566319694E-4	4.573759506E-4
-5.460839020E-4	-5.547836190E-4	-5.726184463E-4
2.264071081E-4	2.227983641E-4	2.273388673E-4
-2.865523275E-4	-2.874852507E-4	-3.048220824E-4
-1.351486717E-4	-1.286340557E-4	-1.240147685E-4
7.834918506E-5	8.822776726E-5	9.050886001E-5
-5.492277560E-4	-5.639526062E-4	-5.669601378E-4
4.258527188E-4	4.188070307E-4	4.367943329E-4
-9.021318401E-4	-8.897573571E-4	-8.764405502E-4
5.017553340E-4	5.038969102E-4	5.100842100E-4
-9.167544777E-4	-9.148308309E-4	-9.137953166E-4
1.540769736E-4	1.557178330E-4	1.470024581E-4
-5.888543092E-4	-5.906065926E-4	-5.938953254E-4
-2.755203750E-4	-2.687938977E-4	-2.738965850E-4
-1.822280319E-4	-1.778129081E-4	-1.714212995E-4
-7.893601432E-4	-7.852232084E-4	-7.767783827E-4
1.748980430E-4	1.887121180E-4	1.893758163E-4
-1.282584970E-3	-1.253988594E-3	-1.264379127E-3
2.201830066E-4	2.308895200E-4	2.382640087E-4
-1.294073649E-3	-1.284986269E-3	-1.290224609E-3
-1.411637204E-4	-1.327856589E-4	-1.186835361E-4
-9.641696233E-4	-9.537478909E-4	-9.668670828E-4
-6.228808197E-4	-6.281390088E-4	-6.245832192E-4
-6.102559273E-4	-6.005220348E-4	-6.060192245E-4
-1.174727338E-3	-1.190973795E-3	-1.164965448E-3
-1.906799152E-4	-2.159008436E-4	-1.945244148E-4
-1.570607419E-3	-1.575508155E-3	-1.561154961E-3
-1.420690969E-4	-1.250538771E-4	-1.353200205E-4
-1.478827908E-3	-1.485780114E-3	-1.472156262E-3
-5.096911918E-4	-5.104537122E-4	-4.934935132E-4
-1.191663556E-3	-1.188673312E-3	-1.179178362E-3
-9.711926105E-4	-9.686867124E-4	-9.744676063E-4
-8.005457930E-4	-7.801413303E-4	-7.788688526E-4
-1.467294293E-3	-1.469780807E-3	-1.471053460E-3
-4.013122816E-4	-4.131652822E-4	-4.110283044E-4
-1.791813411E-3	-1.807532506E-3	-1.806538203E-3
-4.321135639E-4	-4.435283190E-4	-4.341565364E-4
-1.656650566E-3	-1.669150079E-3	-1.666009310E-3
-7.645800360E-4	-7.850272232E-4	-7.917624898E-4
-1.388385193E-3	-1.414240454E-3	-1.384739531E-3
-1.266579842E-3	-1.296873554E-3	-1.287167077E-3
-1.049499959E-3	-1.022103475E-3	-1.037251786E-3
-1.849842025E-3	-1.856762567E-3	-1.827894826E-3
-7.501318469E-4	-7.597635849E-4	-7.593655027E-4
-2.129723551E-3	-2.118714154E-3	-2.130782930E-3
-8.478437667E-4	-8.279812173E-4	-8.166756015E-4
-2.046877984E-3	-2.031969605E-3	-2.032952616E-3
-1.164476853E-3	-1.130633056E-3	-1.135642990E-3
-1.771487179E-3	-1.763156964E-3	-1.763680018E-3
-1.659938833E-3	-1.632271800E-3	-1.645390526E-3
-1.489357557E-3	-1.483635628E-3	-1.486330410E-3
-2.154618502E-3	-2.143116668E-3	-2.159462543E-3
-1.252743765E-3	-1.276987488E-3	-1.257882570E-3
-2.384664258E-3	-2.390961628E-3	-2.410141053E-3
-1.337393536E-3	-1.358027454E-3	-1.353756525E-3
-2.325998852E-3	-2.344789449E-3	-2.343047643E-3
-1.593777328E-3	-1.600111835E-3	-1.592300716E-3
-2.114881994E-3	-2.121805679E-3	-2.110150876E-3
-2.002648776E-3	-1.996614737E-3	-2.007989446E-3
-1.873193774E-3	-1.854496310E-3	-1.841607736E-3
-2.404875355E-3	-2.396603115E-3	-2.383668674E-3
-1.755178790E-3	-1.730805147E-3	-1.723641646E-3
-2.563827671E-3	-2.549334662E-3	-2.537096385E-3
-1.797538251E-3	-1.756036421E-3	-1.751934062E-3
-2.480271971E-3	-2.449344378E-3	-2.449984197E-3
-2.005080692E-3	-1.987304073E-3	-1.980856759E-3
-2.277547028E-3	-2.271439647E-3	-2.256424865E-3
-2.260786248E-3	-2.254618797E-3	-2.255080733E-3
-2.054718090E-3	-2.066157060E-3	-2.054039855E-3
-2.508780919E-3	-2.517234767E-3	-2.500162460E-3
-1.988420263E-3	-1.968176803E-3	-1.963427989E-3
-2.551411744E-3	-2.545615658E-3	-2.536176704E-3
-2.012298442E-3	-2.012867713E-3	-2.005320042E-3
-2.421402605E-3	-2.420057543E-3	-2.415545750E-3
-2.134948736E-3	-2.116604242E-3	-2.117731376E-3
-2.211910440E-3	-2.191233216E-3	-2.180414274E-3
-2.342525171E-3	-2.322604647E-3	-2.324871486E-3
-2.047887072E-3	-2.042413456E-3	-2.034050645E-3
-2.462983830E-3	-2.439907752E-3	-2.436302137E-3
-2.028979128E-3	-2.011758275E-3	-2.020042622E-3
-2.531104954E-3	-2.528797835E-3	-2.545067808E-3
-2.220508410E-3	-2.252300968E-3	-2.239197725E-3
-2.513796091E-3	-2.544807270E-3	-2.537633525E-3
-2.415343886E-3	-2.448515268E-3	-2.447519451E-3
-2.396277850E-3	-2.411730355E-3	-2.421516459E-3
-2.610455034E-3	-2.608319279E-3	-2.614355180E-3
-2.365239430E-3	-2.364936750E-3	-2.362374915E-3
-2.778772265E-3	-2.752732486E-3	-2.743204357E-3
-2.497294918E-3	-2.481571864E-3	-2.480479190E-3
-2.885041293E-3	-2.841636306E-3	-2.835537540E-3
-2.702614525E-3	-2.668326953E-3	-2.648223657E-3
-2.848851727E-3	-2.824526746E-3	-2.795394976E-3
-2.877532737E-3	-2.837459324E-3	-2.828265773E-3
-2.766987309E-3	-2.750519197E-3	-2.748538507E-3
-3.004275262E-3	-2.979799639E-3	-2.971644513E-3
-2.831449732E-3	-2.809341997E-3	-2.809758997E-3
-3.127288539E-3	-3.100587754E-3	-3.090844257E-3
-2.924244385E-3	-2.922323300E-3	-2.922311192E-3
-3.100543050E-3	-3.107423428E-3	-3.094980493E-3
-2.998835873E-3	-2.980078803E-3	-2.992589027E-3
-3.065122059E-3	-3.070689272E-3	-3.055619309E-3
-3.171137068E-3	-3.177143633E-3	-3.162311856E-3
-3.091521095E-3	-3.119907342E-3	-3.104645293E-3
-3.277801909E-3	-3.298263298E-3	-3.293122398E-3
-3.150200238E-3	-3.174056299E-3	-3.153808182E-3
-3.394745989E-3	-3.424656577E-3	-3.408162855E-3
-3.323580138E-3	-3.334775334E-3	-3.309561173E-3
-3.529241309E-3	-3.513730364E-3	-3.522449639E-3
-3.530969378E-3	-3.524273401E-3	-3.517953679E-3
-3.601171542E-3	-3.589461790E-3	-3.580596065E-3
-3.724996233E-3	-3.702958580E-3	-3.720872104E-3
-3.683970543E-3	-3.687574761E-3	-3.675569315E-3
-3.927615471E-3	-3.897826420E-3	-3.900781972E-3
-3.878208110E-3	-3.845176892E-3	-3.832125338E-3
-4.075829405E-3	-4.047273193E-3	-4.046722781E-3
-3.977977671E-3	-3.957550041E-3	-3.951305989E-3
-4.111225717E-3	-4.095803481E-3	-4.089858383E-3
-4.111629445E-3	-4.085209686E-3	-4.082769621E-3
-4.114277195E-3	-4.079151433E-3	-4.070324358E-3
-4.185450729E-3	-4.164432175E-3	-4.152893089E-3
-4.043405410E-3	-4.053413868E-3	-4.044547211E-3
-4.155268893E-3	-4.150825087E-3	-4.160327371E-3
-4.004857503E-3	-4.012915306E-3	-3.998429049E-3
-4.137461074E-3	-4.117957782E-3	-4.121982958E-3
-4.045232199E-3	-4.043815192E-3	-4.024891648E-3
-4.077165853E-3	-4.081360530E-3	-4.071452189E-3
-4.065995105E-3	-4.052137025E-3	-4.039016552E-3
-3.960649483E-3	-3.951343242E-3	-3.938230686E-3
-4.035639111E-3	-4.045355134E-3	-4.024836235E-3
-3.872291418E-3	-3.898576368E-3	-3.875515424E-3
-3.968694247E-3	-3.985384479E-3	-3.962187562E-3
-3.833042225E-3	-3.857823787E-3	-3.837788710E-3
-3.869244363E-3	-3.894958412E-3	-3.870098619E-3
-3.851850517E-3	-3.849445377E-3	-3.832391929E-3
-3.802691819E-3	-3.777420381E-3	-3.775978927E-3
-3.843761049E-3	-3.801078303E-3	-3.815966658E-3
-3.748300951E-3	-3.708274104E-3	-3.689666744E-3
-3.784039291E-3	-3.719128668E-3	-3.708964679E-3
-3.650611499E-3	-3.601785284E-3	-3.596896539E-3
-3.685740288E-3	-3.639040282E-3	-3.637321293E-3
-3.654721659E-3	-3.594263922E-3	-3.579840995E-3
-3.610233776E-3	-3.539291676E-3	-3.557984019E-3
-3.625332145E-3	-3.571419511E-3	-3.568109125E-3
-3.579986980E-3	-3.527366556E-3	-3.536189441E-3
-3.634092165E-3	-3.596807830E-3	-3.595388960E-3
-3.594228532E-3	-3.561292775E-3	-3.553158138E-3
-3.642549971E-3	-3.608193481E-3	-3.614121350E-3
-3.592704656E-3	-3.582461039E-3	-3.571395529E-3
-3.584849881E-3	-3.577932715E-3	-3.584915772E-3
-3.568324493E-3	-3.574461909E-3	-3.581020283E-3
-3.513208823E-3	-3.534330055E-3	-3.534562886E-3
-3.514056327E-3	-3.532178001E-3	-3.526816843E-3
-3.464451991E-3	-3.468210576E-3	-3.472226905E-3
-3.511344083E-3	-3.519500606E-3	-3.515383461E-3
-3.494042438E-3	-3.510661656E-3	-3.501431085E-3
-3.541247686E-3	-3.541579237E-3	-3.525259905E-3
-3.546371358E-3	-3.536578733E-3	-3.530886956E-3
-3.610564396E-3	-3.588577267E-3	-3.576793708E-3
-3.599442542E-3	-3.609959735E-3	-3.593871137E-3
-3.608910134E-3	-3.634721739E-3	-3.605424426E-3
-3.679549554E-3	-3.697739216E-3	-3.679071320E-3
-3.752151038E-3	-3.758844454E-3	-3.750420408E-3
-3.844394116E-3	-3.846859792E-3	-3.823854495E-3
-3.881311277E-3	-3.872986650E-3	-3.873152193E-3
-3.941026051E-3	-3.949740902E-3	-3.964209929E-3
-3.960303031E-3	-3.971273545E-3	-3.966890275E-3
-4.041175824E-3	-4.032088909E-3	-4.032884724E-3
-4.069630057E-3	-4.068694543E-3	-4.053941462E-3
-4.107644781E-3	-4.090798087E-3	-4.082232248E-3
-4.135560244E-3	-4.123819061E-3	-4.106082022E-3
-4.153621849E-3	-4.119546618E-3	-4.120363388E-3
-4.221022595E-3	-4.197798669E-3	-4.177132156E-3
-4.267826676E-3	-4.235813860E-3	-4.222680815E-3
-4.376650788E-3	-4.356613848E-3	-4.337103572E-3
-4.428258631E-3	-4.380026367E-3	-4.366164096E-3
-4.502368625E-3	-4.451097455E-3	-4.445390776E-3
-4.557393491E-3	-4.511812702E-3	-4.505082499E-3
-4.640184809E-3	-4.586387426E-3	-4.567646887E-3
-4.731112625E-3	-4.676167853E-3	-4.663335625E-3
-4.740194418E-3	-4.705620464E-3	-4.708269611E-3
-4.867727868E-3	-4.850134719E-3	-4.849082325E-3
-4.888344090E-3	-4.879150540E-3	-4.872290883E-3
-5.018155091E-3	-4.989223555E-3	-4.995458294E-3
-5.023642909E-3	-4.997928161E-3	-4.972491879E-3
-5.039523356E-3	-5.001080688E-3	-4.997950513E-3
-5.067184567E-3	-5.030350760E-3	-5.021676421E-3
-5.025508348E-3	-4.982537590E-3	-4.975087941E-3
-5.119452719E-3	-5.084765609E-3	-5.069790874E-3
-5.069852807E-3	-5.034584552E-3	-5.028516985E-3
-5.108545534E-3	-5.080447998E-3	-5.072678439E-3
-5.049135536E-3	-5.038446281E-3	-5.027843174E-3
-5.006157327E-3	-5.011787172E-3	-4.992337897E-3
-5.007273983E-3	-5.025372375E-3	-5.009541754E-3
-4.962076433E-3	-4.983899649E-3	-4.962975159E-3
-5.037975963E-3	-5.033977795E-3	-5.033904687E-3
-5.000779871E-3	-5.013064947E-3	-5.007223692E-3
-5.015010014E-3	-5.031657871E-3	-5.023562815E-3
-4.979890306E-3	-4.996092990E-3	-5.001363810E-3
-4.987533204E-3	-4.973533098E-3	-4.976192489E-3
-4.965898115E-3	-4.965916276E-3	-4.937795456E-3
-4.901745357E-3	-4.878405016E-3	-4.860294051E-3
-4.893345758E-3	-4.879213404E-3	-4.852823447E-3
-4.834273364E-3	-4.806052893E-3	-4.776314832E-3
-4.825090058E-3	-4.777559079E-3	-4.765702412E-3
-4.715544637E-3	-4.681814462E-3	-4.658659454E-3
-4.596468061E-3	-4.560676869E-3	-4.551016726E-3
-4.504526034E-3	-4.460167140E-3	-4.453416448E-3
-4.384269007E-3	-4.350980744E-3	-4.323442001E-3
-4.321910441E-3	-4.299311899E-3	-4.274629988E-3
-4.205532372E-3	-4.206221551E-3	-4.199099261E-3
-4.091509152E-3	-4.118968267E-3	-4.100535996E-3
-3.976867534E-3	-4.004883114E-3	-3.998124972E-3
-3.868814325E-3	-3.900978947E-3	-3.900188254E-3
-3.777791047E-3	-3.796226578E-3	-3.789724782E-3
-3.696399042E-3	-3.692304948E-3	-3.686678596E-3
-3.596456954E-3	-3.599813208E-3	-3.573736874E-3
-3.447225317E-3	-3.462465713E-3	-3.427937394E-3
-3.267076332E-3	-3.264060244E-3	-3.252642695E-3
-3.128759796E-3	-3.110388527E-3	-3.106299555E-3
-2.964661689E-3	-2.925149864E-3	-2.900179010E-3
-2.837119391E-3	-2.782056574E-3	-2.786802826E-3
-2.670517657E-3	-2.631831681E-3	-2.622049768E-3
-2.439768752E-3	-2.397483215E-3	-2.410997171E-3
-2.242885763E-3	-2.206337871E-3	-2.207622863E-3
-2.014243975E-3	-1.981725451E-3	-1.970737940E-3
-1.845937222E-3	-1.831458416E-3	-1.833754010E-3
-1.664949930E-3	-1.646210207E-3	-1.638972433E-3
-1.565589919E-3	-1.560549950E-3	-1.550654648E-3
-1.491467119E-3	-1.489646849E-3	-1.476381789E-3
-1.361968112E-3	-1.375974272E-3	-1.373124542E-3
-1.318463706E-3	-1.329884864E-3	-1.324161072E-3
-1.206423622E-3	-1.210705261E-3	-1.221806044E-3
-1.152614481E-3	-1.149849966E-3	-1.172242686E-3
-1.041161828E-3	-1.026319922E-3	-1.030080253E-3
-1.027160557E-3	-1.004840713E-3	-1.003109035E-3
-1.099355053E-3	-1.090706559E-3	-1.082644099E-3
-1.125029405E-3	-1.097877976E-3	-1.102067996E-3
-1.142332214E-3	-1.114239101E-3	-1.096014632E-3
-1.061461051E-3	-1.018987154E-3	-1.011356595E-3
-9.564250358E-4	-9.236874757E-4	-9.177355678E-4
-7.796445279E-4	-7.319932338E-4	-7.188217714E-4
-6.309080054E-4	-6.072873948E-4	-5.992502556E-4
-5.175268743E-4	-4.690082569E-4	-4.762769386E-4
-3.871924710E-4	-3.728862212E-4	-3.647840349E-4
-2.971358481E-4	-2.635040146E-4	-2.459119714E-4
-1.395854197E-4	-9.386547754E-5	-8.372353477E-5
-2.294700425E-5	3.051490694E-6	1.362725015E-5
2.275171719E-4	2.401590027E-4	2.587200725E-4
4.636572849E-4	4.701593425E-4	4.899094929E-4
6.740674144E-4	6.889927899E-4	6.981564220E-4
8.407281712E-4	8.350319695E-4	8.445545682E-4
9.662578814E-4	9.747358272E-4	9.726285934E-4
1.129036653E-3	1.111130114E-3	1.119640307E-3
1.223815954E-3	1.219984028E-3	1.221271348E-3
1.400764100E-3	1.375920372E-3	1.364609459E-3
1.538377139E-3	1.499327947E-3	1.496396842E-3
1.657447661E-3	1.614161185E-3	1.615850138E-3
1.746460097E-3	1.721824636E-3	1.713533420E-3
1.847291831E-3	1.815092633E-3	1.812798670E-3
1.929954509E-3	1.909029670E-3	1.890933141E-3
1.972308848E-3	1.927931095E-3	1.928171376E-3
2.032320714E-3	1.997303450E-3	1.996714622E-3
2.127742628E-3	2.088030102E-3	2.093444346E-3
2.197871218E-3	2.184213139E-3	2.187031321E-3
2.260504058E-3	2.242446411E-3	2.240634291E-3
2.330026822E-3	2.297407715E-3	2.300497377E-3
2.418755554E-3	2.413126640E-3	2.408485860E-3
2.458475064E-3	2.454719739E-3	2.463104436E-3
2.482016338E-3	2.482054988E-3	2.492453903E-3
2.515883651E-3	2.495428082E-3	2.500945935E-3
2.517773304E-3	2.501178533E-3	2.493971260E-3
2.515721833E-3	2.504790435E-3	2.500559203E-3
2.544644289E-3	2.535609528E-3	2.541057533E-3
2.577355830E-3	2.571701305E-3	2.574442886E-3
2.601904096E-3	2.595912432E-3	2.605949529E-3
2.580823144E-3	2.603213768E-3	2.614768455E-3
2.563427668E-3	2.601835644E-3	2.598872641E-3
2.543105744E-3	2.600387437E-3	2.596945269E-3
2.531343140E-3	2.590996446E-3	2.588282106E-3
2.554518403E-3	2.574583050E-3	2.592234407E-3
2.607852453E-3	2.643221058E-3	2.633326454E-3
2.598528052E-3	2.629081486E-3	2.643158194E-3
2.599751111E-3	2.629451919E-3	2.645721193E-3
2.580337925E-3	2.617679071E-3	2.622774569E-3
2.558374312E-3	2.584428061E-3	2.589832991E-3
2.490670187E-3	2.534428844E-3	2.514547901E-3
2.425986808E-3	2.452837070E-3	2.454933245E-3
2.422121353E-3	2.451544162E-3	2.426027320E-3
2.345760819E-3	2.356015379E-3	2.348963637E-3
2.295801649E-3	2.307052724E-3	2.303245012E-3
2.207188169E-3	2.191852778E-3	2.200822346E-3
2.148284577E-3	2.139500808E-3	2.129423432E-3
2.078316873E-3	2.055163030E-3	2.052253345E-3
1.976047875E-3	1.950099249E-3	1.948900754E-3
1.906319987E-3	1.872254652E-3	1.875514747E-3
1.759741106E-3	1.733375597E-3	1.737389131E-3
1.696576481E-3	1.685475348E-3	1.677886699E-3
1.581663382E-3	1.552514499E-3	1.543404302E-3
1.566094812E-3	1.536491909E-3	1.544320839E-3
1.513173804E-3	1.489861752E-3	1.486806548E-3
1.482345513E-3	1.458409475E-3	1.457212842E-3
1.443642657E-3	1.428955584E-3	1.414981904E-3
1.361312345E-3	1.333310734E-3	1.345407916E-3
1.350094448E-3	1.322567696E-3	1.339270035E-3
1.238835626E-3	1.223621890E-3	1.239139936E-3
1.299931318E-3	1.276478637E-3	1.282063313E-3
1.227273024E-3	1.213672454E-3	1.212798059E-3
1.282620709E-3	1.263677841E-3	1.269909320E-3
1.220924896E-3	1.214942313E-3	1.205951441E-3
1.221667975E-3	1.225579879E-3	1.212299801E-3
1.233153744E-3	1.213660231E-3	1.223834464E-3
1.152168959E-3	1.161492546E-3	1.161314663E-3
1.216194360E-3	1.224191161E-3	1.227593864E-3
1.115039689E-3	1.118772780E-3	1.123105059E-3
1.208301052E-3	1.221095328E-3	1.225658227E-3
1.077727065E-3	1.102701877E-3	1.089597004E-3
1.182480948E-3	1.197643927E-3	1.186253387E-3
1.083509531E-3	1.112658065E-3	1.118946122E-3
1.142758643E-3	1.160959247E-3	1.175215468E-3
1.171700307E-3	1.187226502E-3	1.194740413E-3
1.089748228E-3	1.115346677E-3	1.118543325E-3
1.172293560E-3	1.199956518E-3	1.215054188E-3
9.979214519E-4	1.025677309E-3	1.013904694E-3
1.130028861E-3	1.176146907E-3	1.168613206E-3
9.337495430E-4	9.677176713E-4	9.595875745E-4
1.122342888E-3	1.118458924E-3	1.133123878E-3
1.003619051E-3	1.022030367E-3	1.025855425E-3
1.072720159E-3	1.088065328E-3	1.071959734E-3
1.094532199E-3	1.084060990E-3	1.091970829E-3
9.408125188E-4	9.442339069E-4	9.473288665E-4
1.113781007E-3	1.115323626E-3	1.120034605E-3
8.732518181E-4	8.656184073E-4	8.766073734E-4
1.156961429E-3	1.146491384E-3	1.148378942E-3
9.138316382E-4	9.141670889E-4	9.041138692E-4
1.136549050E-3	1.125075622E-3	1.135729952E-3
1.014615409E-3	1.008003834E-3	9.988801321E-4
1.011087326E-3	1.015747664E-3	1.008640858E-3
1.099969842E-3	1.090691541E-3	1.092562801E-3
9.056866984E-4	8.873389452E-4	8.834063774E-4
1.169009483E-3	1.166525064E-3	1.168558840E-3
8.542092983E-4	8.310333942E-4	8.400119259E-4
1.199948834E-3	1.188118826E-3	1.202711253E-3
8.815619512E-4	8.642847533E-4	8.734896546E-4
1.120704692E-3	1.122024027E-3	1.126239891E-3
1.044653705E-3	1.023958670E-3	1.022425829E-3
1.026490470E-3	1.010980108E-3	1.019635936E-3
1.179828076E-3	1.183431130E-3	1.178076142E-3
8.794970927E-4	8.784498204E-4	8.807080449E-4
1.281045843E-3	1.286710263E-3	1.288232626E-3
8.001980023E-4	8.082815330E-4	8.085879381E-4
1.302352408E-3	1.301015494E-3	1.295446767E-3
8.454240742E-4	8.525630110E-4	8.665163186E-4
1.190663083E-3	1.194043667E-3	1.197583275E-3
1.007290091E-3	9.955653222E-4	1.003195415E-3
1.019838150E-3	1.028797356E-3	1.025130157E-3
1.170934178E-3	1.174346427E-3	1.178956125E-3
8.642176981E-4	8.520663250E-4	8.519010735E-4
1.325552352E-3	1.327648293E-3	1.329769962E-3
7.814613637E-4	7.658588002E-4	7.644415600E-4
1.358479145E-3	1.337643713E-3	1.343718031E-3
7.828819798E-4	7.873915602E-4	7.839010796E-4
1.210966264E-3	1.221464248E-3	1.218057703E-3
9.097127477E-4	9.173926082E-4	9.102707845E-4
1.043672557E-3	1.054842607E-3	1.045039156E-3
1.055731205E-3	1.070127590E-3	1.050563878E-3
8.193523972E-4	8.078314713E-4	8.137520053E-4
1.181080821E-3	1.187397516E-3	1.184284803E-3
6.790935877E-4	6.749014137E-4	6.834513042E-4
1.232666080E-3	1.235905336E-3	1.251479844E-3
6.897948915E-4	7.046134560E-4	7.013464347E-4
1.127244555E-3	1.145884162E-3	1.141633838E-3
7.764111506E-4	7.753092214E-4	7.862515049E-4
9.407655452E-4	9.446652839E-4	9.339146782E-4
9.188044933E-4	9.203564259E-4	9.124973440E-4
7.223899011E-4	7.241371786E-4	7.255832315E-4
1.041030046E-3	1.043889555E-3	1.038835384E-3
5.791891599E-4	5.905685248E-4	5.797660560E-4
1.044358709E-3	1.065770630E-3	1.059166738E-3
5.522260326E-4	5.577902775E-4	5.662959302E-4
9.353210917E-4	9.431291837E-4	9.401366115E-4
6.441898877E-4	6.330232136E-4	6.511472748E-4
7.664317964E-4	7.672928041E-4	7.739085704E-4
7.672843640E-4	7.744929753E-4	7.711083745E-4
5.693045096E-4	5.713205319E-4	5.696027656E-4
8.488798048E-4	8.623357280E-4	8.516380913E-4
4.572566540E-4	4.617546801E-4	4.608790914E-4
8.808285347E-4	8.935302612E-4	8.913801867E-4
5.211472162E-4	5.283366772E-4	5.259332247E-4
8.536337409E-4	8.574699168E-4	8.566631004E-4
6.745725404E-4	6.623794907E-4	6.623500376E-4
7.413317217E-4	7.394852582E-4	7.336219423E-4
8.201049641E-4	8.223143523E-4	8.178815478E-4
6.445235340E-4	6.436667754E-4	6.534874556E-4
9.598112665E-4	9.477082058E-4	9.397215326E-4
6.601387868E-4	6.346413284E-4	6.529144011E-4
1.003460144E-3	1.005735481E-3	9.993839776E-4
7.551336894E-4	7.696365938E-4	7.533243624E-4
1.002431381E-3	1.006281702E-3	9.934944101E-4
9.207644616E-4	9.325624560E-4	9.236351470E-4
9.352038614E-4	9.530030075E-4	9.592225542E-4
1.070615719E-3	1.085488126E-3	1.092857565E-3
8.987782057E-4	9.102330077E-4	9.104506462E-4
1.149256481E-3	1.177186263E-3	1.174570294E-3
9.070624365E-4	9.073769324E-4	9.081385215E-4
1.144326758E-3	1.156818005E-3	1.160612330E-3
9.578546742E-4	9.729641024E-4	9.659157949E-4
1.094698790E-3	1.090724953E-3	1.085887896E-3
1.062825904E-3	1.063558855E-3	1.061283750E-3
1.013803878E-3	1.008211868E-3	1.012326567E-3
1.135425642E-3	1.143867848E-3	1.147186500E-3
9.619867196E-4	9.462845628E-4	9.543793276E-4
1.163565903E-3	1.150782336E-3	1.159253297E-3
9.826408932E-4	9.543760680E-4	9.729022277E-4
1.162270200E-3	1.146595343E-3	1.151104108E-3
1.055351808E-3	1.031435910E-3	1.045215176E-3
1.110736514E-3	1.089196303E-3	1.099692658E-3
1.134689199E-3	1.121213660E-3	1.131906407E-3
1.034361892E-3	1.021693926E-3	1.023010118E-3
1.162412693E-3	1.147534931E-3	1.148256822E-3
9.825078305E-4	9.902070742E-4	9.960619500E-4
1.166646252E-3	1.158914063E-3	1.163083944E-3
1.024873112E-3	1.020925236E-3	1.018568524E-3
1.134700375E-3	1.153692836E-3	1.151350560E-3
1.075507142E-3	1.085872645E-3	1.104484778E-3
1.067881007E-3	1.088010496E-3	1.085126889E-3
1.111817081E-3	1.145339571E-3	1.135981875E-3
1.007741201E-3	1.027617604E-3	1.029331237E-3
1.144177397E-3	1.155819162E-3	1.164553803E-3
9.855617536E-4	9.982727934E-4	9.772469057E-4
1.106214244E-3	1.126495074E-3	1.119918656E-3
9.999710601E-4	1.019658521E-3	1.013152767E-3
1.072269981E-3	1.078629633E-3	1.086237375E-3
1.072080107E-3	1.078175381E-3	1.066686353E-3
1.015700167E-3	1.025857637E-3	1.028122497E-3
1.103091869E-3	1.112316619E-3	1.106914366E-3
1.004465972E-3	1.007275539E-3	1.004999503E-3
1.123743830E-3	1.132027362E-3	1.132645179E-3
1.013478264E-3	1.010953216E-3	1.012962544E-3
1.121300622E-3	1.129021868E-3	1.120622386E-3
1.078434871E-3	1.066508237E-3	1.068308135E-3
1.085993135E-3	1.091902610E-3	1.090202713E-3
1.133440062E-3	1.130870311E-3	1.129590208E-3
1.067116857E-3	1.072283485E-3	1.070452272E-3
1.164581394E-3	1.190107316E-3	1.181172091E-3
1.067563891E-3	1.081999857E-3	1.091038692E-3
1.199024613E-3	1.194274984E-3	1.209570211E-3
1.131706522E-3	1.144572627E-3	1.138229505E-3
1.189834205E-3	1.196336583E-3	1.191230025E-3
1.181461033E-3	1.181959989E-3	1.179231564E-3
1.177266357E-3	1.169051277E-3	1.169315889E-3
1.241227495E-3	1.238137018E-3	1.241583144E-3
1.164776040E-3	1.158418134E-3	1.169003895E-3
1.278641168E-3	1.268408843E-3	1.263590530E-3
1.206769841E-3	1.194028300E-3	1.195399091E-3
1.287334948E-3	1.270808862E-3	1.263525221E-3
1.247910201E-3	1.240313752E-3	1.236956217E-3
1.278116251E-3	1.259485376E-3	1.255788840E-3
1.325346646E-3	1.302005257E-3	1.305105048E-3
1.255320851E-3	1.254853560E-3	1.255981973E-3
1.365108415E-3	1.343415934E-3	1.344240387E-3
1.283042249E-3	1.277575269E-3	1.285813516E-3
1.350618317E-3	1.343900221E-3	1.344647375E-3
1.303365687E-3	1.293446519E-3	1.305678976E-3
1.362039126E-3	1.358383102E-3	1.358706853E-3
1.395414118E-3	1.401623711E-3	1.409770572E-3
1.389249228E-3	1.397787244E-3	1.397306798E-3
1.457192469E-3	1.475034165E-3	1.457427163E-3
1.437518746E-3	1.429627533E-3	1.433550031E-3
1.521650353E-3	1.528155524E-3	1.522065373E-3
1.471450785E-3	1.481959829E-3	1.473186770E-3
1.534607843E-3	1.549076522E-3	1.540099154E-3
1.532726223E-3	1.549903536E-3	1.547537744E-3
1.554065966E-3	1.563677797E-3	1.568770851E-3
1.588351792E-3	1.590673346E-3	1.591818174E-3
1.566126244E-3	1.566309482E-3	1.573526533E-3
1.631323947E-3	1.633186941E-3	1.635075314E-3
1.598360948E-3	1.594844740E-3	1.596859656E-3
1.653607818E-3	1.654008054E-3	1.638563816E-3
1.596583868E-3	1.592856832E-3	1.602140488E-3
1.628908794E-3	1.626441954E-3	1.621930394E-3
1.610983047E-3	1.605351921E-3	1.592420158E-3
1.594457077E-3	1.595182926E-3	1.584233600E-3
1.605116529E-3	1.608771272E-3	1.598587027E-3
1.563990372E-3	1.558187534E-3	1.559291733E-3
1.597859431E-3	1.596102375E-3	1.605253085E-3
1.546622603E-3	1.533467323E-3	1.541386009E-3
1.569676679E-3	1.565660816E-3	1.562977908E-3
1.507977024E-3	1.510557719E-3	1.516060554E-3
1.490096794E-3	1.513540745E-3	1.513234340E-3
1.472511445E-3	1.491534756E-3	1.476557227E-3
1.434274134E-3	1.441481523E-3	1.440770924E-3
1.441345434E-3	1.457131468E-3	1.459373278E-3
1.398253604E-3	1.407196862E-3	1.403314760E-3
1.427173149E-3	1.421528868E-3	1.425474766E-3
1.367290737E-3	1.363279414E-3	1.365684089E-3
1.397502958E-3	1.389256562E-3	1.387404627E-3
1.366135431E-3	1.353136380E-3	1.357972622E-3
1.348778373E-3	1.352108316E-3	1.352757448E-3
1.348636928E-3	1.349679427E-3	1.342533273E-3
1.323109260E-3	1.316864858E-3	1.314079855E-3
1.328714075E-3	1.324056066E-3	1.334529836E-3
1.297879498E-3	1.287810039E-3	1.288203406E-3
1.318040537E-3	1.309011481E-3	1.295464113E-3
1.284097554E-3	1.266602194E-3	1.285156584E-3
1.289477572E-3	1.282281009E-3	1.277052448E-3
1.275724033E-3	1.287292340E-3	1.285993028E-3
1.266707783E-3	1.272386056E-3	1.258115517E-3
1.258376404E-3	1.265858649E-3	1.281100442E-3
1.217606594E-3	1.226444729E-3	1.225229120E-3
1.233764109E-3	1.233596937E-3	1.245174790E-3
1.224139938E-3	1.236816170E-3	1.232221373E-3
1.232730458E-3	1.246445579E-3	1.240962069E-3
1.218223129E-3	1.221192069E-3	1.243693754E-3
1.216730801E-3	1.223942265E-3	1.229507034E-3
1.223700936E-3	1.229747781E-3	1.231975155E-3
1.208467525E-3	1.210070448E-3	1.220041071E-3
1.224428299E-3	1.241803751E-3	1.236627693E-3
1.228992594E-3	1.254130970E-3	1.246677130E-3
1.251284266E-3	1.263860613E-3	1.261511352E-3
1.246794942E-3	1.249156659E-3	1.261098776E-3
1.276085153E-3	1.285336679E-3	1.281437697E-3
1.283242018E-3	1.291165594E-3	1.299172640E-3
1.285622478E-3	1.287504798E-3	1.304310048E-3
1.328957849E-3	1.330794534E-3	1.328094746E-3
1.323533827E-3	1.326166443E-3	1.325929305E-3
1.355708693E-3	1.366255106E-3	1.377805485E-3
1.376883360E-3	1.375262742E-3	1.370454440E-3
1.393072773E-3	1.392380451E-3	1.410128316E-3
1.435961225E-3	1.425554045E-3	1.412997488E-3
1.441754634E-3	1.433770172E-3	1.452893950E-3
1.478018006E-3	1.469949493E-3	1.470544143E-3
1.477572019E-3	1.477578771E-3	1.472281292E-3
1.506146509E-3	1.492274343E-3	1.492535346E-3
1.509894733E-3	1.503943116E-3	1.509712311E-3
1.528588240E-3	1.523776562E-3	1.529619331E-3
1.541139907E-3	1.539219171E-3	1.545239938E-3
1.559906173E-3	1.537407516E-3	1.548775123E-3
1.577270334E-3	1.561365440E-3	1.573767280E-3
1.566719729E-3	1.549163600E-3	1.567420084E-3
1.578091993E-3	1.574345399E-3	1.582975732E-3
1.560486387E-3	1.563707832E-3	1.573209884E-3
1.594914589E-3	1.587782404E-3	1.579793985E-3
1.604670775E-3	1.605973812E-3	1.590050990E-3
1.599056413E-3	1.592394081E-3	1.604428748E-3
