-8.870781708E+1	-7.816381073E+1	-7.543459320E+1
-9.527163696E+1	-6.929134369E+1	-7.303916168E+1
-7.504450989E+1	-7.482456970E+1	-7.649502563E+1
-7.372807312E+1	-7.969188690E+1	-7.078567505E+1
-7.089320374E+1	-7.241618347E+1	-7.695870209E+1
-7.112459564E+1	-7.450574493E+1	-7.087490082E+1
-8.787104034E+1	-8.739250946E+1	-8.178778839E+1
-7.125836182E+1	-7.169318390E+1	-7.201230621E+1
-7.114630890E+1	-7.159613037E+1	-7.349674988E+1
-7.263066864E+1	-7.114729309E+1	-7.212236786E+1
-7.132130432E+1	-7.044515991E+1	-7.195613861E+1
-7.643323517E+1	-8.042612457E+1	-7.807723999E+1
-7.053805542E+1	-7.290094757E+1	-7.127197266E+1
-7.169415283E+1	-7.076309204E+1	-7.092285156E+1
-6.746371460E+1	-6.886731720E+1	-6.995602417E+1
-6.782027435E+1	-6.699880219E+1	-6.654419708E+1
-6.790474701E+1	-7.046422577E+1	-6.966288757E+1
-6.062396622E+1	-6.012558746E+1	-6.007788849E+1
-7.378463745E+1	-7.357671356E+1	-7.642414093E+1
-6.962815094E+1	-6.930168152E+1	-6.829194641E+1
-6.752416229E+1	-6.781928253E+1	-6.888825226E+1
-6.842400360E+1	-6.916206360E+1	-6.940287018E+1
-6.949414825E+1	-6.825402069E+1	-6.763955688E+1
-6.726924896E+1	-6.687149811E+1	-6.606959534E+1
-6.649363708E+1	-6.748250580E+1	-6.542658997E+1
-6.521507263E+1	-6.559497833E+1	-6.536330414E+1
-6.112882233E+1	-6.080678940E+1	-6.111435318E+1
-6.740801239E+1	-6.673574829E+1	-6.721216583E+1
-6.680637360E+1	-6.599269867E+1	-6.675270844E+1
-6.562756348E+1	-6.574031067E+1	-6.565287018E+1
-6.365931320E+1	-6.357278061E+1	-6.345102310E+1
-6.024599075E+1	-5.999959946E+1	-5.983791351E+1
-7.561503601E+1	-7.496748352E+1	-7.482492065E+1
-6.152630615E+1	-6.231035614E+1	-6.139348602E+1
-6.453636169E+1	-6.455281067E+1	-6.442046356E+1
-6.376473999E+1	-6.365068054E+1	-6.350120544E+1
-6.484961700E+1	-6.510580444E+1	-6.471771240E+1
-6.277862930E+1	-6.332799530E+1	-6.382422256E+1
-6.219412613E+1	-6.227992630E+1	-6.280124664E+1
-6.174459457E+1	-6.182936859E+1	-6.134476471E+1
-6.196720505E+1	-6.212171555E+1	-6.230350876E+1
-6.222840881E+1	-6.195901489E+1	-6.225233841E+1
-6.233828735E+1	-6.243765640E+1	-6.233632660E+1
-6.063882065E+1	-6.086456299E+1	-6.068688583E+1
-6.132998276E+1	-6.149834442E+1	-6.121159363E+1
-5.744998550E+1	-5.723608398E+1	-5.711194611E+1
-6.389183426E+1	-6.343173981E+1	-6.378860855E+1
-5.966642380E+1	-5.971830750E+1	-5.975602722E+1
-6.044345093E+1	-6.019512177E+1	-6.005443192E+1
-6.203550720E+1	-6.172532272E+1	-6.156968307E+1
-6.011536407E+1	-6.008990860E+1	-5.970775986E+1
-6.098539352E+1	-6.089907837E+1	-6.095470047E+1
-5.924785233E+1	-5.885858917E+1	-5.916906357E+1
-6.099209976E+1	-6.096531677E+1	-6.103627014E+1
-5.872891235E+1	-5.885751724E+1	-5.876210785E+1
-6.068764496E+1	-6.054785156E+1	-6.051315308E+1
-5.945331955E+1	-5.972367859E+1	-5.970659256E+1
-6.161410522E+1	-6.151882553E+1	-6.154408646E+1
-6.011188126E+1	-5.986833191E+1	-6.021581268E+1
-6.007571030E+1	-5.976443481E+1	-6.009928131E+1
-6.243588257E+1	-6.219438171E+1	-6.231132507E+1
-6.000417328E+1	-6.039641953E+1	-5.991197968E+1
-5.957021713E+1	-5.980499268E+1	-6.010283661E+1
-6.012276840E+1	-6.019234467E+1	-6.026763153E+1
-5.973697281E+1	-5.990873337E+1	-5.948778915E+1
-5.893177414E+1	-5.900519943E+1	-5.890769577E+1
-5.877298737E+1	-5.890985870E+1	-5.880559540E+1
-5.876770401E+1	-5.885894775E+1	-5.881050491E+1
-5.890463638E+1	-5.916635513E+1	-5.901169968E+1
-5.845563507E+1	-5.847367477E+1	-5.837674332E+1
-6.097972488E+1	-6.083548355E+1	-6.110807800E+1
-5.742197418E+1	-5.745578766E+1	-5.738003159E+1
-5.827787781E+1	-5.831846237E+1	-5.831369019E+1
-5.693556213E+1	-5.693958664E+1	-5.693395233E+1
-6.097000885E+1	-6.128793716E+1	-6.111427689E+1
-5.796000290E+1	-5.809588242E+1	-5.784858704E+1
-5.781295395E+1	-5.782728195E+1	-5.779888153E+1
-5.815159607E+1	-5.848009491E+1	-5.829268646E+1
-5.720677185E+1	-5.725110626E+1	-5.708600616E+1
-5.963599777E+1	-5.950153351E+1	-5.952667618E+1
-5.639316940E+1	-5.632757568E+1	-5.634983826E+1
-6.106471634E+1	-6.121367264E+1	-6.112751389E+1
-5.562181854E+1	-5.567222214E+1	-5.540561295E+1
-6.172395325E+1	-6.187002563E+1	-6.181631851E+1
-5.496329498E+1	-5.491483307E+1	-5.489468002E+1
-6.068382263E+1	-6.086805344E+1	-6.073039627E+1
-5.539543533E+1	-5.548088455E+1	-5.545083237E+1
-5.920238495E+1	-5.916561127E+1	-5.913196182E+1
-5.772230911E+1	-5.775141144E+1	-5.783744431E+1
-5.805060959E+1	-5.804658127E+1	-5.785586929E+1
-5.726769257E+1	-5.717179871E+1	-5.712214661E+1
-5.635943604E+1	-5.634343719E+1	-5.644186401E+1
-5.766506195E+1	-5.757803345E+1	-5.768842697E+1
-5.687126160E+1	-5.681538391E+1	-5.688775253E+1
-5.885562134E+1	-5.854496765E+1	-5.856711960E+1
-5.753456879E+1	-5.762509155E+1	-5.748911285E+1
-5.785172272E+1	-5.790409088E+1	-5.772591019E+1
-5.642712402E+1	-5.663418198E+1	-5.645790482E+1
-5.602582932E+1	-5.623402405E+1	-5.623891830E+1
-5.527351379E+1	-5.537703323E+1	-5.533717346E+1
-5.621395874E+1	-5.623825836E+1	-5.626706696E+1
-5.542290115E+1	-5.535001373E+1	-5.536649704E+1
-5.794487762E+1	-5.792577362E+1	-5.796138000E+1
-5.536362839E+1	-5.529079437E+1	-5.521525192E+1
-5.932471848E+1	-5.939376831E+1	-5.921615982E+1
-5.590261078E+1	-5.578913116E+1	-5.570484924E+1
-5.880974197E+1	-5.862242508E+1	-5.876185989E+1
-5.563376999E+1	-5.568141174E+1	-5.558110428E+1
-5.615529251E+1	-5.608276749E+1	-5.596586609E+1
-5.641784668E+1	-5.620948410E+1	-5.639503098E+1
-5.397850037E+1	-5.398501587E+1	-5.395512390E+1
-5.843781662E+1	-5.831245041E+1	-5.819503021E+1
-5.207528687E+1	-5.221807098E+1	-5.221458054E+1
-6.110074234E+1	-6.120410156E+1	-6.098876572E+1
-5.082289886E+1	-5.084544754E+1	-5.079523087E+1
-6.950397491E+1	-6.896000671E+1	-6.947454071E+1
-5.040515900E+1	-5.039545822E+1	-5.039756012E+1
-6.170481110E+1	-6.145026779E+1	-6.153870773E+1
-5.126308441E+1	-5.120969391E+1	-5.118917847E+1
-5.759034729E+1	-5.757845306E+1	-5.762319946E+1
-5.292465210E+1	-5.308939362E+1	-5.294985962E+1
-5.403404236E+1	-5.407423019E+1	-5.399515533E+1
-5.512350464E+1	-5.501293182E+1	-5.510249710E+1
-5.330399323E+1	-5.330200577E+1	-5.326485443E+1
-5.713121033E+1	-5.704673004E+1	-5.709827423E+1
-5.377469635E+1	-5.370051193E+1	-5.374074936E+1
-5.668722153E+1	-5.679367065E+1	-5.670139694E+1
-5.452733612E+1	-5.446327591E+1	-5.457949066E+1
-5.540324783E+1	-5.530688477E+1	-5.533735275E+1
-5.513833618E+1	-5.513187408E+1	-5.520152664E+1
-5.491995239E+1	-5.496373749E+1	-5.498403549E+1
-5.496000290E+1	-5.483647919E+1	-5.491577530E+1
-5.554777527E+1	-5.561274719E+1	-5.548488617E+1
-5.360209274E+1	-5.362771988E+1	-5.365896988E+1
-5.733050919E+1	-5.741508865E+1	-5.738159943E+1
-5.186741638E+1	-5.195059967E+1	-5.189313507E+1
-5.903964233E+1	-5.910809326E+1	-5.915922546E+1
-5.120911407E+1	-5.120230865E+1	-5.119607162E+1
-5.596595764E+1	-5.610521317E+1	-5.600418091E+1
-5.166683960E+1	-5.163349152E+1	-5.165286636E+1
-5.250444794E+1	-5.242704391E+1	-5.243693161E+1
-5.238403320E+1	-5.225939941E+1	-5.238946533E+1
-4.950223160E+1	-4.947657013E+1	-4.947561264E+1
-5.465399933E+1	-5.466532516E+1	-5.466410446E+1
-4.740726089E+1	-4.739486313E+1	-4.741876602E+1
-6.003865433E+1	-6.012818527E+1	-6.003260422E+1
-4.720531845E+1	-4.719972992E+1	-4.721548843E+1
-6.632339478E+1	-6.631624603E+1	-6.600148010E+1
-4.748739243E+1	-4.750239563E+1	-4.752618408E+1
-5.860013962E+1	-5.865154648E+1	-5.865798950E+1
-4.826524353E+1	-4.828594208E+1	-4.826543427E+1
-5.457306671E+1	-5.459547424E+1	-5.463567734E+1
-5.026342392E+1	-5.023988342E+1	-5.019998550E+1
-5.168369293E+1	-5.169832993E+1	-5.171668243E+1
-5.308289337E+1	-5.309209442E+1	-5.301127625E+1
-5.122988510E+1	-5.122882080E+1	-5.116992569E+1
-5.549531937E+1	-5.549707794E+1	-5.542521667E+1
-5.188364792E+1	-5.186476135E+1	-5.191161346E+1
-5.443080139E+1	-5.450614929E+1	-5.449727631E+1
-5.311739731E+1	-5.310795212E+1	-5.309842300E+1
-5.309695435E+1	-5.308536148E+1	-5.306931305E+1
-5.438787842E+1	-5.441506577E+1	-5.444235229E+1
-5.262008286E+1	-5.259738541E+1	-5.255690002E+1
-5.391722870E+1	-5.392519379E+1	-5.399371338E+1
-5.335469055E+1	-5.339896011E+1	-5.338561630E+1
-5.246472931E+1	-5.250430298E+1	-5.243587875E+1
-5.551270294E+1	-5.557511902E+1	-5.549246979E+1
-5.078150940E+1	-5.073949051E+1	-5.074061203E+1
-5.661429977E+1	-5.654478836E+1	-5.650120544E+1
-5.016449356E+1	-5.007780075E+1	-5.013466263E+1
-5.311339188E+1	-5.313395309E+1	-5.305577469E+1
-5.050674057E+1	-5.053028107E+1	-5.056493759E+1
-4.930395126E+1	-4.926061249E+1	-4.929301071E+1
-5.157250977E+1	-5.155818939E+1	-5.160453415E+1
-4.707326889E+1	-4.705508041E+1	-4.704532623E+1
-5.484716797E+1	-5.490844727E+1	-5.486380768E+1
-4.553619385E+1	-4.551102448E+1	-4.550645828E+1
-5.889043427E+1	-5.885373688E+1	-5.881201553E+1
-4.529536819E+1	-4.529618073E+1	-4.530197906E+1
-6.097342300E+1	-6.075337219E+1	-6.096663284E+1
-4.559389496E+1	-4.561502075E+1	-4.559984589E+1
-5.581301498E+1	-5.591349030E+1	-5.581437302E+1
-4.663518524E+1	-4.664070892E+1	-4.660872650E+1
-5.259362793E+1	-5.255169296E+1	-5.256422806E+1
-4.920362091E+1	-4.920370483E+1	-4.922000504E+1
-5.130310059E+1	-5.130632019E+1	-5.132511520E+1
-5.190952682E+1	-5.190705109E+1	-5.195190048E+1
-5.094718933E+1	-5.089671707E+1	-5.095198822E+1
-5.344385529E+1	-5.345356369E+1	-5.343939590E+1
-5.151301193E+1	-5.152832413E+1	-5.153176880E+1
-5.305201340E+1	-5.303196335E+1	-5.308244705E+1
-5.233838272E+1	-5.234402847E+1	-5.232126236E+1
-5.200234985E+1	-5.204184341E+1	-5.201310349E+1
-5.271963882E+1	-5.266196060E+1	-5.270187759E+1
-5.100735092E+1	-5.101518250E+1	-5.095941925E+1
-5.239529800E+1	-5.236335373E+1	-5.239793015E+1
-4.971976089E+1	-4.971009445E+1	-4.974547577E+1
-5.212001419E+1	-5.214537048E+1	-5.214810944E+1
-4.759319305E+1	-4.756861115E+1	-4.757880783E+1
-5.152878571E+1	-5.155214691E+1	-5.149188232E+1
-4.508934784E+1	-4.508557510E+1	-4.507778168E+1
-5.126968384E+1	-5.124173355E+1	-5.125058365E+1
-4.325658417E+1	-4.326210022E+1	-4.324687958E+1
-5.046365738E+1	-5.042937088E+1	-5.043111038E+1
-4.221617508E+1	-4.221557999E+1	-4.220520401E+1
-4.888643265E+1	-4.886868668E+1	-4.887626648E+1
-4.162612152E+1	-4.162338638E+1	-4.162027740E+1
-4.917484665E+1	-4.915628815E+1	-4.913848877E+1
-4.173703766E+1	-4.173318863E+1	-4.172706985E+1
-4.871945953E+1	-4.867449951E+1	-4.867741013E+1
-4.306268692E+1	-4.304402542E+1	-4.307120514E+1
-4.865752029E+1	-4.864685059E+1	-4.864481354E+1
-4.583281708E+1	-4.581192398E+1	-4.580801392E+1
-4.932596970E+1	-4.927409744E+1	-4.928839874E+1
-4.896735382E+1	-4.898954391E+1	-4.896112823E+1
-5.043071365E+1	-5.044866943E+1	-5.047146606E+1
-5.097925949E+1	-5.092272186E+1	-5.096106720E+1
-5.213162994E+1	-5.209946060E+1	-5.214008331E+1
-5.086381149E+1	-5.085431671E+1	-5.085485458E+1
-5.172149658E+1	-5.175143814E+1	-5.172175980E+1
-5.262049484E+1	-5.260746002E+1	-5.261028671E+1
-4.768349075E+1	-4.767418671E+1	-4.765436172E+1
-7.371913910E+1	-7.333721924E+1	-7.303590393E+1
-4.268547058E+1	-4.269805145E+1	-4.269982147E+1
-4.541289520E+1	-4.540537643E+1	-4.539187241E+1
-3.804536438E+1	-3.803992462E+1	-3.804927826E+1
-3.752689743E+1	-3.751325226E+1	-3.750892639E+1
-3.386008453E+1	-3.384746552E+1	-3.385005188E+1
-3.222906876E+1	-3.221533585E+1	-3.221054459E+1
-3.017092323E+1	-3.016347122E+1	-3.015847206E+1
-2.844390488E+1	-2.843337250E+1	-2.842921066E+1
-2.710272980E+1	-2.709723854E+1	-2.708885002E+1
-2.516600800E+1	-2.515488243E+1	-2.515058517E+1
-2.465341949E+1	-2.464064407E+1	-2.463593483E+1
-2.307494736E+1	-2.306572151E+1	-2.306290627E+1
-2.279771042E+1	-2.278403473E+1	-2.277806091E+1
-2.157253265E+1	-2.156348038E+1	-2.156101608E+1
-2.100584221E+1	-2.099362564E+1	-2.098741531E+1
-1.997036934E+1	-1.995891762E+1	-1.995396423E+1
-1.958880043E+1	-1.957637596E+1	-1.956904030E+1
-1.884519386E+1	-1.883729744E+1	-1.883227158E+1
-1.879078674E+1	-1.878158379E+1	-1.877982140E+1
-1.785186958E+1	-1.784204102E+1	-1.783944321E+1
-1.798607826E+1	-1.797459793E+1	-1.796918488E+1
-1.824217224E+1	-1.823456001E+1	-1.823052216E+1
-1.762482452E+1	-1.762072372E+1	-1.761639977E+1
-1.812306213E+1	-1.811294556E+1	-1.810826874E+1
-1.787849998E+1	-1.786922836E+1	-1.786604691E+1
-1.755016327E+1	-1.753850365E+1	-1.753559303E+1
-1.695884895E+1	-1.695211792E+1	-1.694414520E+1
-1.723782158E+1	-1.722836494E+1	-1.722596550E+1
-1.649231148E+1	-1.647969437E+1	-1.647809792E+1
-1.700166893E+1	-1.699325943E+1	-1.698705101E+1
-1.653995514E+1	-1.653474045E+1	-1.653103065E+1
-1.658534431E+1	-1.657723808E+1	-1.657419205E+1
-1.700791168E+1	-1.699987793E+1	-1.699675751E+1
-1.776885796E+1	-1.776249504E+1	-1.776007271E+1
-1.805071449E+1	-1.804110527E+1	-1.804124451E+1
-1.798028374E+1	-1.797604942E+1	-1.797314835E+1
-1.896067238E+1	-1.895897293E+1	-1.895754433E+1
-1.879117393E+1	-1.878303719E+1	-1.878155136E+1
-1.982920265E+1	-1.981999207E+1	-1.982061768E+1
-1.996693230E+1	-1.995576286E+1	-1.995656776E+1
-2.096873283E+1	-2.095927238E+1	-2.095605278E+1
-2.142659760E+1	-2.142163849E+1	-2.141866875E+1
-2.292993736E+1	-2.291724205E+1	-2.291648865E+1
-2.347990417E+1	-2.347666168E+1	-2.347356987E+1
-2.516125298E+1	-2.515460777E+1	-2.515022659E+1
-2.599601936E+1	-2.599078751E+1	-2.598530579E+1
-2.843719292E+1	-2.842966843E+1	-2.842479515E+1
-2.974224854E+1	-2.973423958E+1	-2.973196411E+1
-3.237147903E+1	-3.236593628E+1	-3.235783005E+1
-3.461839676E+1	-3.461700058E+1	-3.460931396E+1
-3.756761932E+1	-3.755936813E+1	-3.756233978E+1
-4.121666336E+1	-4.120039368E+1	-4.120946121E+1
-4.358391953E+1	-4.359287262E+1	-4.358334351E+1
-5.174593353E+1	-5.173103333E+1	-5.169054413E+1
-4.867547226E+1	-4.875258255E+1	-4.869276047E+1
-6.229701614E+1	-6.223052979E+1	-6.231359100E+1
-4.959204102E+1	-4.955991745E+1	-4.959198380E+1
-5.882960510E+1	-5.888562775E+1	-5.888462067E+1
-4.741818619E+1	-4.745363235E+1	-4.747649002E+1
-7.062829590E+1	-7.105842590E+1	-7.181404114E+1
-4.477732468E+1	-4.476061249E+1	-4.477395248E+1
-5.528396225E+1	-5.528924179E+1	-5.525724792E+1
-4.238941193E+1	-4.238091660E+1	-4.241718674E+1
-4.838108444E+1	-4.831251144E+1	-4.829340744E+1
-4.168215942E+1	-4.168752289E+1	-4.169000626E+1
-4.454192352E+1	-4.452486801E+1	-4.451959610E+1
-4.199819183E+1	-4.198447418E+1	-4.199544907E+1
-4.254139709E+1	-4.253745651E+1	-4.252282715E+1
-4.363162994E+1	-4.364154053E+1	-4.362228012E+1
-4.207835770E+1	-4.207756805E+1	-4.206858444E+1
-4.639678955E+1	-4.639988327E+1	-4.638166809E+1
-4.272928238E+1	-4.273987579E+1	-4.272449493E+1
-5.141375732E+1	-5.141156387E+1	-5.139166260E+1
-4.390162277E+1	-4.389354706E+1	-4.388756943E+1
-6.018614197E+1	-6.017817307E+1	-6.022649002E+1
-4.569120407E+1	-4.567874908E+1	-4.567578125E+1
-5.358498764E+1	-5.352803802E+1	-5.356878281E+1
-4.797758102E+1	-4.798689651E+1	-4.798017502E+1
-4.965876389E+1	-4.968003464E+1	-4.968226242E+1
-4.902627945E+1	-4.905909348E+1	-4.903957367E+1
-4.877479935E+1	-4.878364182E+1	-4.882295227E+1
-4.816160583E+1	-4.817576599E+1	-4.819768524E+1
-4.968774796E+1	-4.971678162E+1	-4.971459198E+1
-4.685225677E+1	-4.684591293E+1	-4.685799408E+1
-5.048027420E+1	-5.051974869E+1	-5.052762604E+1
-4.663088226E+1	-4.661953735E+1	-4.662574005E+1
-4.864466095E+1	-4.863199615E+1	-4.862113953E+1
-4.792447281E+1	-4.791231537E+1	-4.794165421E+1
-4.593310928E+1	-4.593017197E+1	-4.593909454E+1
-5.154503632E+1	-5.154908371E+1	-5.157733917E+1
-4.420549774E+1	-4.421043015E+1	-4.419795609E+1
-5.706305313E+1	-5.704963684E+1	-5.705801773E+1
-4.359354019E+1	-4.359561539E+1	-4.359102631E+1
-5.283672333E+1	-5.283646774E+1	-5.279640579E+1
-4.398606873E+1	-4.398804092E+1	-4.398389435E+1
-4.749216080E+1	-4.747614288E+1	-4.748648071E+1
-4.548208237E+1	-4.548556900E+1	-4.550733566E+1
-4.447691727E+1	-4.448426056E+1	-4.445502472E+1
-4.874594498E+1	-4.875636673E+1	-4.879435349E+1
-4.305040741E+1	-4.304817200E+1	-4.303831863E+1
-5.614186859E+1	-5.617230225E+1	-5.624332428E+1
-4.265930939E+1	-4.266286469E+1	-4.266184616E+1
-5.935532761E+1	-5.934129333E+1	-5.931104279E+1
-4.340639496E+1	-4.341468811E+1	-4.342818832E+1
-5.044202042E+1	-5.048628616E+1	-5.046533203E+1
-4.531142426E+1	-4.530016327E+1	-4.531857681E+1
-4.680855560E+1	-4.677353668E+1	-4.679629517E+1
-4.833320618E+1	-4.831589127E+1	-4.835794067E+1
-4.534286499E+1	-4.531303406E+1	-4.532657242E+1
-5.161553192E+1	-5.163660049E+1	-5.164629745E+1
-4.519867706E+1	-4.520847702E+1	-4.520041275E+1
-5.053450394E+1	-5.051216507E+1	-5.053542328E+1
-4.640481186E+1	-4.638151550E+1	-4.639608383E+1
-4.772299576E+1	-4.772480774E+1	-4.771297455E+1
-4.865393448E+1	-4.863069534E+1	-4.865752029E+1
-4.626356888E+1	-4.626122665E+1	-4.625893784E+1
-5.044054794E+1	-5.042339325E+1	-5.045298004E+1
-4.608226395E+1	-4.606999588E+1	-4.606278610E+1
-4.918446350E+1	-4.916215515E+1	-4.917031097E+1
-4.730931854E+1	-4.732516098E+1	-4.735291290E+1
-4.663012695E+1	-4.664494324E+1	-4.665945435E+1
-5.027260208E+1	-5.022889328E+1	-5.023576355E+1
-4.484856415E+1	-4.486650085E+1	-4.485514450E+1
-5.476435852E+1	-5.478149414E+1	-5.481324387E+1
-4.408027267E+1	-4.407392883E+1	-4.408466339E+1
-5.413180161E+1	-5.411865234E+1	-5.408657074E+1
-4.414238739E+1	-4.415147400E+1	-4.415994263E+1
-4.897873306E+1	-4.896831512E+1	-4.897232819E+1
-4.532774353E+1	-4.533767700E+1	-4.533030319E+1
-4.601387024E+1	-4.601412201E+1	-4.601165771E+1
-4.776655579E+1	-4.780239868E+1	-4.780590057E+1
-4.448160553E+1	-4.446981049E+1	-4.448423386E+1
-5.195662689E+1	-5.196788025E+1	-5.197384262E+1
-4.398254776E+1	-4.396880722E+1	-4.398382950E+1
-5.482014847E+1	-5.497203827E+1	-5.488291168E+1
-4.437696075E+1	-4.437384033E+1	-4.436268616E+1
-5.154589462E+1	-5.155774689E+1	-5.158404541E+1
-4.556914902E+1	-4.555042267E+1	-4.558367538E+1
-4.853849792E+1	-4.852238464E+1	-4.851649475E+1
-4.741247559E+1	-4.740453339E+1	-4.742816925E+1
-4.678941345E+1	-4.679966736E+1	-4.681004715E+1
-4.902291489E+1	-4.904462433E+1	-4.903522491E+1
-4.624732590E+1	-4.625459671E+1	-4.626642227E+1
-4.909782028E+1	-4.911436081E+1	-4.914999390E+1
-4.668681335E+1	-4.669080734E+1	-4.668253326E+1
-4.797617722E+1	-4.799343491E+1	-4.798527145E+1
-4.782525635E+1	-4.784011459E+1	-4.784856415E+1
-4.683642578E+1	-4.684262848E+1	-4.685894394E+1
-4.860364532E+1	-4.860261154E+1	-4.862307739E+1
-4.632293320E+1	-4.632183456E+1	-4.633364868E+1
-4.828607178E+1	-4.830223465E+1	-4.830732727E+1
-4.671510696E+1	-4.673371124E+1	-4.675741577E+1
-4.696030807E+1	-4.696997833E+1	-4.699137497E+1
-4.796736145E+1	-4.798834229E+1	-4.802992249E+1
-4.550924301E+1	-4.550660706E+1	-4.550423050E+1
-4.962716293E+1	-4.961439896E+1	-4.961027527E+1
-4.474617767E+1	-4.474377441E+1	-4.474366379E+1
-5.037842560E+1	-5.037678528E+1	-5.039076233E+1
-4.465039062E+1	-4.466030121E+1	-4.467445755E+1
-4.904265976E+1	-4.904972839E+1	-4.910257339E+1
-4.530208206E+1	-4.530339813E+1	-4.532694244E+1
-4.724302292E+1	-4.726151657E+1	-4.724563217E+1
-4.637712479E+1	-4.640689850E+1	-4.640356064E+1
-4.591436005E+1	-4.591682816E+1	-4.592300415E+1
-4.768005753E+1	-4.769295883E+1	-4.771845245E+1
-4.524264526E+1	-4.524135971E+1	-4.524836731E+1
-4.837308502E+1	-4.839445496E+1	-4.840066528E+1
-4.528240585E+1	-4.529027939E+1	-4.528815460E+1
-4.781456757E+1	-4.781838226E+1	-4.782870483E+1
-4.565801620E+1	-4.567049026E+1	-4.567159271E+1
-4.697330856E+1	-4.698437119E+1	-4.698441696E+1
-4.645083618E+1	-4.646270370E+1	-4.646706772E+1
-4.630989075E+1	-4.630146790E+1	-4.632622147E+1
-4.667986679E+1	-4.669225311E+1	-4.666782761E+1
-4.622196579E+1	-4.622688293E+1	-4.622822952E+1
-4.635226822E+1	-4.636279678E+1	-4.636227798E+1
-4.624069977E+1	-4.625639343E+1	-4.626028824E+1
-4.607875824E+1	-4.606882095E+1	-4.609235764E+1
-4.678807449E+1	-4.678218460E+1	-4.678387451E+1
-4.582328796E+1	-4.583200073E+1	-4.584570694E+1
-4.657269287E+1	-4.656649399E+1	-4.659564590E+1
-4.598121262E+1	-4.602647400E+1	-4.602088165E+1
-4.613502502E+1	-4.614815521E+1	-4.617902374E+1
-4.602814865E+1	-4.604670715E+1	-4.604700470E+1
-4.574156952E+1	-4.574690247E+1	-4.576667404E+1
-4.674367142E+1	-4.675282288E+1	-4.676542664E+1
-4.514006424E+1	-4.513637924E+1	-4.515253448E+1
-4.685036850E+1	-4.687539291E+1	-4.688194275E+1
-4.505815887E+1	-4.506341171E+1	-4.506899261E+1
-4.694140244E+1	-4.694873047E+1	-4.697093201E+1
-4.468233109E+1	-4.467520142E+1	-4.468328476E+1
-4.654177094E+1	-4.652976608E+1	-4.654081345E+1
-4.535793686E+1	-4.536960220E+1	-4.538515091E+1
-4.579132080E+1	-4.581471252E+1	-4.581429291E+1
-4.533637238E+1	-4.533035278E+1	-4.534087753E+1
-4.548036194E+1	-4.550844193E+1	-4.548353577E+1
-4.587690353E+1	-4.588743973E+1	-4.590464401E+1
-4.489634705E+1	-4.490501404E+1	-4.490019989E+1
-4.584110260E+1	-4.582061386E+1	-4.584321594E+1
-4.535035706E+1	-4.536725616E+1	-4.536656952E+1
-4.548342514E+1	-4.554365158E+1	-4.552704239E+1
-4.491331100E+1	-4.494872284E+1	-4.492798615E+1
-4.541781998E+1	-4.540373993E+1	-4.543579102E+1
-4.539158630E+1	-4.540169907E+1	-4.542471695E+1
-4.490307999E+1	-4.492584610E+1	-4.492089462E+1
-4.505236053E+1	-4.505832291E+1	-4.507995605E+1
-4.535175705E+1	-4.536750412E+1	-4.536439514E+1
-4.486232376E+1	-4.488964462E+1	-4.490909958E+1
-4.477085495E+1	-4.474129868E+1	-4.477226257E+1
-4.492900085E+1	-4.493120956E+1	-4.494308472E+1
-4.531263351E+1	-4.533808136E+1	-4.534592056E+1
-4.439305115E+1	-4.438507462E+1	-4.440028763E+1
-4.472507858E+1	-4.472568130E+1	-4.472854233E+1
-4.485657120E+1	-4.488444519E+1	-4.488043213E+1
-4.464910126E+1	-4.463884735E+1	-4.468107224E+1
-4.456621933E+1	-4.457427216E+1	-4.459639359E+1
-4.456547165E+1	-4.455508804E+1	-4.457792664E+1
-4.527419662E+1	-4.529105759E+1	-4.528033066E+1
-4.377920532E+1	-4.377580643E+1	-4.378597641E+1
-4.492963028E+1	-4.494249344E+1	-4.496738052E+1
-4.415456009E+1	-4.416521454E+1	-4.417478943E+1
-4.490920639E+1	-4.490489960E+1	-4.492837906E+1
-4.377640533E+1	-4.376463699E+1	-4.377276230E+1
-4.486597824E+1	-4.487206650E+1	-4.486633301E+1
-4.425247192E+1	-4.423884583E+1	-4.426955414E+1
-4.424559784E+1	-4.426064682E+1	-4.427614975E+1
-4.411766434E+1	-4.413974380E+1	-4.415592575E+1
-4.433146286E+1	-4.435947418E+1	-4.434993362E+1
-4.417253113E+1	-4.421026993E+1	-4.420864487E+1
-4.381005859E+1	-4.380629730E+1	-4.384259796E+1
-4.418608475E+1	-4.419905853E+1	-4.421834183E+1
-4.381869507E+1	-4.384428406E+1	-4.385160828E+1
-4.359260559E+1	-4.362842941E+1	-4.363193512E+1
-4.369638062E+1	-4.371133041E+1	-4.371393585E+1
-4.374520493E+1	-4.375961685E+1	-4.376512909E+1
-4.361543274E+1	-4.360293961E+1	-4.362475204E+1
-4.340007782E+1	-4.340715408E+1	-4.340858459E+1
-4.346735382E+1	-4.348421478E+1	-4.347920990E+1
-4.346838379E+1	-4.346312714E+1	-4.347022247E+1
-4.316448212E+1	-4.317225647E+1	-4.317540741E+1
-4.350097275E+1	-4.350160217E+1	-4.351682663E+1
-4.316732788E+1	-4.315748215E+1	-4.316418839E+1
-4.354594040E+1	-4.354237747E+1	-4.356845856E+1
-4.301194763E+1	-4.301281738E+1	-4.303753281E+1
-4.329222870E+1	-4.329306030E+1	-4.332938766E+1
-4.284001541E+1	-4.283244705E+1	-4.283760834E+1
-4.287104034E+1	-4.287297058E+1	-4.287064362E+1
-4.276249695E+1	-4.278342819E+1	-4.279059219E+1
-4.258366776E+1	-4.259021759E+1	-4.259762955E+1
-4.273017502E+1	-4.273457718E+1	-4.273753738E+1
-4.225000381E+1	-4.225349426E+1	-4.223143005E+1
-4.262561798E+1	-4.261992645E+1	-4.262411118E+1
-4.208086777E+1	-4.208737183E+1	-4.208027649E+1
-4.252587128E+1	-4.251122284E+1	-4.251152420E+1
-4.212535095E+1	-4.213668823E+1	-4.213680649E+1
-4.219503784E+1	-4.218989944E+1	-4.219739151E+1
-4.199436188E+1	-4.197571945E+1	-4.198911285E+1
-4.191427231E+1	-4.192379379E+1	-4.193844986E+1
-4.183610153E+1	-4.183725357E+1	-4.184460831E+1
-4.160489655E+1	-4.160498047E+1	-4.161815643E+1
-4.173917389E+1	-4.172925568E+1	-4.174038696E+1
-4.145844269E+1	-4.147305679E+1	-4.146326828E+1
-4.151340866E+1	-4.153756714E+1	-4.151649475E+1
-4.125339508E+1	-4.125674057E+1	-4.125802231E+1
-4.121405792E+1	-4.121209717E+1	-4.123931503E+1
-4.113129425E+1	-4.112870407E+1	-4.114880753E+1
-4.104430771E+1	-4.103995514E+1	-4.105477905E+1
-4.090380478E+1	-4.091637421E+1	-4.093732834E+1
-4.076657486E+1	-4.076308823E+1	-4.079280090E+1
-4.070904541E+1	-4.069527054E+1	-4.071095276E+1
-4.060280228E+1	-4.060651398E+1	-4.062351990E+1
-4.054418182E+1	-4.054471588E+1	-4.056532288E+1
-4.044642639E+1	-4.045750046E+1	-4.048673248E+1
-4.033007812E+1	-4.033266068E+1	-4.036047363E+1
-4.024504471E+1	-4.024934387E+1	-4.026580811E+1
-4.004926300E+1	-4.005982971E+1	-4.011150360E+1
-4.005639648E+1	-4.006253052E+1	-4.010074615E+1
-3.994452667E+1	-3.996528244E+1	-3.999496460E+1
-3.987755966E+1	-3.988864517E+1	-3.992737961E+1
-3.980110931E+1	-3.982552719E+1	-3.986570358E+1
-3.971922302E+1	-3.974950027E+1	-3.978480911E+1
-3.963090897E+1	-3.967627335E+1	-3.971208954E+1
-3.945624161E+1	-3.950287247E+1	-3.953576660E+1
-3.937619019E+1	-3.942239380E+1	-3.946213531E+1
-3.922695923E+1	-3.926557922E+1	-3.928659439E+1
-3.926002884E+1	-3.929356766E+1	-3.931658936E+1
-3.910086823E+1	-3.914493942E+1	-3.916324997E+1
-3.906036758E+1	-3.910040665E+1	-3.910771942E+1
-3.891202164E+1	-3.894754791E+1	-3.895267487E+1
-3.878321457E+1	-3.880428314E+1	-3.877936935E+1
-3.858210754E+1	-3.861411667E+1	-3.859423065E+1
-3.824527359E+1	-3.827483368E+1	-3.826247787E+1
-3.802508163E+1	-3.805645370E+1	-3.802834320E+1
-3.775405121E+1	-3.775842285E+1	-3.772140121E+1
-3.743211365E+1	-3.744509125E+1	-3.739587784E+1
-3.710058212E+1	-3.712386703E+1	-3.708129501E+1
-3.695075607E+1	-3.698100662E+1	-3.692549896E+1
-3.692108154E+1	-3.693638611E+1	-3.688400269E+1
-3.681169510E+1	-3.681700134E+1	-3.677770996E+1
-3.673274994E+1	-3.672680283E+1	-3.667787552E+1
-3.657776260E+1	-3.655237579E+1	-3.652310562E+1
-3.643587875E+1	-3.639648056E+1	-3.636691666E+1
-3.632623672E+1	-3.627676392E+1	-3.626034927E+1
-3.613487625E+1	-3.607887268E+1	-3.607080078E+1
-3.597376251E+1	-3.591678619E+1	-3.590578842E+1
-3.579061890E+1	-3.572544861E+1	-3.572380066E+1
-3.575402069E+1	-3.567304611E+1	-3.567836761E+1
-3.550028992E+1	-3.542303085E+1	-3.544848633E+1
-3.540636063E+1	-3.534834290E+1	-3.538615417E+1
-3.541722870E+1	-3.537399673E+1	-3.543164825E+1
-3.547516632E+1	-3.545440292E+1	-3.551147842E+1
-3.548182678E+1	-3.546825027E+1	-3.554943085E+1
-3.536001968E+1	-3.536523437E+1	-3.544869232E+1
-3.523519897E+1	-3.525295639E+1	-3.534235764E+1
-3.507231522E+1	-3.510905838E+1	-3.519453812E+1
-3.495296097E+1	-3.499908066E+1	-3.509434891E+1
-3.473308945E+1	-3.481195450E+1	-3.490073776E+1
-3.452547455E+1	-3.462062073E+1	-3.470191574E+1
-3.443297577E+1	-3.453619385E+1	-3.460850906E+1
-3.435553741E+1	-3.444957352E+1	-3.449622726E+1
-3.429085922E+1	-3.438988113E+1	-3.443307495E+1
-3.416912079E+1	-3.426570511E+1	-3.430610657E+1
-3.394403076E+1	-3.404778671E+1	-3.406544876E+1
-3.375315094E+1	-3.381128311E+1	-3.384039688E+1
-3.358087158E+1	-3.361883926E+1	-3.364436340E+1
-3.353308868E+1	-3.356186676E+1	-3.357535934E+1
-3.359714508E+1	-3.362074280E+1	-3.362679291E+1
-3.403847504E+1	-3.407054901E+1	-3.408248901E+1
-3.433816910E+1	-3.437761688E+1	-3.436454391E+1
-3.441313171E+1	-3.442493057E+1	-3.440651321E+1
-3.444858170E+1	-3.445221329E+1	-3.441512680E+1
-3.461081696E+1	-3.460145950E+1	-3.453546906E+1
-3.498248672E+1	-3.498934937E+1	-3.488970566E+1
-3.515661240E+1	-3.516115952E+1	-3.507354736E+1
-3.518652344E+1	-3.518507767E+1	-3.509239960E+1
-3.515542603E+1	-3.515935135E+1	-3.504747009E+1
-3.528471375E+1	-3.525414658E+1	-3.518054199E+1
-3.547254181E+1	-3.542498779E+1	-3.537125015E+1
-3.568639755E+1	-3.561978149E+1	-3.557293701E+1
-3.592289352E+1	-3.584673691E+1	-3.580899048E+1
-3.618502808E+1	-3.613337326E+1	-3.609684753E+1
-3.663634872E+1	-3.655190277E+1	-3.655897141E+1
-3.713837814E+1	-3.707339478E+1	-3.708890533E+1
-3.773337555E+1	-3.768397141E+1	-3.769843292E+1
-3.829051590E+1	-3.827381134E+1	-3.829355240E+1
-3.892226791E+1	-3.891421890E+1	-3.893997574E+1
-3.975259018E+1	-3.975297928E+1	-3.977905655E+1
-4.050015640E+1	-4.046921539E+1	-4.051375961E+1
-4.135124207E+1	-4.134276199E+1	-4.139345169E+1
-4.216522217E+1	-4.220511246E+1	-4.225365829E+1
-4.294271088E+1	-4.299564362E+1	-4.303884506E+1
-4.394429016E+1	-4.402851105E+1	-4.408381653E+1
-4.498691559E+1	-4.508632278E+1	-4.516067123E+1
-4.620135117E+1	-4.628719330E+1	-4.636494446E+1
-4.726174927E+1	-4.736510468E+1	-4.741300964E+1
-4.843617249E+1	-4.855261230E+1	-4.865269470E+1
-4.930593491E+1	-4.949484253E+1	-4.959221268E+1
-5.091271973E+1	-5.101959610E+1	-5.108277893E+1
-5.212399292E+1	-5.227854919E+1	-5.238956451E+1
-5.336758423E+1	-5.356089020E+1	-5.383852005E+1
-5.501872635E+1	-5.528402710E+1	-5.542510223E+1
-5.546580505E+1	-5.542768860E+1	-5.558684540E+1
-5.663559341E+1	-5.657474899E+1	-5.650689316E+1
-5.655710220E+1	-5.657617569E+1	-5.642926407E+1
-5.707222748E+1	-5.681082535E+1	-5.676255798E+1
-5.718750381E+1	-5.693292618E+1	-5.665506363E+1
-5.672177887E+1	-5.633134460E+1	-5.627569580E+1
-5.525324631E+1	-5.506176758E+1	-5.496915054E+1
-5.414488983E+1	-5.406726074E+1	-5.395160675E+1
-5.254299164E+1	-5.238834381E+1	-5.228653336E+1
-5.141664124E+1	-5.128034210E+1	-5.122672272E+1
-5.040069962E+1	-5.037661362E+1	-5.038103485E+1
-4.934428787E+1	-4.941551971E+1	-4.944601822E+1
-4.852175140E+1	-4.858588028E+1	-4.856463623E+1
-4.782752609E+1	-4.791123962E+1	-4.793855667E+1
-4.726018524E+1	-4.739925003E+1	-4.742172241E+1
-4.669427490E+1	-4.680644989E+1	-4.683642578E+1
-4.625578308E+1	-4.639852524E+1	-4.635853577E+1
-4.589981842E+1	-4.598242187E+1	-4.600977707E+1
-4.555307388E+1	-4.567041397E+1	-4.567169189E+1
-4.535992050E+1	-4.542530441E+1	-4.543096542E+1
-4.486613464E+1	-4.495900726E+1	-4.495397949E+1
-4.466772842E+1	-4.474364853E+1	-4.473634338E+1
-4.415741348E+1	-4.420665741E+1	-4.423910522E+1
-4.394934082E+1	-4.399231339E+1	-4.397871780E+1
-4.364409637E+1	-4.367548370E+1	-4.368105316E+1
-4.341535568E+1	-4.346222687E+1	-4.346608734E+1
-4.319360352E+1	-4.321831512E+1	-4.324485779E+1
-4.284352493E+1	-4.286795044E+1	-4.288166428E+1
-4.281291580E+1	-4.284423828E+1	-4.288283539E+1
-4.255495453E+1	-4.254024506E+1	-4.258603287E+1
-4.249510574E+1	-4.248325348E+1	-4.252853012E+1
-4.220195389E+1	-4.220474243E+1	-4.221828842E+1
-4.219088745E+1	-4.220359039E+1	-4.222578812E+1
-4.198865509E+1	-4.202997208E+1	-4.202465439E+1
-4.190376663E+1	-4.191613770E+1	-4.192559814E+1
-4.180361938E+1	-4.179067993E+1	-4.180828094E+1
-4.163823700E+1	-4.162334442E+1	-4.164368439E+1
-4.158203125E+1	-4.157349777E+1	-4.160221481E+1
-4.136007690E+1	-4.132316208E+1	-4.135497665E+1
-4.125465012E+1	-4.123963928E+1	-4.124975586E+1
-4.112853622E+1	-4.107461548E+1	-4.108865738E+1
-4.104717255E+1	-4.100103760E+1	-4.102527618E+1
-4.094501495E+1	-4.087491226E+1	-4.089914322E+1
-4.073351669E+1	-4.068802261E+1	-4.069751358E+1
-4.060536957E+1	-4.055782700E+1	-4.057700729E+1
-4.042394257E+1	-4.037957764E+1	-4.039129639E+1
-4.042609024E+1	-4.036864471E+1	-4.037755966E+1
-4.017673492E+1	-4.012239075E+1	-4.012281036E+1
-3.998839951E+1	-3.994607162E+1	-3.998398972E+1
-3.984853745E+1	-3.980656433E+1	-3.982905579E+1
-3.963819504E+1	-3.962567902E+1	-3.963827515E+1
-3.957899857E+1	-3.957094193E+1	-3.959806442E+1
-3.933563995E+1	-3.934797287E+1	-3.936980438E+1
-3.922146225E+1	-3.925352478E+1	-3.926317596E+1
-3.889398575E+1	-3.892832565E+1	-3.894195175E+1
-3.871279526E+1	-3.878532028E+1	-3.877342606E+1
-3.833587265E+1	-3.841523361E+1	-3.842041397E+1
-3.822356796E+1	-3.829153442E+1	-3.828071213E+1
-3.795922089E+1	-3.802045441E+1	-3.802390289E+1
-3.771204376E+1	-3.780375290E+1	-3.779051208E+1
-3.756554794E+1	-3.763246918E+1	-3.763343430E+1
-3.730524445E+1	-3.737972260E+1	-3.739813614E+1
-3.716576385E+1	-3.723756027E+1	-3.723307419E+1
-3.694033813E+1	-3.699761200E+1	-3.700280380E+1
-3.686601639E+1	-3.690986633E+1	-3.693294144E+1
-3.671427155E+1	-3.675735855E+1	-3.676637268E+1
-3.662851715E+1	-3.667021942E+1	-3.669598007E+1
-3.648250961E+1	-3.653058243E+1	-3.653611755E+1
-3.620040512E+1	-3.624765396E+1	-3.626152420E+1
-3.601857376E+1	-3.606055069E+1	-3.607165909E+1
-3.585602188E+1	-3.588650513E+1	-3.590317535E+1
-3.572126007E+1	-3.573579788E+1	-3.575820923E+1
-3.559433746E+1	-3.562183762E+1	-3.563092041E+1
-3.534146118E+1	-3.534633255E+1	-3.536352539E+1
-3.519604111E+1	-3.518567276E+1	-3.520475388E+1
-3.496280289E+1	-3.496216202E+1	-3.497018051E+1
-3.488213348E+1	-3.486876678E+1	-3.488112640E+1
-3.462339020E+1	-3.459238434E+1	-3.461403275E+1
-3.448194122E+1	-3.444739914E+1	-3.445447540E+1
-3.432138824E+1	-3.428475189E+1	-3.429337311E+1
-3.409988785E+1	-3.404696655E+1	-3.406631088E+1
-3.401493454E+1	-3.395908356E+1	-3.398937988E+1
-3.368832397E+1	-3.362621307E+1	-3.365108871E+1
-3.363772964E+1	-3.358362579E+1	-3.360034561E+1
-3.323409653E+1	-3.319851303E+1	-3.320780182E+1
-3.317244339E+1	-3.313357162E+1	-3.315097809E+1
-3.280987930E+1	-3.279047012E+1	-3.279968643E+1
-3.261913681E+1	-3.260158157E+1	-3.261524200E+1
-3.234611893E+1	-3.233192444E+1	-3.234176254E+1
-3.200602341E+1	-3.199079704E+1	-3.200230408E+1
-3.181019974E+1	-3.181597137E+1	-3.183203697E+1
-3.137298584E+1	-3.138255501E+1	-3.139377975E+1
-3.119260406E+1	-3.121004295E+1	-3.121611214E+1
-3.077847862E+1	-3.080138016E+1	-3.081798935E+1
-3.046601295E+1	-3.050774765E+1	-3.052488136E+1
-3.014814758E+1	-3.019160271E+1	-3.021135521E+1
-2.963897514E+1	-2.967992973E+1	-2.969926834E+1
-2.948954391E+1	-2.954732704E+1	-2.956523514E+1
-2.879741859E+1	-2.885185242E+1	-2.887207794E+1
-2.881260109E+1	-2.886735916E+1	-2.889400673E+1
-2.809156036E+1	-2.814753723E+1	-2.816469193E+1
-2.801518250E+1	-2.806995392E+1	-2.808650589E+1
-2.737888718E+1	-2.742192459E+1	-2.743740845E+1
-2.705934334E+1	-2.710123062E+1	-2.711750793E+1
-2.660802841E+1	-2.664584351E+1	-2.665483093E+1
-2.594259071E+1	-2.597562408E+1	-2.598856163E+1
-2.582310867E+1	-2.583727646E+1	-2.584834671E+1
-2.482728767E+1	-2.484659195E+1	-2.485610390E+1
-2.498238564E+1	-2.500156212E+1	-2.500425148E+1
-2.382138062E+1	-2.383312416E+1	-2.383022118E+1
-2.399245262E+1	-2.400055885E+1	-2.399913979E+1
-2.291092682E+1	-2.290907478E+1	-2.291396141E+1
-2.293858719E+1	-2.293263817E+1	-2.293646622E+1
-2.214892387E+1	-2.214140511E+1	-2.214485550E+1
-2.202540779E+1	-2.201374054E+1	-2.202118301E+1
-2.165130043E+1	-2.163161659E+1	-2.164608002E+1
-2.128111649E+1	-2.125592995E+1	-2.127144241E+1
-2.130102158E+1	-2.127548981E+1	-2.129417229E+1
-2.077081680E+1	-2.074905396E+1	-2.076542473E+1
-2.094536781E+1	-2.093372536E+1	-2.094939041E+1
-2.048276138E+1	-2.047132874E+1	-2.048704910E+1
-2.063164520E+1	-2.062139511E+1	-2.063202667E+1
-2.036237907E+1	-2.035282707E+1	-2.035975456E+1
-2.045554543E+1	-2.044547844E+1	-2.045393181E+1
-2.050206375E+1	-2.049161339E+1	-2.049645805E+1
-2.051197052E+1	-2.050050926E+1	-2.050302887E+1
-2.077337265E+1	-2.076939201E+1	-2.077291298E+1
-2.065343475E+1	-2.066246986E+1	-2.066952324E+1
-2.094129562E+1	-2.095466042E+1	-2.095790863E+1
-2.082291031E+1	-2.083917236E+1	-2.083666801E+1
-2.106029510E+1	-2.107452965E+1	-2.107254219E+1
-2.104965401E+1	-2.106103706E+1	-2.105854797E+1
-2.119839668E+1	-2.120779037E+1	-2.120221519E+1
-2.129475975E+1	-2.130335045E+1	-2.129710579E+1
-2.133654404E+1	-2.134562302E+1	-2.134567070E+1
-2.150653267E+1	-2.151973152E+1	-2.152368927E+1
-2.152684402E+1	-2.153683281E+1	-2.154891014E+1
-2.174073410E+1	-2.175533104E+1	-2.176928711E+1
-2.183179474E+1	-2.184946060E+1	-2.186657143E+1
-2.201619720E+1	-2.202701950E+1	-2.205038452E+1
-2.218684196E+1	-2.219840622E+1	-2.221923637E+1
-2.238816071E+1	-2.240034103E+1	-2.241842842E+1
-2.264827347E+1	-2.265252686E+1	-2.266405106E+1
-2.288395309E+1	-2.288634491E+1	-2.290169716E+1
-2.317806816E+1	-2.316888809E+1	-2.318365669E+1
-2.343894005E+1	-2.342761803E+1	-2.344108009E+1
-2.364713287E+1	-2.364468193E+1	-2.365260124E+1
-2.392869949E+1	-2.393452454E+1	-2.393855667E+1
-2.421520615E+1	-2.422557259E+1	-2.423270035E+1
-2.464194870E+1	-2.465311050E+1	-2.464419937E+1
-2.502005577E+1	-2.503657913E+1	-2.503254318E+1
-2.547740364E+1	-2.549780083E+1	-2.550063896E+1
-2.596703720E+1	-2.601350975E+1	-2.599578857E+1
-2.646932220E+1	-2.652150345E+1	-2.651374435E+1
-2.712686157E+1	-2.717138481E+1	-2.716095161E+1
-2.763300133E+1	-2.766913605E+1	-2.766285133E+1
-2.823070335E+1	-2.826714516E+1	-2.826972389E+1
-2.874491310E+1	-2.877140808E+1	-2.879147911E+1
-2.935726929E+1	-2.937550926E+1	-2.938549232E+1
-2.992141151E+1	-2.991363335E+1	-2.993432236E+1
-3.040733147E+1	-3.038624382E+1	-3.041506004E+1
-3.090612984E+1	-3.088559341E+1	-3.091109085E+1
-3.131863594E+1	-3.131087875E+1	-3.132431221E+1
-3.186783981E+1	-3.187401772E+1	-3.189008331E+1
-3.231618500E+1	-3.231136322E+1	-3.233560181E+1
-3.285571289E+1	-3.286594391E+1	-3.286857986E+1
-3.339648819E+1	-3.339192200E+1	-3.339790726E+1
-3.384106445E+1	-3.382011032E+1	-3.381929779E+1
-3.440854263E+1	-3.439094543E+1	-3.440158844E+1
-3.474651337E+1	-3.474046326E+1	-3.473469543E+1
-3.533197403E+1	-3.533882141E+1	-3.534065628E+1
-3.574654007E+1	-3.574274063E+1	-3.575430298E+1
-3.626744461E+1	-3.625473022E+1	-3.626602173E+1
-3.682480240E+1	-3.681589127E+1	-3.682091141E+1
-3.727259445E+1	-3.725113297E+1	-3.725496674E+1
-3.794831467E+1	-3.792256165E+1	-3.793932343E+1
-3.841243362E+1	-3.840005493E+1	-3.842460632E+1
-3.918944168E+1	-3.918028259E+1	-3.922403336E+1
-3.966536713E+1	-3.963435364E+1	-3.966061401E+1
-4.030731201E+1	-4.030995560E+1	-4.032032394E+1
-4.062725067E+1	-4.062568665E+1	-4.064077377E+1
-4.092756653E+1	-4.092778015E+1	-4.092747116E+1
-4.120903397E+1	-4.121206665E+1	-4.118781281E+1
-4.119533539E+1	-4.119134140E+1	-4.117295837E+1
-4.157348633E+1	-4.154972076E+1	-4.156735229E+1
-4.161412430E+1	-4.159950256E+1	-4.159947586E+1
-4.197725677E+1	-4.195980072E+1	-4.194113922E+1
-4.210090256E+1	-4.207228851E+1	-4.205527115E+1
-4.238197708E+1	-4.235540009E+1	-4.236533737E+1
-4.270924759E+1	-4.268014526E+1	-4.266395187E+1
-4.277547073E+1	-4.275985336E+1	-4.274939346E+1
-4.315260315E+1	-4.315091324E+1	-4.315539551E+1
-4.328650284E+1	-4.330702209E+1	-4.332189941E+1
-4.377132416E+1	-4.380154800E+1	-4.381895828E+1
-4.394433975E+1	-4.400431061E+1	-4.397917938E+1
-4.423820877E+1	-4.432751846E+1	-4.431868362E+1
-4.462026596E+1	-4.467565918E+1	-4.468333435E+1
-4.476401901E+1	-4.483758545E+1	-4.484466553E+1
-4.523243713E+1	-4.530552292E+1	-4.530216217E+1
-4.520950699E+1	-4.531727219E+1	-4.531478500E+1
-4.576841354E+1	-4.587019348E+1	-4.589027405E+1
-4.581246567E+1	-4.590456772E+1	-4.592945862E+1
-4.614594650E+1	-4.623756409E+1	-4.625209045E+1
-4.646998596E+1	-4.655849457E+1	-4.650761414E+1
-4.659166718E+1	-4.661214066E+1	-4.664282990E+1
-4.692223740E+1	-4.696156311E+1	-4.697330856E+1
-4.671591949E+1	-4.674295807E+1	-4.677391052E+1
-4.709350586E+1	-4.712364960E+1	-4.715442276E+1
-4.698519897E+1	-4.702567291E+1	-4.706111908E+1
-4.727297974E+1	-4.731265259E+1	-4.738019943E+1
-4.722642136E+1	-4.728673172E+1	-4.729615402E+1
-4.728729630E+1	-4.735989380E+1	-4.741659927E+1
-4.774494934E+1	-4.781995392E+1	-4.790576172E+1
-4.768591690E+1	-4.782032013E+1	-4.785150528E+1
-4.799339676E+1	-4.806167221E+1	-4.813908005E+1
-4.787000656E+1	-4.797396851E+1	-4.804149628E+1
-4.829886246E+1	-4.839226532E+1	-4.843349838E+1
-4.829410934E+1	-4.835279083E+1	-4.844075012E+1
-4.821786118E+1	-4.832883072E+1	-4.836699677E+1
-4.826262665E+1	-4.838947678E+1	-4.838975143E+1
-4.843793869E+1	-4.847938538E+1	-4.853087997E+1
-4.867643356E+1	-4.870169830E+1	-4.869421768E+1
-4.859639740E+1	-4.864552689E+1	-4.864408112E+1
-4.869300079E+1	-4.868704605E+1	-4.866341782E+1
-4.877780533E+1	-4.873200226E+1	-4.878797150E+1
-4.878368759E+1	-4.871738815E+1	-4.870825195E+1
-4.891518402E+1	-4.879533386E+1	-4.887047195E+1
-4.887844467E+1	-4.878959274E+1	-4.881114197E+1
-4.919643784E+1	-4.911174393E+1	-4.916658401E+1
-4.941034317E+1	-4.928399658E+1	-4.933710098E+1
-4.957827377E+1	-4.941756821E+1	-4.948369980E+1
-4.983141708E+1	-4.971878052E+1	-4.974076462E+1
-4.991579056E+1	-4.982566833E+1	-4.986449051E+1
-4.999849319E+1	-4.998517990E+1	-4.999195480E+1
-4.995705795E+1	-5.002435303E+1	-5.000544357E+1
-5.025368881E+1	-5.037376404E+1	-5.037743759E+1
-5.046847153E+1	-5.065343857E+1	-5.066487122E+1
-5.068915939E+1	-5.092604828E+1	-5.085996628E+1
-5.087316513E+1	-5.108343124E+1	-5.102484131E+1
-5.091444778E+1	-5.102167511E+1	-5.101444626E+1
-5.125209427E+1	-5.133406067E+1	-5.123280334E+1
-5.116398239E+1	-5.122139359E+1	-5.104773331E+1
-5.116699600E+1	-5.114369965E+1	-5.101871490E+1
-5.115327072E+1	-5.112338257E+1	-5.096927261E+1
-5.101158142E+1	-5.083103943E+1	-5.072032547E+1
-5.105777740E+1	-5.082386017E+1	-5.067961121E+1
-5.091867828E+1	-5.065035248E+1	-5.060466003E+1
-5.115935135E+1	-5.091131592E+1	-5.083514786E+1
-5.127550507E+1	-5.104474258E+1	-5.104309082E+1
-5.124872208E+1	-5.109480286E+1	-5.115852737E+1
-5.130542374E+1	-5.115661621E+1	-5.127442551E+1
-5.135669327E+1	-5.132750702E+1	-5.139090729E+1
-5.161443329E+1	-5.156130981E+1	-5.169317245E+1
-5.179254532E+1	-5.174383545E+1	-5.185254669E+1
-5.211679077E+1	-5.211564636E+1	-5.217309189E+1
-5.232907104E+1	-5.225184631E+1	-5.235995483E+1
-5.237611389E+1	-5.222703934E+1	-5.226535034E+1
-5.240400696E+1	-5.224749374E+1	-5.221473694E+1
-5.237586594E+1	-5.216838455E+1	-5.212885284E+1
-5.207042313E+1	-5.196926498E+1	-5.193574142E+1
-5.204598236E+1	-5.204266357E+1	-5.194641495E+1
-5.187588882E+1	-5.200925064E+1	-5.194836807E+1
-5.185636139E+1	-5.195755768E+1	-5.196794510E+1
-5.186054230E+1	-5.204598999E+1	-5.214791870E+1
-5.189561081E+1	-5.216584015E+1	-5.225050735E+1
-5.179036713E+1	-5.211086273E+1	-5.226177979E+1
-5.146198654E+1	-5.179659271E+1	-5.203321838E+1
-5.137784195E+1	-5.177033615E+1	-5.199457932E+1
-5.127634430E+1	-5.171225357E+1	-5.194770432E+1
-5.098463821E+1	-5.148137283E+1	-5.159987640E+1
-5.101934052E+1	-5.145871735E+1	-5.155908585E+1
-5.079772568E+1	-5.110385132E+1	-5.118885422E+1
-5.102949524E+1	-5.128932571E+1	-5.131688690E+1
-5.102169037E+1	-5.108209991E+1	-5.113544464E+1
-5.105862427E+1	-5.097559357E+1	-5.097221756E+1
-5.073448181E+1	-5.054934692E+1	-5.054518509E+1
-5.022847366E+1	-4.998188782E+1	-4.998960876E+1
-4.993878555E+1	-4.972431946E+1	-4.969797134E+1
-4.937707520E+1	-4.920058823E+1	-4.915753555E+1
-4.911800766E+1	-4.894898987E+1	-4.895743561E+1
-4.892632294E+1	-4.869912338E+1	-4.873506165E+1
-4.875045776E+1	-4.860016251E+1	-4.859572983E+1
-4.852187347E+1	-4.843006134E+1	-4.841203690E+1
-4.824531937E+1	-4.818434906E+1	-4.821640015E+1
-4.807722473E+1	-4.813083649E+1	-4.813058090E+1
-4.775590515E+1	-4.781326675E+1	-4.781116104E+1
-4.766410446E+1	-4.772128677E+1	-4.770366669E+1
-4.764835739E+1	-4.763228226E+1	-4.758874893E+1
-4.744253922E+1	-4.734905624E+1	-4.739384460E+1
-4.744734955E+1	-4.738972092E+1	-4.732426453E+1
-4.736571503E+1	-4.724821472E+1	-4.715076065E+1
-4.721039200E+1	-4.716559982E+1	-4.704776001E+1
-4.696671295E+1	-4.690278625E+1	-4.681261444E+1
-4.683660126E+1	-4.680419922E+1	-4.667435074E+1
-4.683237457E+1	-4.677783203E+1	-4.665462494E+1
-4.670404816E+1	-4.666104126E+1	-4.654865646E+1
-4.661975479E+1	-4.659155655E+1	-4.649256516E+1
-4.654248047E+1	-4.651601410E+1	-4.641888046E+1
-4.643447876E+1	-4.634046555E+1	-4.631574631E+1
-4.623951721E+1	-4.614672852E+1	-4.615447998E+1
-4.616095352E+1	-4.615460205E+1	-4.618070221E+1
-4.614118576E+1	-4.611436081E+1	-4.614901733E+1
-4.592188644E+1	-4.592527771E+1	-4.598912048E+1
-4.570915604E+1	-4.578997421E+1	-4.585120392E+1
-4.560078430E+1	-4.569886398E+1	-4.578131485E+1
-4.534209061E+1	-4.542465591E+1	-4.550566101E+1
-4.515920258E+1	-4.527075958E+1	-4.528223419E+1
-4.491849518E+1	-4.498812485E+1	-4.505860519E+1
-4.462153625E+1	-4.468937302E+1	-4.478857803E+1
-4.424276352E+1	-4.425625992E+1	-4.431412888E+1
-4.391171265E+1	-4.387274933E+1	-4.393059540E+1
-4.366094589E+1	-4.363916397E+1	-4.370682526E+1
-4.343659592E+1	-4.346523666E+1	-4.352853775E+1
-4.333086395E+1	-4.337017441E+1	-4.345709229E+1
-4.310533524E+1	-4.318441391E+1	-4.326000595E+1
-4.291371536E+1	-4.302904892E+1	-4.312390137E+1
-4.275184631E+1	-4.290226364E+1	-4.299216080E+1
-4.260861206E+1	-4.277590179E+1	-4.289092255E+1
-4.238386154E+1	-4.254976654E+1	-4.266389847E+1
-4.228979492E+1	-4.240994263E+1	-4.250196075E+1
-4.213875961E+1	-4.226353455E+1	-4.236717224E+1
-4.195542145E+1	-4.207761383E+1	-4.212274933E+1
-4.191858292E+1	-4.200833893E+1	-4.204547501E+1
-4.177617264E+1	-4.180738449E+1	-4.180768585E+1
-4.161485291E+1	-4.161511612E+1	-4.158480453E+1
-4.124543762E+1	-4.121375275E+1	-4.118892288E+1
-4.082422638E+1	-4.080172729E+1	-4.077883530E+1
-4.049267197E+1	-4.048427200E+1	-4.041204071E+1
-4.026887131E+1	-4.022428894E+1	-4.013369751E+1
-4.013982010E+1	-4.008986664E+1	-4.002420044E+1
-3.977471542E+1	-3.971076584E+1	-3.966000748E+1
-3.949331284E+1	-3.945252609E+1	-3.940115738E+1
-3.914595032E+1	-3.915016174E+1	-3.913114929E+1
-3.894097900E+1	-3.896701813E+1	-3.895345688E+1
-3.884615326E+1	-3.886292267E+1	-3.885431671E+1
-3.881332779E+1	-3.884481812E+1	-3.884170914E+1
-3.894631958E+1	-3.900959015E+1	-3.899440002E+1
-3.903044510E+1	-3.908485794E+1	-3.906250763E+1
-3.922326279E+1	-3.924755859E+1	-3.922087097E+1
-3.921812439E+1	-3.921355057E+1	-3.921302795E+1
-3.937967682E+1	-3.933408356E+1	-3.932229996E+1
-3.957521439E+1	-3.949459839E+1	-3.946347427E+1
-3.964822769E+1	-3.955945969E+1	-3.950713730E+1
-3.999739075E+1	-3.991020584E+1	-3.989129257E+1
-4.008534241E+1	-3.997425461E+1	-3.997854233E+1
-4.053187943E+1	-4.041888046E+1	-4.041584015E+1
-4.078157043E+1	-4.066004944E+1	-4.068467331E+1
-4.123210907E+1	-4.110966110E+1	-4.112429428E+1
-4.171308136E+1	-4.157010651E+1	-4.160048294E+1
-4.210174179E+1	-4.198066330E+1	-4.199988556E+1
-4.295866013E+1	-4.284649277E+1	-4.282813263E+1
-4.332785416E+1	-4.321132278E+1	-4.324510956E+1
-4.412413406E+1	-4.407778549E+1	-4.412337875E+1
-4.443712997E+1	-4.444039917E+1	-4.450604248E+1
-4.501985168E+1	-4.508096313E+1	-4.514906311E+1
-4.552967072E+1	-4.563408661E+1	-4.569023895E+1
-4.595960236E+1	-4.600128937E+1	-4.602056885E+1
-4.667279053E+1	-4.672105026E+1	-4.674154282E+1
-4.666770935E+1	-4.674688721E+1	-4.675691223E+1
-4.765135574E+1	-4.766538239E+1	-4.769185257E+1
-4.750816345E+1	-4.755118179E+1	-4.760404587E+1
-4.824291992E+1	-4.833993530E+1	-4.839430237E+1
-4.844981003E+1	-4.868723297E+1	-4.872396851E+1
-4.897822189E+1	-4.919232941E+1	-4.927667999E+1
-4.979739761E+1	-5.004639053E+1	-5.012132263E+1
-4.959142685E+1	-4.984554672E+1	-4.991633987E+1
-5.069397736E+1	-5.096817017E+1	-5.104996872E+1
-5.055725098E+1	-5.077031708E+1	-5.085479355E+1
-5.189797974E+1	-5.203932953E+1	-5.216309357E+1
-5.211221695E+1	-5.228014374E+1	-5.239105988E+1
-5.266400528E+1	-5.292201233E+1	-5.299909210E+1
-5.357204819E+1	-5.375673676E+1	-5.373143387E+1
-5.336919022E+1	-5.349937439E+1	-5.361871338E+1
-5.515193176E+1	-5.527522278E+1	-5.536766434E+1
-5.443534851E+1	-5.451725769E+1	-5.452193451E+1
-5.603384018E+1	-5.614213943E+1	-5.610459137E+1
-5.558618164E+1	-5.574887466E+1	-5.579399872E+1
-5.607455444E+1	-5.639241028E+1	-5.631625748E+1
-5.715649796E+1	-5.740076828E+1	-5.729335403E+1
-5.636756897E+1	-5.636670685E+1	-5.620777512E+1
-5.851337051E+1	-5.852848816E+1	-5.856457138E+1
-5.657539749E+1	-5.668358994E+1	-5.660923767E+1
-5.842905807E+1	-5.851816177E+1	-5.848707199E+1
-5.788953400E+1	-5.792587662E+1	-5.786573792E+1
-5.766360474E+1	-5.766774368E+1	-5.769467163E+1
-5.898059082E+1	-5.911163712E+1	-5.902133560E+1
-5.708246231E+1	-5.711354446E+1	-5.701682663E+1
-5.978446198E+1	-5.979958725E+1	-5.985317612E+1
-5.716747665E+1	-5.721723938E+1	-5.721497726E+1
-5.862229919E+1	-5.875516129E+1	-5.880999374E+1
-5.791368866E+1	-5.791817474E+1	-5.807770157E+1
-5.750249863E+1	-5.760880280E+1	-5.769290543E+1
-5.888498306E+1	-5.888758850E+1	-5.895391464E+1
-5.675321579E+1	-5.675752258E+1	-5.671660614E+1
-5.922759247E+1	-5.919741440E+1	-5.904417419E+1
-5.659753036E+1	-5.650840378E+1	-5.651786041E+1
-5.795902252E+1	-5.785607147E+1	-5.770949173E+1
-5.706566620E+1	-5.689898300E+1	-5.691480255E+1
-5.642898560E+1	-5.631995773E+1	-5.632414627E+1
-5.731125641E+1	-5.721667862E+1	-5.709764481E+1
-5.522632599E+1	-5.509261703E+1	-5.505955124E+1
-5.742195129E+1	-5.714461136E+1	-5.722586060E+1
-5.524742889E+1	-5.514437485E+1	-5.511039352E+1
-5.625574875E+1	-5.613692093E+1	-5.614941025E+1
-5.510660553E+1	-5.505763245E+1	-5.511820984E+1
-5.467037201E+1	-5.468937302E+1	-5.460473251E+1
-5.555900955E+1	-5.555587387E+1	-5.552221680E+1
-5.390525818E+1	-5.384398651E+1	-5.386090851E+1
-5.547307205E+1	-5.554580688E+1	-5.550759506E+1
-5.348208237E+1	-5.340267181E+1	-5.343595123E+1
-5.452412415E+1	-5.447745132E+1	-5.456296158E+1
-5.329223251E+1	-5.319828033E+1	-5.316013718E+1
-5.343453979E+1	-5.336592484E+1	-5.344461441E+1
-5.363041306E+1	-5.357579803E+1	-5.355634689E+1
-5.242120743E+1	-5.240316391E+1	-5.240117645E+1
-5.357365417E+1	-5.354699707E+1	-5.356308365E+1
-5.194816208E+1	-5.186716080E+1	-5.191928864E+1
-5.315674591E+1	-5.313269424E+1	-5.317104340E+1
-5.176207733E+1	-5.176958847E+1	-5.182073975E+1
-5.220362473E+1	-5.220648575E+1	-5.223189926E+1
-5.188996887E+1	-5.190882492E+1	-5.192503357E+1
-5.160287094E+1	-5.155984116E+1	-5.163309479E+1
-5.210518646E+1	-5.211198425E+1	-5.215609360E+1
-5.098567963E+1	-5.106861115E+1	-5.106961060E+1
-5.190904617E+1	-5.190340042E+1	-5.196621704E+1
-5.090641785E+1	-5.095243073E+1	-5.100653839E+1
-5.151802826E+1	-5.155646896E+1	-5.158884430E+1
-5.110892105E+1	-5.115342712E+1	-5.126720047E+1
-5.105012512E+1	-5.112644958E+1	-5.116973114E+1
-5.124903107E+1	-5.136902237E+1	-5.143117905E+1
-5.064107513E+1	-5.074305344E+1	-5.080734634E+1
-5.139180374E+1	-5.147842407E+1	-5.143593597E+1
-5.063269806E+1	-5.071484756E+1	-5.068616867E+1
-5.141288757E+1	-5.146091843E+1	-5.145782089E+1
-5.100197220E+1	-5.103691864E+1	-5.103934860E+1
-5.105834961E+1	-5.109436417E+1	-5.107722092E+1
-5.115908051E+1	-5.119677734E+1	-5.121153641E+1
-5.065454483E+1	-5.065262604E+1	-5.064980698E+1
-5.126316452E+1	-5.130555725E+1	-5.128672409E+1
-5.059519577E+1	-5.064867783E+1	-5.065821838E+1
-5.128423691E+1	-5.128154373E+1	-5.128306198E+1
-5.082478714E+1	-5.081555557E+1	-5.080929565E+1
-5.092999268E+1	-5.094902039E+1	-5.098374939E+1
-5.088552094E+1	-5.093206406E+1	-5.094922256E+1
-5.056256866E+1	-5.064410019E+1	-5.064793015E+1
-5.104785919E+1	-5.106170273E+1	-5.105751038E+1
-5.050388718E+1	-5.055268478E+1	-5.048740768E+1
-5.099906158E+1	-5.095715332E+1	-5.097082520E+1
-5.059359741E+1	-5.069420624E+1	-5.065166855E+1
-5.085565567E+1	-5.088273621E+1	-5.087320328E+1
-5.103057098E+1	-5.103726578E+1	-5.107157898E+1
-5.059921646E+1	-5.058975220E+1	-5.065406418E+1
-5.119554520E+1	-5.124092102E+1	-5.120584488E+1
-5.060957718E+1	-5.060663605E+1	-5.055851364E+1
-5.119738007E+1	-5.123850632E+1	-5.120715332E+1
-5.074572372E+1	-5.072121811E+1	-5.076398087E+1
-5.067229843E+1	-5.066261673E+1	-5.069210434E+1
-5.073485184E+1	-5.073044586E+1	-5.074017334E+1
-4.989228058E+1	-4.988911438E+1	-4.989888000E+1
-5.092012405E+1	-5.091510010E+1	-5.096561050E+1
-4.958095932E+1	-4.956302261E+1	-4.958529282E+1
-5.087097168E+1	-5.087319565E+1	-5.087041092E+1
-4.948984909E+1	-4.945622635E+1	-4.948400497E+1
-5.023411560E+1	-5.024311447E+1	-5.025459290E+1
-4.974810028E+1	-4.976828003E+1	-4.975979996E+1
-4.934235001E+1	-4.934641647E+1	-4.939473343E+1
-5.031340027E+1	-5.034730148E+1	-5.035511780E+1
-4.883227539E+1	-4.881631088E+1	-4.887574768E+1
-5.075891113E+1	-5.071994781E+1	-5.075954819E+1
-4.854966354E+1	-4.860893631E+1	-4.862067032E+1
-5.029505539E+1	-5.036407471E+1	-5.031347656E+1
-4.870236969E+1	-4.879573059E+1	-4.876237869E+1
-4.942575836E+1	-4.941963577E+1	-4.942000580E+1
-4.956518936E+1	-4.963660812E+1	-4.963024139E+1
-4.844847870E+1	-4.851653671E+1	-4.851013565E+1
-5.060232544E+1	-5.062606430E+1	-5.064394379E+1
-4.798823166E+1	-4.800781250E+1	-4.800279999E+1
-5.087272644E+1	-5.093948746E+1	-5.091683578E+1
-4.771902847E+1	-4.778718185E+1	-4.778225708E+1
-5.024060822E+1	-5.025155258E+1	-5.031940842E+1
-4.813027954E+1	-4.813790894E+1	-4.813371658E+1
-4.895381546E+1	-4.897053146E+1	-4.904600906E+1
-4.905485916E+1	-4.914114380E+1	-4.912519836E+1
-4.765751266E+1	-4.771568298E+1	-4.769810486E+1
-5.019944763E+1	-5.020437241E+1	-5.021999359E+1
-4.706261444E+1	-4.710426712E+1	-4.709769058E+1
-5.047939682E+1	-5.049651718E+1	-5.049996948E+1
-4.700733948E+1	-4.701588440E+1	-4.702719116E+1
-4.986789703E+1	-4.989542389E+1	-4.991594696E+1
-4.734914780E+1	-4.736394501E+1	-4.737482071E+1
-4.834849548E+1	-4.837889481E+1	-4.842333984E+1
-4.846110916E+1	-4.846534348E+1	-4.846959305E+1
-4.712271500E+1	-4.713872528E+1	-4.711654663E+1
-4.953039932E+1	-4.952871704E+1	-4.954153061E+1
-4.674222565E+1	-4.680015945E+1	-4.676824188E+1
-4.984726334E+1	-4.984413910E+1	-4.987329865E+1
-4.682323837E+1	-4.683013153E+1	-4.679414749E+1
-4.924507523E+1	-4.931015015E+1	-4.933272934E+1
-4.731786346E+1	-4.736445236E+1	-4.736940765E+1
-4.791781235E+1	-4.794184875E+1	-4.793082047E+1
-4.851536179E+1	-4.851404190E+1	-4.852544022E+1
-4.694492722E+1	-4.695503235E+1	-4.700786209E+1
-4.938549423E+1	-4.941609955E+1	-4.944411087E+1
-4.667339706E+1	-4.670867157E+1	-4.670524979E+1
-4.950559235E+1	-4.951235580E+1	-4.952934647E+1
-4.677326202E+1	-4.677156448E+1	-4.675502777E+1
-4.876871490E+1	-4.875118256E+1	-4.877700043E+1
-4.739643478E+1	-4.736441803E+1	-4.738619614E+1
-4.741417313E+1	-4.743519974E+1	-4.742904663E+1
-4.852507401E+1	-4.852791977E+1	-4.853694916E+1
-4.667524338E+1	-4.667915344E+1	-4.666752243E+1
-4.908490753E+1	-4.912729645E+1	-4.915186310E+1
-4.632072449E+1	-4.633544159E+1	-4.636642075E+1
-4.893074036E+1	-4.898082733E+1	-4.901945877E+1
-4.639342499E+1	-4.644921875E+1	-4.647026443E+1
-4.802941132E+1	-4.807112885E+1	-4.812506866E+1
-4.725005722E+1	-4.726778793E+1	-4.728467941E+1
-4.697619247E+1	-4.703933716E+1	-4.702740097E+1
-4.819316483E+1	-4.827900314E+1	-4.827954865E+1
-4.633480835E+1	-4.637435913E+1	-4.638361359E+1
-4.869212723E+1	-4.873827362E+1	-4.874937057E+1
-4.617393875E+1	-4.613697815E+1	-4.616040421E+1
-4.847268677E+1	-4.853009415E+1	-4.848368835E+1
-4.637041855E+1	-4.638005447E+1	-4.638370132E+1
-4.778024673E+1	-4.774869156E+1	-4.774127197E+1
-4.713125610E+1	-4.710394287E+1	-4.713387680E+1
-4.686945724E+1	-4.687730026E+1	-4.688346481E+1
-4.790921402E+1	-4.793103027E+1	-4.794828415E+1
-4.642426300E+1	-4.643410110E+1	-4.646616364E+1
-4.831148911E+1	-4.834227371E+1	-4.839231873E+1
-4.633804321E+1	-4.634216690E+1	-4.638931274E+1
-4.809385300E+1	-4.816225052E+1	-4.817399216E+1
-4.659774780E+1	-4.667444611E+1	-4.671392441E+1
-4.745067596E+1	-4.750353622E+1	-4.752096939E+1
-4.727357864E+1	-4.733808517E+1	-4.735334396E+1
-4.694234085E+1	-4.698804855E+1	-4.699564362E+1
-4.796093750E+1	-4.803413010E+1	-4.803781509E+1
-4.672545242E+1	-4.677461243E+1	-4.675707626E+1
-4.821425629E+1	-4.824727631E+1	-4.824275208E+1
-4.682260513E+1	-4.683685684E+1	-4.684582901E+1
-4.803973770E+1	-4.802106857E+1	-4.804179382E+1
-4.720603180E+1	-4.720173264E+1	-4.719370270E+1
-4.752883148E+1	-4.753290558E+1	-4.755475616E+1
-4.771154785E+1	-4.777013016E+1	-4.778268433E+1
-4.719430923E+1	-4.723925018E+1	-4.724195862E+1
-4.816703415E+1	-4.819277954E+1	-4.822110367E+1
-4.717013168E+1	-4.721191025E+1	-4.721526718E+1
-4.826588058E+1	-4.832984924E+1	-4.829822159E+1
-4.725862122E+1	-4.726989746E+1	-4.731409073E+1
-4.791747284E+1	-4.793041992E+1	-4.791580963E+1
-4.751724243E+1	-4.751788712E+1	-4.752880859E+1
-4.744181442E+1	-4.745552444E+1	-4.746735764E+1
-4.771033859E+1	-4.770995331E+1	-4.767691040E+1
-4.698156738E+1	-4.695127869E+1	-4.694355011E+1
-4.768784332E+1	-4.766751099E+1	-4.766085815E+1
-4.689890289E+1	-4.686216736E+1	-4.686400223E+1
-4.764318466E+1	-4.761617279E+1	-4.765298080E+1
-4.699319458E+1	-4.702761841E+1	-4.703898239E+1
-4.728051758E+1	-4.732880783E+1	-4.732275391E+1
-4.709011078E+1	-4.716726303E+1	-4.719392776E+1
-4.681857681E+1	-4.693376923E+1	-4.696105576E+1
-4.715709686E+1	-4.722775269E+1	-4.723767090E+1
-4.658377457E+1	-4.667832184E+1	-4.671151352E+1
-4.715414810E+1	-4.725761032E+1	-4.730067825E+1
-4.668016815E+1	-4.671126175E+1	-4.674198914E+1
-4.711434555E+1	-4.714958572E+1	-4.717012405E+1
-4.684799576E+1	-4.683242798E+1	-4.684894562E+1
-4.688841248E+1	-4.690825653E+1	-4.692346573E+1
-4.688526917E+1	-4.691220093E+1	-4.692164612E+1
-4.662263489E+1	-4.665833664E+1	-4.667000961E+1
-4.703709793E+1	-4.699095535E+1	-4.702761078E+1
-4.664895248E+1	-4.666267395E+1	-4.665697098E+1
-4.710410309E+1	-4.708394623E+1	-4.709000015E+1
-4.663224792E+1	-4.660487747E+1	-4.662163162E+1
-4.682636642E+1	-4.680187988E+1	-4.681698227E+1
-4.666726303E+1	-4.663169479E+1	-4.665847778E+1
-4.661442566E+1	-4.659961700E+1	-4.660744858E+1
-4.668304062E+1	-4.664300537E+1	-4.669645309E+1
-4.633869553E+1	-4.634001160E+1	-4.636953735E+1
-4.658507538E+1	-4.663029861E+1	-4.666438675E+1
-4.614381409E+1	-4.622274399E+1	-4.621725082E+1
-4.645032501E+1	-4.648546600E+1	-4.650797272E+1
-4.614324570E+1	-4.619076920E+1	-4.620285034E+1
-4.621635818E+1	-4.627685928E+1	-4.626814270E+1
-4.621644211E+1	-4.622827911E+1	-4.624709320E+1
-4.598249817E+1	-4.605621338E+1	-4.606325531E+1
-4.616274261E+1	-4.623953247E+1	-4.627848053E+1
-4.594144821E+1	-4.599045563E+1	-4.599061584E+1
-4.628395462E+1	-4.632394028E+1	-4.634534454E+1
-4.604140472E+1	-4.607249069E+1	-4.607598877E+1
-4.626792908E+1	-4.631113052E+1	-4.633298492E+1
-4.626478577E+1	-4.631005096E+1	-4.633759689E+1
-4.633333969E+1	-4.635198593E+1	-4.636978531E+1
-4.659928131E+1	-4.657763290E+1	-4.659990692E+1
-4.648313522E+1	-4.649156952E+1	-4.647773361E+1
-4.680513000E+1	-4.679705429E+1	-4.683832932E+1
-4.659460068E+1	-4.663813019E+1	-4.662281036E+1
-4.686725616E+1	-4.688955688E+1	-4.692901230E+1
-4.684117508E+1	-4.684385681E+1	-4.687682343E+1
-4.698971558E+1	-4.700897980E+1	-4.703610229E+1
-4.717766953E+1	-4.718877792E+1	-4.720496368E+1
-4.711064911E+1	-4.707816696E+1	-4.712775040E+1
-4.743423462E+1	-4.738449097E+1	-4.743309784E+1
-4.727799606E+1	-4.725411606E+1	-4.727590179E+1
-4.757432175E+1	-4.753913498E+1	-4.757153702E+1
-4.750256348E+1	-4.748793793E+1	-4.754682159E+1
-4.761365509E+1	-4.765219116E+1	-4.769099426E+1
-4.769759750E+1	-4.777829361E+1	-4.778621292E+1
-4.766674805E+1	-4.779209518E+1	-4.776644516E+1
-4.784310532E+1	-4.798136139E+1	-4.801366806E+1
-4.785127258E+1	-4.801101685E+1	-4.802697754E+1
-4.810437775E+1	-4.822000504E+1	-4.822543716E+1
-4.804662323E+1	-4.815449524E+1	-4.815345001E+1
-4.815275192E+1	-4.827632523E+1	-4.830221939E+1
-4.821358871E+1	-4.836328888E+1	-4.831901932E+1
-4.823664856E+1	-4.832934570E+1	-4.832108307E+1
-4.826278687E+1	-4.835807037E+1	-4.832954025E+1
-4.818894577E+1	-4.825879288E+1	-4.825603485E+1
-4.824906540E+1	-4.829792023E+1	-4.832100296E+1
-4.819944382E+1	-4.824038696E+1	-4.823791122E+1
-4.834715652E+1	-4.834236526E+1	-4.835833359E+1
-4.834809875E+1	-4.832875061E+1	-4.832281494E+1
-4.842794037E+1	-4.839191055E+1	-4.838581848E+1
-4.849709702E+1	-4.842550659E+1	-4.843421173E+1
-4.853897095E+1	-4.849785995E+1	-4.851239014E+1
-4.858074188E+1	-4.856356430E+1	-4.856733704E+1
-4.848654938E+1	-4.845702362E+1	-4.848485565E+1
-4.852010345E+1	-4.848380661E+1	-4.850894547E+1
-4.838201141E+1	-4.838406754E+1	-4.843270111E+1
-4.838653564E+1	-4.841407013E+1	-4.843344879E+1
-4.819416809E+1	-4.823896790E+1	-4.826479721E+1
-4.828086853E+1	-4.824522018E+1	-4.828917694E+1
-4.817612839E+1	-4.811854172E+1	-4.818117523E+1
-4.805611038E+1	-4.802211380E+1	-4.807023621E+1
-4.787086487E+1	-4.787568665E+1	-4.788819885E+1
-4.770215607E+1	-4.771958160E+1	-4.776643372E+1
-4.767520523E+1	-4.769980240E+1	-4.770056915E+1
-4.755794525E+1	-4.754567719E+1	-4.751572418E+1
-4.758166122E+1	-4.757667160E+1	-4.758224106E+1
-4.740595627E+1	-4.745141220E+1	-4.744585037E+1
-4.741403580E+1	-4.743926620E+1	-4.747097397E+1
-4.734778595E+1	-4.739700699E+1	-4.741223526E+1
-4.731091690E+1	-4.734872437E+1	-4.739152145E+1
-4.728644943E+1	-4.737228775E+1	-4.737535858E+1
-4.714465332E+1	-4.721047974E+1	-4.724643326E+1
-4.709856796E+1	-4.717649078E+1	-4.719956589E+1
-4.689913559E+1	-4.695039749E+1	-4.698946381E+1
-4.684926987E+1	-4.695027542E+1	-4.697631073E+1
-4.671268463E+1	-4.681520844E+1	-4.682757568E+1
-4.663436890E+1	-4.671848679E+1	-4.672925949E+1
-4.650890350E+1	-4.659854889E+1	-4.663320923E+1
-4.637471771E+1	-4.646150970E+1	-4.648606110E+1
-4.638999557E+1	-4.644623566E+1	-4.644072723E+1
-4.618360901E+1	-4.620697403E+1	-4.620681763E+1
-4.616834259E+1	-4.618244553E+1	-4.619439697E+1
-4.595940781E+1	-4.600770950E+1	-4.599845505E+1
-4.596505737E+1	-4.601097107E+1	-4.605412674E+1
-4.594771576E+1	-4.601382828E+1	-4.601886749E+1
-4.590457535E+1	-4.596783447E+1	-4.598285294E+1
-4.597457504E+1	-4.604948044E+1	-4.606255341E+1
-4.580582809E+1	-4.586726379E+1	-4.589263535E+1
-4.587917328E+1	-4.594187546E+1	-4.595209885E+1
-4.579671097E+1	-4.584957123E+1	-4.586391449E+1
-4.588289642E+1	-4.590819168E+1	-4.592252350E+1
-4.592871094E+1	-4.592605972E+1	-4.595885468E+1
-4.589286041E+1	-4.586833572E+1	-4.589636993E+1
-4.594720840E+1	-4.591630554E+1	-4.594874954E+1
-4.578184509E+1	-4.579006195E+1	-4.579001999E+1
-4.581493759E+1	-4.580013275E+1	-4.581122589E+1
-4.574950027E+1	-4.571673203E+1	-4.573460770E+1
-4.576931381E+1	-4.573451996E+1	-4.572572708E+1
-4.568288040E+1	-4.569561386E+1	-4.568572235E+1
-4.561665726E+1	-4.560836029E+1	-4.564784622E+1
-4.565417099E+1	-4.567718124E+1	-4.570244980E+1
-4.557536316E+1	-4.560153580E+1	-4.563650894E+1
-4.561799240E+1	-4.566323853E+1	-4.570516205E+1
-4.551513672E+1	-4.558028412E+1	-4.559761810E+1
-4.556582260E+1	-4.561400604E+1	-4.565966415E+1
-4.562334442E+1	-4.567535400E+1	-4.568951416E+1
-4.561967850E+1	-4.571265793E+1	-4.571308517E+1
-4.574668884E+1	-4.581064224E+1	-4.585459518E+1
-4.570076752E+1	-4.578054428E+1	-4.582608032E+1
-4.581579590E+1	-4.586120605E+1	-4.587651062E+1
-4.582153702E+1	-4.583642197E+1	-4.588085175E+1
-4.590438461E+1	-4.589994812E+1	-4.591399384E+1
-4.593085861E+1	-4.589618683E+1	-4.591497421E+1
-4.593129349E+1	-4.591947174E+1	-4.591077042E+1
-4.595753098E+1	-4.594442368E+1	-4.595363617E+1
-4.593776321E+1	-4.589721680E+1	-4.593812943E+1
-4.600886917E+1	-4.596609497E+1	-4.601750946E+1
-4.605460358E+1	-4.603339005E+1	-4.603714752E+1
-4.612243652E+1	-4.609361267E+1	-4.610806274E+1
-4.617251587E+1	-4.617177582E+1	-4.623104858E+1
-4.623490143E+1	-4.626337051E+1	-4.627043533E+1
-4.628926468E+1	-4.633483887E+1	-4.637297058E+1
-4.639141464E+1	-4.643286514E+1	-4.642604065E+1
-4.657659912E+1	-4.664752960E+1	-4.664328766E+1
-4.675942993E+1	-4.684482956E+1	-4.685491562E+1
-4.700236893E+1	-4.707713699E+1	-4.704745865E+1
-4.723693848E+1	-4.728644562E+1	-4.732577133E+1
-4.754655075E+1	-4.756880951E+1	-4.762505722E+1
-4.770185089E+1	-4.773900604E+1	-4.779666901E+1
-4.785813522E+1	-4.787988663E+1	-4.790085983E+1
-4.800320816E+1	-4.803335190E+1	-4.801813126E+1
-4.810752869E+1	-4.809514999E+1	-4.811819458E+1
-4.822018433E+1	-4.821063995E+1	-4.822378540E+1
-4.847347260E+1	-4.847832108E+1	-4.843710327E+1
-4.874370575E+1	-4.875089645E+1	-4.875949478E+1
-4.883803940E+1	-4.880458069E+1	-4.883037567E+1
-4.860865402E+1	-4.861476517E+1	-4.859533310E+1
-4.834253311E+1	-4.834937286E+1	-4.834291077E+1
-4.809157944E+1	-4.813190842E+1	-4.811819839E+1
-4.796523285E+1	-4.799130630E+1	-4.798752594E+1
-4.793814468E+1	-4.800990677E+1	-4.802340698E+1
-4.799028397E+1	-4.804818726E+1	-4.803500748E+1
-4.795705032E+1	-4.803824234E+1	-4.804142761E+1
-4.787667847E+1	-4.792121887E+1	-4.795335770E+1
-4.779185867E+1	-4.784175873E+1	-4.786375046E+1
-4.776659775E+1	-4.781353760E+1	-4.784883118E+1
-4.762029266E+1	-4.775720978E+1	-4.775591278E+1
-4.757291031E+1	-4.767747879E+1	-4.768152618E+1
-4.756566238E+1	-4.768096924E+1	-4.770837784E+1
-4.771801758E+1	-4.780323792E+1	-4.783104706E+1
-4.780495453E+1	-4.788094330E+1	-4.788733292E+1
-4.788838577E+1	-4.795945740E+1	-4.797298813E+1
-4.805290604E+1	-4.816270447E+1	-4.817867279E+1
-4.816454697E+1	-4.829704666E+1	-4.826896286E+1
-4.824243546E+1	-4.838275909E+1	-4.839121628E+1
-4.831468582E+1	-4.841889191E+1	-4.845703506E+1
-4.844012070E+1	-4.853815460E+1	-4.855580139E+1
-4.849444199E+1	-4.858886719E+1	-4.860887146E+1
-4.866146469E+1	-4.873325348E+1	-4.875336075E+1
-4.893153381E+1	-4.898615265E+1	-4.903646088E+1
-4.907154846E+1	-4.919185257E+1	-4.920526505E+1
-4.920539093E+1	-4.929374313E+1	-4.930157089E+1
-4.917231750E+1	-4.919089127E+1	-4.920729065E+1
-4.926478577E+1	-4.926858902E+1	-4.928067017E+1
-4.941528702E+1	-4.939447784E+1	-4.939242172E+1
-4.946282196E+1	-4.949374390E+1	-4.947044754E+1
-4.958645630E+1	-4.958288193E+1	-4.958327866E+1
-4.978153992E+1	-4.977925491E+1	-4.976937485E+1
-4.995703888E+1	-4.994712830E+1	-4.993218994E+1
-5.002588272E+1	-5.006234741E+1	-5.005041885E+1
-5.020038605E+1	-5.022502899E+1	-5.025415421E+1
-5.039407349E+1	-5.038160324E+1	-5.038868332E+1
-5.049474716E+1	-5.048069382E+1	-5.046848679E+1
-5.062475204E+1	-5.058191299E+1	-5.055320358E+1
-5.070761108E+1	-5.065303802E+1	-5.063991928E+1
-5.089552307E+1	-5.077444458E+1	-5.075833130E+1
-5.103070450E+1	-5.088442993E+1	-5.090693283E+1
-5.120835495E+1	-5.101630783E+1	-5.102518082E+1
-5.136764145E+1	-5.117438126E+1	-5.118950272E+1
-5.135931396E+1	-5.130657959E+1	-5.128162384E+1
-5.130582047E+1	-5.120747757E+1	-5.125204468E+1
-5.143392563E+1	-5.135325241E+1	-5.130176163E+1
-5.149191284E+1	-5.141389847E+1	-5.136569595E+1
-5.163191605E+1	-5.152251816E+1	-5.151214600E+1
-5.177494431E+1	-5.169789505E+1	-5.167954254E+1
-5.205033493E+1	-5.190802002E+1	-5.197685242E+1
-5.229570770E+1	-5.220400620E+1	-5.219671631E+1
-5.231603241E+1	-5.221050262E+1	-5.230059814E+1
-5.258969116E+1	-5.254353333E+1	-5.256937790E+1
-5.276291275E+1	-5.270632172E+1	-5.271833801E+1
-5.307430649E+1	-5.310761261E+1	-5.307838440E+1
-5.327250671E+1	-5.329109955E+1	-5.332185364E+1
-5.347493744E+1	-5.353626251E+1	-5.353235626E+1
-5.385338593E+1	-5.394895172E+1	-5.394940567E+1
-5.410640335E+1	-5.421037292E+1	-5.420348358E+1
-5.475499725E+1	-5.483791351E+1	-5.482986832E+1
-5.500682068E+1	-5.503453445E+1	-5.506224442E+1
-5.557467270E+1	-5.571847916E+1	-5.575722122E+1
-5.569870758E+1	-5.583649063E+1	-5.578404617E+1
-5.591479492E+1	-5.602326202E+1	-5.604641342E+1
-5.616427994E+1	-5.630598831E+1	-5.630061722E+1
-5.627843475E+1	-5.635296249E+1	-5.643785095E+1
-5.684986115E+1	-5.700065231E+1	-5.695391464E+1
-5.680815125E+1	-5.699351501E+1	-5.685433578E+1
-5.759159851E+1	-5.770105362E+1	-5.759421539E+1
-5.724139023E+1	-5.739744949E+1	-5.734379578E+1
-5.768183136E+1	-5.781379700E+1	-5.780212021E+1
-5.747871399E+1	-5.761729431E+1	-5.759206772E+1
-5.773748398E+1	-5.783208466E+1	-5.787747192E+1
-5.790441132E+1	-5.793608856E+1	-5.801672363E+1
-5.756599045E+1	-5.773070145E+1	-5.766265106E+1
-5.831440735E+1	-5.829160309E+1	-5.830870438E+1
-5.765886688E+1	-5.766479492E+1	-5.766831207E+1
-5.852600098E+1	-5.856151962E+1	-5.850680542E+1
-5.791353607E+1	-5.786369324E+1	-5.785812378E+1
-5.873331451E+1	-5.860448074E+1	-5.869569778E+1
-5.819506454E+1	-5.811676407E+1	-5.819186783E+1
-5.852983856E+1	-5.836435318E+1	-5.829843521E+1
-5.850168991E+1	-5.839651108E+1	-5.827127457E+1
-5.788089371E+1	-5.778155136E+1	-5.774584198E+1
-5.878569031E+1	-5.860437012E+1	-5.857599640E+1
-5.797326660E+1	-5.773454285E+1	-5.764375305E+1
-5.928936386E+1	-5.905669785E+1	-5.912689972E+1
-5.836045837E+1	-5.802722549E+1	-5.805792999E+1
-5.952339935E+1	-5.920582199E+1	-5.924866486E+1
-5.858868027E+1	-5.856316757E+1	-5.845125198E+1
-5.891603470E+1	-5.873184967E+1	-5.871301651E+1
-5.903310013E+1	-5.886784744E+1	-5.904113007E+1
-5.836740494E+1	-5.836141968E+1	-5.829883957E+1
-5.998044968E+1	-5.991744995E+1	-5.987313080E+1
-5.833576965E+1	-5.829797745E+1	-5.825569534E+1
-6.029738617E+1	-6.030372620E+1	-6.017788696E+1
-5.831887054E+1	-5.832720566E+1	-5.831073761E+1
-5.975460052E+1	-5.964978790E+1	-5.975843430E+1
-5.862538528E+1	-5.870388412E+1	-5.860635376E+1
-5.875641251E+1	-5.873477936E+1	-5.882018661E+1
-5.958522797E+1	-5.951235962E+1	-5.956616974E+1
-5.815043640E+1	-5.816163635E+1	-5.811921310E+1
-6.021255493E+1	-6.034226227E+1	-6.034885788E+1
-5.789769745E+1	-5.789605713E+1	-5.788579559E+1
-6.042533493E+1	-6.051557922E+1	-6.046418762E+1
-5.804321671E+1	-5.809017181E+1	-5.800166702E+1
-5.975549316E+1	-5.979246521E+1	-5.977923584E+1
-5.878208542E+1	-5.877050018E+1	-5.872895432E+1
-5.820250702E+1	-5.835059357E+1	-5.837044907E+1
-5.945332718E+1	-5.960806656E+1	-5.954631424E+1
-5.740383530E+1	-5.741548920E+1	-5.746337128E+1
-6.054924011E+1	-6.059646988E+1	-6.058005142E+1
-5.707108688E+1	-5.703554153E+1	-5.705131912E+1
-6.056466293E+1	-6.051428223E+1	-6.051680756E+1
-5.726816940E+1	-5.726428986E+1	-5.731532288E+1
-5.933045578E+1	-5.925670624E+1	-5.920416641E+1
-5.823905563E+1	-5.821656799E+1	-5.818858337E+1
-5.784051132E+1	-5.793100739E+1	-5.785907745E+1
-5.955477524E+1	-5.948574448E+1	-5.951824951E+1
-5.691809845E+1	-5.690489960E+1	-5.688761139E+1
-6.065035629E+1	-6.074678421E+1	-6.072708511E+1
-5.644636536E+1	-5.644337082E+1	-5.642266846E+1
-6.042133331E+1	-6.056920624E+1	-6.054954147E+1
-5.661059952E+1	-5.679566574E+1	-5.671901703E+1
-5.911051178E+1	-5.914855957E+1	-5.914263535E+1
-5.787639236E+1	-5.780943680E+1	-5.783636093E+1
-5.776514816E+1	-5.769638443E+1	-5.774935532E+1
-5.908715439E+1	-5.905434799E+1	-5.911436081E+1
-5.689889526E+1	-5.686004639E+1	-5.693190384E+1
-6.065003204E+1	-6.083347702E+1	-6.068042374E+1
-5.675799561E+1	-5.675340271E+1	-5.676060867E+1
-6.093672562E+1	-6.095442581E+1	-6.085932159E+1
-5.710687637E+1	-5.707213593E+1	-5.699438095E+1
-5.950915527E+1	-5.937387085E+1	-5.939597702E+1
-5.814351273E+1	-5.800218964E+1	-5.802940369E+1
-5.824835968E+1	-5.825350189E+1	-5.817797852E+1
-5.963987350E+1	-5.960310745E+1	-5.969064713E+1
-5.743048859E+1	-5.748360443E+1	-5.750693512E+1
-6.119371414E+1	-6.114457321E+1	-6.113183975E+1
-5.739700317E+1	-5.739652634E+1	-5.740656281E+1
-6.131023026E+1	-6.120253372E+1	-6.137656021E+1
-5.813178253E+1	-5.797911835E+1	-5.805421829E+1
-6.036586761E+1	-6.040440750E+1	-6.031196594E+1
-5.941574097E+1	-5.931038284E+1	-5.935714340E+1
-5.937434387E+1	-5.941436005E+1	-5.927295303E+1
-6.113008118E+1	-6.106377792E+1	-6.101020813E+1
-5.882715225E+1	-5.880061722E+1	-5.872864914E+1
-6.287233353E+1	-6.291173935E+1	-6.293707275E+1
-5.922283936E+1	-5.915588760E+1	-5.920368576E+1
-6.365724182E+1	-6.345033264E+1	-6.355797577E+1
-6.005732346E+1	-5.992125702E+1	-5.994175720E+1
-6.243435669E+1	-6.229613113E+1	-6.234759140E+1
-6.084577942E+1	-6.073052979E+1	-6.076813889E+1
-6.089789200E+1	-6.084626389E+1	-6.090527344E+1
-6.215666199E+1	-6.216899872E+1	-6.220403290E+1
-6.001971054E+1	-5.997204971E+1	-6.000684738E+1
-6.327334595E+1	-6.323886871E+1	-6.315949631E+1
-5.956380844E+1	-5.961426544E+1	-5.972131348E+1
-6.263254547E+1	-6.292276001E+1	-6.272962952E+1
-5.963584137E+1	-5.963010406E+1	-5.965436935E+1
-6.126490021E+1	-6.119639969E+1	-6.134302521E+1
-5.980299759E+1	-5.981766891E+1	-5.990657043E+1
-5.975857925E+1	-5.965012741E+1	-5.967810440E+1
-6.039153671E+1	-6.024934006E+1	-6.020996475E+1
-5.858656311E+1	-5.846871567E+1	-5.845748901E+1
-6.051224518E+1	-6.038811493E+1	-6.037102509E+1
-5.824736404E+1	-5.802728653E+1	-5.805155945E+1
-6.002845001E+1	-5.994300079E+1	-5.993146896E+1
-5.842276001E+1	-5.830293274E+1	-5.830298233E+1
-5.923346329E+1	-5.912520599E+1	-5.911112213E+1
-5.886143112E+1	-5.886381912E+1	-5.891113663E+1
-5.836746979E+1	-5.830596542E+1	-5.830525970E+1
-5.941773224E+1	-5.940608978E+1	-5.936716843E+1
-5.797845078E+1	-5.787009048E+1	-5.786137390E+1
-5.958467865E+1	-5.963520432E+1	-5.956267929E+1
-5.800208664E+1	-5.807505035E+1	-5.800539017E+1
-5.911362076E+1	-5.927193832E+1	-5.914973450E+1
-5.819317245E+1	-5.828279877E+1	-5.825136185E+1
-5.834127045E+1	-5.851441574E+1	-5.844514847E+1
-5.851614380E+1	-5.868409729E+1	-5.862686920E+1
-5.776405716E+1	-5.785676575E+1	-5.780176544E+1
-5.890275955E+1	-5.903920746E+1	-5.900833893E+1
-5.766968536E+1	-5.779842377E+1	-5.779135513E+1
-5.899939346E+1	-5.899535751E+1	-5.896535873E+1
-5.787369919E+1	-5.798750687E+1	-5.796102142E+1
-5.852685928E+1	-5.861061478E+1	-5.862738037E+1
-5.818988037E+1	-5.811841583E+1	-5.813073349E+1
-5.803704834E+1	-5.802210236E+1	-5.789436340E+1
-5.866761780E+1	-5.853467178E+1	-5.852861023E+1
-5.780104446E+1	-5.766360092E+1	-5.770609283E+1
-5.883026505E+1	-5.869689941E+1	-5.865086365E+1
-5.781140900E+1	-5.768954849E+1	-5.766603851E+1
-5.885173035E+1	-5.870977020E+1	-5.879635239E+1
-5.829764938E+1	-5.812319565E+1	-5.818373871E+1
-5.864874268E+1	-5.847000122E+1	-5.849835205E+1
-5.862242126E+1	-5.856345367E+1	-5.848945618E+1
-5.816267776E+1	-5.808605576E+1	-5.814862823E+1
-5.897533035E+1	-5.886431885E+1	-5.883932114E+1
-5.812999725E+1	-5.799779510E+1	-5.806290817E+1
-5.896617889E+1	-5.890908813E+1	-5.891332626E+1
-5.822400284E+1	-5.814565659E+1	-5.812065506E+1
-5.874207687E+1	-5.873960495E+1	-5.872714996E+1
-5.833830643E+1	-5.823545456E+1	-5.833660126E+1
-5.831082535E+1	-5.840670395E+1	-5.837210464E+1
-5.862311554E+1	-5.859121704E+1	-5.860503387E+1
-5.801232910E+1	-5.801667404E+1	-5.801982117E+1
-5.873325348E+1	-5.868365479E+1	-5.867620468E+1
-5.798898315E+1	-5.779670715E+1	-5.787004089E+1
-5.864922714E+1	-5.853102875E+1	-5.845254517E+1
-5.783912659E+1	-5.783929062E+1	-5.775191879E+1
-5.811148834E+1	-5.802368546E+1	-5.800502777E+1
-5.796057129E+1	-5.791847229E+1	-5.790280914E+1
-5.777246094E+1	-5.773353958E+1	-5.770119858E+1
-5.803888702E+1	-5.804919434E+1	-5.802467346E+1
-5.749461746E+1	-5.746199036E+1	-5.741907120E+1
-5.805329132E+1	-5.807727432E+1	-5.800119019E+1
-5.729780960E+1	-5.734939957E+1	-5.737012100E+1
-5.772217560E+1	-5.774246216E+1	-5.773475266E+1
-5.734438705E+1	-5.743695068E+1	-5.746564484E+1
-5.744047165E+1	-5.743442535E+1	-5.744997787E+1
-5.737551498E+1	-5.748286438E+1	-5.749283600E+1
-5.689686966E+1	-5.708052444E+1	-5.703018570E+1
-5.750687027E+1	-5.750025940E+1	-5.751356506E+1
-5.672753906E+1	-5.685900116E+1	-5.684143829E+1
-5.718102264E+1	-5.722116852E+1	-5.719959259E+1
-5.686972809E+1	-5.692993927E+1	-5.691973495E+1
-5.708198929E+1	-5.715931702E+1	-5.709055328E+1
-5.687020874E+1	-5.690705490E+1	-5.689701462E+1
-5.653802490E+1	-5.652863693E+1	-5.647236252E+1
-5.672912216E+1	-5.668777084E+1	-5.668766403E+1
-5.621433640E+1	-5.613906097E+1	-5.621897507E+1
-5.635147476E+1	-5.639181900E+1	-5.637731552E+1
-5.586194992E+1	-5.582781601E+1	-5.586048126E+1
-5.608211899E+1	-5.601210403E+1	-5.606279755E+1
-5.578199005E+1	-5.570434570E+1	-5.575061417E+1
-5.563194656E+1	-5.555838013E+1	-5.552328873E+1
-5.564131165E+1	-5.556557083E+1	-5.555151367E+1
-5.530757141E+1	-5.526785278E+1	-5.527120972E+1
-5.545666504E+1	-5.544305038E+1	-5.540923309E+1
-5.505193329E+1	-5.500703430E+1	-5.500654221E+1
-5.516719818E+1	-5.514498901E+1	-5.514442062E+1
-5.484785080E+1	-5.482722092E+1	-5.490550613E+1
-5.493677521E+1	-5.496672821E+1	-5.494261551E+1
-5.487806702E+1	-5.488645935E+1	-5.489838791E+1
-5.477691269E+1	-5.480590057E+1	-5.485868835E+1
-5.493615723E+1	-5.493378830E+1	-5.494094086E+1
-5.470221710E+1	-5.468833923E+1	-5.474525833E+1
-5.491059875E+1	-5.493122101E+1	-5.492439651E+1
-5.466614914E+1	-5.466727066E+1	-5.461418152E+1
-5.480663681E+1	-5.483190155E+1	-5.478108978E+1
-5.471422577E+1	-5.472132492E+1	-5.471153259E+1
-5.482202530E+1	-5.483122253E+1	-5.480371857E+1
-5.500652695E+1	-5.487248993E+1	-5.484399033E+1
-5.487504196E+1	-5.481865692E+1	-5.487733841E+1
-5.515159225E+1	-5.510889816E+1	-5.508364105E+1
-5.504273987E+1	-5.490829849E+1	-5.491630936E+1
-5.526733017E+1	-5.520530319E+1	-5.516518402E+1
-5.517541122E+1	-5.515653229E+1	-5.511586761E+1
-5.539057159E+1	-5.538073730E+1	-5.533111191E+1
-5.528881454E+1	-5.534479141E+1	-5.531454086E+1
-5.535315704E+1	-5.536600113E+1	-5.532949829E+1
-5.547838593E+1	-5.546203232E+1	-5.544189072E+1
-5.538147736E+1	-5.536928177E+1	-5.539029312E+1
-5.559728622E+1	-5.561355591E+1	-5.567161942E+1
-5.559753418E+1	-5.559558868E+1	-5.553746796E+1
-5.572988892E+1	-5.573730087E+1	-5.576637650E+1
-5.561705780E+1	-5.569889832E+1	-5.576522446E+1
-5.576157379E+1	-5.581228256E+1	-5.575455856E+1
-5.583904266E+1	-5.587316132E+1	-5.590018463E+1
-5.582498550E+1	-5.582718277E+1	-5.579701614E+1
-5.599124527E+1	-5.596382904E+1	-5.599225998E+1
-5.602335358E+1	-5.597633743E+1	-5.589051819E+1
-5.620580292E+1	-5.618184662E+1	-5.620209122E+1
-5.617865753E+1	-5.620223236E+1	-5.614161682E+1
-5.625962448E+1	-5.616622162E+1	-5.624224091E+1
-5.631260681E+1	-5.624313354E+1	-5.629373169E+1
-5.635275269E+1	-5.634331131E+1	-5.624872208E+1
-5.642640686E+1	-5.640588760E+1	-5.635962677E+1
-5.645209503E+1	-5.644040298E+1	-5.638083649E+1
-5.659804535E+1	-5.659856796E+1	-5.654470825E+1
-5.659403229E+1	-5.645956802E+1	-5.653317261E+1
-5.653327560E+1	-5.642821503E+1	-5.649926758E+1
-5.656911850E+1	-5.651264191E+1	-5.649119949E+1
-5.658489609E+1	-5.655011368E+1	-5.651195145E+1
-5.648317719E+1	-5.646059799E+1	-5.650150299E+1
-5.645228958E+1	-5.642734909E+1	-5.638128662E+1
-5.652601242E+1	-5.646428299E+1	-5.639883041E+1
-5.632559586E+1	-5.629330826E+1	-5.631287384E+1
-5.632553101E+1	-5.634531403E+1	-5.634534454E+1
-5.625430298E+1	-5.620711517E+1	-5.614845657E+1
-5.614455032E+1	-5.612776566E+1	-5.614562225E+1
-5.610251236E+1	-5.609854889E+1	-5.598947525E+1
-5.588052750E+1	-5.587567902E+1	-5.592716980E+1
-5.583124542E+1	-5.586233521E+1	-5.575170135E+1
-5.566104126E+1	-5.564907455E+1	-5.564847946E+1
-5.562195206E+1	-5.560730743E+1	-5.560855484E+1
-5.547499466E+1	-5.554764557E+1	-5.552087402E+1
-5.545727158E+1	-5.548430634E+1	-5.543536758E+1
-5.532629395E+1	-5.534379578E+1	-5.531354523E+1
-5.524885178E+1	-5.524540710E+1	-5.520307541E+1
-5.514852524E+1	-5.523291397E+1	-5.518862534E+1
-5.501776886E+1	-5.507115555E+1	-5.503705215E+1
-5.504245758E+1	-5.512564087E+1	-5.504320526E+1
-5.497255325E+1	-5.500982285E+1	-5.497328568E+1
-5.505472183E+1	-5.501686096E+1	-5.498653030E+1
-5.488734818E+1	-5.488273621E+1	-5.495100403E+1
-5.481335449E+1	-5.481306076E+1	-5.487804413E+1
-5.482119370E+1	-5.485771179E+1	-5.481049728E+1
