1.065742874E+2	6.571611023E+1	2.899116135E+1
-9.337278748E+1	6.745954895E+1	9.676229095E+1
8.341245270E+1	9.806163025E+1	8.424040222E+1
1.064979935E+2	1.260451431E+2	9.004009247E+1
6.709140015E+1	5.581474686E+1	4.124237061E+1
2.927832603E+1	3.228347778E+1	1.679495621E+1
1.252355347E+2	-4.776706219E+0	1.069518738E+2
7.027302551E+1	5.194283676E+1	4.900870895E+1
1.161746750E+2	1.209347687E+2	1.153971786E+2
9.072576904E+1	8.810242462E+1	9.328339386E+1
5.807036209E+1	8.059338379E+1	7.006009674E+1
8.392878723E+1	5.219095230E+1	6.936206818E+1
6.929161835E+1	7.124198914E+1	7.538213348E+1
1.021693115E+2	1.006665039E+2	1.097631683E+2
9.430895233E+1	9.481671143E+1	8.477604675E+1
8.010758209E+1	6.947528076E+1	7.643475342E+1
8.325030518E+1	7.629518890E+1	8.539156342E+1
2.928878021E+1	2.843674088E+1	2.579676819E+1
1.072562637E+2	7.248809052E+1	1.281274414E+2
1.200028992E+2	1.182601929E+2	1.343339539E+2
7.853062439E+1	7.508808136E+1	8.746216583E+1
8.481497192E+1	7.885179138E+1	8.577246857E+1
1.025406189E+2	8.895851135E+1	8.400312042E+1
8.820294189E+1	8.088452911E+1	8.706242371E+1
7.753643799E+1	7.799652100E+1	7.164297485E+1
8.771580505E+1	8.034079742E+1	8.633403015E+1
1.116358337E+2	1.103110275E+2	1.110128479E+2
8.674480438E+1	8.804158020E+1	8.128112030E+1
7.280589294E+1	7.789434052E+1	7.002549744E+1
8.381084442E+1	8.774389648E+1	8.303713989E+1
8.624901581E+1	8.635530853E+1	8.224760437E+1
6.673159027E+1	6.408668518E+1	6.270893478E+1
9.396482849E+1	1.123896866E+2	9.972662354E+1
7.237196350E+1	7.426847839E+1	7.044686127E+1
7.478562927E+1	7.256655884E+1	7.519622040E+1
7.503607941E+1	7.801714325E+1	7.701669312E+1
7.264956665E+1	7.548345947E+1	7.292319489E+1
8.140638733E+1	8.213945007E+1	8.241741180E+1
8.165238190E+1	7.966814423E+1	8.099762726E+1
7.835842133E+1	7.763346100E+1	8.074855804E+1
7.774247742E+1	7.681935120E+1	7.860461426E+1
7.803065491E+1	7.867259979E+1	7.822699738E+1
7.408144379E+1	7.542066956E+1	7.480408478E+1
8.128121948E+1	8.208636475E+1	8.035128021E+1
7.620019531E+1	7.424111176E+1	7.399577332E+1
8.156465912E+1	8.140306091E+1	8.126649475E+1
8.840718842E+1	8.811218262E+1	9.012327576E+1
8.326837921E+1	8.564723969E+1	8.447180176E+1
7.185144043E+1	7.360494995E+1	7.281024933E+1
6.203881836E+1	6.507321167E+1	6.423024750E+1
5.311132431E+1	5.436705399E+1	5.334796906E+1
6.865364075E+1	6.692783356E+1	7.077236938E+1
7.349534607E+1	7.342433929E+1	7.321034241E+1
7.734564972E+1	7.511602020E+1	7.795069122E+1
6.502864838E+1	6.438392639E+1	6.466318512E+1
6.346879578E+1	6.317386246E+1	6.232746506E+1
6.343265152E+1	6.323559952E+1	6.328507614E+1
5.558425903E+1	5.642019653E+1	5.465507126E+1
6.474465179E+1	6.306197357E+1	6.260544586E+1
6.478744507E+1	6.641041565E+1	6.560250854E+1
8.077424622E+1	7.964251709E+1	7.757776642E+1
6.202825546E+1	6.055268097E+1	5.951223755E+1
6.888877869E+1	7.270321655E+1	6.913167572E+1
6.878221893E+1	6.788740540E+1	6.648265076E+1
7.628403473E+1	7.432569122E+1	7.623960876E+1
7.525803375E+1	7.632528687E+1	7.481304169E+1
7.396474457E+1	7.212413025E+1	7.133815765E+1
7.184659576E+1	6.965310669E+1	6.935016632E+1
6.349044800E+1	6.460198975E+1	6.394363022E+1
6.504006958E+1	6.539237213E+1	6.450624847E+1
6.220464325E+1	6.137653732E+1	6.152881622E+1
7.036125183E+1	7.102958679E+1	7.057855988E+1
6.286362839E+1	6.349238586E+1	6.225321960E+1
7.440999603E+1	7.403344727E+1	7.452033234E+1
5.546782303E+1	5.435756302E+1	5.540775299E+1
7.324873352E+1	7.350409698E+1	7.406538391E+1
4.968439102E+1	4.960821533E+1	4.981656647E+1
7.912477112E+1	7.840196991E+1	8.042059326E+1
5.282455826E+1	5.254081726E+1	5.302831650E+1
8.875918579E+1	8.829663849E+1	8.813344574E+1
5.416622543E+1	5.431147766E+1	5.453715515E+1
8.154856873E+1	8.444778442E+1	8.325672913E+1
6.032080841E+1	5.943853378E+1	5.983594894E+1
7.377695465E+1	7.604598236E+1	7.382018280E+1
6.539211273E+1	6.498725891E+1	6.554707336E+1
5.449221039E+1	5.339785004E+1	5.274318695E+1
7.426108551E+1	7.499915314E+1	7.497645569E+1
5.054641724E+1	4.951779556E+1	5.107985306E+1
7.491696167E+1	7.566533661E+1	7.411521912E+1
4.899350739E+1	4.823197556E+1	4.855519485E+1
7.666221619E+1	7.640887451E+1	7.538368988E+1
5.603751373E+1	5.704653168E+1	5.662510300E+1
7.030821991E+1	7.019801331E+1	7.009182739E+1
6.007948303E+1	5.964199066E+1	6.121829605E+1
6.304151154E+1	6.245359802E+1	6.205919266E+1
6.468881226E+1	6.553416443E+1	6.513226318E+1
6.891062927E+1	6.811345673E+1	6.873944855E+1
7.080221558E+1	7.103777313E+1	7.150572968E+1
7.004209137E+1	6.934409332E+1	6.976699066E+1
6.666213989E+1	6.638391113E+1	6.711859894E+1
6.345222473E+1	6.366476822E+1	6.442839813E+1
5.563772583E+1	5.592626572E+1	5.663640976E+1
5.360197449E+1	5.330337524E+1	5.344225693E+1
5.619470596E+1	5.617769623E+1	5.619269562E+1
4.568967056E+1	4.474952698E+1	4.599791718E+1
7.594409180E+1	7.519044495E+1	7.529908752E+1
3.103863335E+1	2.961488152E+1	3.110995865E+1
8.983341217E+1	8.956123352E+1	8.890362549E+1
2.978063583E+1	2.925743294E+1	2.954786682E+1
1.044887085E+2	1.048705978E+2	1.047367554E+2
3.801890564E+1	3.792516708E+1	3.760238647E+1
1.244791489E+2	1.244446411E+2	1.250731964E+2
5.051674271E+1	5.056359863E+1	5.030123901E+1
1.331287689E+2	1.328303833E+2	1.326844940E+2
6.544949341E+1	6.564060974E+1	6.574942017E+1
8.259964752E+1	8.301181030E+1	8.318450165E+1
7.245609283E+1	7.206502533E+1	7.226186371E+1
2.444724846E+1	2.145387077E+1	2.356901932E+1
8.390001678E+1	8.406564331E+1	8.396569824E+1
3.392279816E+1	3.381641769E+1	3.329643631E+1
9.255979156E+1	9.234006500E+1	9.259879303E+1
3.698422623E+1	3.705700302E+1	3.663491058E+1
8.804269409E+1	8.815512848E+1	8.688004303E+1
4.925413513E+1	4.925725937E+1	4.931147766E+1
7.623719025E+1	7.690553284E+1	7.619844055E+1
5.890770340E+1	5.896495438E+1	5.907293320E+1
6.477769470E+1	6.406367493E+1	6.508936310E+1
6.514394379E+1	6.525687408E+1	6.486701965E+1
6.297299194E+1	6.273948288E+1	6.274580002E+1
6.381244278E+1	6.366065598E+1	6.406356049E+1
6.728937531E+1	6.740630341E+1	6.739725494E+1
5.994012070E+1	6.014616013E+1	5.964209366E+1
7.479444122E+1	7.491155243E+1	7.473863220E+1
5.870676804E+1	5.897217941E+1	5.911628342E+1
7.105602264E+1	7.123355103E+1	7.167667389E+1
6.511837769E+1	6.458699036E+1	6.470356750E+1
5.037352371E+1	4.985323715E+1	4.928030014E+1
7.724044037E+1	7.727479553E+1	7.709719086E+1
2.137490845E+1	2.146883583E+1	2.146364212E+1
9.406859589E+1	9.424414062E+1	9.421345520E+1
2.145762253E+1	2.204022789E+1	2.166669273E+1
1.157286072E+2	1.157769547E+2	1.157274170E+2
3.197460937E+1	3.194305038E+1	3.191685295E+1
1.330591278E+2	1.332812500E+2	1.336561279E+2
4.411938477E+1	4.408862686E+1	4.423080063E+1
1.580892181E+2	1.587603912E+2	1.584601746E+2
5.794650650E+1	5.801809311E+1	5.802447891E+1
-9.005737305E+1	-9.096443176E+1	-9.095836639E+1
7.276483154E+1	7.286164856E+1	7.294326782E+1
-2.477643394E+1	-2.490133286E+1	-2.557039642E+1
8.602014923E+1	8.616490936E+1	8.638050079E+1
8.222588539E+0	8.110773087E+0	7.952401161E+0
9.371073151E+1	9.395674133E+1	9.382148743E+1
2.647668457E+1	2.646054459E+1	2.654709244E+1
9.123576355E+1	9.106047058E+1	9.133831024E+1
4.326087952E+1	4.321874237E+1	4.334723663E+1
7.831324768E+1	7.781848145E+1	7.820095062E+1
5.760847855E+1	5.740308762E+1	5.755894089E+1
6.015897369E+1	6.045571899E+1	6.050011444E+1
6.310247040E+1	6.252342987E+1	6.245769501E+1
5.865209961E+1	5.884108353E+1	5.830969238E+1
6.071342087E+1	6.034455109E+1	6.031098557E+1
6.447820282E+1	6.469623566E+1	6.467488861E+1
5.361740875E+1	5.342658615E+1	5.312255478E+1
7.057466888E+1	6.996342468E+1	7.018822479E+1
5.295766068E+1	5.333741379E+1	5.325264359E+1
6.662733459E+1	6.647372437E+1	6.595330048E+1
6.463344574E+1	6.451139069E+1	6.437973785E+1
4.152890778E+1	4.240878296E+1	4.248523331E+1
7.855215454E+1	7.886719513E+1	7.841976929E+1
2.038776588E+1	2.050939941E+1	2.024147224E+1
9.882843018E+1	9.899716187E+1	9.892590332E+1
2.328448486E+1	2.286288452E+1	2.302580261E+1
1.219541321E+2	1.224060898E+2	1.222735825E+2
3.253643417E+1	3.233396912E+1	3.236184311E+1
1.482434082E+2	1.484774323E+2	1.484871063E+2
4.443302155E+1	4.444329071E+1	4.433143997E+1
-1.612271729E+2	-1.610813751E+2	-1.605596771E+2
5.966885376E+1	5.981835175E+1	5.978695297E+1
-8.609021759E+1	-8.635074615E+1	-8.710069275E+1
7.278669739E+1	7.287648773E+1	7.278965759E+1
-2.477463341E+1	-2.421216583E+1	-2.470919228E+1
8.209725189E+1	8.231175995E+1	8.222753143E+1
2.791468620E+0	3.063475370E+0	2.940953732E+0
8.770185852E+1	8.748303986E+1	8.749339294E+1
2.261760330E+1	2.255708313E+1	2.231450844E+1
8.446367645E+1	8.436962891E+1	8.461272430E+1
4.066547012E+1	4.075681305E+1	4.042829132E+1
6.789992523E+1	6.803451538E+1	6.780821991E+1
5.499912643E+1	5.499844360E+1	5.468771362E+1
5.218543243E+1	5.222396851E+1	5.216899490E+1
6.606681061E+1	6.587619781E+1	6.604724884E+1
4.425512314E+1	4.427352142E+1	4.439693069E+1
7.459777832E+1	7.466160583E+1	7.466436005E+1
3.875919342E+1	3.867013550E+1	3.895981216E+1
8.608639526E+1	8.645748138E+1	8.606657410E+1
3.114557457E+1	3.141121292E+1	3.124345779E+1
1.050158081E+2	1.054540024E+2	1.051237411E+2
2.586558723E+1	2.595359421E+1	2.584915733E+1
1.283630981E+2	1.287412720E+2	1.285418243E+2
2.871741486E+1	2.875730324E+1	2.861486053E+1
1.586669464E+2	1.588086853E+2	1.587616882E+2
3.509287643E+1	3.511833954E+1	3.520742416E+1
-1.586323242E+2	-1.585678864E+2	-1.585646515E+2
4.695689392E+1	4.704856873E+1	4.706277466E+1
-1.298583221E+2	-1.297858276E+2	-1.295346985E+2
6.347525024E+1	6.332092667E+1	6.338651276E+1
-9.643556213E+1	-9.641721344E+1	-9.671283722E+1
7.713744354E+1	7.731262207E+1	7.725739288E+1
-5.908493423E+1	-5.909120941E+1	-5.911717987E+1
8.868740082E+1	8.870676422E+1	8.867613220E+1
-2.966547775E+1	-2.974831581E+1	-2.955043030E+1
9.882862091E+1	9.898320770E+1	9.899804687E+1
-1.107970327E-1	1.724544764E-1	9.413336962E-2
9.688407135E+1	9.695121765E+1	9.697424316E+1
2.741754913E+1	2.692167473E+1	2.726452065E+1
8.009609985E+1	8.037922668E+1	8.021756744E+1
4.468577194E+1	4.475891113E+1	4.453086090E+1
6.861135101E+1	6.848185730E+1	6.844963074E+1
4.630594254E+1	4.647639084E+1	4.623345947E+1
7.252042389E+1	7.220362091E+1	7.218526459E+1
5.162310410E+1	5.153956223E+1	5.154531479E+1
-3.710741425E+1	-3.757643890E+1	-3.937806320E+1
6.985437012E+1	6.987216949E+1	6.990522766E+1
-7.225421143E+1	-7.218255615E+1	-7.223428345E+1
9.522954559E+1	9.521617889E+1	9.525472260E+1
-5.574463654E+1	-5.567841339E+1	-5.564419937E+1
1.199309082E+2	1.199960937E+2	1.199976807E+2
-3.483233643E+1	-3.479138565E+1	-3.482633972E+1
1.449908295E+2	1.450091858E+2	1.450291443E+2
-1.353872013E+1	-1.350466251E+1	-1.349384308E+1
1.699581451E+2	1.700088654E+2	1.700139465E+2
8.336717606E+0	8.361437798E+0	8.352489471E+0
-1.646871643E+2	-1.646324921E+2	-1.646169891E+2
2.898561859E+1	2.902351570E+1	2.902384377E+1
-1.415223083E+2	-1.414699860E+2	-1.414604187E+2
5.221756744E+1	5.226305771E+1	5.225902939E+1
-1.159783859E+2	-1.159470139E+2	-1.159421463E+2
7.463014984E+1	7.468914032E+1	7.468411255E+1
-9.145336914E+1	-9.142290497E+1	-9.142253876E+1
1.012924423E+2	1.013404922E+2	1.013431473E+2
-6.450814056E+1	-6.446617126E+1	-6.446504974E+1
1.273649979E+2	1.273834229E+2	1.273945160E+2
-3.551084137E+1	-3.550487900E+1	-3.550148773E+1
1.520737762E+2	1.520930176E+2	1.520890961E+2
-1.315044498E+1	-1.313864899E+1	-1.315361404E+1
1.789390717E+2	1.789509277E+2	1.789572144E+2
1.132139969E+1	1.134935474E+1	1.136023235E+1
-1.582940063E+2	-1.582893677E+2	-1.582995453E+2
3.774997711E+1	3.777847672E+1	3.777865219E+1
-1.317445068E+2	-1.317193604E+2	-1.317116547E+2
6.216599655E+1	6.217857361E+1	6.218105316E+1
-9.927805328E+1	-9.924745178E+1	-9.923540497E+1
9.203403473E+1	9.205149841E+1	9.206069183E+1
-7.148199463E+1	-7.145184326E+1	-7.146314240E+1
1.199522858E+2	1.199746780E+2	1.199725571E+2
-4.507770920E+1	-4.506933594E+1	-4.506004715E+1
1.452424164E+2	1.452436371E+2	1.452566071E+2
-1.740959358E+1	-1.738608742E+1	-1.739349937E+1
1.706359711E+2	1.706506653E+2	1.706582184E+2
2.936192274E+0	2.948899269E+0	2.937264204E+0
-1.650743408E+2	-1.650165710E+2	-1.650332642E+2
2.726167679E+1	2.727743340E+1	2.728221321E+1
-1.423259125E+2	-1.422746887E+2	-1.422961426E+2
4.807876205E+1	4.808251190E+1	4.809435272E+1
-1.201110077E+2	-1.200682755E+2	-1.200742874E+2
6.986224365E+1	6.990056610E+1	6.989763641E+1
-9.813192749E+1	-9.811333466E+1	-9.810579681E+1
8.913850403E+1	8.917565155E+1	8.917577362E+1
-7.662951660E+1	-7.661122894E+1	-7.662030029E+1
1.061671066E+2	1.062204361E+2	1.062128906E+2
-5.281198120E+1	-5.281760025E+1	-5.279818344E+1
1.237847900E+2	1.238374939E+2	1.237849503E+2
-2.810884666E+1	-2.811329842E+1	-2.809728050E+1
1.393991394E+2	1.394169159E+2	1.393107910E+2
3.796738625E+0	3.671481848E+0	3.787563562E+0
1.466996918E+2	1.474046326E+2	1.469998169E+2
4.106085205E+1	4.131844711E+1	4.119678879E+1
7.544838715E+1	7.494187927E+1	7.506877136E+1
6.601939392E+1	6.604734039E+1	6.590438080E+1
5.715606689E+1	5.648730850E+1	5.606138992E+1
7.045182037E+1	7.061840057E+1	7.052824402E+1
1.598406982E+1	1.673811722E+1	1.413944149E+1
7.639206696E+1	7.646505737E+1	7.625328064E+1
-5.719907761E+1	-5.690520859E+1	-5.603783417E+1
8.855822754E+1	8.845954895E+1	8.844128418E+1
-3.842556381E+1	-3.863548660E+1	-3.873891068E+1
1.028796616E+2	1.029898071E+2	1.029405823E+2
-2.168920517E+1	-2.180978012E+1	-2.179355812E+1
1.195470505E+2	1.197400436E+2	1.196970978E+2
-2.771762371E+0	-2.826532602E+0	-2.858514309E+0
1.364314270E+2	1.366157684E+2	1.365377045E+2
1.550294971E+1	1.555593872E+1	1.554532909E+1
1.540706329E+2	1.541414490E+2	1.540856323E+2
3.417276382E+1	3.428539658E+1	3.428628540E+1
1.619485474E+2	1.620831451E+2	1.619923706E+2
5.226501846E+1	5.225084305E+1	5.235363770E+1
1.171144562E+2	1.168691788E+2	1.157883835E+2
6.539002991E+1	6.531108093E+1	6.531546783E+1
6.437895203E+1	6.409069824E+1	6.369787979E+1
6.961763000E+1	6.952503967E+1	6.936262512E+1
6.646509552E+1	6.642064667E+1	6.643407440E+1
6.279346085E+1	6.283905029E+1	6.276910400E+1
7.286797333E+1	7.245082855E+1	7.262326050E+1
5.645148087E+1	5.623678207E+1	5.630002975E+1
7.305834961E+1	7.321038818E+1	7.314012909E+1
6.217718506E+1	6.227340317E+1	6.209973907E+1
5.892770386E+1	5.902232742E+1	5.903129578E+1
7.148326874E+1	7.165552521E+1	7.153600311E+1
4.114124680E+1	4.107234955E+1	4.097124481E+1
8.284561157E+1	8.283209229E+1	8.280062866E+1
4.194496155E+1	4.194430542E+1	4.185354996E+1
9.043524933E+1	9.045455170E+1	9.015502930E+1
5.254343033E+1	5.251110840E+1	5.248466110E+1
5.922800446E+1	5.902170563E+1	5.862559509E+1
6.522863770E+1	6.519668579E+1	6.509069061E+1
6.343012810E+0	6.339883327E+0	6.049944878E+0
8.154274750E+1	8.162593079E+1	8.155646515E+1
9.797756195E+0	9.852594376E+0	9.902797699E+0
9.770034027E+1	9.772576904E+1	9.782034302E+1
2.221871376E+1	2.220651817E+1	2.204379845E+1
1.122544861E+2	1.123851471E+2	1.123850937E+2
3.731321716E+1	3.734302139E+1	3.729613495E+1
1.182786484E+2	1.181872330E+2	1.186149902E+2
5.374595261E+1	5.368500519E+1	5.367424393E+1
1.310962772E+1	1.293881989E+1	1.212405300E+1
6.883124542E+1	6.885083771E+1	6.890306091E+1
1.038089943E+1	1.028337097E+1	1.007146645E+1
8.139667511E+1	8.143661499E+1	8.140013885E+1
2.351342773E+1	2.362244034E+1	2.368917274E+1
8.495129395E+1	8.505220032E+1	8.505960846E+1
4.034030914E+1	4.035816193E+1	4.030389786E+1
6.927674866E+1	6.912715149E+1	6.938016510E+1
5.459461594E+1	5.443004990E+1	5.451227570E+1
4.224616623E+1	4.221858597E+1	4.221773148E+1
6.401106262E+1	6.412489319E+1	6.402945709E+1
3.797530365E+1	3.786922073E+1	3.790473557E+1
6.640055847E+1	6.632038116E+1	6.625402832E+1
4.619483948E+1	4.610126877E+1	4.608530807E+1
5.327411270E+1	5.319528580E+1	5.302372742E+1
5.850918198E+1	5.828708649E+1	5.840715408E+1
3.497373962E+1	3.481930542E+1	3.480439377E+1
7.123840332E+1	7.125553894E+1	7.120088959E+1
3.318923187E+1	3.324016571E+1	3.318482208E+1
7.946749115E+1	7.944966888E+1	7.926499939E+1
4.241686249E+1	4.237503815E+1	4.240285492E+1
6.887506104E+1	6.895275116E+1	6.916907501E+1
5.633726120E+1	5.615236282E+1	5.624193573E+1
2.282777023E+1	2.249526978E+1	2.223873711E+1
7.020510101E+1	7.018255615E+1	7.030056763E+1
1.209805298E+1	1.202165413E+1	1.202070332E+1
8.305373383E+1	8.298591614E+1	8.302832031E+1
1.976755905E+1	1.976076126E+1	1.966709518E+1
9.311390686E+1	9.324820709E+1	9.322409058E+1
3.200136948E+1	3.196189117E+1	3.198981857E+1
9.083126831E+1	9.086258698E+1	9.084795380E+1
4.589170074E+1	4.597009277E+1	4.584505844E+1
5.675809860E+1	5.641287994E+1	5.660329819E+1
5.879352570E+1	5.885889435E+1	5.880136490E+1
3.172790146E+1	3.158659172E+1	3.137603188E+1
6.823514557E+1	6.825429535E+1	6.818525696E+1
3.248789215E+1	3.255334091E+1	3.233005524E+1
7.182931519E+1	7.198929596E+1	7.202919006E+1
4.232868195E+1	4.237194443E+1	4.213983917E+1
6.504599762E+1	6.482849884E+1	6.465543365E+1
5.230388641E+1	5.231407166E+1	5.218747711E+1
5.384405136E+1	5.384307480E+1	5.355279922E+1
5.949829865E+1	5.944041061E+1	5.925362015E+1
4.870898819E+1	4.879335785E+1	4.867965698E+1
6.121340561E+1	6.118150330E+1	6.114189148E+1
5.211802673E+1	5.211665726E+1	5.196249390E+1
5.571878433E+1	5.567190552E+1	5.556482697E+1
5.929577637E+1	5.932615662E+1	5.934473419E+1
4.770886612E+1	4.760467911E+1	4.759747696E+1
6.639118958E+1	6.637178802E+1	6.632429504E+1
4.465164948E+1	4.449868011E+1	4.454587936E+1
6.871687317E+1	6.897197723E+1	6.877875519E+1
4.747917938E+1	4.749924088E+1	4.737306213E+1
6.469860077E+1	6.462248993E+1	6.465638733E+1
5.463479233E+1	5.445823288E+1	5.454124451E+1
5.312183380E+1	5.280818176E+1	5.294399261E+1
6.191998672E+1	6.186741638E+1	6.179922485E+1
4.046397400E+1	4.032664871E+1	4.031568146E+1
6.779989624E+1	6.776403046E+1	6.772204590E+1
3.836447906E+1	3.829730988E+1	3.822343826E+1
7.161552429E+1	7.168016815E+1	7.166128540E+1
4.295799255E+1	4.289420700E+1	4.275305557E+1
6.962999725E+1	6.949602509E+1	6.945817566E+1
4.790559769E+1	4.795642090E+1	4.793969345E+1
6.116448212E+1	6.114088821E+1	6.108959579E+1
5.361005402E+1	5.355649185E+1	5.356318665E+1
5.526241302E+1	5.515248871E+1	5.528120422E+1
5.800528717E+1	5.775447464E+1	5.777736282E+1
5.148204041E+1	5.146381760E+1	5.149625397E+1
5.966102600E+1	5.958588791E+1	5.952142334E+1
5.131337738E+1	5.144432831E+1	5.123579407E+1
5.635280609E+1	5.630326462E+1	5.631711197E+1
5.353249741E+1	5.366632080E+1	5.351562881E+1
5.557176971E+1	5.570048141E+1	5.559502792E+1
5.669802856E+1	5.672048950E+1	5.667270279E+1
5.351961899E+1	5.339613342E+1	5.348723984E+1
5.737569427E+1	5.734418488E+1	5.724059677E+1
5.446673203E+1	5.437356186E+1	5.436992645E+1
5.304990005E+1	5.304777527E+1	5.283062363E+1
5.662789536E+1	5.669633102E+1	5.639123917E+1
5.199991226E+1	5.181002045E+1	5.170602417E+1
6.117886353E+1	6.104257584E+1	6.104016495E+1
4.974820709E+1	4.979474640E+1	4.979159927E+1
6.217223358E+1	6.224935913E+1	6.225606155E+1
5.236455917E+1	5.233106613E+1	5.209543228E+1
5.686859512E+1	5.687021255E+1	5.687392807E+1
5.456331253E+1	5.441031647E+1	5.448305511E+1
5.534134293E+1	5.527022934E+1	5.527317810E+1
5.931142807E+1	5.929628754E+1	5.934260941E+1
4.924833298E+1	4.917208099E+1	4.903388977E+1
6.131872177E+1	6.143485260E+1	6.134061050E+1
5.046960831E+1	5.036979675E+1	5.024230957E+1
5.941833496E+1	5.939087677E+1	5.949950027E+1
5.019440842E+1	5.005573273E+1	4.996571350E+1
6.076324844E+1	6.085229874E+1	6.084572983E+1
5.365424728E+1	5.362870407E+1	5.358533859E+1
5.491556168E+1	5.469782639E+1	5.473006821E+1
5.526964569E+1	5.528924942E+1	5.525817871E+1
5.622939682E+1	5.611653137E+1	5.597980881E+1
5.561375809E+1	5.544554901E+1	5.539577484E+1
5.312989426E+1	5.319339752E+1	5.316819763E+1
5.761466599E+1	5.764693832E+1	5.756678009E+1
5.568460464E+1	5.557461548E+1	5.553322983E+1
5.276533508E+1	5.273090363E+1	5.278334427E+1
5.541381073E+1	5.543530273E+1	5.534800339E+1
5.648834991E+1	5.646340942E+1	5.640049362E+1
5.517967606E+1	5.528719330E+1	5.511909866E+1
5.320436478E+1	5.336616135E+1	5.315068817E+1
5.555318069E+1	5.551406479E+1	5.545438766E+1
5.755303192E+1	5.756354523E+1	5.745462799E+1
5.033449936E+1	5.033911514E+1	5.024618912E+1
5.791448593E+1	5.792761230E+1	5.777751923E+1
5.356788635E+1	5.352347183E+1	5.334343338E+1
5.763471985E+1	5.747198486E+1	5.760739899E+1
4.978326797E+1	4.960205460E+1	4.962463379E+1
5.878469086E+1	5.861412048E+1	5.868368149E+1
5.416972733E+1	5.408311462E+1	5.393312073E+1
5.444626999E+1	5.435441589E+1	5.433609772E+1
5.432123947E+1	5.430293655E+1	5.434045410E+1
5.601585388E+1	5.591968155E+1	5.579051590E+1
5.528318787E+1	5.523275757E+1	5.508452225E+1
5.116581726E+1	5.107579041E+1	5.088760376E+1
5.806276321E+1	5.791647339E+1	5.790067291E+1
5.343483353E+1	5.349252701E+1	5.341738129E+1
5.547835922E+1	5.548963547E+1	5.556930923E+1
5.435761261E+1	5.427775955E+1	5.428236389E+1
5.765674210E+1	5.749454498E+1	5.756814194E+1
5.468173981E+1	5.459337234E+1	5.455612946E+1
5.501908875E+1	5.509725189E+1	5.514901352E+1
5.663662720E+1	5.668055725E+1	5.685493088E+1
5.588704300E+1	5.594971466E+1	5.581295776E+1
5.466092682E+1	5.467043304E+1	5.481208038E+1
5.546077728E+1	5.545279312E+1	5.553345108E+1
5.554312134E+1	5.568023300E+1	5.550561905E+1
5.504902649E+1	5.512494659E+1	5.500344086E+1
5.349986267E+1	5.349459457E+1	5.350185013E+1
5.528629303E+1	5.528323746E+1	5.528081894E+1
5.426546860E+1	5.417422485E+1	5.415558624E+1
5.434523392E+1	5.443369293E+1	5.421243286E+1
5.516994476E+1	5.521879196E+1	5.521966934E+1
5.526599503E+1	5.518143463E+1	5.520792770E+1
5.680497742E+1	5.658317184E+1	5.663685608E+1
5.414423752E+1	5.404302597E+1	5.402826309E+1
5.781966782E+1	5.774283600E+1	5.779758835E+1
5.422835159E+1	5.414275360E+1	5.419416809E+1
5.762043762E+1	5.762584686E+1	5.764048004E+1
5.426313400E+1	5.425559616E+1	5.423683167E+1
5.673812866E+1	5.672011566E+1	5.669497299E+1
5.418796158E+1	5.423504257E+1	5.417780685E+1
5.554288864E+1	5.558958817E+1	5.559606552E+1
5.479330826E+1	5.469346237E+1	5.476685715E+1
5.421255875E+1	5.415472412E+1	5.408352661E+1
5.549350357E+1	5.554097748E+1	5.534633255E+1
5.426181412E+1	5.423392487E+1	5.404468155E+1
5.576582718E+1	5.574266434E+1	5.560807037E+1
5.413160706E+1	5.419248962E+1	5.401422501E+1
5.555107117E+1	5.558153534E+1	5.540339661E+1
5.410729599E+1	5.398822784E+1	5.392098999E+1
5.535930634E+1	5.528665543E+1	5.513685226E+1
5.436526871E+1	5.436014557E+1	5.425586700E+1
5.407081604E+1	5.402526093E+1	5.390302277E+1
5.437181854E+1	5.421438980E+1	5.413334274E+1
5.350453568E+1	5.350647736E+1	5.330742645E+1
5.382786179E+1	5.385001755E+1	5.367747498E+1
5.325263596E+1	5.326299286E+1	5.312702942E+1
5.355691528E+1	5.352260590E+1	5.328854370E+1
5.310206223E+1	5.299224091E+1	5.292677689E+1
5.235213852E+1	5.228758240E+1	5.199042511E+1
5.197762680E+1	5.181431580E+1	5.152404022E+1
5.133271790E+1	5.125793457E+1	5.107482147E+1
5.198730087E+1	5.180398178E+1	5.171395493E+1
5.149835205E+1	5.140340424E+1	5.130644989E+1
5.119144821E+1	5.105136490E+1	5.088297272E+1
5.062441635E+1	5.043111420E+1	5.026493835E+1
5.027448654E+1	5.009472656E+1	4.994133759E+1
5.005854416E+1	4.981920242E+1	4.975944901E+1
4.925697708E+1	4.900836182E+1	4.897880554E+1
4.953163910E+1	4.932802963E+1	4.937579727E+1
4.904492569E+1	4.880019379E+1	4.882965088E+1
4.929658127E+1	4.913455582E+1	4.927939987E+1
4.895304871E+1	4.892948151E+1	4.908000565E+1
4.866890335E+1	4.868393326E+1	4.883550262E+1
4.788088226E+1	4.790579605E+1	4.811230850E+1
4.744113541E+1	4.740270233E+1	4.768877029E+1
4.772891617E+1	4.775934601E+1	4.793230057E+1
4.785058594E+1	4.798373032E+1	4.818218994E+1
4.795249939E+1	4.812522507E+1	4.825175476E+1
4.805348587E+1	4.814472198E+1	4.829875565E+1
4.865314865E+1	4.882549286E+1	4.895645142E+1
4.868280029E+1	4.880723572E+1	4.892694092E+1
4.796501541E+1	4.811168671E+1	4.827938080E+1
4.746716690E+1	4.763224792E+1	4.774029922E+1
4.652111053E+1	4.672160721E+1	4.668468094E+1
4.458967209E+1	4.477992630E+1	4.485697937E+1
4.274372101E+1	4.297411728E+1	4.295320129E+1
4.116991806E+1	4.144683456E+1	4.137430191E+1
4.035480881E+1	4.064134979E+1	4.054418564E+1
3.920898056E+1	3.954964066E+1	3.931536484E+1
3.836655807E+1	3.872313690E+1	3.838990021E+1
3.708089066E+1	3.743064117E+1	3.711175156E+1
3.627700806E+1	3.645590591E+1	3.611529541E+1
3.522696304E+1	3.537035370E+1	3.498487854E+1
3.380574036E+1	3.399262238E+1	3.355912781E+1
3.240453720E+1	3.246534348E+1	3.196426392E+1
3.106175041E+1	3.096897507E+1	3.037491608E+1
2.951354027E+1	2.916809464E+1	2.857456398E+1
2.721642876E+1	2.681455231E+1	2.617621422E+1
2.504239655E+1	2.441392326E+1	2.402641296E+1
2.401433563E+1	2.341528702E+1	2.302866745E+1
2.318081665E+1	2.258603668E+1	2.218447685E+1
2.256079865E+1	2.196093178E+1	2.171149063E+1
2.156545639E+1	2.096589088E+1	2.077487564E+1
2.013299942E+1	1.956136131E+1	1.946717834E+1
1.894927979E+1	1.828237534E+1	1.832904243E+1
1.741142273E+1	1.678828621E+1	1.690147018E+1
1.545015621E+1	1.502328587E+1	1.519861221E+1
1.314017296E+1	1.288210964E+1	1.321505642E+1
1.114388466E+1	1.096255398E+1	1.136563206E+1
9.406904221E+0	9.343236923E+0	9.647796631E+0
7.665870667E+0	7.752063274E+0	8.121981621E+0
5.598099709E+0	5.885508060E+0	6.222231388E+0
2.785870314E+0	3.235692024E+0	3.502313852E+0
-4.852136970E-1	-1.414238364E-1	1.916174591E-1
-4.665336132E+0	-4.442688942E+0	-4.043120861E+0
-9.338210106E+0	-9.076474190E+0	-8.726996422E+0
-1.320289707E+1	-1.305951977E+1	-1.253804970E+1
-1.468190289E+1	-1.444063377E+1	-1.389480019E+1
-1.611999512E+1	-1.578649712E+1	-1.529238224E+1
-1.883399200E+1	-1.852884102E+1	-1.797589302E+1
-2.185194016E+1	-2.157291222E+1	-2.117307663E+1
-2.445074654E+1	-2.430217934E+1	-2.401751137E+1
-2.515347099E+1	-2.496986008E+1	-2.481259537E+1
-2.710934639E+1	-2.686263657E+1	-2.681914330E+1
-2.986883736E+1	-2.955718231E+1	-2.983614159E+1
-3.319303131E+1	-3.277403259E+1	-3.322491837E+1
-3.667470932E+1	-3.639662552E+1	-3.678786469E+1
-3.958525085E+1	-3.942617416E+1	-3.985963058E+1
-4.324925232E+1	-4.328273773E+1	-4.372687912E+1
-4.720182800E+1	-4.734100342E+1	-4.780398178E+1
-5.139090347E+1	-5.155660629E+1	-5.214044952E+1
-5.485305405E+1	-5.527985764E+1	-5.569297791E+1
-5.802042007E+1	-5.844657135E+1	-5.895281219E+1
-6.107764816E+1	-6.145273590E+1	-6.193621826E+1
-6.420326996E+1	-6.460166931E+1	-6.494976044E+1
-6.689580536E+1	-6.748512268E+1	-6.777988434E+1
-6.926866150E+1	-6.969129181E+1	-7.003352356E+1
-7.111157227E+1	-7.172451782E+1	-7.210648346E+1
-7.217381287E+1	-7.292121124E+1	-7.310971832E+1
-7.409901428E+1	-7.475379944E+1	-7.513664246E+1
-7.570597076E+1	-7.625064087E+1	-7.666663361E+1
-7.621891785E+1	-7.662956238E+1	-7.682802582E+1
-7.658144379E+1	-7.719390106E+1	-7.706730652E+1
-7.360142517E+1	-7.388897705E+1	-7.442819214E+1
-7.363078308E+1	-7.369130707E+1	-7.387184906E+1
-7.031546783E+1	-7.007696533E+1	-7.010796356E+1
-6.809350586E+1	-6.788432312E+1	-6.817247009E+1
-6.322558594E+1	-6.330583191E+1	-6.286672211E+1
-5.837147141E+1	-5.778497696E+1	-5.779932022E+1
-4.967630005E+1	-4.832082367E+1	-4.726881409E+1
-3.903839493E+1	-3.759404373E+1	-3.611943817E+1
-2.560026550E+1	-2.451189995E+1	-2.369003105E+1
-1.646995926E+1	-1.556355762E+1	-1.488959217E+1
-4.527199268E+0	-3.437993765E+0	-2.938693762E+0
5.402444363E+0	5.237410545E+0	6.610392094E+0
2.034507179E+1	2.008862877E+1	2.087261391E+1
3.254383469E+1	3.122483063E+1	3.101475906E+1
3.772568512E+1	3.705530548E+1	3.650807190E+1
4.526587296E+1	4.413908005E+1	4.417124557E+1
4.568355179E+1	4.491349792E+1	4.433200455E+1
4.865571594E+1	4.715064240E+1	4.646408844E+1
5.003863907E+1	4.892382050E+1	4.874630356E+1
4.968073654E+1	4.872997284E+1	4.861636734E+1
4.877802658E+1	4.793282700E+1	4.743022537E+1
4.803702164E+1	4.741032791E+1	4.719275665E+1
4.847578049E+1	4.796449280E+1	4.800911331E+1
4.727896500E+1	4.679586792E+1	4.685170746E+1
4.642033768E+1	4.610245514E+1	4.595364761E+1
4.570730209E+1	4.589635468E+1	4.573568726E+1
4.541112137E+1	4.550904465E+1	4.551940918E+1
4.621307755E+1	4.643413544E+1	4.646455383E+1
4.542345047E+1	4.564210892E+1	4.542972946E+1
4.574769211E+1	4.584527206E+1	4.577363205E+1
4.424403763E+1	4.451199341E+1	4.419620514E+1
4.483073425E+1	4.492096329E+1	4.476953888E+1
4.318459702E+1	4.346682358E+1	4.325612640E+1
4.387364960E+1	4.400193787E+1	4.395403290E+1
4.240571213E+1	4.273450089E+1	4.262548447E+1
4.210669708E+1	4.233937836E+1	4.221895218E+1
4.133986282E+1	4.168966293E+1	4.157254791E+1
4.054460144E+1	4.079628372E+1	4.076004791E+1
4.018221283E+1	4.038577652E+1	4.021804047E+1
3.931418610E+1	3.931006622E+1	3.936934280E+1
3.976167679E+1	4.003868484E+1	3.982977295E+1
3.873559570E+1	3.905222321E+1	3.892777252E+1
3.912036514E+1	3.947369003E+1	3.939141464E+1
3.899221802E+1	3.924754715E+1	3.914129639E+1
3.914445496E+1	3.949176788E+1	3.949177170E+1
3.904048538E+1	3.949575424E+1	3.947138214E+1
3.873907852E+1	3.902460098E+1	3.889368439E+1
3.885728455E+1	3.921479797E+1	3.904459381E+1
3.838352966E+1	3.860393906E+1	3.849033737E+1
3.911040115E+1	3.912744141E+1	3.913825989E+1
3.913658905E+1	3.913174820E+1	3.905567169E+1
3.908208466E+1	3.897191620E+1	3.896828842E+1
3.901533508E+1	3.871552277E+1	3.891098785E+1
3.897351456E+1	3.871708679E+1	3.880723190E+1
4.011122513E+1	3.978497314E+1	3.971047974E+1
3.968035507E+1	3.938872910E+1	3.937814331E+1
4.016928482E+1	3.969598770E+1	3.980004883E+1
3.953207016E+1	3.895932770E+1	3.908240128E+1
4.018257523E+1	3.953193665E+1	3.959061432E+1
4.039191818E+1	3.977933502E+1	3.986828613E+1
4.102121735E+1	4.051641846E+1	4.054525375E+1
4.147060776E+1	4.088972473E+1	4.092416763E+1
4.100961304E+1	4.045544815E+1	4.055496216E+1
4.085145569E+1	4.060322571E+1	4.057112885E+1
3.994247437E+1	3.963482666E+1	3.974100494E+1
4.004536057E+1	3.990135574E+1	3.979315948E+1
3.900640106E+1	3.890422440E+1	3.880866241E+1
3.902460480E+1	3.890807343E+1	3.881488037E+1
3.816418839E+1	3.811135483E+1	3.805006027E+1
3.783649445E+1	3.794463348E+1	3.795243454E+1
3.693001556E+1	3.712081909E+1	3.697809982E+1
3.616518402E+1	3.627733231E+1	3.627446747E+1
3.561489105E+1	3.579619217E+1	3.566495132E+1
3.547560120E+1	3.565702820E+1	3.554742050E+1
3.563313293E+1	3.585950470E+1	3.572104645E+1
3.552705002E+1	3.579594421E+1	3.565904236E+1
3.465935516E+1	3.491120529E+1	3.491048050E+1
3.417171478E+1	3.448943329E+1	3.439775085E+1
3.361840057E+1	3.391552353E+1	3.386587906E+1
3.367881012E+1	3.399642563E+1	3.393476868E+1
3.326366806E+1	3.365169525E+1	3.359630966E+1
3.275149918E+1	3.302952576E+1	3.297946930E+1
3.275486374E+1	3.308776855E+1	3.304025269E+1
3.152820396E+1	3.192058945E+1	3.174801636E+1
3.198106575E+1	3.221057510E+1	3.216768265E+1
3.053801918E+1	3.084082794E+1	3.075313187E+1
3.117001534E+1	3.136101913E+1	3.138949013E+1
3.002660751E+1	3.014238930E+1	3.009222794E+1
3.061311531E+1	3.070226288E+1	3.066345787E+1
2.995797539E+1	2.995051575E+1	2.988283920E+1
3.008504295E+1	2.990992355E+1	2.993653870E+1
2.993913269E+1	2.976145363E+1	2.975212288E+1
2.951776505E+1	2.922319984E+1	2.920569420E+1
2.978758621E+1	2.954521942E+1	2.948672867E+1
2.866655922E+1	2.840389633E+1	2.837484550E+1
2.919223213E+1	2.890454102E+1	2.885856056E+1
2.829558372E+1	2.794512749E+1	2.788585663E+1
2.831892586E+1	2.793527985E+1	2.791574287E+1
2.782946968E+1	2.747635651E+1	2.749942017E+1
2.705623245E+1	2.667068481E+1	2.667693710E+1
2.724826050E+1	2.687461853E+1	2.683896255E+1
2.564727211E+1	2.538870811E+1	2.533489799E+1
2.613797569E+1	2.590610123E+1	2.584532928E+1
2.433324623E+1	2.413065529E+1	2.410847092E+1
2.421254921E+1	2.405800629E+1	2.398435211E+1
2.261263657E+1	2.254160690E+1	2.249526405E+1
2.084959030E+1	2.083267784E+1	2.084781265E+1
2.129250717E+1	2.132447815E+1	2.129995918E+1
1.767403030E+1	1.772289085E+1	1.769482231E+1
1.969285202E+1	1.983003235E+1	1.985457802E+1
1.479275227E+1	1.492860985E+1	1.495872402E+1
1.737656212E+1	1.756256104E+1	1.760154343E+1
1.129800224E+1	1.145364952E+1	1.149648094E+1
1.327721024E+1	1.344203281E+1	1.349977112E+1
7.487344742E+0	7.641925335E+0	7.681938648E+0
7.347055435E+0	7.556201458E+0	7.610998631E+0
3.352097988E+0	3.566543579E+0	3.606544018E+0
3.013780117E-1	5.126932263E-1	4.754834175E-1
-2.165238619E+0	-1.981399655E+0	-2.012377262E+0
-7.925813198E+0	-7.756449223E+0	-7.793724060E+0
-9.436767578E+0	-9.231220245E+0	-9.324840546E+0
-1.683732224E+1	-1.664810944E+1	-1.674667168E+1
-1.792465210E+1	-1.780087471E+1	-1.784206581E+1
-2.536689949E+1	-2.530584145E+1	-2.535595322E+1
-2.758944893E+1	-2.754340553E+1	-2.758367348E+1
-3.381785583E+1	-3.385489655E+1	-3.387913895E+1
-3.803447342E+1	-3.811083603E+1	-3.809160233E+1
-4.261540604E+1	-4.266297531E+1	-4.262465286E+1
-4.827348328E+1	-4.833913803E+1	-4.830759811E+1
-5.186714172E+1	-5.194474792E+1	-5.191987610E+1
-5.845385361E+1	-5.853845596E+1	-5.850632095E+1
-6.138734818E+1	-6.147015762E+1	-6.145594025E+1
-6.745334625E+1	-6.758529663E+1	-6.759091187E+1
-7.024619293E+1	-7.045214081E+1	-7.044148254E+1
-7.498546600E+1	-7.518723297E+1	-7.516997528E+1
-7.879293823E+1	-7.891893768E+1	-7.891351318E+1
-8.244733429E+1	-8.254197693E+1	-8.251737213E+1
-8.697846222E+1	-8.707035828E+1	-8.706823730E+1
-9.014739227E+1	-9.019235229E+1	-9.024124908E+1
-9.477822876E+1	-9.480796051E+1	-9.488349152E+1
-9.768670654E+1	-9.777154541E+1	-9.788436127E+1
-1.023366318E+2	-1.024525528E+2	-1.025434036E+2
-1.059097900E+2	-1.059705658E+2	-1.061262589E+2
-1.101802597E+2	-1.102440262E+2	-1.103585052E+2
-1.144557953E+2	-1.145231171E+2	-1.146405182E+2
-1.183003922E+2	-1.183366165E+2	-1.183997345E+2
-1.227837143E+2	-1.228240433E+2	-1.228812485E+2
-1.266136246E+2	-1.266406021E+2	-1.266637573E+2
-1.312177277E+2	-1.311976013E+2	-1.311848602E+2
-1.352281342E+2	-1.352214050E+2	-1.352511292E+2
-1.394538422E+2	-1.394387970E+2	-1.394602356E+2
-1.436066132E+2	-1.436048279E+2	-1.436071930E+2
-1.472642670E+2	-1.473430023E+2	-1.473292999E+2
-1.514246826E+2	-1.515990143E+2	-1.515969238E+2
-1.557145081E+2	-1.558985596E+2	-1.558928833E+2
-1.603931732E+2	-1.605616760E+2	-1.605345917E+2
-1.649378052E+2	-1.651201782E+2	-1.651345367E+2
-1.690188751E+2	-1.692062073E+2	-1.692559204E+2
-1.734591522E+2	-1.737028809E+2	-1.737040100E+2
-1.773952484E+2	-1.775581055E+2	-1.776063538E+2
1.782684937E+2	1.781766968E+2	1.780716858E+2
1.748219147E+2	1.748915405E+2	1.747151489E+2
1.717517853E+2	1.718479156E+2	1.716553040E+2
1.686389771E+2	1.687883148E+2	1.685855255E+2
1.661263123E+2	1.663198395E+2	1.661516418E+2
1.630382996E+2	1.633459778E+2	1.631742706E+2
1.613758698E+2	1.615921021E+2	1.614556732E+2
1.589802551E+2	1.590964508E+2	1.589990997E+2
1.570700989E+2	1.570785828E+2	1.570481720E+2
1.546553040E+2	1.545589142E+2	1.545164948E+2
1.520860748E+2	1.520332184E+2	1.519432068E+2
1.502607269E+2	1.502442017E+2	1.502000275E+2
1.475559540E+2	1.475802460E+2	1.476052246E+2
1.457191620E+2	1.458157806E+2	1.458091736E+2
1.437125549E+2	1.437054749E+2	1.437332001E+2
1.420690308E+2	1.419852142E+2	1.419054413E+2
1.400457306E+2	1.399146423E+2	1.398873596E+2
1.378588867E+2	1.377563629E+2	1.376480713E+2
1.362646027E+2	1.362395630E+2	1.361094208E+2
1.336095428E+2	1.336101685E+2	1.334942474E+2
1.323447571E+2	1.323392639E+2	1.321694794E+2
1.296677856E+2	1.296829529E+2	1.295364838E+2
1.283971252E+2	1.282926788E+2	1.281526947E+2
1.265285034E+2	1.262702637E+2	1.262464447E+2
1.250103607E+2	1.248894501E+2	1.249341431E+2
1.255837479E+2	1.253644104E+2	1.253920822E+2
1.248365936E+2	1.244455566E+2	1.245469131E+2
1.262885437E+2	1.259991074E+2	1.261429138E+2
1.247094345E+2	1.244033432E+2	1.245737152E+2
1.254320145E+2	1.253724518E+2	1.253984756E+2
1.238988266E+2	1.238406754E+2	1.236810760E+2
1.231157455E+2	1.230746841E+2	1.228582153E+2
1.211874847E+2	1.210412369E+2	1.209158936E+2
1.186668854E+2	1.184754944E+2	1.184955597E+2
1.172827377E+2	1.170219421E+2	1.168352661E+2
1.143303757E+2	1.138659439E+2	1.138981476E+2
1.130627060E+2	1.127108917E+2	1.126119766E+2
1.101804123E+2	1.096087875E+2	1.094275894E+2
1.079398270E+2	1.074600601E+2	1.071580429E+2
1.054724960E+2	1.048205872E+2	1.046534271E+2
1.023000870E+2	1.018484726E+2	1.016655045E+2
1.005207748E+2	9.989289856E+1	9.992157745E+1
9.664677429E+1	9.603599548E+1	9.594151306E+1
9.530886841E+1	9.497755432E+1	9.471666718E+1
9.235138702E+1	9.166851044E+1	9.158903503E+1
9.020439911E+1	8.981420135E+1	8.972369385E+1
8.738988495E+1	8.722595978E+1	8.690216827E+1
8.464413452E+1	8.452589417E+1	8.417012024E+1
8.284409332E+1	8.306052399E+1	8.277931213E+1
7.894992065E+1	7.914882660E+1	7.887117004E+1
7.808489990E+1	7.822682190E+1	7.818933868E+1
7.511875153E+1	7.505911255E+1	7.479681396E+1
7.387390900E+1	7.398260498E+1	7.367427826E+1
6.994640350E+1	7.002221680E+1	6.977708435E+1
6.738768768E+1	6.723346710E+1	6.708792114E+1
6.488956451E+1	6.466279602E+1	6.445038605E+1
6.109833145E+1	6.083171463E+1	6.078119278E+1
5.836861038E+1	5.829912567E+1	5.838533020E+1
5.381024551E+1	5.385882950E+1	5.336016846E+1
5.229950333E+1	5.236723709E+1	5.202038956E+1
4.887279129E+1	4.892376709E+1	4.895587921E+1
4.659355545E+1	4.649372864E+1	4.641189194E+1
4.354225540E+1	4.368433762E+1	4.393488312E+1
4.090472794E+1	4.115942383E+1	4.120444489E+1
3.961268234E+1	4.008292007E+1	4.009494019E+1
3.626889038E+1	3.664379883E+1	3.675197220E+1
3.281948090E+1	3.363362122E+1	3.389270401E+1
3.021261787E+1	3.091035652E+1	3.118041039E+1
2.806717873E+1	2.869108772E+1	2.895062447E+1
2.551300430E+1	2.648707962E+1	2.650629616E+1
2.308569717E+1	2.415945816E+1	2.420215034E+1
2.084148788E+1	2.162125397E+1	2.160008240E+1
1.763708878E+1	1.823577499E+1	1.842685699E+1
1.429040623E+1	1.495625973E+1	1.527665043E+1
1.191446686E+1	1.220308876E+1	1.243516445E+1
9.326485634E+0	9.553769112E+0	1.009601307E+1
7.264725685E+0	7.309430122E+0	7.695615768E+0
6.009437084E+0	5.753738880E+0	6.346094608E+0
5.272489548E+0	4.705307007E+0	4.896846771E+0
3.955761671E+0	3.207292795E+0	3.430163145E+0
1.603125811E+0	8.573032618E-1	1.211534023E+0
1.860426813E-1	-9.964942932E-1	-6.501479149E-1
-1.824523449E+0	-2.903182983E+0	-2.372376442E+0
-2.628252506E+0	-3.375872850E+0	-3.018781662E+0
-4.270814896E+0	-4.326929092E+0	-3.865799904E+0
-3.928939581E+0	-3.534285307E+0	-2.442607641E+0
-4.925680637E+0	-3.979491949E+0	-2.965310097E+0
-4.568813324E+0	-3.185771942E+0	-2.595414639E+0
-3.996819258E+0	-2.926168680E+0	-2.367609739E+0
-3.734959126E+0	-2.573261023E+0	-2.372666121E+0
-3.837692022E+0	-2.270701170E+0	-2.060477734E+0
-5.041000843E+0	-3.351207733E+0	-3.317636490E+0
-5.542533875E+0	-3.930458784E+0	-5.349948406E+0
-7.521077156E+0	-6.864263535E+0	-7.816868782E+0
-7.846714973E+0	-7.830695629E+0	-9.056552887E+0
-8.569198608E+0	-8.889504433E+0	-1.006069851E+1
-8.565822601E+0	-9.281542778E+0	-1.045312405E+1
-8.899321556E+0	-9.931985855E+0	-1.080337429E+1
-1.057615948E+1	-1.138477612E+1	-1.219554996E+1
-1.113446999E+1	-1.207059669E+1	-1.234497643E+1
-1.248632812E+1	-1.331538868E+1	-1.329742241E+1
-1.184249401E+1	-1.230621052E+1	-1.219256496E+1
-9.661229134E+0	-9.986488342E+0	-9.513395309E+0
-9.543267250E+0	-9.582943916E+0	-8.984641075E+0
-6.693474770E+0	-7.088383198E+0	-6.964982510E+0
-4.958236694E+0	-6.571606636E+0	-6.424893856E+0
-3.863165140E+0	-5.635245800E+0	-5.945302963E+0
-5.274621964E+0	-7.331345558E+0	-7.732982159E+0
-4.264536381E+0	-5.800620079E+0	-6.831686020E+0
-3.282835960E+0	-5.490295887E+0	-6.228292942E+0
-3.622304916E+0	-5.580010891E+0	-6.481619835E+0
-2.238133907E+0	-3.883692980E+0	-4.569141388E+0
-1.220417500E+0	-3.084975719E+0	-3.590758085E+0
-1.775256544E-1	-1.373488665E+0	-1.644099116E+0
8.643780947E-1	2.647721469E-1	-1.408585906E-2
-2.021412551E-1	3.228402138E-1	3.348834515E-1
1.460842639E-1	7.307417393E-1	1.400818348E+0
-4.360956252E-1	1.221605539E+0	1.705047727E+0
-7.692181040E-3	2.155830860E+0	2.473580360E+0
-9.959011078E-1	2.040336609E+0	2.586166620E+0
4.139696956E-1	3.399863005E+0	4.218674660E+0
2.818317652E+0	5.065749168E+0	6.220581055E+0
5.518511295E+0	7.789907455E+0	8.033414841E+0
6.472809792E+0	7.993371010E+0	8.408421516E+0
6.878714561E+0	7.649992943E+0	8.094561577E+0
6.805533409E+0	7.143327236E+0	7.294628143E+0
5.708801270E+0	5.730031967E+0	5.884231567E+0
3.896160126E+0	4.037789822E+0	4.282528400E+0
4.522380829E+0	3.977734327E+0	4.198441505E+0
4.392461777E+0	3.836139917E+0	3.668092012E+0
3.165455103E+0	2.121055365E+0	2.501473427E+0
1.805638790E+0	1.295550704E+0	1.797883630E+0
2.320773900E-1	1.228725165E-1	5.867139697E-1
-6.063969731E-1	-5.239682794E-1	-1.899584532E-1
-1.558851480E+0	-9.575834274E-1	-7.345089316E-1
-2.008492947E+0	-1.635639668E+0	-1.204628706E+0
-2.214137316E+0	-2.045157433E+0	-1.278230429E+0
-3.266499758E+0	-3.188218594E+0	-2.748102665E+0
-3.070901155E+0	-3.071797132E+0	-3.057566881E+0
-3.940521717E+0	-4.318696976E+0	-3.925634623E+0
-5.612531185E+0	-5.944343090E+0	-5.843268871E+0
-6.255888939E+0	-6.696555614E+0	-6.779341698E+0
-6.359027863E+0	-6.531316280E+0	-6.903113842E+0
-6.822406769E+0	-6.862842083E+0	-7.388165951E+0
-6.960891247E+0	-7.087899208E+0	-7.989717960E+0
-7.013402939E+0	-7.281942844E+0	-7.935277939E+0
-7.944041729E+0	-8.633313179E+0	-9.420293808E+0
-9.182939529E+0	-9.941742897E+0	-1.059126377E+1
-9.175754547E+0	-9.634696007E+0	-1.046358585E+1
-8.466479301E+0	-9.270331383E+0	-1.006653690E+1
-8.443267822E+0	-9.145947456E+0	-9.580544472E+0
-9.193356514E+0	-9.665521622E+0	-1.007997513E+1
-9.210122108E+0	-9.644748688E+0	-9.863948822E+0
-9.921679497E+0	-1.017341328E+1	-1.059161377E+1
-1.029044724E+1	-1.059789944E+1	-1.106319809E+1
-1.050448227E+1	-1.025942421E+1	-1.049275303E+1
-1.083675861E+1	-1.076348019E+1	-1.070576382E+1
-1.197385597E+1	-1.201235294E+1	-1.211679745E+1
-1.395193958E+1	-1.446722698E+1	-1.461372375E+1
-1.627133179E+1	-1.693298149E+1	-1.709905243E+1
-1.788034058E+1	-1.859040070E+1	-1.861052513E+1
-1.937872314E+1	-2.001435280E+1	-2.016696930E+1
-2.093466568E+1	-2.145022202E+1	-2.143998718E+1
-2.265341949E+1	-2.311613655E+1	-2.295070267E+1
-2.362987518E+1	-2.388824272E+1	-2.368578720E+1
-2.545176315E+1	-2.519781685E+1	-2.475440025E+1
-2.764791679E+1	-2.717386246E+1	-2.669489861E+1
-2.910524178E+1	-2.877413177E+1	-2.822427559E+1
-3.104637909E+1	-3.043914032E+1	-2.993075562E+1
-3.204693985E+1	-3.127762222E+1	-3.071973801E+1
-3.322164536E+1	-3.241551971E+1	-3.178923035E+1
-3.384553909E+1	-3.315582657E+1	-3.250601959E+1
-3.453996658E+1	-3.397434616E+1	-3.369919205E+1
-3.710957336E+1	-3.679965973E+1	-3.626898193E+1
-3.987178421E+1	-3.944835663E+1	-3.894199753E+1
-4.331013870E+1	-4.281784058E+1	-4.255604172E+1
-4.498580551E+1	-4.475667191E+1	-4.479003143E+1
-4.760567474E+1	-4.747699356E+1	-4.739443588E+1
-5.084871674E+1	-5.100182343E+1	-5.117628860E+1
-5.483924103E+1	-5.516859055E+1	-5.525759506E+1
-5.992678833E+1	-5.995211029E+1	-6.007209396E+1
-6.445079041E+1	-6.451491547E+1	-6.457957458E+1
-6.954326630E+1	-6.949323273E+1	-6.958213806E+1
-7.357803345E+1	-7.346012878E+1	-7.358438873E+1
-7.802706909E+1	-7.771269989E+1	-7.774606323E+1
-8.194377899E+1	-8.145539856E+1	-8.168103790E+1
-8.566548920E+1	-8.512547302E+1	-8.524177551E+1
-9.066683197E+1	-9.005260468E+1	-9.006893158E+1
-9.385677338E+1	-9.335698700E+1	-9.337129974E+1
-9.861917114E+1	-9.831330109E+1	-9.853651428E+1
-1.025629807E+2	-1.022685242E+2	-1.025387344E+2
-1.069227829E+2	-1.067767334E+2	-1.071054153E+2
-1.118877640E+2	-1.119427490E+2	-1.123083649E+2
-1.155953217E+2	-1.157043076E+2	-1.160070724E+2
-1.206183243E+2	-1.208450241E+2	-1.210382080E+2
-1.234784927E+2	-1.239531097E+2	-1.242220612E+2
-1.287552490E+2	-1.292734375E+2	-1.295406647E+2
-1.317820435E+2	-1.325619965E+2	-1.329822693E+2
-1.345063629E+2	-1.358283997E+2	-1.361503296E+2
-1.373679962E+2	-1.388445740E+2	-1.391422424E+2
-1.381488342E+2	-1.395204468E+2	-1.398589172E+2
-1.419119263E+2	-1.430685120E+2	-1.432424011E+2
-1.423426514E+2	-1.431542511E+2	-1.432250061E+2
-1.462212067E+2	-1.469015656E+2	-1.470572662E+2
-1.460533447E+2	-1.466983032E+2	-1.471147766E+2
-1.495099335E+2	-1.503355713E+2	-1.504783783E+2
-1.513856354E+2	-1.519977112E+2	-1.523058929E+2
-1.515437469E+2	-1.528896637E+2	-1.528893738E+2
-1.560110931E+2	-1.573071442E+2	-1.577981873E+2
-1.561589661E+2	-1.572044525E+2	-1.575305023E+2
-1.633408356E+2	-1.641993866E+2	-1.645327148E+2
-1.612202301E+2	-1.616517334E+2	-1.620868225E+2
-1.667486115E+2	-1.667377777E+2	-1.672169952E+2
-1.691562805E+2	-1.688753662E+2	-1.691402435E+2
-1.701696320E+2	-1.696723480E+2	-1.699006653E+2
-1.758301544E+2	-1.754868927E+2	-1.754117126E+2
-1.748056335E+2	-1.743243561E+2	-1.743367615E+2
1.773137665E+2	1.775578156E+2	1.775147705E+2
1.799308167E+2	-1.787476807E+2	-1.787081146E+2
1.735988617E+2	1.740339813E+2	1.744422455E+2
1.749285583E+2	1.743315430E+2	1.759138031E+2
1.724282684E+2	1.726927338E+2	1.731547546E+2
1.647424164E+2	1.657274170E+2	1.663731384E+2
1.689435883E+2	1.696029358E+2	1.699392700E+2
1.546401367E+2	1.557313538E+2	1.556953888E+2
1.618878937E+2	1.640471802E+2	1.650389557E+2
1.519098816E+2	1.533198853E+2	1.535422974E+2
1.541016388E+2	1.552156677E+2	1.552203827E+2
1.502000427E+2	1.508419952E+2	1.505972290E+2
1.368014526E+2	1.379720001E+2	1.382273865E+2
1.426209412E+2	1.436317749E+2	1.432404938E+2
1.229211655E+2	1.235112000E+2	1.238107147E+2
1.334006195E+2	1.342750702E+2	1.349460297E+2
1.201965179E+2	1.203455811E+2	1.209359131E+2
1.168106842E+2	1.182184677E+2	1.184772568E+2
1.129657745E+2	1.136027222E+2	1.140128937E+2
9.724752045E+1	9.705558014E+1	9.818264771E+1
1.058582611E+2	1.062206879E+2	1.074065704E+2
8.659971619E+1	8.772546387E+1	8.773532867E+1
9.477001190E+1	9.647879791E+1	9.645606995E+1
8.276676941E+1	8.434723663E+1	8.506012726E+1
8.174724579E+1	8.336589050E+1	8.389349365E+1
8.204416656E+1	8.301843262E+1	8.250090790E+1
6.802408600E+1	6.985847473E+1	7.037580872E+1
7.732587433E+1	7.912375641E+1	7.921326447E+1
6.384461975E+1	6.463988495E+1	6.481036377E+1
7.233277130E+1	7.353176880E+1	7.323167419E+1
6.189625168E+1	6.218770981E+1	6.217372131E+1
6.091901779E+1	6.170668030E+1	6.160719299E+1
6.017498398E+1	6.066412735E+1	6.016754532E+1
5.212970352E+1	5.202350998E+1	5.163658142E+1
6.087593079E+1	6.056302643E+1	6.000273514E+1
4.797456741E+1	4.735050964E+1	4.738474655E+1
5.684933472E+1	5.595405197E+1	5.610832214E+1
4.593391800E+1	4.578055191E+1	4.558591080E+1
4.917802429E+1	4.923829651E+1	4.919458771E+1
4.794673157E+1	4.793819046E+1	4.803916931E+1
4.099248505E+1	4.143804169E+1	4.140297318E+1
4.780292130E+1	4.775588608E+1	4.788394928E+1
3.607508850E+1	3.615836334E+1	3.588467407E+1
4.613050461E+1	4.509183121E+1	4.540340424E+1
3.438505554E+1	3.422772980E+1	3.404384995E+1
3.946459198E+1	3.881430435E+1	3.887298584E+1
3.438824844E+1	3.402408600E+1	3.354671478E+1
3.158151436E+1	3.104804611E+1	3.090952682E+1
3.512546539E+1	3.445587921E+1	3.469450378E+1
2.735634995E+1	2.703689957E+1	2.674055290E+1
3.383639526E+1	3.322755051E+1	3.315419769E+1
2.398812294E+1	2.354634476E+1	2.366673470E+1
2.903215027E+1	2.864842606E+1	2.913441467E+1
2.298666191E+1	2.310370064E+1	2.284214973E+1
2.312661934E+1	2.256275558E+1	2.270853806E+1
2.308934975E+1	2.297213745E+1	2.280911636E+1
1.752418137E+1	1.743010712E+1	1.750112152E+1
2.198840523E+1	2.160824776E+1	2.191756821E+1
1.474227905E+1	1.419090176E+1	1.408498859E+1
1.896133232E+1	1.847780418E+1	1.890584373E+1
1.379030609E+1	1.353020859E+1	1.380237293E+1
1.365451241E+1	1.395643330E+1	1.432481575E+1
1.341014290E+1	1.387514973E+1	1.393719769E+1
1.031976891E+1	1.025452042E+1	1.052330589E+1
1.428809738E+1	1.453406525E+1	1.475645256E+1
8.442292213E+0	8.756384850E+0	8.748678207E+0
1.304702854E+1	1.307828331E+1	1.313648033E+1
7.421698093E+0	7.880114555E+0	7.731720448E+0
9.681304932E+0	9.721468925E+0	9.701900482E+0
9.428736687E+0	9.614218712E+0	9.602794647E+0
7.209548950E+0	7.560662746E+0	7.289538860E+0
9.444632530E+0	9.882188797E+0	9.745695114E+0
4.528141975E+0	4.667125225E+0	4.834682465E+0
8.876444817E+0	8.759514809E+0	8.761539459E+0
4.687792301E+0	4.634414196E+0	4.472805500E+0
6.995572090E+0	7.027094841E+0	7.138671875E+0
5.104381084E+0	5.496168613E+0	5.457137108E+0
3.517211914E+0	3.809129953E+0	3.691992521E+0
5.212640285E+0	5.253977299E+0	5.520304203E+0
1.172797918E+0	1.661833525E+0	1.532592773E+0
5.455080032E+0	5.260020256E+0	5.690546036E+0
2.461506605E+0	2.712843895E+0	2.320954561E+0
4.013201714E+0	4.128293991E+0	4.060411930E+0
4.803669453E+0	5.048887253E+0	5.088954926E+0
2.821411610E+0	2.941139698E+0	2.869786978E+0
7.815583229E+0	8.072913170E+0	8.214042664E+0
1.629219651E+0	1.793648839E+0	1.593201756E+0
8.712538719E+0	8.843306541E+0	8.791034698E+0
2.467443228E+0	2.604641676E+0	2.350689173E+0
6.493873596E+0	6.919189453E+0	6.582635880E+0
4.721545219E+0	4.687892914E+0	4.779646873E+0
2.186025620E+0	2.158218861E+0	2.069373846E+0
7.008497715E+0	6.816282272E+0	6.872118473E+0
-2.461586237E+0	-2.574119091E+0	-2.794866323E+0
8.211446762E+0	8.609096527E+0	8.259380341E+0
-2.801989079E+0	-3.172882318E+0	-3.086271286E+0
6.942681313E+0	6.580729008E+0	6.565835476E+0
-9.310371876E-1	-1.086291790E+0	-1.165191531E+0
1.719218493E+0	1.209023356E+0	9.802029133E-1
2.615855217E+0	2.648388624E+0	2.900585175E+0
-5.452650070E+0	-5.904590607E+0	-5.540979385E+0
6.213951588E+0	6.124367237E+0	6.012721062E+0
-9.367831230E+0	-9.646510124E+0	-9.781572342E+0
7.548789978E+0	7.960079193E+0	7.967249870E+0
-8.304771423E+0	-8.504897118E+0	-8.773916245E+0
4.401048660E+0	4.342638493E+0	4.440463543E+0
-4.122045994E+0	-4.144839287E+0	-4.392731190E+0
-2.708522558E+0	-2.597776890E+0	-2.497901917E+0
1.091779232E+0	1.239141226E+0	1.270463705E+0
-1.028586578E+1	-1.057822609E+1	-1.071969032E+1
6.233804703E+0	6.135675430E+0	6.397173405E+0
-1.464960003E+1	-1.447267914E+1	-1.437849903E+1
8.181529045E+0	8.299296379E+0	8.386415482E+0
-1.278980923E+1	-1.284974194E+1	-1.280855370E+1
2.857675076E+0	2.889773130E+0	2.732823849E+0
-7.630371571E+0	-7.690223694E+0	-7.727418900E+0
-5.282770157E+0	-5.163639545E+0	-5.264036179E+0
-2.340052128E+0	-2.285573721E+0	-2.206247807E+0
-1.423206234E+1	-1.420179558E+1	-1.407981205E+1
2.336066961E+0	2.524993420E+0	2.537055731E+0
-1.959441566E+1	-1.921004486E+1	-1.947894287E+1
3.343554258E+0	3.508046865E+0	3.622013569E+0
-1.708733749E+1	-1.699594307E+1	-1.702249718E+1
-2.423791170E+0	-2.279419899E+0	-2.040240765E+0
-1.209533405E+1	-1.204390240E+1	-1.216662693E+1
-1.115937614E+1	-1.125070763E+1	-1.122430038E+1
-7.693117142E+0	-7.575728416E+0	-7.613693714E+0
-1.991086197E+1	-2.035673332E+1	-1.994715309E+1
-2.537831783E+0	-2.889240265E+0	-2.604453802E+0
-2.300449562E+1	-2.314809990E+1	-2.289437485E+1
-2.170171976E+0	-1.909863234E+0	-2.069432259E+0
-1.920662689E+1	-1.932384491E+1	-1.926107597E+1
-8.636750221E+0	-8.680539131E+0	-8.417304039E+0
-1.488828087E+1	-1.491189098E+1	-1.478409100E+1
-1.686543655E+1	-1.683411026E+1	-1.697176552E+1
-1.005549717E+1	-9.794706345E+0	-9.759795189E+0
-2.374541473E+1	-2.373722267E+1	-2.383413887E+1
-5.395963192E+0	-5.535325527E+0	-5.520472527E+0
-2.488055611E+1	-2.517900085E+1	-2.514512825E+1
-6.621269703E+0	-6.799229622E+0	-6.661858559E+0
-2.093245506E+1	-2.110786057E+1	-2.103672028E+1
-1.256838703E+1	-1.297448921E+1	-1.312549973E+1
-1.670471573E+1	-1.705494499E+1	-1.675003242E+1
-2.074048042E+1	-2.138929176E+1	-2.132062340E+1
-1.265651417E+1	-1.240151978E+1	-1.261935043E+1
-2.779020691E+1	-2.804940224E+1	-2.776236725E+1
-9.952895164E+0	-1.010283756E+1	-1.011734867E+1
-2.839064980E+1	-2.845537376E+1	-2.858944893E+1
-1.257738400E+1	-1.240194607E+1	-1.223074532E+1
-2.511621094E+1	-2.504230118E+1	-2.508381081E+1
-1.846739578E+1	-1.801085281E+1	-1.811734390E+1
-2.113751602E+1	-2.093986702E+1	-2.100561523E+1
-2.612158012E+1	-2.583684921E+1	-2.591083336E+1
-1.806604004E+1	-1.801490402E+1	-1.805659294E+1
-3.184983444E+1	-3.153197479E+1	-3.177016640E+1
-1.654238701E+1	-1.681746483E+1	-1.661736679E+1
-3.172859573E+1	-3.185432243E+1	-3.216590500E+1
-1.941724777E+1	-1.978083420E+1	-1.975687408E+1
-2.916520500E+1	-2.946047020E+1	-2.955608559E+1
-2.451655197E+1	-2.471371078E+1	-2.473661804E+1
-2.602229691E+1	-2.612724686E+1	-2.612499428E+1
-3.056446838E+1	-3.072935867E+1	-3.097003174E+1
-2.360181046E+1	-2.357175064E+1	-2.351111221E+1
-3.454522705E+1	-3.464957047E+1	-3.451507568E+1
-2.392301941E+1	-2.375699425E+1	-2.369679070E+1
-3.476221466E+1	-3.474605179E+1	-3.459001541E+1
-2.671129990E+1	-2.628478432E+1	-2.623065758E+1
-3.254672623E+1	-3.229606628E+1	-3.223248672E+1
-3.107981873E+1	-3.090416718E+1	-3.077519608E+1
-2.997164917E+1	-2.993716621E+1	-2.975310326E+1
-3.478425217E+1	-3.459068298E+1	-3.469326782E+1
-2.810154152E+1	-2.825676346E+1	-2.804807663E+1
-3.664846039E+1	-3.681234360E+1	-3.662900543E+1
-2.889159393E+1	-2.878155327E+1	-2.875103569E+1
-3.574026871E+1	-3.586008835E+1	-3.571953201E+1
-3.101624107E+1	-3.112833405E+1	-3.111119080E+1
-3.355980301E+1	-3.372200012E+1	-3.366547394E+1
-3.356925583E+1	-3.352119064E+1	-3.340346146E+1
-3.067387772E+1	-3.040031052E+1	-3.040495872E+1
-3.565135956E+1	-3.536316299E+1	-3.533444214E+1
-2.911706161E+1	-2.903416061E+1	-2.894382858E+1
-3.546221924E+1	-3.514434052E+1	-3.513964844E+1
-2.953403473E+1	-2.925747299E+1	-2.926727104E+1
-3.443303299E+1	-3.426079178E+1	-3.447724533E+1
-3.255283356E+1	-3.299084854E+1	-3.274648666E+1
-3.379730988E+1	-3.410714340E+1	-3.400598907E+1
-3.561167145E+1	-3.604726410E+1	-3.620749283E+1
-3.241444016E+1	-3.279526138E+1	-3.299381256E+1
-3.712744141E+1	-3.733386612E+1	-3.740452194E+1
-3.234614944E+1	-3.266578293E+1	-3.273884201E+1
-3.753390884E+1	-3.770374680E+1	-3.768933105E+1
-3.469992065E+1	-3.477215958E+1	-3.480008698E+1
-3.799986649E+1	-3.780920410E+1	-3.788368225E+1
-3.801541138E+1	-3.797707367E+1	-3.786085892E+1
-3.793166733E+1	-3.770948792E+1	-3.740859604E+1
-4.074819946E+1	-4.026040649E+1	-4.021768570E+1
-3.749592972E+1	-3.715683365E+1	-3.720816422E+1
-4.160475540E+1	-4.130634689E+1	-4.125658798E+1
-3.872364426E+1	-3.850683594E+1	-3.856323242E+1
-4.209384918E+1	-4.186371994E+1	-4.177125931E+1
-4.110634613E+1	-4.080948639E+1	-4.101881790E+1
-4.180755997E+1	-4.200276947E+1	-4.176289368E+1
-4.280073166E+1	-4.234828568E+1	-4.260460663E+1
-4.112842941E+1	-4.106163406E+1	-4.091272736E+1
-4.409726334E+1	-4.404583740E+1	-4.388335037E+1
-4.176628494E+1	-4.202561951E+1	-4.193177032E+1
-4.458337402E+1	-4.483966446E+1	-4.480218124E+1
-4.284135437E+1	-4.299773026E+1	-4.298458481E+1
-4.477097321E+1	-4.528273010E+1	-4.520019913E+1
-4.518195343E+1	-4.568040085E+1	-4.546613312E+1
-4.571966553E+1	-4.599612045E+1	-4.610582352E+1
-4.790297699E+1	-4.803950882E+1	-4.809030151E+1
-4.692634583E+1	-4.706235886E+1	-4.699581528E+1
-4.963907623E+1	-4.970872498E+1	-4.996825027E+1
-4.890280533E+1	-4.905696487E+1	-4.898473740E+1
-5.145187378E+1	-5.151473236E+1	-5.162802887E+1
-5.203987885E+1	-5.206100082E+1	-5.214078140E+1
-5.387875748E+1	-5.376995087E+1	-5.376073837E+1
-5.509352112E+1	-5.504881287E+1	-5.512149811E+1
-5.550917435E+1	-5.549422836E+1	-5.540687943E+1
-5.778760910E+1	-5.765402985E+1	-5.782823563E+1
-5.781326294E+1	-5.750892258E+1	-5.759953690E+1
-6.020160294E+1	-5.991432953E+1	-5.984270859E+1
-5.981348419E+1	-5.981149673E+1	-5.984842682E+1
-6.122394943E+1	-6.121364975E+1	-6.128607941E+1
-6.124503708E+1	-6.135808945E+1	-6.147750854E+1
-6.213163376E+1	-6.216270065E+1	-6.207749176E+1
-6.311042786E+1	-6.336227798E+1	-6.334537506E+1
-6.366624069E+1	-6.382151794E+1	-6.398118210E+1
-6.539307404E+1	-6.524394989E+1	-6.522898102E+1
-6.482366180E+1	-6.469319153E+1	-6.451689148E+1
-6.621279907E+1	-6.603997040E+1	-6.612051392E+1
-6.569100952E+1	-6.582305145E+1	-6.578014374E+1
-6.654547882E+1	-6.673744965E+1	-6.629836273E+1
-6.645811462E+1	-6.677526093E+1	-6.657910156E+1
-6.660847473E+1	-6.727336121E+1	-6.732484436E+1
-6.773605347E+1	-6.827682495E+1	-6.828079224E+1
-6.729582977E+1	-6.765817261E+1	-6.773223114E+1
-6.830535126E+1	-6.878126526E+1	-6.892285156E+1
-6.761959839E+1	-6.835384369E+1	-6.816551208E+1
-6.912676239E+1	-6.929097748E+1	-6.915523529E+1
-6.813716888E+1	-6.811533356E+1	-6.801105499E+1
-6.855968475E+1	-6.851132202E+1	-6.842518616E+1
-6.911729431E+1	-6.875223541E+1	-6.859966278E+1
-6.834551239E+1	-6.797225189E+1	-6.799643707E+1
-6.935676575E+1	-6.871226501E+1	-6.843792725E+1
-6.795268250E+1	-6.741699219E+1	-6.730892944E+1
-6.889429474E+1	-6.856000519E+1	-6.845642853E+1
-6.829376221E+1	-6.778492737E+1	-6.783699799E+1
-6.942607117E+1	-6.871254730E+1	-6.891307068E+1
-6.992532349E+1	-6.939870453E+1	-6.920834351E+1
-6.960199738E+1	-6.897181702E+1	-6.916150665E+1
-7.032011414E+1	-6.993498993E+1	-7.011340332E+1
-6.914043427E+1	-6.880535126E+1	-6.896376801E+1
-6.991735840E+1	-6.998181152E+1	-7.000602722E+1
-6.849787903E+1	-6.836837769E+1	-6.859974670E+1
-6.887978363E+1	-6.872038269E+1	-6.902191162E+1
-6.872076416E+1	-6.880428314E+1	-6.884294891E+1
-6.835948181E+1	-6.840726471E+1	-6.854973602E+1
-6.864556885E+1	-6.870503998E+1	-6.879640198E+1
-6.803845215E+1	-6.790387726E+1	-6.785941315E+1
-6.904370117E+1	-6.886697388E+1	-6.895526123E+1
-6.768144989E+1	-6.775088501E+1	-6.762774658E+1
-6.847400665E+1	-6.862230682E+1	-6.869256592E+1
-6.821591187E+1	-6.855391693E+1	-6.843711853E+1
-6.892588806E+1	-6.932365417E+1	-6.923214722E+1
-6.991063690E+1	-7.001821899E+1	-7.003890991E+1
-7.018972778E+1	-7.031688690E+1	-7.035020447E+1
-7.144287109E+1	-7.182106781E+1	-7.174048615E+1
-7.144057465E+1	-7.195716858E+1	-7.187940216E+1
-7.285409546E+1	-7.335875702E+1	-7.336216736E+1
-7.316736603E+1	-7.346508026E+1	-7.339904022E+1
-7.365361786E+1	-7.395137024E+1	-7.407476044E+1
-7.395760345E+1	-7.428900909E+1	-7.440182495E+1
-7.391220093E+1	-7.432740021E+1	-7.416574097E+1
-7.509456635E+1	-7.540834808E+1	-7.530994415E+1
-7.558040619E+1	-7.587608337E+1	-7.587825775E+1
-7.698429871E+1	-7.715331268E+1	-7.710999298E+1
-7.720235443E+1	-7.729119873E+1	-7.732698059E+1
-7.801902771E+1	-7.792021179E+1	-7.785280609E+1
-7.902298737E+1	-7.863405609E+1	-7.860445404E+1
-8.026368713E+1	-7.971541595E+1	-7.974024200E+1
-8.158227539E+1	-8.126102448E+1	-8.123439026E+1
-8.274272919E+1	-8.233550262E+1	-8.223602295E+1
-8.395563507E+1	-8.381721497E+1	-8.380097198E+1
-8.526363373E+1	-8.511331177E+1	-8.523760986E+1
-8.668246460E+1	-8.683876038E+1	-8.670269012E+1
-8.815715027E+1	-8.807671356E+1	-8.799977875E+1
-8.974124146E+1	-8.961217499E+1	-8.963999939E+1
-9.117430115E+1	-9.106714630E+1	-9.104073334E+1
-9.270771027E+1	-9.235142517E+1	-9.239048004E+1
-9.397489166E+1	-9.377353668E+1	-9.379860687E+1
-9.530931091E+1	-9.494499969E+1	-9.486413574E+1
-9.630887604E+1	-9.588361359E+1	-9.613218689E+1
-9.782228088E+1	-9.747290802E+1	-9.752190399E+1
-9.930754852E+1	-9.902896118E+1	-9.900285339E+1
-1.002421570E+2	-9.997523499E+1	-1.001277008E+2
-1.013985672E+2	-1.013552780E+2	-1.013608551E+2
-1.023785629E+2	-1.021813736E+2	-1.021517944E+2
-1.035464325E+2	-1.036550217E+2	-1.035490189E+2
-1.046300659E+2	-1.047953644E+2	-1.047861481E+2
-1.063690338E+2	-1.066292114E+2	-1.067446976E+2
-1.085495911E+2	-1.087113342E+2	-1.089019165E+2
-1.099733582E+2	-1.103051987E+2	-1.104302444E+2
-1.116014633E+2	-1.115840073E+2	-1.117852554E+2
-1.126220932E+2	-1.127106857E+2	-1.128987808E+2
-1.144306107E+2	-1.147311249E+2	-1.147918777E+2
-1.164915848E+2	-1.166783447E+2	-1.166442871E+2
-1.185744781E+2	-1.187661591E+2	-1.188172607E+2
-1.206534576E+2	-1.205752182E+2	-1.207169418E+2
-1.218281555E+2	-1.218520508E+2	-1.219706802E+2
-1.235781097E+2	-1.232356567E+2	-1.232806549E+2
-1.247641678E+2	-1.243153305E+2	-1.243096924E+2
-1.268926849E+2	-1.262436981E+2	-1.261943970E+2
-1.282975769E+2	-1.278212509E+2	-1.278265686E+2
-1.300209351E+2	-1.297268524E+2	-1.295913544E+2
-1.315972900E+2	-1.313700409E+2	-1.315461731E+2
-1.327830048E+2	-1.329445801E+2	-1.329731598E+2
-1.345642242E+2	-1.347807159E+2	-1.349281311E+2
-1.364873505E+2	-1.365152740E+2	-1.367373505E+2
-1.390061340E+2	-1.391732330E+2	-1.393248901E+2
-1.407184601E+2	-1.411466827E+2	-1.411306000E+2
-1.428866425E+2	-1.434658661E+2	-1.435400391E+2
-1.444369965E+2	-1.450974579E+2	-1.449966125E+2
-1.465724487E+2	-1.469235229E+2	-1.468986511E+2
-1.493870239E+2	-1.498143158E+2	-1.496526337E+2
-1.514300995E+2	-1.516865540E+2	-1.516836548E+2
-1.539844360E+2	-1.541639252E+2	-1.542856293E+2
-1.555835114E+2	-1.555644226E+2	-1.556206818E+2
-1.574776764E+2	-1.576107330E+2	-1.576078796E+2
-1.580834961E+2	-1.580987549E+2	-1.580960999E+2
-1.587770538E+2	-1.587089233E+2	-1.587603455E+2
-1.603320312E+2	-1.600693512E+2	-1.600622559E+2
-1.606519623E+2	-1.604069672E+2	-1.605302429E+2
-1.621326294E+2	-1.620934601E+2	-1.618739471E+2
-1.627250977E+2	-1.627873230E+2	-1.624138794E+2
-1.639676666E+2	-1.641931915E+2	-1.642108154E+2
-1.636755829E+2	-1.640263062E+2	-1.640383606E+2
-1.622949829E+2	-1.625085144E+2	-1.625886688E+2
-1.623556519E+2	-1.627824707E+2	-1.627545319E+2
-1.626335144E+2	-1.630599213E+2	-1.633578949E+2
-1.643682861E+2	-1.649373627E+2	-1.650769348E+2
-1.661557617E+2	-1.665976562E+2	-1.666914978E+2
-1.687875061E+2	-1.693925934E+2	-1.695692444E+2
-1.708917847E+2	-1.711764221E+2	-1.713074341E+2
-1.725676422E+2	-1.732043152E+2	-1.730959320E+2
-1.744976196E+2	-1.746741943E+2	-1.747708740E+2
-1.758211517E+2	-1.762734680E+2	-1.765137482E+2
-1.780439606E+2	-1.786776581E+2	-1.788157501E+2
-1.796838837E+2	1.799572906E+2	1.798093109E+2
1.768811340E+2	1.766677399E+2	1.764081879E+2
1.736394501E+2	1.734633026E+2	1.731658020E+2
1.705661011E+2	1.702592316E+2	1.700964203E+2
1.680831451E+2	1.680595398E+2	1.679123077E+2
1.661362305E+2	1.658948517E+2	1.659035645E+2
1.634212036E+2	1.634781647E+2	1.633164215E+2
1.617425232E+2	1.615119171E+2	1.615535889E+2
1.587882843E+2	1.588269348E+2	1.589878387E+2
1.563793335E+2	1.567201843E+2	1.566600800E+2
1.540254822E+2	1.544451599E+2	1.543606873E+2
1.523293915E+2	1.524293823E+2	1.525047607E+2
1.499512939E+2	1.502582703E+2	1.502238617E+2
1.473392181E+2	1.475080872E+2	1.476439362E+2
1.459116974E+2	1.462548370E+2	1.461908875E+2
1.440915680E+2	1.443889923E+2	1.443640900E+2
1.422878265E+2	1.430180511E+2	1.428241882E+2
1.403110962E+2	1.405853577E+2	1.404588470E+2
1.380642090E+2	1.385953979E+2	1.386481476E+2
1.361612549E+2	1.367352753E+2	1.368073578E+2
1.331710510E+2	1.333379974E+2	1.334518738E+2
1.307005310E+2	1.308196259E+2	1.306684723E+2
1.286468506E+2	1.287273865E+2	1.285509796E+2
1.270636368E+2	1.273628387E+2	1.273000793E+2
1.254352112E+2	1.257375107E+2	1.257003021E+2
1.236471634E+2	1.241409836E+2	1.242148590E+2
1.215862579E+2	1.220640030E+2	1.219961090E+2
1.188585281E+2	1.195885925E+2	1.198135681E+2
1.167942810E+2	1.177488251E+2	1.174916306E+2
1.152087479E+2	1.158448029E+2	1.155382614E+2
1.141105118E+2	1.143610306E+2	1.141765976E+2
1.124467850E+2	1.124240494E+2	1.124660492E+2
1.104486008E+2	1.102877350E+2	1.101800308E+2
1.091508408E+2	1.088592758E+2	1.081820984E+2
1.065723953E+2	1.061529922E+2	1.058774033E+2
1.042518768E+2	1.036989365E+2	1.038364716E+2
1.025321121E+2	1.019029388E+2	1.017335358E+2
1.000590286E+2	9.946872711E+1	9.920726776E+1
9.704220581E+1	9.643014526E+1	9.644240570E+1
9.419837952E+1	9.329569244E+1	9.324614716E+1
9.222021484E+1	9.140702057E+1	9.137171936E+1
9.019254303E+1	8.927022552E+1	8.894004059E+1
8.812841034E+1	8.687764740E+1	8.685440826E+1
8.627201080E+1	8.504451752E+1	8.487022400E+1
8.392563629E+1	8.242372131E+1	8.273995209E+1
8.196665192E+1	8.120868683E+1	8.078171539E+1
7.867372894E+1	7.754646301E+1	7.707159424E+1
7.685385895E+1	7.632136536E+1	7.618962097E+1
7.528458405E+1	7.401934052E+1	7.420983887E+1
7.416510773E+1	7.308308411E+1	7.334648132E+1
7.270845795E+1	7.209889221E+1	7.186595154E+1
7.185498047E+1	7.150122070E+1	7.125884247E+1
7.264028931E+1	7.206040955E+1	7.189216614E+1
7.098407745E+1	7.048603058E+1	7.058537292E+1
7.239320374E+1	7.239963531E+1	7.214167023E+1
7.014394379E+1	6.988474274E+1	6.987631226E+1
7.130171204E+1	7.073152924E+1	7.134033966E+1
6.921429443E+1	6.932648468E+1	6.880619812E+1
6.985837555E+1	6.989662933E+1	6.994404602E+1
7.112296295E+1	7.108296204E+1	7.078260803E+1
7.001700592E+1	7.066648102E+1	7.033235168E+1
7.363284302E+1	7.384407806E+1	7.424791718E+1
7.021044159E+1	7.118865967E+1	7.082206726E+1
7.369577026E+1	7.509993744E+1	7.475711823E+1
6.871511841E+1	6.916581726E+1	6.924329376E+1
7.161077881E+1	7.257428741E+1	7.290913391E+1
6.825652313E+1	6.932483673E+1	6.981410980E+1
7.022046661E+1	7.144543457E+1	7.103472900E+1
7.185668182E+1	7.271681976E+1	7.329586792E+1
6.866703033E+1	6.989022827E+1	6.966416931E+1
7.386521912E+1	7.462201691E+1	7.443370819E+1
6.617687225E+1	6.717267609E+1	6.690847015E+1
7.409109497E+1	7.485247040E+1	7.439134216E+1
6.664111328E+1	6.687141418E+1	6.716840363E+1
7.136415100E+1	7.176698303E+1	7.169673157E+1
6.817507935E+1	6.758848572E+1	6.787544250E+1
6.685706329E+1	6.694399261E+1	6.648313904E+1
6.933309937E+1	6.958317566E+1	6.914334869E+1
6.211576080E+1	6.202602005E+1	6.165095901E+1
7.255868530E+1	7.142987823E+1	7.145408630E+1
6.235892868E+1	6.203013229E+1	6.219984055E+1
7.368119049E+1	7.276487732E+1	7.372344208E+1
6.509157562E+1	6.385561752E+1	6.386322403E+1
6.983392334E+1	6.927704620E+1	6.900190735E+1
6.686440277E+1	6.647029877E+1	6.638452148E+1
6.464443970E+1	6.369173431E+1	6.347571945E+1
7.243438721E+1	7.102339935E+1	7.098160553E+1
6.266972351E+1	6.140700150E+1	6.155992889E+1
7.597531128E+1	7.572338104E+1	7.532321167E+1
6.155440140E+1	6.061790085E+1	6.069335556E+1
7.456652069E+1	7.379988098E+1	7.363780975E+1
6.274807358E+1	6.196249771E+1	6.162387085E+1
6.814414215E+1	6.736898041E+1	6.686907196E+1
6.659278107E+1	6.628839111E+1	6.636168671E+1
6.377684402E+1	6.186699295E+1	6.239022827E+1
7.331697083E+1	7.247869873E+1	7.284902191E+1
5.899161148E+1	5.755202103E+1	5.838266754E+1
7.692675018E+1	7.688805389E+1	7.663655853E+1
5.814339828E+1	5.787185287E+1	5.794383621E+1
7.455275726E+1	7.509988403E+1	7.540811157E+1
6.104553223E+1	6.150462341E+1	6.160797119E+1
6.953841400E+1	7.020215607E+1	7.031021118E+1
6.611556244E+1	6.615691376E+1	6.654934692E+1
5.864353180E+1	5.904639816E+1	5.911045074E+1
7.197185516E+1	7.171441650E+1	7.199166107E+1
5.150878525E+1	5.150287247E+1	5.224642563E+1
7.645070648E+1	7.650945282E+1	7.644703674E+1
5.177264023E+1	5.167899323E+1	5.163218689E+1
7.566860962E+1	7.584892273E+1	7.588795471E+1
5.520291901E+1	5.531776428E+1	5.547782135E+1
6.865572357E+1	6.821233368E+1	6.786253357E+1
6.169926453E+1	6.183107376E+1	6.174702072E+1
5.511509705E+1	5.485803223E+1	5.452503204E+1
6.686273956E+1	6.766259766E+1	6.707250214E+1
4.496530914E+1	4.555060959E+1	4.525283432E+1
7.149803162E+1	7.165682983E+1	7.170999908E+1
4.469512939E+1	4.472290039E+1	4.462688446E+1
6.997689056E+1	7.109024811E+1	7.068877411E+1
4.762514496E+1	4.820063400E+1	4.755572891E+1
6.200930786E+1	6.277163696E+1	6.164986038E+1
5.440645981E+1	5.479385757E+1	5.464848328E+1
4.915005875E+1	4.887608719E+1	4.898388672E+1
6.206317520E+1	6.191507721E+1	6.230165100E+1
4.068464661E+1	4.096578598E+1	4.086139679E+1
6.554953003E+1	6.556587982E+1	6.549250793E+1
3.939138031E+1	3.935243225E+1	3.960349274E+1
6.449635315E+1	6.448481750E+1	6.432128143E+1
4.311886978E+1	4.354059982E+1	4.322168732E+1
5.597714615E+1	5.570344543E+1	5.574789810E+1
5.048517227E+1	5.067253876E+1	5.041511917E+1
4.233708572E+1	4.270792007E+1	4.279129791E+1
5.737801361E+1	5.762256241E+1	5.784315872E+1
3.516854858E+1	3.575880814E+1	3.594475937E+1
6.098297501E+1	6.059192657E+1	6.081715775E+1
3.682835770E+1	3.628122711E+1	3.678845215E+1
6.080049896E+1	6.014194489E+1	6.038446808E+1
4.209555054E+1	4.242333221E+1	4.176777267E+1
5.241326141E+1	5.302068710E+1	5.301349640E+1
5.091632843E+1	5.148780823E+1	5.098970413E+1
4.415979767E+1	4.338951874E+1	4.396365738E+1
6.245661545E+1	6.230900192E+1	6.230365372E+1
4.360862732E+1	4.348813629E+1	4.356241226E+1
7.020948792E+1	6.886084747E+1	6.936965179E+1
4.842063904E+1	4.690010071E+1	4.731635666E+1
7.185423279E+1	7.166755676E+1	7.100152588E+1
5.528228760E+1	5.505202103E+1	5.493755341E+1
6.997114563E+1	6.915628052E+1	7.008219910E+1
6.589540100E+1	6.503178406E+1	6.551213837E+1
6.336054230E+1	6.268763351E+1	6.338031006E+1
7.420870209E+1	7.453740692E+1	7.382128906E+1
6.086935425E+1	6.204240036E+1	6.155713272E+1
7.850763702E+1	8.019001007E+1	7.937821960E+1
6.357590103E+1	6.360424423E+1	6.287728882E+1
7.804893494E+1	7.874159241E+1	7.932461548E+1
6.548228455E+1	6.551097870E+1	6.621077728E+1
7.243540192E+1	7.214351654E+1	7.183887482E+1
6.992742920E+1	6.972074890E+1	6.980928040E+1
6.551065826E+1	6.434827423E+1	6.429004669E+1
7.261276245E+1	7.208355713E+1	7.267532349E+1
6.127612686E+1	6.161168671E+1	6.068694687E+1
7.378281403E+1	7.313425446E+1	7.332496643E+1
6.172881317E+1	6.105733490E+1	6.082812119E+1
7.145435333E+1	7.031828308E+1	7.025304413E+1
6.411416626E+1	6.352359390E+1	6.374246597E+1
6.650157928E+1	6.514367676E+1	6.516449738E+1
6.758935547E+1	6.722489166E+1	6.713149261E+1
6.253725433E+1	6.135897064E+1	6.190613174E+1
7.073213196E+1	7.020565796E+1	7.025438690E+1
6.067881393E+1	6.037585831E+1	6.091539001E+1
6.944032288E+1	6.940265656E+1	6.986597443E+1
6.130186844E+1	6.116894150E+1	6.150004959E+1
6.572922516E+1	6.616388702E+1	6.587198639E+1
6.273323059E+1	6.294990540E+1	6.292914963E+1
6.111604691E+1	6.189083862E+1	6.215419388E+1
6.596858978E+1	6.681452179E+1	6.688718414E+1
5.988201523E+1	6.045991135E+1	6.042142487E+1
6.710877228E+1	6.827793121E+1	6.818974304E+1
5.908802032E+1	5.985267639E+1	6.007949066E+1
6.635062408E+1	6.679607391E+1	6.635284424E+1
5.967195511E+1	6.107034683E+1	6.072940445E+1
6.173533249E+1	6.218470764E+1	6.179334259E+1
6.278937531E+1	6.235808182E+1	6.289168549E+1
5.971365356E+1	5.936983490E+1	5.829761887E+1
6.541295624E+1	6.517420197E+1	6.531280518E+1
5.885962677E+1	5.875728226E+1	5.846271133E+1
6.620693970E+1	6.609351349E+1	6.590166473E+1
6.019050217E+1	5.987725449E+1	5.953309631E+1
6.451213074E+1	6.417455292E+1	6.409505463E+1
6.280162048E+1	6.204551315E+1	6.233094788E+1
6.309426880E+1	6.267137909E+1	6.247548676E+1
6.633970642E+1	6.612174225E+1	6.582193756E+1
6.126300430E+1	6.097430038E+1	6.103136063E+1
6.782814789E+1	6.714005280E+1	6.771585083E+1
6.260319138E+1	6.259406662E+1	6.234158325E+1
6.794029999E+1	6.818996429E+1	6.819461823E+1
6.436949921E+1	6.415913391E+1	6.406821442E+1
6.726546478E+1	6.714546204E+1	6.679943085E+1
6.750115967E+1	6.743833923E+1	6.756373596E+1
6.603707123E+1	6.601435852E+1	6.592227936E+1
6.921868896E+1	6.863140106E+1	6.902589417E+1
6.558277893E+1	6.573424530E+1	6.477633667E+1
7.019279480E+1	7.028900909E+1	6.934131622E+1
6.609275055E+1	6.557447052E+1	6.482623291E+1
6.993968201E+1	6.904869080E+1	6.866400146E+1
6.846797943E+1	6.758068848E+1	6.728270721E+1
6.857688904E+1	6.818473053E+1	6.823306274E+1
6.951816559E+1	6.919948578E+1	6.898649597E+1
6.818614960E+1	6.703472900E+1	6.706986237E+1
7.148196411E+1	7.109898376E+1	7.069459534E+1
6.834288025E+1	6.738488770E+1	6.725872040E+1
7.087629700E+1	7.049617767E+1	7.020869446E+1
6.800229645E+1	6.848696899E+1	6.799639893E+1
7.040776062E+1	7.022621918E+1	7.061775970E+1
6.948466492E+1	6.934989166E+1	6.913697815E+1
6.804129028E+1	6.809133911E+1	6.866130829E+1
7.037837982E+1	7.069381714E+1	7.059286499E+1
6.866405487E+1	6.885024261E+1	6.907308960E+1
7.179566956E+1	7.206859589E+1	7.190692902E+1
6.950592804E+1	7.002810669E+1	6.992070770E+1
7.242353821E+1	7.267250824E+1	7.260721588E+1
7.045801544E+1	7.103260803E+1	7.057056427E+1
7.081596375E+1	7.067493439E+1	7.085063934E+1
7.090155029E+1	7.095726776E+1	7.091872406E+1
6.959338379E+1	6.944856262E+1	6.943308258E+1
7.078174591E+1	7.085503387E+1	7.077515411E+1
6.796609497E+1	6.834845734E+1	6.756068420E+1
7.020018768E+1	6.979814911E+1	7.005422211E+1
6.772738647E+1	6.729660797E+1	6.744868469E+1
6.816198730E+1	6.795569611E+1	6.805554199E+1
6.734817505E+1	6.680249786E+1	6.694998169E+1
6.639015961E+1	6.577530670E+1	6.592831421E+1
6.602811432E+1	6.575502777E+1	6.570822144E+1
6.303874588E+1	6.316429138E+1	6.351065826E+1
6.458641815E+1	6.452027893E+1	6.435208130E+1
6.200042725E+1	6.198273849E+1	6.176719666E+1
6.288113403E+1	6.290155411E+1	6.223220444E+1
6.071562958E+1	6.078483200E+1	6.080559540E+1
6.051568222E+1	6.037997818E+1	6.037219238E+1
5.984406281E+1	5.974845886E+1	5.970965576E+1
5.827503204E+1	5.775814819E+1	5.769472504E+1
5.866322327E+1	5.849958801E+1	5.823519135E+1
5.618091202E+1	5.641877747E+1	5.645935059E+1
5.698972321E+1	5.700551224E+1	5.669990540E+1
5.470882034E+1	5.522738647E+1	5.495345306E+1
5.516011810E+1	5.516809845E+1	5.488951874E+1
5.454055023E+1	5.417415619E+1	5.437008667E+1
5.418125153E+1	5.412055588E+1	5.354204559E+1
5.497789383E+1	5.448080444E+1	5.432796860E+1
5.353759384E+1	5.322378922E+1	5.292258835E+1
5.433541489E+1	5.437746048E+1	5.399501038E+1
5.314094162E+1	5.253011322E+1	5.248269653E+1
5.326588440E+1	5.331067657E+1	5.316962051E+1
5.241456604E+1	5.236759949E+1	5.215367508E+1
5.284487152E+1	5.262966919E+1	5.297447586E+1
5.316853333E+1	5.288418579E+1	5.297428513E+1
5.254510880E+1	5.203120804E+1	5.230068207E+1
5.272702026E+1	5.291954041E+1	5.271054840E+1
5.202441406E+1	5.145194626E+1	5.202564240E+1
5.300304031E+1	5.287643814E+1	5.280275726E+1
5.208013535E+1	5.277119827E+1	5.243522263E+1
5.298075104E+1	5.308094406E+1	5.247711945E+1
5.276111603E+1	5.280000305E+1	5.295810699E+1
5.187615967E+1	5.220476913E+1	5.230387878E+1
5.262031555E+1	5.281438828E+1	5.299343491E+1
5.273233795E+1	5.269835663E+1	5.307928467E+1
5.373630524E+1	5.397684097E+1	5.408865356E+1
5.317841721E+1	5.328170395E+1	5.385365677E+1
5.373925400E+1	5.401772308E+1	5.395548248E+1
5.442502213E+1	5.471355820E+1	5.430790710E+1
5.476976013E+1	5.488241577E+1	5.504627609E+1
5.581693268E+1	5.569994354E+1	5.606332397E+1
5.554212189E+1	5.623170471E+1	5.642251587E+1
5.745502472E+1	5.777104950E+1	5.738058472E+1
5.729592133E+1	5.710811996E+1	5.756581879E+1
5.834390640E+1	5.877729416E+1	5.893574905E+1
5.853386688E+1	5.884324646E+1	5.892667770E+1
5.952097321E+1	5.897750092E+1	5.950045395E+1
6.052199173E+1	6.028630829E+1	6.030861664E+1
6.011016083E+1	6.053898621E+1	6.052117157E+1
6.174003983E+1	6.198822784E+1	6.216827393E+1
6.204712677E+1	6.171365356E+1	6.156011963E+1
6.279852676E+1	6.269248962E+1	6.270453262E+1
6.333598328E+1	6.245914459E+1	6.214058304E+1
6.314876175E+1	6.292644501E+1	6.298395920E+1
6.375026703E+1	6.296773911E+1	6.300546265E+1
6.319903183E+1	6.300910187E+1	6.262441254E+1
6.345395279E+1	6.335223770E+1	6.302265930E+1
6.350502396E+1	6.340901566E+1	6.320331192E+1
6.318830490E+1	6.305970001E+1	6.309854507E+1
6.310478210E+1	6.291984558E+1	6.281142426E+1
6.316728973E+1	6.262851715E+1	6.288085937E+1
6.272043991E+1	6.228141403E+1	6.272004318E+1
6.229441833E+1	6.211053085E+1	6.235263824E+1
6.220560455E+1	6.241457748E+1	6.255319595E+1
6.201516724E+1	6.176879501E+1	6.204427719E+1
6.229204941E+1	6.175141907E+1	6.205359268E+1
6.202950287E+1	6.211357498E+1	6.184622955E+1
6.175034714E+1	6.175344849E+1	6.197775269E+1
