-1.046761008E-5	5.080704068E-5	1.479540224E-4
-1.013988367E-6	1.315260743E-4	-2.624245826E-5
2.029634743E-5	-2.544708695E-5	1.502403666E-5
-5.846377826E-5	-6.096702054E-5	-2.021720604E-7
1.110662124E-4	1.345324708E-4	1.067188205E-4
2.423333935E-4	1.591414330E-4	2.737305767E-4
-2.331190626E-5	4.254646774E-5	-2.373291500E-5
9.234324534E-5	1.604119898E-4	1.645324955E-4
-1.222448773E-4	-1.352722902E-4	-9.067950305E-5
-2.958906407E-6	9.175556443E-6	-1.418549800E-5
1.436448219E-4	4.910210191E-5	8.609763609E-5
1.594695095E-5	5.836826313E-5	4.397941666E-5
1.051051440E-4	7.281665603E-5	6.893515820E-5
-5.484859139E-5	-5.360843716E-5	-9.614906594E-5
-3.181661668E-5	-3.025177284E-5	2.893833516E-5
6.982430205E-5	1.566340070E-4	1.104155308E-4
4.730633736E-5	7.102156087E-5	2.641302308E-5
8.117090329E-4	8.667207439E-4	8.923056303E-4
-6.067456707E-5	6.303649570E-5	-9.318986122E-5
-1.650442719E-4	-1.622610725E-4	-2.690171532E-4
8.361894288E-5	1.046002217E-4	1.591424916E-5
3.426377225E-5	6.733418559E-5	2.497044079E-5
-7.278063276E-5	7.027636002E-6	4.335426274E-5
1.358015106E-5	7.182042464E-5	2.547978147E-5
1.021897624E-4	8.787749539E-5	1.686143514E-4
2.186464008E-5	8.810705185E-5	3.448296411E-5
-3.237718483E-4	-3.163263609E-4	-3.154025471E-4
2.420029159E-5	1.573657391E-5	6.607727846E-5
1.350206003E-4	1.051949439E-4	1.569947053E-4
5.640082236E-5	2.032866905E-5	6.323420530E-5
4.292863014E-5	4.213137072E-5	9.066431812E-5
3.840082500E-4	4.370308598E-4	4.671475035E-4
-1.145520491E-5	-6.798937829E-5	-3.065529745E-5
2.540345304E-4	2.078068064E-4	2.850735036E-4
1.556673669E-4	1.773771801E-4	1.535974297E-4
1.673929801E-4	1.363743941E-4	1.501340448E-4
1.706274052E-4	1.392495469E-4	1.705883333E-4
1.085156109E-4	9.323249105E-5	8.496014925E-5
1.127705909E-4	1.379441528E-4	1.133401020E-4
1.650695631E-4	1.734921680E-4	1.377081935E-4
1.692785736E-4	1.786039502E-4	1.515528420E-4
1.604588906E-4	1.567559957E-4	1.574299531E-4
2.095390955E-4	1.901233045E-4	2.003015397E-4
1.408363605E-4	1.246360043E-4	1.548631262E-4
2.046652371E-4	2.285578812E-4	2.398115612E-4
1.967481658E-4	2.054878132E-4	2.117316908E-4
1.775797864E-5	2.219079943E-5	-1.390979264E-6
1.218080943E-4	7.839869068E-5	9.907988715E-5
2.959785925E-4	2.759885392E-4	2.936908859E-4
3.709198500E-4	3.455334809E-4	3.628784907E-4
5.923422868E-4	5.765911192E-4	6.173800211E-4
3.249658330E-4	3.533544659E-4	2.950433409E-4
3.097904846E-4	3.253447067E-4	3.178578045E-4
1.954230247E-4	2.298449253E-4	1.852763380E-4
4.886937095E-4	4.931150470E-4	4.934875178E-4
4.126856511E-4	4.236995883E-4	4.377751029E-4
4.763035395E-4	4.648791510E-4	4.649967887E-4
4.693449009E-4	4.643663706E-4	4.842806375E-4
4.211927881E-4	4.599461681E-4	4.488240811E-4
4.222806892E-4	4.111841263E-4	4.083699896E-4
1.211174604E-4	1.396511361E-4	1.648553734E-4
4.688108456E-4	4.696900724E-4	5.125217722E-4
3.784498258E-4	3.040719603E-4	3.520289320E-4
3.568345564E-4	3.681836824E-4	3.869193315E-4
2.443988342E-4	2.730224805E-4	2.523106814E-4
2.877674124E-4	2.650968381E-4	2.970749047E-4
3.181408683E-4	3.480028245E-4	3.671520390E-4
3.590538399E-4	3.965164360E-4	4.044134112E-4
5.063384306E-4	4.721088626E-4	4.921889631E-4
5.040975520E-4	4.963967367E-4	5.188572104E-4
4.165748833E-4	4.351189418E-4	4.196202790E-4
4.522255913E-4	4.357132129E-4	4.495815956E-4
5.561290891E-4	5.416515633E-4	5.653217668E-4
3.824489249E-4	3.912673274E-4	3.798786493E-4
5.069700419E-4	5.024199490E-4	4.993785406E-4
3.645191027E-4	3.535434371E-4	3.517034347E-4
8.322520298E-4	8.321815985E-4	8.313329890E-4
2.334130404E-4	2.394896437E-4	2.025612630E-4
8.334578015E-4	8.346189861E-4	8.411584422E-4
2.258142013E-5	3.148062387E-5	3.439596185E-5
8.867898723E-4	8.903722628E-4	8.832161548E-4
1.300157310E-4	8.413570322E-5	1.031262218E-4
8.196716662E-4	8.368503768E-4	8.527780883E-4
2.290834091E-4	1.944346732E-4	2.260724432E-4
7.436218439E-4	7.593003684E-4	7.450908306E-4
5.368410493E-4	5.395470071E-4	5.565632600E-4
4.608979507E-4	4.354879202E-4	4.376430588E-4
6.965690409E-4	7.146706921E-4	6.942647742E-4
3.382385185E-4	3.207408299E-4	3.510818642E-4
8.212380344E-4	8.341057110E-4	8.472229238E-4
3.159707412E-4	3.254335606E-4	3.514690325E-4
8.495089714E-4	8.286923403E-4	8.286292432E-4
4.408850800E-4	4.477173206E-4	4.443379294E-4
7.150918827E-4	7.292345981E-4	6.889456417E-4
5.171870580E-4	5.468048039E-4	5.525968154E-4
5.678617745E-4	5.443818518E-4	5.614825059E-4
4.607905867E-4	4.745000624E-4	4.711334768E-4
4.961528466E-4	4.787409562E-4	4.769263032E-4
5.393646425E-4	5.442165420E-4	5.332463188E-4
6.826317403E-4	6.821283605E-4	6.651128060E-4
6.911224918E-4	6.840698188E-4	6.633871235E-4
9.560048347E-4	9.569482645E-4	9.375585942E-4
7.517909980E-4	7.587624132E-4	7.531984011E-4
9.488206124E-4	9.572343552E-4	9.652185254E-4
7.550193695E-4	7.615296054E-4	7.602907717E-4
3.892607347E-4	4.150650930E-4	4.161057004E-4
9.826580063E-4	1.018783194E-3	9.873491945E-4
4.806393463E-6	1.259030068E-5	3.182396904E-5
1.351206796E-3	1.369599020E-3	1.384197152E-3
-3.778993268E-4	-3.970496182E-4	-3.852377122E-4
1.575778355E-3	1.576608396E-3	1.588963321E-3
-6.776524242E-4	-6.869012723E-4	-7.073447341E-4
1.583405887E-3	1.556042465E-3	1.565318089E-3
-6.022691960E-4	-5.918279639E-4	-6.050152006E-4
1.195146004E-3	1.183336368E-3	1.185203320E-3
4.312434976E-5	4.336750135E-5	3.986792581E-5
9.097830043E-4	9.304425330E-4	9.203381487E-4
7.481080829E-4	7.875933661E-4	7.677759859E-4
2.905568981E-4	2.844394476E-4	2.898958628E-4
1.095092739E-3	1.097960980E-3	1.098914770E-3
-1.008569161E-4	-9.047207277E-5	-1.020956770E-4
1.587583334E-3	1.578741823E-3	1.601999509E-3
5.987913028E-5	5.716399755E-5	9.565041546E-5
1.410968718E-3	1.411202131E-3	1.415693318E-3
3.310086904E-4	3.183035878E-4	3.331836488E-4
1.057466725E-3	1.064769342E-3	1.056526904E-3
6.239971262E-4	6.326558068E-4	6.157762255E-4
7.892853464E-4	7.917432231E-4	7.927365950E-4
7.714111707E-4	7.862422499E-4	7.833216805E-4
7.723746239E-4	7.771103410E-4	7.599351229E-4
6.929093506E-4	6.860620342E-4	6.847205805E-4
8.948600153E-4	9.020309662E-4	9.074995178E-4
4.379059537E-4	4.313732206E-4	4.426687374E-4
1.084956923E-3	1.073505147E-3	1.065173652E-3
4.414498108E-4	4.332232929E-4	4.249847843E-4
1.073119580E-3	1.084099873E-3	1.086619799E-3
7.123423857E-4	7.144720294E-4	7.186630974E-4
6.076617283E-4	6.065275520E-4	6.152915885E-4
1.481673098E-3	1.457170001E-3	1.474271063E-3
-1.851890411E-4	-1.939076610E-4	-1.920797076E-4
2.205879893E-3	2.216615714E-3	2.219890244E-3
-1.043270924E-3	-1.060201321E-3	-1.042573596E-3
2.840724308E-3	2.850108081E-3	2.851235215E-3
-1.263466082E-3	-1.267045038E-3	-1.276000054E-3
3.059816780E-3	3.065782133E-3	3.049998078E-3
-9.236464393E-4	-9.184189839E-4	-9.266773704E-4
2.315219026E-3	2.312083961E-3	2.307480900E-3
-4.835399636E-7	-8.134238669E-6	-8.381379303E-6
1.251277979E-3	1.242312370E-3	1.233190647E-3
1.066731173E-3	1.059366856E-3	1.052770764E-3
2.679987520E-4	2.576511470E-4	2.437614603E-4
1.848668093E-3	1.844421844E-3	1.836620388E-3
-1.985463750E-4	-2.122636797E-4	-2.059627004E-4
2.331817290E-3	2.328217728E-3	2.321555046E-3
-4.782263204E-5	-4.099640137E-5	-5.221915490E-5
1.998852473E-3	2.000480192E-3	2.009841381E-3
3.402431903E-4	3.543627972E-4	3.462497843E-4
1.363768708E-3	1.374451327E-3	1.361237490E-3
9.447917109E-4	9.281626553E-4	9.278408252E-4
9.991922416E-4	1.020156196E-3	1.023528632E-3
1.151729259E-3	1.147016883E-3	1.166714472E-3
9.334112983E-4	9.411558858E-4	9.391691419E-4
1.007688697E-3	1.002265490E-3	1.007741317E-3
1.194870798E-3	1.199165010E-3	1.198234619E-3
7.147578290E-4	7.325962652E-4	7.258232217E-4
1.434339792E-3	1.415249426E-3	1.429276192E-3
6.650250289E-4	6.643568631E-4	6.846739561E-4
1.238174736E-3	1.249766210E-3	1.255624229E-3
1.105470466E-3	1.099066576E-3	1.103247982E-3
6.158613833E-4	6.051397650E-4	6.250292063E-4
2.071262570E-3	2.064730274E-3	2.087019617E-3
-4.578299704E-4	-4.652459174E-4	-4.597532097E-4
3.147073323E-3	3.172745230E-3	3.157129744E-3
-1.396456850E-3	-1.416405896E-3	-1.403731876E-3
3.734132275E-3	3.750371980E-3	3.753428813E-3
-1.538897166E-3	-1.531928428E-3	-1.539981575E-3
3.775119781E-3	3.785408800E-3	3.794643795E-3
-1.075814827E-3	-1.079431619E-3	-1.081199269E-3
2.744860714E-3	2.732354216E-3	2.733103931E-3
6.095677963E-5	5.836048513E-5	4.525365875E-5
1.554153743E-3	1.542533864E-3	1.552830567E-3
1.470338670E-3	1.459943363E-3	1.470883028E-3
6.404987071E-4	6.228233106E-4	6.319272215E-4
2.343165688E-3	2.353933640E-3	2.350802533E-3
1.389815152E-4	1.522051753E-4	1.512951130E-4
2.512406558E-3	2.512580249E-3	2.511535538E-3
2.448761952E-4	2.490935149E-4	2.371437295E-4
2.150857355E-3	2.160426229E-3	2.157295821E-3
8.003046387E-4	7.947839913E-4	8.038709057E-4
1.523877960E-3	1.521219732E-3	1.532370807E-3
1.364382682E-3	1.366350800E-3	1.360113034E-3
9.800650878E-4	9.867643239E-4	9.827543981E-4
1.798626152E-3	1.789905829E-3	1.792062889E-3
6.140948972E-4	6.156863528E-4	6.127555971E-4
2.195871202E-3	2.196626738E-3	2.201801166E-3
1.638144313E-4	1.488487178E-4	1.645927405E-4
2.795198234E-3	2.790440805E-3	2.784054494E-3
-6.418631529E-4	-6.582201459E-4	-6.442822050E-4
3.754015313E-3	3.761845641E-3	3.760759486E-3
-1.645896933E-3	-1.655126805E-3	-1.659409842E-3
4.881263711E-3	4.881520756E-3	4.892554134E-3
-2.545013092E-3	-2.555674873E-3	-2.552259946E-3
5.623951089E-3	5.618624389E-3	5.622318015E-3
-2.791828243E-3	-2.801636234E-3	-2.801013179E-3
5.288403947E-3	5.279699806E-3	5.284601822E-3
-2.303896705E-3	-2.305107657E-3	-2.290952951E-3
3.703372786E-3	3.724516137E-3	3.717360552E-3
-3.897697025E-4	-3.894940310E-4	-4.081925726E-4
1.822630642E-3	1.799014513E-3	1.807990717E-3
1.882752171E-3	1.892176108E-3	1.890110434E-3
1.610042382E-4	1.589713065E-4	1.622264681E-4
3.207072383E-3	3.208365990E-3	3.215433331E-3
-7.841688348E-4	-7.997087669E-4	-8.013799088E-4
3.417438129E-3	3.437898820E-3	3.432254540E-3
-4.268840712E-4	-4.299271677E-4	-4.327576316E-4
2.671271330E-3	2.677622484E-3	2.662442159E-3
4.859100736E-4	4.752351961E-4	4.810153332E-4
1.759026432E-3	1.763322623E-3	1.762008062E-3
1.044085016E-3	1.051256084E-3	1.052690670E-3
1.791769871E-3	1.780036022E-3	1.794086420E-3
7.024668157E-4	7.158635417E-4	7.163447444E-4
2.563300077E-3	2.570768818E-3	2.576317405E-3
1.643527794E-4	1.706712792E-4	1.723340101E-4
2.528127050E-3	2.522331430E-3	2.517846879E-3
1.634414308E-3	1.642221003E-3	1.640155097E-3
-1.141483779E-3	-1.139287022E-3	-1.146446913E-3
7.482948247E-3	7.507428993E-3	7.517735474E-3
-1.011713315E-2	-1.015185565E-2	-1.014931872E-2
2.008159086E-2	2.012336440E-2	2.012593485E-2
-2.539625578E-2	-2.542375401E-2	-2.544459701E-2
3.677610680E-2	3.682598844E-2	3.684530407E-2
-4.346692190E-2	-4.350121692E-2	-4.354392737E-2
5.458659679E-2	5.465310439E-2	5.468139797E-2
-5.644564703E-2	-5.651393533E-2	-5.654038116E-2
6.139489636E-2	6.143760681E-2	6.145733222E-2
-5.672745407E-2	-5.677558482E-2	-5.680708960E-2
5.112063512E-2	5.112151057E-2	5.114066228E-2
-3.901341185E-2	-3.902440146E-2	-3.904549032E-2
2.659544908E-2	2.653076500E-2	2.655442245E-2
-2.659298945E-3	-2.607290400E-3	-2.608824288E-3
-2.236609720E-2	-2.248045802E-2	-2.249866724E-2
4.946701974E-2	4.959550500E-2	4.960761592E-2
-7.771713287E-2	-7.783789188E-2	-7.788091898E-2
1.026416272E-1	1.027849913E-1	1.028534323E-1
-1.081740707E-1	-1.082881689E-1	-1.083346158E-1
1.280023158E-1	1.280689389E-1	1.281248927E-1
-1.241001934E-1	-1.242452785E-1	-1.243124455E-1
1.251817197E-1	1.253031641E-1	1.253442913E-1
-1.231831834E-1	-1.233446822E-1	-1.233947501E-1
1.122182906E-1	1.122620255E-1	1.123648509E-1
-9.150806814E-2	-9.156268090E-2	-9.157417715E-2
6.992282718E-2	6.999535859E-2	7.000249624E-2
-2.276937105E-2	-2.271690406E-2	-2.270380035E-2
-5.286241416E-3	-5.334800575E-3	-5.361000542E-3
4.705619812E-2	4.717414081E-2	4.716295004E-2
-7.046077400E-2	-7.057379931E-2	-7.059462368E-2
9.129611403E-2	9.137640148E-2	9.141673148E-2
-1.028275788E-1	-1.029429138E-1	-1.029574424E-1
1.203984171E-1	1.204726249E-1	1.205079854E-1
-1.112090796E-1	-1.112355590E-1	-1.112562716E-1
1.147812083E-1	1.148874611E-1	1.149083227E-1
-9.854491800E-2	-9.862290323E-2	-9.862349182E-2
8.923143893E-2	8.933359385E-2	8.932148665E-2
-7.079689950E-2	-7.082509995E-2	-7.087188959E-2
5.669138581E-2	5.671962723E-2	5.672596395E-2
-3.580364212E-2	-3.580990061E-2	-3.581949696E-2
2.306293696E-2	2.302946523E-2	2.304088138E-2
-7.808170747E-3	-7.796395570E-3	-7.793135475E-3
7.538980572E-4	7.218292449E-4	7.221729611E-4
8.754190058E-3	8.773542941E-3	8.772626519E-3
-9.070239030E-3	-9.107753634E-3	-9.106016718E-3
1.454701740E-2	1.455441862E-2	1.457451656E-2
-1.033268962E-2	-1.034855656E-2	-1.034354512E-2
1.167116687E-2	1.168177463E-2	1.167952269E-2
-6.600216962E-3	-6.614351179E-3	-6.596954074E-3
6.604649592E-3	6.598788314E-3	6.605159026E-3
-2.161762677E-3	-2.182811499E-3	-2.183048055E-3
2.777185524E-3	2.741830423E-3	2.765926300E-3
1.928673300E-4	2.009603631E-4	1.974088518E-4
1.347041107E-3	1.350549515E-3	1.353126368E-3
6.205851678E-4	6.277018110E-4	6.348045426E-4
1.424347633E-3	1.406925381E-3	1.409502118E-3
2.827882417E-4	2.680876350E-4	2.488497994E-4
1.357414527E-3	1.352870720E-3	1.371526276E-3
9.323483100E-4	9.391850326E-4	9.644369711E-4
1.910987339E-4	2.043742861E-4	2.059356921E-4
2.984959166E-3	2.999852179E-3	3.002115758E-3
-1.836581039E-3	-1.850874396E-3	-1.843454083E-3
5.508255679E-3	5.514450837E-3	5.518422928E-3
-3.917950206E-3	-3.947439604E-3	-3.937281203E-3
7.454554085E-3	7.457589265E-3	7.469954900E-3
-4.769655410E-3	-4.778771196E-3	-4.783208016E-3
7.585537154E-3	7.584279403E-3	7.592516951E-3
-4.306072835E-3	-4.307122901E-3	-4.314125516E-3
6.042600144E-3	6.027169060E-3	6.037789397E-3
-2.555003390E-3	-2.557598287E-3	-2.562148962E-3
3.905506106E-3	3.910390195E-3	3.904007841E-3
-4.461059871E-4	-4.427784879E-4	-4.238509864E-4
2.162674442E-3	2.172290813E-3	2.172671724E-3
9.050101507E-4	9.205082897E-4	9.291093447E-4
1.390125253E-3	1.394672901E-3	1.406343421E-3
1.313316403E-3	1.312437817E-3	1.311396481E-3
1.617304399E-3	1.608711667E-3	1.616166090E-3
1.072643208E-3	1.096831867E-3	1.081483439E-3
2.159555675E-3	2.168206032E-3	2.159168711E-3
9.552096599E-4	9.437256376E-4	9.477990097E-4
2.120611724E-3	2.115404932E-3	2.124637133E-3
1.544316649E-3	1.533098985E-3	1.531309448E-3
1.480168314E-3	1.468791976E-3	1.476974576E-3
2.783644712E-3	2.790632891E-3	2.798415720E-3
5.001461250E-4	5.017879885E-4	5.022799014E-4
3.756585065E-3	3.757894272E-3	3.759375773E-3
-2.010764547E-5	-2.098932964E-5	-7.135488886E-6
3.747510258E-3	3.748140298E-3	3.755786456E-3
7.174594793E-4	7.229087059E-4	7.305110339E-4
2.770353807E-3	2.773038577E-3	2.785605611E-3
2.267237753E-3	2.267317846E-3	2.279050881E-3
9.294475894E-4	9.201625362E-4	9.281833190E-4
4.159211647E-3	4.166197497E-3	4.160606768E-3
-7.128121215E-4	-7.148641744E-4	-7.217503153E-4
5.528999027E-3	5.524805747E-3	5.549839698E-3
-1.383636962E-3	-1.389675890E-3	-1.383608556E-3
5.597950891E-3	5.597170442E-3	5.607019644E-3
-7.386949146E-4	-7.339271251E-4	-7.380708121E-4
4.354029428E-3	4.358558450E-3	4.360184073E-3
1.048974576E-3	1.051395549E-3	1.058403635E-3
2.439647680E-3	2.435167320E-3	2.425654558E-3
2.956184093E-3	2.942069201E-3	2.951134695E-3
8.115947712E-4	8.089033072E-4	8.106025634E-4
4.187219776E-3	4.200647585E-3	4.187517799E-3
3.371593484E-4	3.310967877E-4	3.290053864E-4
4.120340105E-3	4.133421928E-3	4.130304325E-3
9.290688904E-4	9.332114132E-4	9.213659796E-4
3.184293164E-3	3.193540964E-3	3.190089948E-3
2.201207448E-3	2.207840094E-3	2.201966010E-3
2.096183831E-3	2.093243878E-3	2.096909797E-3
3.239877289E-3	3.243877552E-3	3.246733220E-3
1.478197169E-3	1.486903522E-3	1.486232039E-3
3.365566721E-3	3.372202395E-3	3.374067368E-3
1.797482488E-3	1.804355183E-3	1.805407228E-3
2.593333367E-3	2.613413148E-3	2.606706461E-3
2.846299671E-3	2.858989872E-3	2.856822917E-3
1.386411604E-3	1.382666640E-3	1.382129383E-3
3.900769167E-3	3.891855245E-3	3.887815634E-3
5.601835437E-4	5.639515002E-4	5.732541904E-4
4.224538337E-3	4.218634218E-3	4.222281743E-3
6.585218362E-4	6.549168611E-4	6.461205776E-4
3.465243382E-3	3.484561341E-3	3.472139826E-3
1.811289228E-3	1.818434219E-3	1.828529057E-3
2.102019964E-3	2.102118451E-3	2.088062232E-3
3.477835329E-3	3.483002307E-3	3.481405554E-3
6.549030077E-4	6.605098024E-4	6.570937694E-4
4.709008615E-3	4.709073342E-3	4.713168833E-3
-2.221474715E-4	-2.307644027E-4	-2.289602126E-4
5.062135402E-3	5.071195774E-3	5.061240401E-3
-3.662459130E-5	-3.795511293E-5	-3.728567754E-5
4.400401842E-3	4.401143175E-3	4.403446335E-3
9.952036198E-4	9.869236965E-4	9.921074379E-4
3.130296711E-3	3.125520423E-3	3.134735860E-3
2.251166617E-3	2.251518657E-3	2.249768935E-3
1.952901017E-3	1.955477754E-3	1.953888219E-3
3.156187944E-3	3.159745829E-3	3.169731004E-3
1.328373910E-3	1.318273018E-3	1.311874832E-3
3.383346600E-3	3.377030836E-3	3.385433694E-3
1.492980518E-3	1.501391293E-3	1.512670540E-3
2.978593577E-3	2.975416603E-3	2.979859244E-3
2.069903072E-3	2.066013636E-3	2.071793424E-3
2.350444673E-3	2.353393240E-3	2.368628979E-3
2.634260105E-3	2.624620451E-3	2.633036813E-3
1.956038177E-3	1.954673324E-3	1.955225831E-3
2.794943983E-3	2.793034771E-3	2.797425259E-3
2.091813134E-3	2.094573108E-3	2.095358679E-3
2.465696540E-3	2.463805722E-3	2.459111856E-3
2.592063276E-3	2.592412289E-3	2.591249999E-3
1.848571817E-3	1.846045605E-3	1.844502171E-3
3.192229662E-3	3.197075799E-3	3.186626825E-3
1.450476702E-3	1.430424629E-3	1.436073566E-3
3.584209597E-3	3.583928104E-3	3.593515605E-3
1.410769648E-3	1.416812884E-3	1.415717532E-3
3.351269057E-3	3.366734367E-3	3.359945957E-3
1.816826407E-3	1.830402296E-3	1.821745187E-3
2.755677560E-3	2.757268958E-3	2.758903196E-3
2.686245134E-3	2.689539455E-3	2.673659939E-3
2.052138327E-3	2.054975135E-3	2.053084085E-3
3.405715339E-3	3.401622409E-3	3.411317011E-3
1.513541909E-3	1.503240783E-3	1.505315304E-3
3.704299685E-3	3.707083873E-3	3.712917212E-3
1.437731902E-3	1.444634167E-3	1.442944864E-3
3.665827215E-3	3.662768984E-3	3.660999471E-3
1.839332399E-3	1.836184529E-3	1.837852062E-3
3.229518188E-3	3.230682807E-3	3.230961505E-3
2.317439066E-3	2.322826069E-3	2.312575700E-3
2.762134187E-3	2.777469577E-3	2.775359200E-3
2.790328115E-3	2.787890146E-3	2.785892924E-3
2.403522842E-3	2.405617619E-3	2.409015549E-3
3.022925695E-3	3.017214593E-3	3.022346646E-3
2.567893593E-3	2.567565534E-3	2.573862439E-3
2.903729910E-3	2.892907010E-3	2.902792534E-3
2.720958786E-3	2.708748681E-3	2.716215793E-3
2.676567063E-3	2.670141403E-3	2.672334667E-3
2.952899784E-3	2.964889398E-3	2.950533060E-3
2.467676764E-3	2.471472137E-3	2.477957401E-3
2.972643590E-3	2.976421500E-3	2.971992595E-3
2.820498776E-3	2.822652692E-3	2.827347722E-3
2.762870863E-3	2.743525431E-3	2.767504193E-3
3.038026392E-3	3.046288388E-3	3.042481141E-3
2.408290515E-3	2.413532929E-3	2.413633512E-3
3.336209804E-3	3.330962034E-3	3.323604818E-3
2.147639869E-3	2.139905002E-3	2.136327326E-3
3.378924448E-3	3.382921219E-3	3.394594183E-3
2.483820543E-3	2.476568334E-3	2.474454930E-3
3.238713136E-3	3.248888766E-3	3.241040278E-3
2.557422966E-3	2.559851157E-3	2.553126775E-3
2.976937452E-3	2.980708610E-3	2.973881084E-3
3.073828295E-3	3.082829760E-3	3.087496851E-3
2.589925425E-3	2.576861298E-3	2.580020111E-3
3.267562483E-3	3.265647683E-3	3.274571849E-3
2.752322471E-3	2.756463829E-3	2.744298661E-3
3.406334436E-3	3.405190073E-3	3.421371104E-3
2.482834971E-3	2.472936176E-3	2.468549646E-3
3.372761887E-3	3.371439409E-3	3.376774723E-3
2.933923854E-3	2.956742421E-3	2.946713474E-3
3.077087225E-3	3.069591010E-3	3.072235733E-3
2.956659300E-3	2.944873879E-3	2.960985526E-3
3.207785077E-3	3.208424896E-3	3.220148850E-3
3.215602599E-3	3.216057317E-3	3.206095425E-3
2.879187232E-3	2.873281948E-3	2.872004174E-3
3.205760149E-3	3.206354566E-3	3.211564152E-3
3.382170340E-3	3.382520750E-3	3.370047780E-3
3.065415192E-3	3.058196744E-3	3.066054545E-3
3.154326230E-3	3.146487055E-3	3.144646762E-3
3.296833718E-3	3.299139673E-3	3.301307792E-3
3.395859152E-3	3.382164985E-3	3.394601867E-3
3.068380291E-3	3.062448697E-3	3.064323450E-3
3.235431854E-3	3.237470286E-3	3.241466358E-3
3.704878502E-3	3.704261268E-3	3.710280173E-3
3.036804497E-3	3.025967395E-3	3.040011972E-3
3.477253485E-3	3.485015361E-3	3.482837230E-3
3.164451569E-3	3.175675170E-3	3.155849874E-3
3.817193443E-3	3.836036194E-3	3.824189771E-3
2.823800780E-3	2.832157537E-3	2.830012701E-3
3.788630012E-3	3.798042424E-3	3.807296511E-3
3.296422539E-3	3.298924305E-3	3.290951485E-3
3.615092253E-3	3.612266388E-3	3.604997415E-3
3.176312195E-3	3.185796086E-3	3.187773982E-3
3.687137039E-3	3.696825588E-3	3.707120195E-3
3.581097582E-3	3.585569328E-3	3.602508921E-3
3.242081031E-3	3.260460449E-3	3.250382375E-3
3.654049477E-3	3.642769996E-3	3.642715048E-3
3.527633380E-3	3.517669626E-3	3.504018066E-3
3.539076773E-3	3.534534946E-3	3.538024146E-3
3.309171880E-3	3.309543012E-3	3.303485923E-3
3.728321753E-3	3.738051048E-3	3.725864226E-3
3.540628590E-3	3.528447589E-3	3.516062396E-3
3.543121740E-3	3.528583795E-3	3.509271191E-3
3.708497155E-3	3.687267425E-3	3.698788350E-3
3.779372899E-3	3.771991469E-3	3.757696599E-3
3.683833173E-3	3.678471316E-3	3.668617690E-3
3.731474746E-3	3.723801812E-3	3.731027013E-3
3.873077687E-3	3.862582846E-3	3.873688867E-3
3.990443889E-3	3.983200993E-3	3.984814510E-3
3.819939215E-3	3.822545055E-3	3.819656791E-3
4.057060461E-3	4.062397406E-3	4.062753171E-3
3.895339323E-3	3.886670107E-3	3.900788957E-3
3.966243938E-3	3.965875600E-3	3.962728195E-3
3.787918249E-3	3.797534620E-3	3.783631604E-3
3.870607819E-3	3.893091809E-3	3.876514500E-3
4.009576049E-3	4.018986598E-3	4.003634211E-3
3.840509569E-3	3.852045164E-3	3.843926359E-3
4.200241063E-3	4.208012484E-3	4.203911405E-3
3.896327456E-3	3.886369988E-3	3.881602082E-3
4.337871447E-3	4.335394129E-3	4.333666991E-3
4.005359020E-3	4.005247261E-3	4.006558564E-3
4.515965935E-3	4.509009421E-3	4.526745994E-3
4.181900062E-3	4.179670475E-3	4.176967312E-3
4.537084606E-3	4.544877447E-3	4.540361464E-3
4.372188356E-3	4.385699052E-3	4.393086303E-3
4.435393028E-3	4.424266983E-3	4.446083680E-3
4.536512773E-3	4.542266484E-3	4.559135530E-3
4.471605178E-3	4.483875819E-3	4.492396489E-3
4.700334743E-3	4.688281100E-3	4.700541031E-3
4.578879103E-3	4.574721679E-3	4.591568373E-3
4.873625934E-3	4.887564573E-3	4.888032097E-3
4.652827047E-3	4.666688386E-3	4.678285215E-3
4.925610963E-3	4.917943850E-3	4.935978446E-3
4.929563496E-3	4.921263084E-3	4.947705660E-3
5.042468198E-3	5.059833173E-3	5.069007631E-3
5.171758588E-3	5.172689445E-3	5.180689506E-3
5.181365646E-3	5.180169363E-3	5.189475138E-3
5.305113737E-3	5.306488369E-3	5.314267706E-3
5.353202578E-3	5.349796265E-3	5.366349593E-3
5.496747792E-3	5.512983073E-3	5.502480082E-3
5.629264284E-3	5.646428093E-3	5.673971493E-3
5.746704526E-3	5.765164737E-3	5.790877156E-3
5.868535489E-3	5.877743009E-3	5.887138657E-3
5.849837326E-3	5.866268184E-3	5.858227145E-3
5.993236322E-3	6.003926508E-3	5.997412372E-3
6.092864089E-3	6.108343601E-3	6.118916441E-3
6.308133248E-3	6.326326635E-3	6.310848054E-3
6.349741481E-3	6.369183771E-3	6.361500826E-3
6.461178418E-3	6.477858406E-3	6.463726982E-3
6.619328167E-3	6.644124165E-3	6.618487183E-3
6.640609354E-3	6.649509072E-3	6.612398662E-3
6.770018023E-3	6.779598072E-3	6.748129148E-3
6.804524921E-3	6.791302934E-3	6.743574515E-3
6.991010159E-3	6.956861820E-3	6.909649819E-3
7.095837034E-3	7.056088187E-3	7.002714090E-3
7.331008092E-3	7.294973824E-3	7.248262409E-3
7.364923600E-3	7.341899443E-3	7.282611914E-3
7.459996734E-3	7.417906076E-3	7.377642673E-3
7.477337960E-3	7.423821837E-3	7.389008999E-3
7.591179572E-3	7.534892298E-3	7.511876523E-3
7.689524908E-3	7.657293230E-3	7.656216621E-3
7.777563762E-3	7.722429931E-3	7.719885558E-3
8.080342785E-3	8.032972924E-3	8.025188930E-3
8.405259810E-3	8.351148106E-3	8.350843564E-3
8.754922077E-3	8.722996339E-3	8.742126636E-3
9.247789159E-3	9.199848399E-3	9.258451872E-3
9.943605401E-3	9.884469211E-3	9.919770993E-3
1.043261215E-2	1.035762206E-2	1.042756904E-2
1.073007844E-2	1.066579111E-2	1.074229460E-2
1.100013964E-2	1.094657183E-2	1.101219095E-2
1.128697395E-2	1.123971865E-2	1.134128403E-2
1.162676327E-2	1.160311978E-2	1.169638336E-2
1.202519145E-2	1.202390250E-2	1.211610995E-2
1.230587345E-2	1.234774757E-2	1.242521312E-2
1.274708752E-2	1.280683093E-2	1.287966967E-2
1.320917439E-2	1.326699555E-2	1.335119922E-2
1.370750181E-2	1.380142756E-2	1.388032269E-2
1.396635082E-2	1.411089115E-2	1.418923680E-2
1.460912451E-2	1.478968468E-2	1.483087614E-2
1.509117521E-2	1.524674334E-2	1.526505593E-2
1.535551343E-2	1.551028620E-2	1.545462571E-2
1.537883654E-2	1.548660733E-2	1.542978361E-2
1.546501555E-2	1.555722207E-2	1.545705460E-2
1.575517654E-2	1.581334136E-2	1.568947174E-2
1.609615609E-2	1.612883806E-2	1.598398387E-2
1.655776612E-2	1.654735766E-2	1.639485918E-2
1.691041142E-2	1.688694209E-2	1.669823378E-2
1.749750599E-2	1.739746705E-2	1.721024700E-2
1.810262166E-2	1.794177294E-2	1.775995456E-2
1.848538592E-2	1.828603260E-2	1.811001636E-2
1.879127324E-2	1.860042661E-2	1.847512089E-2
1.903606392E-2	1.882373914E-2	1.871371269E-2
1.939300820E-2	1.917465031E-2	1.906849444E-2
1.998583414E-2	1.973855495E-2	1.968618855E-2
2.050354145E-2	2.035836503E-2	2.028468810E-2
2.093827538E-2	2.084762976E-2	2.078640461E-2
2.098477073E-2	2.092183195E-2	2.090017125E-2
2.062286250E-2	2.058214135E-2	2.058746852E-2
1.933936588E-2	1.927933656E-2	1.929270476E-2
1.856411248E-2	1.850021817E-2	1.857269742E-2
1.827777363E-2	1.828335784E-2	1.836615056E-2
1.793379337E-2	1.795860939E-2	1.809294336E-2
1.726142876E-2	1.731357723E-2	1.749332435E-2
1.622065715E-2	1.622690447E-2	1.645075530E-2
1.580886543E-2	1.582428813E-2	1.600508206E-2
1.549285278E-2	1.552944630E-2	1.570206136E-2
1.514717750E-2	1.518740971E-2	1.534164138E-2
1.440131012E-2	1.452083420E-2	1.456975657E-2
1.350730285E-2	1.363038085E-2	1.364561822E-2
1.266346779E-2	1.279020961E-2	1.277902164E-2
1.164697949E-2	1.174308639E-2	1.170777343E-2
1.054108888E-2	1.057611592E-2	1.052720472E-2
9.191147983E-3	9.247290902E-3	9.120684117E-3
8.003110066E-3	7.977672853E-3	7.880372927E-3
6.875322200E-3	6.831982639E-3	6.722216029E-3
5.888191983E-3	5.829501431E-3	5.725847557E-3
4.926691297E-3	4.860198125E-3	4.783714656E-3
4.037424456E-3	3.939697053E-3	3.879085882E-3
3.341786331E-3	3.288264386E-3	3.218585625E-3
2.770868829E-3	2.686696826E-3	2.617084188E-3
2.385861473E-3	2.278391505E-3	2.241417533E-3
1.952434890E-3	1.862599514E-3	1.807881170E-3
1.567845349E-3	1.494713593E-3	1.441117958E-3
1.341587980E-3	1.287532621E-3	1.257947180E-3
1.136418316E-3	1.074762549E-3	1.075536013E-3
1.223630505E-3	1.188521041E-3	1.143421163E-3
1.067019883E-3	1.049024519E-3	1.025832957E-3
1.153794467E-3	1.142098336E-3	1.127680647E-3
1.062138123E-3	1.058667549E-3	1.037974725E-3
1.115513383E-3	1.092796447E-3	1.095331507E-3
1.125360606E-3	1.118825981E-3	1.083199866E-3
1.148255542E-3	1.144441310E-3	1.149033895E-3
1.309111016E-3	1.341326162E-3	1.342629432E-3
1.328450162E-3	1.349722268E-3	1.369064790E-3
1.425441005E-3	1.428788062E-3	1.457820064E-3
1.396469772E-3	1.441041473E-3	1.449774834E-3
1.376231317E-3	1.417544554E-3	1.459990512E-3
1.367526944E-3	1.432760386E-3	1.434618607E-3
1.455978490E-3	1.509901485E-3	1.529469737E-3
1.552044530E-3	1.580044744E-3	1.612698194E-3
1.660775160E-3	1.723837457E-3	1.743211527E-3
1.876762952E-3	1.932513667E-3	1.964055002E-3
1.994765829E-3	2.059325343E-3	2.084716922E-3
2.190300729E-3	2.222440904E-3	2.222512616E-3
2.425759332E-3	2.454665257E-3	2.466231352E-3
2.676052274E-3	2.694720868E-3	2.712264191E-3
2.898609499E-3	2.887097420E-3	2.891512820E-3
3.067314625E-3	3.058349714E-3	3.045179881E-3
3.301531309E-3	3.277256852E-3	3.288961481E-3
3.495076904E-3	3.482126864E-3	3.480535001E-3
3.684710711E-3	3.622952150E-3	3.632886568E-3
3.787478432E-3	3.752552206E-3	3.749417840E-3
3.951716237E-3	3.893922782E-3	3.894001944E-3
4.100766964E-3	4.049305338E-3	4.068047740E-3
4.323867615E-3	4.291900434E-3	4.281400703E-3
4.546456970E-3	4.503362812E-3	4.534788430E-3
4.661861807E-3	4.637768026E-3	4.646995571E-3
4.920969717E-3	4.871797748E-3	4.886575043E-3
4.990876187E-3	4.965971224E-3	4.954814911E-3
5.322410725E-3	5.279561970E-3	5.280489102E-3
5.366587080E-3	5.327597726E-3	5.314121954E-3
5.594732706E-3	5.574009381E-3	5.554785486E-3
5.701658316E-3	5.687936209E-3	5.661451723E-3
5.929166451E-3	5.909440108E-3	5.914900452E-3
6.011997815E-3	6.003565155E-3	5.983167794E-3
6.114073098E-3	6.060509477E-3	6.082758773E-3
6.265123375E-3	6.228376180E-3	6.232545245E-3
6.303492934E-3	6.281109992E-3	6.275801454E-3
6.436332595E-3	6.424053572E-3	6.418726873E-3
6.464160513E-3	6.438469049E-3	6.417216267E-3
6.641253829E-3	6.626351271E-3	6.604439113E-3
6.750939414E-3	6.735496689E-3	6.740096956E-3
6.838322617E-3	6.846180651E-3	6.851658691E-3
6.948428694E-3	6.964095403E-3	6.955666002E-3
6.959416904E-3	7.014114875E-3	6.993500050E-3
7.128304802E-3	7.166232914E-3	7.166132797E-3
7.239848841E-3	7.290941663E-3	7.275230251E-3
7.399652619E-3	7.468975149E-3	7.438465487E-3
7.402196527E-3	7.478217129E-3	7.461114787E-3
7.493907586E-3	7.576991338E-3	7.584822364E-3
7.706469391E-3	7.776717655E-3	7.744017988E-3
7.775838487E-3	7.867722772E-3	7.835530676E-3
8.040737361E-3	8.118357509E-3	8.092490956E-3
8.019346744E-3	8.103250526E-3	8.071157150E-3
8.221706375E-3	8.284254000E-3	8.252767846E-3
8.252147585E-3	8.284436539E-3	8.271675557E-3
8.510475047E-3	8.552417159E-3	8.534564637E-3
8.751385845E-3	8.751202375E-3	8.750200272E-3
9.161410853E-3	9.112011641E-3	9.110950865E-3
9.406781755E-3	9.375292808E-3	9.372555651E-3
9.682872333E-3	9.635130875E-3	9.646494873E-3
1.011256129E-2	1.002078597E-2	1.004956942E-2
1.028191950E-2	1.021980122E-2	1.023206674E-2
1.072246674E-2	1.063861698E-2	1.062499173E-2
1.094484143E-2	1.083881129E-2	1.084326115E-2
1.136922650E-2	1.126617473E-2	1.128063165E-2
1.158095337E-2	1.150612999E-2	1.147602405E-2
1.186724659E-2	1.178169902E-2	1.178888790E-2
1.200582553E-2	1.192130148E-2	1.190228481E-2
1.218537893E-2	1.208370924E-2	1.209706999E-2
1.260431856E-2	1.249380130E-2	1.249532029E-2
1.300865319E-2	1.290647220E-2	1.289008744E-2
1.333191060E-2	1.323498879E-2	1.322411653E-2
1.362850796E-2	1.355862431E-2	1.353155915E-2
1.381941512E-2	1.372462884E-2	1.372022741E-2
1.429597940E-2	1.422416233E-2	1.420516334E-2
1.462200284E-2	1.459359564E-2	1.456983574E-2
1.501938887E-2	1.496409625E-2	1.495836396E-2
1.536483783E-2	1.532348897E-2	1.533034351E-2
1.575217582E-2	1.576884091E-2	1.573700458E-2
1.625748537E-2	1.627115160E-2	1.627274044E-2
1.645201817E-2	1.648814976E-2	1.646680757E-2
1.707732305E-2	1.716158725E-2	1.713210531E-2
1.714223810E-2	1.723691076E-2	1.718379743E-2
1.791835949E-2	1.804830134E-2	1.800891943E-2
1.799995452E-2	1.814441010E-2	1.810467243E-2
1.888390630E-2	1.899520308E-2	1.897666417E-2
1.909846254E-2	1.923971437E-2	1.920447312E-2
1.985922083E-2	1.995166764E-2	1.994203031E-2
2.052360959E-2	2.061646432E-2	2.058970928E-2
2.107183821E-2	2.116524614E-2	2.115065046E-2
2.210217714E-2	2.221344970E-2	2.219619974E-2
2.260117047E-2	2.266714722E-2	2.262935042E-2
2.387648821E-2	2.392733842E-2	2.389143407E-2
2.454896830E-2	2.458337881E-2	2.456486039E-2
2.570354566E-2	2.572141215E-2	2.568036504E-2
2.701801248E-2	2.694648877E-2	2.690536156E-2
2.790879831E-2	2.782444470E-2	2.777552791E-2
3.003640287E-2	2.994273044E-2	2.988132089E-2
3.058666177E-2	3.042060323E-2	3.037534282E-2
3.352661803E-2	3.333434463E-2	3.326797113E-2
3.388110548E-2	3.367197141E-2	3.356545046E-2
3.670423105E-2	3.646051139E-2	3.639465198E-2
3.786537424E-2	3.761711717E-2	3.755137697E-2
4.026074335E-2	4.002730548E-2	3.994983435E-2
4.289380088E-2	4.266059399E-2	4.257474840E-2
4.459765553E-2	4.435856640E-2	4.430313781E-2
4.947340861E-2	4.925868660E-2	4.917790741E-2
4.978265241E-2	4.966757447E-2	4.959233478E-2
5.687440187E-2	5.672781169E-2	5.666038767E-2
5.588565394E-2	5.573578551E-2	5.571144074E-2
6.429649144E-2	6.419508904E-2	6.421373785E-2
6.314970553E-2	6.308914721E-2	6.309980899E-2
7.147323340E-2	7.149679214E-2	7.145523280E-2
7.061582804E-2	7.069298625E-2	7.065556198E-2
7.702584565E-2	7.713800669E-2	7.708679885E-2
7.580555230E-2	7.598289102E-2	7.587864995E-2
7.867313921E-2	7.890653610E-2	7.875705510E-2
7.796724886E-2	7.823312283E-2	7.806120813E-2
7.629995048E-2	7.655666023E-2	7.636415958E-2
7.602587342E-2	7.618357241E-2	7.601853460E-2
7.064142823E-2	7.066237181E-2	7.055361569E-2
6.961287558E-2	6.965130568E-2	6.956819445E-2
6.188925356E-2	6.188267842E-2	6.184520572E-2
5.922552198E-2	5.918834358E-2	5.917394161E-2
4.964530468E-2	4.958326742E-2	4.958043247E-2
4.519898444E-2	4.513344914E-2	4.512887076E-2
3.614879772E-2	3.599564731E-2	3.597666323E-2
3.091871180E-2	3.062305972E-2	3.062669188E-2
2.402898856E-2	2.368870378E-2	2.369643003E-2
1.743939333E-2	1.721928269E-2	1.722116582E-2
1.195565425E-2	1.178461872E-2	1.182667911E-2
4.665398970E-3	4.516234621E-3	4.520530812E-3
-2.279627370E-4	-2.971136710E-4	-3.727471048E-4
-7.256390527E-3	-7.293554489E-3	-7.412606385E-3
-1.152327470E-2	-1.163816359E-2	-1.181455515E-2
-1.831832342E-2	-1.846843772E-2	-1.860092767E-2
-2.304727398E-2	-2.309790067E-2	-2.330651134E-2
-2.893645130E-2	-2.899069525E-2	-2.910719067E-2
-3.388084844E-2	-3.391131759E-2	-3.400886431E-2
-3.839502111E-2	-3.836200759E-2	-3.836468235E-2
-4.293030500E-2	-4.292370379E-2	-4.287463427E-2
-4.636678100E-2	-4.633443430E-2	-4.624855146E-2
-5.005254224E-2	-4.996236041E-2	-4.984575883E-2
-5.233516917E-2	-5.230347067E-2	-5.226100236E-2
-5.451911315E-2	-5.449185148E-2	-5.441304296E-2
-5.583057925E-2	-5.588833243E-2	-5.579507723E-2
-5.661593005E-2	-5.673981085E-2	-5.664325133E-2
-5.770738795E-2	-5.781906471E-2	-5.776523799E-2
-5.798627436E-2	-5.803110078E-2	-5.800158903E-2
-5.798272416E-2	-5.797399208E-2	-5.791676790E-2
-5.658740178E-2	-5.656284839E-2	-5.662467703E-2
-5.507716909E-2	-5.500707030E-2	-5.504172295E-2
-5.288027227E-2	-5.278149620E-2	-5.276437104E-2
-5.025731027E-2	-4.999539629E-2	-5.009927601E-2
-4.746085033E-2	-4.717423767E-2	-4.721355811E-2
-4.384105280E-2	-4.362166673E-2	-4.366186634E-2
-4.109927639E-2	-4.093854502E-2	-4.094821587E-2
-3.800760582E-2	-3.786817566E-2	-3.783013299E-2
-3.547284752E-2	-3.539411351E-2	-3.528703004E-2
-3.257027641E-2	-3.255471960E-2	-3.248802945E-2
-3.023918532E-2	-3.030455485E-2	-3.020841256E-2
-2.816616185E-2	-2.825656906E-2	-2.814466879E-2
-2.623884752E-2	-2.630260400E-2	-2.621961758E-2
-2.455364726E-2	-2.455596812E-2	-2.450937219E-2
-2.253664099E-2	-2.250960097E-2	-2.244923636E-2
-2.103082836E-2	-2.103904262E-2	-2.097115293E-2
-1.920938492E-2	-1.919194497E-2	-1.919142902E-2
-1.767284051E-2	-1.770243794E-2	-1.768885180E-2
-1.637996919E-2	-1.641804539E-2	-1.642540842E-2
-1.501458231E-2	-1.502786111E-2	-1.499311533E-2
-1.403521188E-2	-1.401803456E-2	-1.402172167E-2
-1.269139349E-2	-1.266084053E-2	-1.263641566E-2
-1.179057546E-2	-1.179080456E-2	-1.174947340E-2
-1.060017664E-2	-1.061582938E-2	-1.057949848E-2
-9.708575904E-3	-9.717518464E-3	-9.680275805E-3
-8.738138713E-3	-8.762554266E-3	-8.731674403E-3
-7.865958847E-3	-7.871158421E-3	-7.831647061E-3
-7.145912386E-3	-7.112487685E-3	-7.088394836E-3
-6.298417225E-3	-6.286052521E-3	-6.261463743E-3
-6.047477014E-3	-6.036591716E-3	-6.022463553E-3
-5.513804499E-3	-5.457944702E-3	-5.465487018E-3
-5.506181158E-3	-5.469216034E-3	-5.478567909E-3
-5.117414054E-3	-5.077748094E-3	-5.099954549E-3
-5.044043995E-3	-5.034915172E-3	-5.052224733E-3
-4.860218614E-3	-4.855105188E-3	-4.845160991E-3
-4.558086395E-3	-4.565550946E-3	-4.529828671E-3
-4.300208762E-3	-4.289275967E-3	-4.273688421E-3
-3.820512909E-3	-3.804789623E-3	-3.815433243E-3
-3.599002259E-3	-3.578975098E-3	-3.563065780E-3
-3.131811507E-3	-3.084990662E-3	-3.085377393E-3
-2.867699601E-3	-2.835773863E-3	-2.829342848E-3
-2.506207442E-3	-2.442441881E-3	-2.423664788E-3
-2.142624697E-3	-2.087540925E-3	-2.051468240E-3
-1.827348024E-3	-1.747985836E-3	-1.725746319E-3
-1.379997120E-3	-1.325447462E-3	-1.302651945E-3
-1.159484615E-3	-1.083490788E-3	-1.089749276E-3
-7.105641998E-4	-6.389206392E-4	-6.295953644E-4
-5.435564090E-4	-5.064817378E-4	-4.795730347E-4
-2.370704606E-4	-1.668265904E-4	-1.587530132E-4
-1.953168066E-5	1.760513805E-5	2.619125007E-5
2.499837137E-4	2.623956825E-4	2.930786577E-4
4.804555792E-4	4.853106802E-4	5.155528779E-4
6.379532861E-4	6.122281193E-4	6.350869080E-4
9.446038166E-4	9.180713096E-4	9.396970854E-4
9.802592685E-4	9.589277906E-4	9.675890324E-4
1.202373533E-3	1.204241184E-3	1.220568432E-3
1.251830603E-3	1.237996272E-3	1.259480952E-3
1.582596218E-3	1.571957371E-3	1.584786223E-3
1.699080574E-3	1.704130205E-3	1.708375756E-3
1.898798859E-3	1.905918005E-3	1.913003740E-3
2.092063893E-3	2.100061392E-3	2.087083878E-3
2.282364760E-3	2.271032892E-3	2.263041213E-3
2.551682526E-3	2.527511213E-3	2.540892689E-3
2.507108031E-3	2.481748350E-3	2.476600232E-3
2.714900300E-3	2.670488553E-3	2.659206744E-3
2.737750532E-3	2.721313853E-3	2.701225225E-3
2.929259324E-3	2.887576818E-3	2.853220329E-3
2.907123184E-3	2.864924492E-3	2.849396551E-3
2.964797663E-3	2.924733562E-3	2.894754056E-3
3.130231751E-3	3.075590357E-3	3.057799768E-3
3.245978151E-3	3.169280943E-3	3.159614047E-3
3.271140624E-3	3.232241608E-3	3.204033477E-3
3.249691566E-3	3.221247578E-3	3.215997014E-3
3.354449756E-3	3.307985608E-3	3.307983745E-3
3.381425515E-3	3.356121713E-3	3.364138538E-3
3.401894355E-3	3.401845228E-3	3.380490933E-3
3.466619644E-3	3.481385764E-3	3.481201129E-3
3.472083714E-3	3.509666072E-3	3.474184312E-3
3.520622384E-3	3.552995389E-3	3.541057929E-3
3.422937123E-3	3.454196965E-3	3.426835407E-3
3.357239999E-3	3.406092757E-3	3.382327966E-3
3.301361576E-3	3.364558797E-3	3.335382324E-3
3.210610943E-3	3.255329328E-3	3.246188397E-3
3.185477341E-3	3.221334424E-3	3.206244903E-3
3.161588917E-3	3.167323768E-3	3.164500697E-3
3.177934093E-3	3.152946709E-3	3.160093213E-3
3.069695784E-3	3.025199519E-3	3.025211394E-3
2.993087517E-3	2.928017871E-3	2.925185254E-3
2.912959550E-3	2.834379673E-3	2.857672516E-3
2.853119047E-3	2.786131343E-3	2.807779936E-3
2.835768042E-3	2.804579912E-3	2.809931291E-3
2.729060128E-3	2.707854612E-3	2.741032280E-3
2.758946503E-3	2.743870486E-3	2.800544025E-3
2.758841263E-3	2.769343322E-3	2.809905447E-3
2.762876917E-3	2.776449313E-3	2.826541895E-3
2.803741256E-3	2.868829528E-3	2.905730158E-3
2.786608646E-3	2.869355259E-3	2.911544638E-3
2.820418915E-3	2.913119039E-3	2.922218060E-3
2.741238801E-3	2.820755355E-3	2.836575499E-3
2.699910430E-3	2.770222025E-3	2.761312062E-3
2.708271844E-3	2.751290565E-3	2.721481491E-3
2.688245382E-3	2.726536244E-3	2.682330785E-3
2.659035381E-3	2.660689410E-3	2.633548109E-3
2.576473169E-3	2.583597787E-3	2.542036586E-3
2.511754632E-3	2.517522313E-3	2.486394485E-3
2.425586805E-3	2.421710640E-3	2.406783402E-3
2.384200925E-3	2.403129591E-3	2.376774093E-3
2.372148680E-3	2.412932226E-3	2.406417159E-3
2.381383209E-3	2.422664315E-3	2.432463458E-3
2.396505559E-3	2.447473118E-3	2.459354931E-3
2.485941164E-3	2.508607926E-3	2.516926965E-3
2.488042926E-3	2.479143674E-3	2.504445612E-3
2.540981863E-3	2.496364526E-3	2.508921083E-3
2.549579833E-3	2.512610285E-3	2.506292891E-3
2.547442447E-3	2.486781683E-3	2.453686669E-3
2.540318063E-3	2.458722098E-3	2.432720968E-3
2.572664525E-3	2.476435155E-3	2.432526089E-3
2.672382863E-3	2.570665209E-3	2.501267940E-3
2.698102966E-3	2.579161199E-3	2.513454296E-3
2.730109962E-3	2.596452832E-3	2.527012723E-3
2.823362360E-3	2.666220535E-3	2.629519906E-3
2.812033053E-3	2.672793809E-3	2.641516970E-3
2.884787042E-3	2.782915020E-3	2.755195135E-3
2.808404388E-3	2.724321326E-3	2.714644885E-3
2.811280778E-3	2.786955563E-3	2.767257392E-3
2.796038752E-3	2.815273823E-3	2.810765058E-3
2.892400138E-3	2.941076178E-3	2.940748120E-3
3.060547402E-3	3.138090950E-3	3.132030601E-3
3.161719535E-3	3.235201351E-3	3.241550410E-3
3.373459214E-3	3.440222703E-3	3.456160193E-3
3.482894972E-3	3.551199101E-3	3.546777181E-3
3.570088884E-3	3.664075397E-3	3.647814039E-3
3.640180919E-3	3.706333460E-3	3.707203781E-3
3.737909487E-3	3.780269763E-3	3.788851667E-3
3.864301136E-3	3.894797526E-3	3.879413242E-3
3.943873569E-3	3.920551855E-3	3.919737879E-3
4.094502423E-3	4.067576490E-3	4.068357404E-3
4.137809388E-3	4.110715818E-3	4.119212739E-3
4.144015722E-3	4.152648617E-3	4.173754249E-3
4.242346156E-3	4.289140459E-3	4.267876036E-3
4.239437636E-3	4.268126562E-3	4.302081186E-3
4.275708459E-3	4.334275611E-3	4.384924658E-3
4.353677854E-3	4.376183264E-3	4.436017945E-3
4.473385867E-3	4.504284821E-3	4.553539213E-3
4.529840313E-3	4.544107709E-3	4.613388795E-3
4.526758101E-3	4.551298916E-3	4.615530372E-3
4.593220074E-3	4.614451900E-3	4.670973867E-3
4.633680917E-3	4.648355767E-3	4.696248565E-3
4.673723597E-3	4.686704837E-3	4.729549401E-3
4.731667694E-3	4.780349787E-3	4.786677193E-3
4.828766920E-3	4.872081801E-3	4.857126158E-3
4.856802523E-3	4.849522375E-3	4.825053737E-3
4.867965356E-3	4.876549356E-3	4.844694398E-3
5.002036691E-3	4.989149980E-3	4.940901883E-3
5.126365460E-3	5.069259554E-3	5.027358886E-3
5.180193111E-3	5.115023348E-3	5.060325842E-3
5.336543545E-3	5.279404577E-3	5.226956680E-3
5.438705906E-3	5.365122575E-3	5.350877997E-3
5.585121922E-3	5.535052158E-3	5.481796805E-3
5.775411613E-3	5.734974518E-3	5.665618461E-3
6.026248448E-3	6.018361542E-3	5.979538895E-3
6.235349458E-3	6.262490060E-3	6.218497641E-3
6.367186084E-3	6.368651986E-3	6.315045059E-3
6.462743506E-3	6.419326179E-3	6.367064081E-3
6.485700142E-3	6.430104375E-3	6.365326699E-3
6.597878411E-3	6.512166467E-3	6.449451670E-3
6.678143982E-3	6.567103788E-3	6.496234797E-3
6.722634658E-3	6.584733259E-3	6.524939556E-3
6.784811150E-3	6.642187946E-3	6.565027405E-3
6.862293463E-3	6.746600382E-3	6.682576612E-3
6.805401295E-3	6.740773097E-3	6.698127370E-3
6.830274127E-3	6.754405797E-3	6.709160283E-3
6.840425078E-3	6.787519436E-3	6.787278689E-3
6.796242204E-3	6.782303564E-3	6.792995147E-3
6.818472408E-3	6.855945103E-3	6.902881432E-3
6.896343548E-3	6.951304618E-3	7.026836276E-3
7.136964705E-3	7.211369928E-3	7.255332544E-3
7.252874784E-3	7.301337551E-3	7.371015847E-3
7.251602598E-3	7.303229533E-3	7.417477667E-3
7.054720074E-3	7.148195989E-3	7.253645454E-3
6.959876977E-3	7.027942687E-3	7.077186834E-3
6.919455249E-3	6.987716537E-3	7.039705291E-3
6.692963652E-3	6.702370010E-3	6.716739852E-3
6.353731267E-3	6.298721768E-3	6.298423745E-3
5.660837982E-3	5.639585201E-3	5.627937615E-3
4.925586283E-3	4.904573783E-3	4.897807725E-3
4.006644711E-3	4.001487978E-3	3.986309748E-3
3.191713942E-3	3.190664575E-3	3.172901459E-3
2.319477499E-3	2.364597283E-3	2.364350017E-3
1.532545779E-3	1.620243886E-3	1.582617755E-3
8.269837126E-4	9.302683175E-4	9.081784519E-4
-1.249969355E-4	-9.912540918E-6	-1.300710301E-5
-7.063382654E-4	-6.206518738E-4	-6.255335175E-4
-1.560601406E-3	-1.521082246E-3	-1.571061672E-3
-2.175780945E-3	-2.147017745E-3	-2.198337810E-3
-2.882364905E-3	-2.894998295E-3	-2.948581940E-3
-3.506468609E-3	-3.560868092E-3	-3.618462710E-3
-3.948366735E-3	-4.019885790E-3	-4.052455537E-3
-4.419595469E-3	-4.512270447E-3	-4.530084319E-3
-4.528862424E-3	-4.661534447E-3	-4.677593242E-3
-4.914550111E-3	-5.039478652E-3	-5.056964234E-3
-4.739537835E-3	-4.873837810E-3	-4.923029803E-3
-4.778792616E-3	-4.955735989E-3	-4.963364452E-3
-4.576202948E-3	-4.708296154E-3	-4.704850726E-3
-4.469202831E-3	-4.562027287E-3	-4.550428595E-3
-4.415879026E-3	-4.453395959E-3	-4.428675398E-3
-4.188565537E-3	-4.183336161E-3	-4.160223529E-3
-4.185239319E-3	-4.197990056E-3	-4.196086898E-3
-3.847752931E-3	-3.855184186E-3	-3.864363767E-3
-3.999255598E-3	-3.996178042E-3	-3.997224383E-3
-3.637968097E-3	-3.653058084E-3	-3.652307205E-3
-3.703993279E-3	-3.731596516E-3	-3.708944656E-3
-3.536890727E-3	-3.531913972E-3	-3.522325307E-3
-3.457594663E-3	-3.390931292E-3	-3.384641139E-3
-3.407742130E-3	-3.339302028E-3	-3.312418703E-3
-3.064583521E-3	-2.985521220E-3	-2.967245644E-3
-3.226326313E-3	-3.133162158E-3	-3.113747109E-3
-2.867320552E-3	-2.775577130E-3	-2.752030967E-3
-2.922224812E-3	-2.847019117E-3	-2.821489004E-3
-2.534835599E-3	-2.492785221E-3	-2.457261318E-3
-2.469459781E-3	-2.420240780E-3	-2.389582805E-3
-2.324461238E-3	-2.256860724E-3	-2.236848930E-3
-2.096028533E-3	-2.051442629E-3	-2.057395643E-3
-2.132183407E-3	-2.102192957E-3	-2.074999502E-3
-1.740603708E-3	-1.714391285E-3	-1.700244728E-3
-1.881175325E-3	-1.864642370E-3	-1.865505357E-3
-1.523084007E-3	-1.511042588E-3	-1.521843253E-3
-1.631376566E-3	-1.604598132E-3	-1.597975381E-3
-1.419925946E-3	-1.381011796E-3	-1.392778126E-3
-1.318573835E-3	-1.296897535E-3	-1.319335192E-3
-1.340270624E-3	-1.357601956E-3	-1.385358162E-3
-1.067496836E-3	-1.075498411E-3	-1.071080565E-3
-1.287160441E-3	-1.279303804E-3	-1.287214807E-3
-8.735068259E-4	-8.809963474E-4	-8.876987267E-4
-1.013192232E-3	-1.022403245E-3	-1.024305122E-3
-7.112250314E-4	-7.221550914E-4	-7.255934179E-4
-7.726582699E-4	-7.732825470E-4	-7.906947285E-4
-7.037473260E-4	-7.043659571E-4	-7.247503381E-4
-4.623766290E-4	-4.838715249E-4	-4.849382967E-4
-5.406205892E-4	-5.515999510E-4	-5.607687053E-4
-1.478404156E-4	-1.417600870E-4	-1.632277126E-4
-3.474476398E-4	-3.549939720E-4	-3.732537443E-4
7.907009422E-5	5.226551730E-5	5.153761231E-5
-9.454645624E-5	-1.282526646E-4	-1.268324268E-4
1.829762332E-4	1.430728735E-4	1.256679971E-4
1.568894513E-4	1.267123444E-4	1.187514208E-4
2.047811577E-4	1.816915610E-4	1.948733261E-4
4.733386741E-4	4.407416855E-4	4.371896503E-4
3.075844725E-4	2.696471929E-4	2.669677488E-4
6.649655406E-4	6.542691845E-4	6.498458097E-4
4.135984345E-4	3.905658086E-4	4.029649426E-4
8.161477745E-4	8.209029329E-4	8.244153578E-4
6.540021859E-4	6.584677612E-4	6.544403150E-4
8.595933323E-4	8.568679332E-4	8.734604926E-4
9.446986951E-4	9.599924670E-4	9.668839630E-4
8.549351478E-4	8.681839681E-4	8.770484710E-4
1.236534794E-3	1.248670858E-3	1.260080258E-3
9.118255693E-4	9.338646778E-4	9.337507072E-4
1.402899041E-3	1.416732557E-3	1.418902772E-3
1.100860070E-3	1.090350212E-3	1.096126391E-3
1.418582979E-3	1.431848737E-3	1.423584647E-3
1.417826745E-3	1.415789593E-3	1.402676688E-3
1.453960314E-3	1.471103285E-3	1.473937533E-3
1.721141743E-3	1.732952776E-3	1.723299501E-3
1.442859415E-3	1.479101018E-3	1.474307850E-3
1.974834828E-3	1.982653281E-3	1.987426542E-3
1.617872855E-3	1.637904905E-3	1.633526757E-3
2.085290151E-3	2.113941824E-3	2.113038907E-3
1.873049303E-3	1.888912288E-3	1.883322373E-3
2.111510606E-3	2.126884414E-3	2.108335495E-3
2.179278759E-3	2.184811281E-3	2.184149576E-3
2.113049151E-3	2.123367740E-3	2.121184953E-3
2.402297221E-3	2.422439167E-3	2.399890451E-3
2.169825602E-3	2.176139038E-3	2.155005001E-3
2.598872641E-3	2.571940888E-3	2.576626837E-3
2.334345598E-3	2.345568268E-3	2.326196525E-3
2.620698884E-3	2.609119983E-3	2.596034436E-3
2.531980164E-3	2.522102324E-3	2.511739964E-3
2.580805682E-3	2.574437996E-3	2.535465639E-3
2.709918423E-3	2.692887792E-3	2.680751262E-3
2.590116812E-3	2.561897039E-3	2.537208842E-3
2.852617996E-3	2.822433598E-3	2.798385685E-3
2.617932390E-3	2.588601550E-3	2.597084735E-3
2.859956818E-3	2.827460878E-3	2.836051164E-3
2.644069027E-3	2.630031900E-3	2.628707560E-3
2.730581909E-3	2.716619056E-3	2.713105641E-3
2.769178012E-3	2.755434951E-3	2.760935342E-3
2.695799107E-3	2.683784347E-3	2.678594552E-3
2.908164635E-3	2.905682428E-3	2.907657996E-3
2.695332048E-3	2.681887476E-3	2.687865635E-3
2.912950004E-3	2.893497003E-3	2.890418516E-3
2.706081606E-3	2.704771468E-3	2.705967287E-3
2.836830216E-3	2.836156404E-3	2.839371096E-3
2.832322381E-3	2.825572854E-3	2.813614439E-3
2.821571659E-3	2.807382261E-3	2.801826922E-3
2.954039723E-3	2.926663263E-3	2.926030429E-3
2.782030264E-3	2.777412534E-3	2.778080525E-3
2.972212620E-3	2.953686984E-3	2.976162825E-3
2.813378815E-3	2.826063195E-3	2.821996808E-3
2.941170940E-3	2.907108283E-3	2.920099534E-3
2.865010640E-3	2.855489030E-3	2.858804306E-3
2.795761451E-3	2.794498811E-3	2.781477524E-3
2.948752604E-3	2.951381961E-3	2.930490300E-3
2.748884261E-3	2.734170528E-3	2.745467005E-3
2.937602578E-3	2.937512938E-3	2.953649731E-3
2.751720371E-3	2.738433890E-3	2.748510335E-3
2.875151811E-3	2.881468507E-3	2.866305877E-3
2.925563371E-3	2.928574802E-3	2.918951446E-3
2.872213721E-3	2.872658661E-3	2.869850257E-3
3.198770341E-3	3.199597122E-3	3.196614794E-3
2.826170996E-3	2.825338626E-3	2.810909878E-3
3.307315754E-3	3.314313013E-3	3.305388615E-3
2.858480439E-3	2.857801272E-3	2.858881606E-3
3.328513587E-3	3.342783079E-3	3.331718501E-3
3.075340530E-3	3.071891610E-3	3.067279933E-3
3.221954918E-3	3.211180912E-3	3.217228455E-3
3.406927921E-3	3.404183313E-3	3.385578748E-3
3.027846338E-3	3.018311923E-3	3.015687224E-3
3.616836853E-3	3.623317461E-3	3.598511452E-3
2.896402730E-3	2.910086187E-3	2.897070022E-3
3.733052174E-3	3.707567696E-3	3.701772308E-3
3.042829921E-3	3.016379662E-3	3.035933245E-3
3.650248051E-3	3.611832624E-3	3.626479069E-3
3.333352506E-3	3.332987195E-3	3.331500338E-3
3.295795759E-3	3.265612992E-3	3.267951543E-3
3.741088090E-3	3.709974699E-3	3.710060846E-3
2.941719256E-3	2.933919663E-3	2.927502617E-3
3.976157401E-3	3.967089579E-3	3.968097735E-3
2.856789622E-3	2.835169435E-3	2.842793940E-3
4.111210350E-3	4.078865517E-3	4.081128631E-3
3.026448889E-3	3.019800410E-3	2.994909883E-3
3.898615949E-3	3.895916510E-3	3.895844100E-3
3.451087279E-3	3.447216703E-3	3.418836044E-3
3.489909926E-3	3.454384860E-3	3.459959989E-3
4.038434476E-3	4.010523669E-3	4.019307438E-3
3.086648649E-3	3.084812313E-3	3.079683520E-3
4.395483527E-3	4.373840988E-3	4.376769066E-3
2.979761688E-3	2.974459669E-3	2.972802147E-3
4.459341522E-3	4.455128219E-3	4.449573811E-3
3.112196457E-3	3.102763090E-3	3.097102512E-3
4.287276883E-3	4.279380199E-3	4.273986444E-3
3.603028134E-3	3.598933108E-3	3.574670991E-3
3.768813796E-3	3.766329493E-3	3.764020279E-3
4.209762439E-3	4.204065073E-3	4.214215558E-3
3.334965557E-3	3.335955786E-3	3.331563435E-3
4.499237053E-3	4.470185842E-3	4.484582227E-3
3.157526022E-3	3.157664323E-3	3.147369483E-3
4.517637659E-3	4.515293520E-3	4.533637315E-3
3.243227256E-3	3.209849121E-3	3.209925257E-3
4.302101210E-3	4.277844448E-3	4.276424646E-3
3.699312219E-3	3.685151460E-3	3.696783679E-3
3.749042284E-3	3.750218777E-3	3.744937479E-3
4.245034419E-3	4.237068351E-3	4.212991334E-3
3.355617402E-3	3.343424294E-3	3.334961599E-3
4.482290242E-3	4.463634454E-3	4.468034022E-3
3.203517990E-3	3.201555694E-3	3.192966571E-3
4.514545668E-3	4.519025795E-3	4.528111313E-3
3.335404210E-3	3.342352808E-3	3.329949686E-3
4.248635378E-3	4.263332579E-3	4.252763931E-3
3.863564227E-3	3.844859079E-3	3.848652123E-3
3.722544760E-3	3.719965694E-3	3.717151703E-3
4.330975935E-3	4.323936999E-3	4.331802949E-3
3.429421457E-3	3.407247132E-3	3.395550186E-3
4.626345355E-3	4.609955940E-3	4.600976128E-3
3.344757482E-3	3.311052686E-3	3.297904739E-3
4.673535004E-3	4.648205359E-3	4.633047152E-3
3.509991569E-3	3.484810470E-3	3.472437384E-3
4.274757113E-3	4.264065064E-3	4.255590029E-3
3.940378316E-3	3.909444436E-3	3.909845371E-3
3.800080158E-3	3.765264759E-3	3.767485498E-3
4.366400186E-3	4.349186551E-3	4.343083128E-3
3.486847272E-3	3.477489576E-3	3.470945871E-3
4.581981339E-3	4.607629031E-3	4.593198188E-3
3.385128919E-3	3.370981896E-3	3.386918223E-3
4.565857816E-3	4.562122747E-3	4.559127148E-3
3.468304640E-3	3.492871532E-3	3.486908972E-3
4.217731766E-3	4.224931821E-3	4.214816261E-3
3.856793744E-3	3.848075168E-3	3.832294606E-3
3.794088960E-3	3.776029218E-3	3.769102274E-3
4.167826381E-3	4.151080735E-3	4.131880123E-3
3.494549543E-3	3.476700978E-3	3.456090111E-3
4.331871402E-3	4.325936083E-3	4.302602261E-3
3.391091945E-3	3.358760849E-3	3.345818492E-3
4.287201911E-3	4.250485450E-3	4.233162384E-3
3.493205411E-3	3.467651783E-3	3.466304857E-3
3.956493922E-3	3.932251595E-3	3.927162848E-3
3.694060491E-3	3.675391665E-3	3.679102287E-3
3.572251648E-3	3.555446398E-3	3.555596108E-3
3.886249848E-3	3.875069087E-3	3.885621205E-3
3.326508682E-3	3.319995245E-3	3.326191334E-3
3.949339036E-3	3.944231663E-3	3.947428428E-3
3.254753770E-3	3.269393230E-3	3.257567994E-3
3.847895889E-3	3.844216699E-3	3.855279647E-3
3.372114152E-3	3.363346448E-3	3.362913616E-3
3.603266319E-3	3.582832171E-3	3.578703385E-3
3.545404179E-3	3.521792358E-3	3.526925575E-3
3.346877638E-3	3.333041212E-3	3.322789446E-3
3.650057130E-3	3.625706537E-3	3.626690712E-3
3.217099933E-3	3.195271594E-3	3.211286152E-3
3.729153890E-3	3.734820290E-3	3.715689061E-3
3.265815554E-3	3.272676142E-3	3.279351862E-3
3.676749766E-3	3.679436166E-3	3.678023815E-3
3.457796760E-3	3.465932561E-3	3.461413085E-3
3.581243334E-3	3.591153771E-3	3.604496364E-3
3.692017402E-3	3.712533507E-3	3.706249176E-3
3.478417639E-3	3.469452262E-3	3.481692169E-3
3.755445126E-3	3.757655388E-3	3.761348082E-3
3.372265259E-3	3.364252159E-3	3.343193792E-3
3.773827339E-3	3.742952365E-3	3.729690099E-3
3.448206000E-3	3.419713583E-3	3.418875393E-3
3.734774888E-3	3.688611323E-3	3.674295498E-3
3.616932314E-3	3.561138408E-3	3.550658002E-3
3.606562270E-3	3.574218601E-3	3.568930086E-3
3.692702390E-3	3.662200412E-3	3.644549288E-3
3.457271494E-3	3.418121021E-3	3.406591713E-3
3.655341454E-3	3.653260181E-3	3.655088600E-3
3.339753486E-3	3.350508166E-3	3.344706260E-3
3.606538521E-3	3.629349638E-3	3.619994503E-3
3.383230884E-3	3.391076811E-3	3.387725446E-3
3.531239461E-3	3.530961927E-3	3.524360480E-3
3.461786080E-3	3.460066393E-3	3.460413311E-3
3.351374995E-3	3.384411335E-3	3.359505674E-3
3.466847818E-3	3.450807650E-3	3.466062248E-3
3.238365287E-3	3.269524081E-3	3.253890900E-3
3.510098206E-3	3.524759319E-3	3.525920445E-3
3.272672649E-3	3.284765640E-3	3.288039938E-3
3.461775370E-3	3.461894114E-3	3.456326202E-3
3.325820900E-3	3.316774964E-3	3.315940965E-3
3.396985354E-3	3.404028947E-3	3.383870004E-3
3.421994392E-3	3.391023725E-3	3.384428797E-3
3.302537370E-3	3.256498603E-3	3.256144002E-3
3.441678593E-3	3.393630031E-3	3.389039775E-3
3.190142335E-3	3.168872325E-3	3.157554660E-3
3.366812132E-3	3.339930903E-3	3.339448478E-3
3.165842267E-3	3.139368026E-3	3.125697607E-3
3.213414690E-3	3.199128667E-3	3.196842968E-3
3.129556542E-3	3.098835237E-3	3.088615835E-3
3.025643295E-3	2.997594420E-3	2.978850389E-3
2.974461066E-3	2.965416992E-3	2.966014203E-3
2.775744302E-3	2.766084392E-3	2.754265675E-3
2.824598225E-3	2.815575106E-3	2.820679452E-3
2.590473508E-3	2.587152179E-3	2.568248659E-3
2.589568729E-3	2.597812796E-3	2.583152615E-3
2.396874828E-3	2.412645379E-3	2.412898932E-3
2.352044219E-3	2.358054742E-3	2.349408809E-3
2.282116795E-3	2.280647866E-3	2.279026667E-3
2.197591355E-3	2.191721695E-3	2.173002344E-3
2.187748905E-3	2.174580004E-3	2.184550976E-3
2.051337855E-3	2.028323011E-3	2.020317595E-3
2.018050523E-3	2.006374532E-3	1.987435389E-3
1.862152596E-3	1.868580002E-3	1.863809070E-3
1.861742930E-3	1.868365915E-3	1.877014991E-3
1.778852311E-3	1.797727658E-3	1.781838015E-3
1.749138115E-3	1.750204829E-3	1.743339933E-3
1.721892622E-3	1.713290578E-3	1.739413710E-3
1.669986872E-3	1.655437518E-3	1.662421739E-3
1.673692022E-3	1.631424646E-3	1.616925816E-3
1.576928189E-3	1.533684437E-3	1.526582288E-3
1.591025619E-3	1.552455127E-3	1.546161016E-3
1.529202913E-3	1.475771540E-3	1.470710617E-3
1.543438528E-3	1.471666503E-3	1.478338032E-3
1.442959532E-3	1.406010706E-3	1.412220648E-3
1.464786241E-3	1.446789014E-3	1.452433178E-3
1.447418355E-3	1.432625577E-3	1.438268577E-3
1.394338673E-3	1.397571294E-3	1.402948750E-3
1.433365513E-3	1.431960845E-3	1.437776256E-3
1.365795848E-3	1.391557977E-3	1.409982680E-3
1.449848758E-3	1.467073802E-3	1.478572260E-3
1.402695430E-3	1.412470709E-3	1.419421169E-3
1.430770382E-3	1.454429701E-3	1.447340939E-3
1.367253251E-3	1.405865536E-3	1.393626095E-3
1.312942943E-3	1.346650999E-3	1.356050838E-3
1.333051245E-3	1.375459251E-3	1.364538795E-3
1.276232069E-3	1.305592596E-3	1.295363880E-3
1.338724047E-3	1.370496349E-3	1.359356334E-3
1.284754602E-3	1.286877901E-3	1.283236197E-3
1.364832278E-3	1.375376247E-3	1.360768569E-3
1.356338849E-3	1.370753860E-3	1.347887097E-3
1.360811410E-3	1.361394185E-3	1.355097396E-3
1.404976472E-3	1.401690650E-3	1.385102980E-3
1.386555145E-3	1.378496061E-3	1.369795762E-3
1.455944730E-3	1.456887578E-3	1.455337973E-3
1.378547400E-3	1.395358937E-3	1.382778515E-3
1.481487066E-3	1.486938214E-3	1.484006760E-3
1.451342017E-3	1.447467599E-3	1.434960170E-3
1.499544829E-3	1.476563397E-3	1.482087071E-3
1.481432701E-3	1.451792428E-3	1.450091135E-3
1.419541426E-3	1.408257638E-3	1.406734111E-3
1.419654582E-3	1.412898651E-3	1.415475155E-3
1.329491497E-3	1.304069883E-3	1.308814622E-3
1.356820809E-3	1.313438406E-3	1.319754752E-3
1.255551702E-3	1.216120203E-3	1.211447525E-3
1.242724597E-3	1.214462449E-3	1.217041281E-3
1.212957548E-3	1.186274691E-3	1.171603799E-3
1.194358687E-3	1.158804982E-3	1.150284545E-3
1.217361889E-3	1.177781844E-3	1.184707275E-3
1.136014820E-3	1.102687675E-3	1.107016229E-3
1.125328476E-3	1.096239313E-3	1.091154991E-3
1.023622463E-3	9.988714010E-4	9.991835104E-4
1.022718614E-3	1.003816724E-3	9.996123845E-4
9.671216831E-4	9.655843605E-4	9.696879424E-4
9.000285063E-4	9.219415369E-4	9.206296527E-4
8.117900579E-4	8.485038998E-4	8.440884412E-4
7.014694856E-4	7.233372307E-4	7.259852136E-4
6.198812625E-4	6.527045043E-4	6.611359422E-4
5.176127888E-4	5.285622901E-4	5.292163696E-4
4.157738877E-4	4.265599709E-4	4.161780525E-4
2.912041382E-4	2.760364732E-4	2.864779963E-4
1.621464180E-4	1.679380512E-4	1.745512564E-4
2.288446194E-5	3.404998643E-5	3.155292870E-5
-1.030146159E-4	-9.281164239E-5	-9.037867858E-5
-2.421177051E-4	-2.087967587E-4	-2.116433170E-4
-3.522861225E-4	-3.320610849E-4	-3.338705574E-4
-4.747427010E-4	-4.395673750E-4	-4.316833511E-4
-5.582215963E-4	-5.192164099E-4	-5.401785020E-4
-6.877421401E-4	-6.574030849E-4	-6.591958809E-4
-8.206501952E-4	-7.985448465E-4	-7.936891052E-4
-8.965883171E-4	-8.765746607E-4	-8.865162381E-4
-1.015702961E-3	-1.010940177E-3	-1.011434360E-3
-1.097531058E-3	-1.082157134E-3	-1.078191213E-3
-1.208296511E-3	-1.222401625E-3	-1.210597460E-3
-1.299954951E-3	-1.319592819E-3	-1.320123556E-3
-1.464982633E-3	-1.485435991E-3	-1.497161691E-3
-1.666347263E-3	-1.681964495E-3	-1.690769568E-3
-1.781509025E-3	-1.805080101E-3	-1.810448361E-3
-1.937557710E-3	-1.930242404E-3	-1.939542359E-3
-2.014501486E-3	-2.011468401E-3	-2.017474268E-3
-2.191866981E-3	-2.200576942E-3	-2.201243304E-3
-2.350218361E-3	-2.352491254E-3	-2.337388461E-3
-2.503419528E-3	-2.503745956E-3	-2.503728261E-3
-2.669645241E-3	-2.635131357E-3	-2.646026667E-3
-2.721345751E-3	-2.703197533E-3	-2.698510187E-3
-2.869090764E-3	-2.817213768E-3	-2.805841388E-3
-2.919021761E-3	-2.870938974E-3	-2.865471411E-3
-3.071175190E-3	-3.019455355E-3	-3.000522265E-3
-3.140468383E-3	-3.108886303E-3	-3.104233649E-3
-3.248730209E-3	-3.241744358E-3	-3.225524910E-3
-3.353761043E-3	-3.343298333E-3	-3.358314279E-3
-3.420867259E-3	-3.436458530E-3	-3.434654791E-3
-3.542161779E-3	-3.572362475E-3	-3.564783139E-3
-3.631012514E-3	-3.650626633E-3	-3.642394207E-3
-3.759154817E-3	-3.777880687E-3	-3.784871195E-3
-3.825109685E-3	-3.861178877E-3	-3.853888949E-3
-3.918087110E-3	-3.948192578E-3	-3.925099503E-3
-3.968258388E-3	-3.987607080E-3	-3.979465924E-3
-4.045818001E-3	-4.040847998E-3	-4.022009205E-3
-4.123291932E-3	-4.121655598E-3	-4.118109122E-3
-4.118891899E-3	-4.095309880E-3	-4.097199533E-3
-4.126968794E-3	-4.092819057E-3	-4.092263989E-3
-4.066234920E-3	-4.030772019E-3	-4.046370275E-3
-4.015117884E-3	-3.996132407E-3	-3.977998160E-3
-3.891288303E-3	-3.881745972E-3	-3.856617492E-3
-3.840667894E-3	-3.822505474E-3	-3.798538819E-3
-3.810542868E-3	-3.794743912E-3	-3.785421839E-3
-3.754847217E-3	-3.736187471E-3	-3.745597322E-3
-3.742443863E-3	-3.746953793E-3	-3.732372308E-3
-3.706334392E-3	-3.711659461E-3	-3.698484739E-3
-3.623243887E-3	-3.625290934E-3	-3.642852651E-3
-3.507064190E-3	-3.510378068E-3	-3.507116344E-3
-3.443693044E-3	-3.461074317E-3	-3.452328267E-3
-3.537042998E-3	-3.542832332E-3	-3.550229827E-3
-3.652670886E-3	-3.658190835E-3	-3.666662145E-3
-3.793617245E-3	-3.786351066E-3	-3.794807475E-3
-3.880924545E-3	-3.876531031E-3	-3.879726166E-3
-3.932993393E-3	-3.908581100E-3	-3.904745914E-3
-3.935273737E-3	-3.912192304E-3	-3.919513896E-3
-3.967191558E-3	-3.935735207E-3	-3.933398519E-3
-4.019391257E-3	-4.000001587E-3	-3.985849675E-3
-4.066782538E-3	-4.045691341E-3	-4.036528990E-3
-4.087115638E-3	-4.066375550E-3	-4.050099757E-3
-4.158902913E-3	-4.093919881E-3	-4.094510805E-3
-4.175521899E-3	-4.124688916E-3	-4.121637903E-3
-4.159444477E-3	-4.103164654E-3	-4.087748937E-3
-4.056815989E-3	-4.013576079E-3	-3.998778760E-3
-3.983732779E-3	-3.948688041E-3	-3.943628166E-3
-3.915082663E-3	-3.879107069E-3	-3.873216920E-3
-3.792400938E-3	-3.745869268E-3	-3.735843813E-3
-3.709710902E-3	-3.648668993E-3	-3.661373863E-3
-3.609196516E-3	-3.552286420E-3	-3.552675713E-3
-3.517748322E-3	-3.484777408E-3	-3.467940493E-3
-3.402110189E-3	-3.375841770E-3	-3.366610967E-3
-3.330666572E-3	-3.297665622E-3	-3.292336361E-3
-3.193331184E-3	-3.176817903E-3	-3.168383846E-3
-3.010743065E-3	-2.997509204E-3	-2.984690946E-3
-2.914369106E-3	-2.885880182E-3	-2.879276173E-3
-2.806671197E-3	-2.788672224E-3	-2.785292221E-3
-2.751768799E-3	-2.772727283E-3	-2.760429867E-3
-2.648392925E-3	-2.657720121E-3	-2.649202710E-3
-2.516210079E-3	-2.543144161E-3	-2.545809140E-3
-2.426442923E-3	-2.440958982E-3	-2.450410277E-3
-2.269063843E-3	-2.277038526E-3	-2.281725872E-3
-2.114661504E-3	-2.120324410E-3	-2.116247080E-3
-1.984692179E-3	-1.990449615E-3	-1.986210933E-3
-1.900239033E-3	-1.905335230E-3	-1.905216021E-3
-1.791618299E-3	-1.799763530E-3	-1.792119700E-3
-1.674428000E-3	-1.698485226E-3	-1.700326218E-3
-1.564634149E-3	-1.588365645E-3	-1.587589271E-3
-1.420343411E-3	-1.460252679E-3	-1.475206926E-3
-1.313990331E-3	-1.365707722E-3	-1.356087509E-3
-1.214924618E-3	-1.260954654E-3	-1.249324763E-3
-1.147240866E-3	-1.178111881E-3	-1.166703994E-3
-1.050622552E-3	-1.073079184E-3	-1.073887572E-3
-9.438428679E-4	-9.578082827E-4	-9.512783145E-4
-8.871205500E-4	-8.794328896E-4	-8.513857611E-4
-7.760667941E-4	-7.655756781E-4	-7.490003482E-4
-6.600326742E-4	-6.408492918E-4	-6.510061212E-4
-5.778797786E-4	-5.542533472E-4	-5.495178048E-4
-4.577245563E-4	-4.365806817E-4	-4.251381906E-4
-3.160422493E-4	-2.912671771E-4	-2.924374421E-4
-1.828326058E-4	-1.459430932E-4	-1.426167582E-4
-9.405437595E-5	-6.024668983E-5	-5.878467709E-5
-8.139681995E-6	3.122705311E-5	4.488621926E-5
7.665270823E-5	1.285189646E-4	1.290900836E-4
1.495892066E-4	2.000348613E-4	2.067656169E-4
2.348816924E-4	2.915320802E-4	2.803720708E-4
3.031967499E-4	3.308799933E-4	3.455888072E-4
4.162796831E-4	4.538705107E-4	4.710996582E-4
4.615185317E-4	4.746124905E-4	4.790703242E-4
5.006619613E-4	5.361766089E-4	5.303692888E-4
4.991140449E-4	5.271986593E-4	5.197058199E-4
5.281499471E-4	5.444298731E-4	5.495217629E-4
5.183430039E-4	5.194272962E-4	5.236493889E-4
4.895751481E-4	4.974460462E-4	5.049955798E-4
5.214979174E-4	5.279965699E-4	5.240138271E-4
4.704212770E-4	4.626448499E-4	4.694966774E-4
5.213393597E-4	5.233551492E-4	5.184732727E-4
4.607335140E-4	4.660953127E-4	4.543398391E-4
5.124673480E-4	4.990582238E-4	5.193019169E-4
4.543701652E-4	4.478636256E-4	4.523810057E-4
4.444839724E-4	4.374604614E-4	4.468979896E-4
4.462783400E-4	4.258193367E-4	4.334721307E-4
3.766971058E-4	3.660783113E-4	3.582013014E-4
4.393087584E-4	4.138684890E-4	4.194359935E-4
3.573386348E-4	3.261030361E-4	3.303491103E-4
4.804117198E-4	4.618550884E-4	4.638331884E-4
3.830349888E-4	3.645623510E-4	3.570644476E-4
4.850518017E-4	4.619769461E-4	4.513234599E-4
4.009892000E-4	3.755213402E-4	3.859546850E-4
3.959449241E-4	3.799356637E-4	3.678115318E-4
4.209027684E-4	4.037448962E-4	4.038289189E-4
3.420833091E-4	3.293910704E-4	3.304557758E-4
4.784071643E-4	4.683427978E-4	4.770754022E-4
3.257154603E-4	3.142843198E-4	3.283175174E-4
5.060420954E-4	5.070953048E-4	5.029981257E-4
3.675000335E-4	3.674196778E-4	3.699935623E-4
4.694754316E-4	4.948684946E-4	4.939890350E-4
4.265337484E-4	4.365578643E-4	4.412130220E-4
4.262564180E-4	4.377982987E-4	4.452372086E-4
4.940661020E-4	5.139809800E-4	5.177445128E-4
3.526099608E-4	3.757538216E-4	3.801478597E-4
5.255957367E-4	5.427339347E-4	5.408757715E-4
3.140675835E-4	3.375435772E-4	3.129868710E-4
5.082606222E-4	5.321177305E-4	5.358203198E-4
3.455193655E-4	3.572286805E-4	3.636094043E-4
4.758859868E-4	4.856440937E-4	4.896915052E-4
4.138207587E-4	4.279707500E-4	4.375242279E-4
3.662456875E-4	3.942449403E-4	3.958309826E-4
4.722753656E-4	4.982751561E-4	4.896700848E-4
2.838938090E-4	2.862892288E-4	2.974615491E-4
5.496444646E-4	5.675661378E-4	5.606977502E-4
2.791356237E-4	2.951042552E-4	2.961361024E-4
5.665684585E-4	5.808469141E-4	5.901583354E-4
3.632734297E-4	3.699273802E-4	3.773686185E-4
5.060505355E-4	5.123505252E-4	5.114616361E-4
4.207520105E-4	4.443459038E-4	4.393301206E-4
3.596145543E-4	3.750981996E-4	3.711739555E-4
5.298714386E-4	5.495075602E-4	5.377387279E-4
2.602446475E-4	2.613498364E-4	2.675489231E-4
6.491423701E-4	6.430292269E-4	6.402769359E-4
2.836533531E-4	2.690031833E-4	2.654411364E-4
6.527641672E-4	6.424269523E-4	6.367716705E-4
3.281585232E-4	3.162239736E-4	3.151620331E-4
5.672650877E-4	5.686630611E-4	5.588207277E-4
4.876088642E-4	4.847741511E-4	4.837295273E-4
4.238674010E-4	4.299065622E-4	4.211245687E-4
6.722690305E-4	6.780893891E-4	6.710150628E-4
2.869365562E-4	2.864562848E-4	2.886853763E-4
7.934383466E-4	7.868429529E-4	7.942056982E-4
2.605486952E-4	2.593912359E-4	2.577239939E-4
8.137320401E-4	8.126174798E-4	8.109462215E-4
3.377139510E-4	3.405894095E-4	3.465703048E-4
7.137584034E-4	7.109520375E-4	7.146003773E-4
5.448489101E-4	5.390931037E-4	5.447671283E-4
5.804849789E-4	5.496279337E-4	5.683688214E-4
7.838305901E-4	7.724015159E-4	7.770130178E-4
4.052299191E-4	4.049819254E-4	4.025982344E-4
9.194458253E-4	9.263093234E-4	9.222042281E-4
3.803424479E-4	3.613539739E-4	3.661973169E-4
9.631657740E-4	9.567831876E-4	9.607862448E-4
4.354867269E-4	4.156745854E-4	4.390793329E-4
8.453694754E-4	8.378074272E-4	8.401200757E-4
5.872116308E-4	5.892502959E-4	5.944527220E-4
6.536777946E-4	6.594940787E-4	6.569955731E-4
8.023953415E-4	8.115433156E-4	8.107596077E-4
5.125384778E-4	5.206190981E-4	5.204528570E-4
9.455083637E-4	9.454761748E-4	9.502968169E-4
4.487957049E-4	4.508895217E-4	4.490356660E-4
9.812079370E-4	9.684779798E-4	9.709742153E-4
4.876774619E-4	4.939091159E-4	4.940709914E-4
8.586115437E-4	8.552495274E-4	8.589377394E-4
6.356935482E-4	6.398155238E-4	6.262811366E-4
6.684600376E-4	6.757699884E-4	6.658792845E-4
7.837432786E-4	7.745683542E-4	7.810219540E-4
5.188202485E-4	5.316010793E-4	5.250552204E-4
8.602184244E-4	8.623487665E-4	8.707724046E-4
4.283355083E-4	4.404657520E-4	4.399188911E-4
8.493029163E-4	8.474846836E-4	8.634147234E-4
4.382136685E-4	4.301975714E-4	4.290161305E-4
6.894642720E-4	6.862325245E-4	6.898963475E-4
4.708679335E-4	4.884708906E-4	4.778604780E-4
4.593783524E-4	4.689347988E-4	4.679125850E-4
5.470935139E-4	5.569816567E-4	5.530102644E-4
3.071673564E-4	3.315435315E-4	3.225165710E-4
5.984791205E-4	6.198415649E-4	6.108490052E-4
2.429601882E-4	2.450259926E-4	2.525844902E-4
5.682427436E-4	5.746787647E-4	5.740163033E-4
2.349549904E-4	2.450682514E-4	2.367887937E-4
4.294366809E-4	4.412838316E-4	4.280153371E-4
3.311416658E-4	3.277362848E-4	3.272359027E-4
2.837860666E-4	2.782082593E-4	2.899451356E-4
4.208311730E-4	4.084927496E-4	4.080496146E-4
2.038078674E-4	1.739957661E-4	1.863184298E-4
4.575542698E-4	4.628418828E-4	4.731101217E-4
1.979490771E-4	1.897094626E-4	1.808202360E-4
4.883074434E-4	4.944342072E-4	4.817621375E-4
2.844982082E-4	2.932340140E-4	2.986566687E-4
4.199443501E-4	4.349699011E-4	4.319417931E-4
4.131683963E-4	4.357498256E-4	4.372519033E-4
3.583304933E-4	3.740087850E-4	3.620389616E-4
5.249290261E-4	5.258233286E-4	5.423360853E-4
3.183956142E-4	3.306753642E-4	3.252663300E-4
5.715836305E-4	5.881498219E-4	5.924479919E-4
3.401124559E-4	3.606291430E-4	3.634016612E-4
5.509862094E-4	5.697234301E-4	5.659173476E-4
4.182523116E-4	4.383741471E-4	4.417029559E-4
4.798401787E-4	4.831560655E-4	4.889370175E-4
5.107187317E-4	5.212296383E-4	5.193476682E-4
4.062895605E-4	4.126717977E-4	4.131891183E-4
5.927490420E-4	5.865120911E-4	5.813916796E-4
4.166064900E-4	4.093443567E-4	4.031709977E-4
6.211760920E-4	6.171842106E-4	6.145738298E-4
4.663972359E-4	4.513902240E-4	4.582150141E-4
5.991123617E-4	5.859626690E-4	5.868557491E-4
5.420144880E-4	5.289249239E-4	5.261819460E-4
5.201909808E-4	4.963635001E-4	4.964048858E-4
5.945279845E-4	5.785550456E-4	5.781238433E-4
4.791114770E-4	4.596249491E-4	4.607463779E-4
6.439831923E-4	6.306573050E-4	6.356330705E-4
4.676421522E-4	4.664101580E-4	4.751442175E-4
6.504236953E-4	6.330350298E-4	6.367168971E-4
5.418114015E-4	5.421519745E-4	5.520764971E-4
5.882954574E-4	6.053247489E-4	5.961456336E-4
5.756007158E-4	5.910865730E-4	6.036161794E-4
5.061618867E-4	5.211294047E-4	5.148018827E-4
6.041825982E-4	6.185665843E-4	6.217681221E-4
4.727724299E-4	4.781289899E-4	4.858595494E-4
6.142221391E-4	6.255683838E-4	6.274966290E-4
4.842002527E-4	4.964811378E-4	4.993390758E-4
5.668726517E-4	5.902963458E-4	5.803804961E-4
5.097209942E-4	5.205311463E-4	5.237162695E-4
4.923605011E-4	5.011316389E-4	5.085097509E-4
5.557139521E-4	5.609733635E-4	5.607698113E-4
4.569518496E-4	4.759877047E-4	4.592386540E-4
5.589313805E-4	5.529654445E-4	5.598856951E-4
4.400864418E-4	4.369517264E-4	4.361688334E-4
5.437955260E-4	5.476794904E-4	5.492742057E-4
4.471406573E-4	4.519480863E-4	4.588089942E-4
4.823578347E-4	4.944597604E-4	4.877187603E-4
4.744827165E-4	4.814125714E-4	4.875361337E-4
4.550192680E-4	4.672764335E-4	4.636833910E-4
5.137750413E-4	5.159709253E-4	5.361843505E-4
4.285357136E-4	4.286092881E-4	4.491469008E-4
5.237303558E-4	5.367958220E-4	5.542448489E-4
4.298940476E-4	4.476173199E-4	4.567437281E-4
4.897339386E-4	5.108114565E-4	5.198059371E-4
4.570127639E-4	4.636923259E-4	4.667859175E-4
4.776024434E-4	4.818362941E-4	4.853886494E-4
4.830120015E-4	5.059810355E-4	5.056975060E-4
4.311867815E-4	4.351203388E-4	4.426140222E-4
4.955222830E-4	5.166766932E-4	5.184774636E-4
4.431796260E-4	4.461017088E-4	4.518964270E-4
5.354128662E-4	5.132156657E-4	5.273921415E-4
4.468080588E-4	4.511264560E-4	4.418634635E-4
5.108095938E-4	5.062982673E-4	5.123215960E-4
5.173074314E-4	5.138063570E-4	5.023183185E-4
4.815080028E-4	4.707900516E-4	4.737132986E-4
5.091031780E-4	5.003904807E-4	4.992932081E-4
4.479298077E-4	4.395680735E-4	4.439121112E-4
5.215595593E-4	5.093708751E-4	5.153251113E-4
4.400677572E-4	4.360980529E-4	4.376960569E-4
5.172208766E-4	5.069561303E-4	5.140827852E-4
5.001481040E-4	5.013507325E-4	4.977948265E-4
5.268725217E-4	5.274612340E-4	5.265054060E-4
5.474210484E-4	5.555989919E-4	5.527639878E-4
5.349553539E-4	5.377776106E-4	5.370684084E-4
6.203170051E-4	6.152634742E-4	6.390916533E-4
5.594924442E-4	5.753787700E-4	5.693050916E-4
6.505438942E-4	6.655036705E-4	6.610234850E-4
6.276112981E-4	6.342393463E-4	6.339722895E-4
6.807864411E-4	6.999004399E-4	6.957336445E-4
6.986336666E-4	7.175779901E-4	7.133631734E-4
7.352615939E-4	7.449015393E-4	7.395569119E-4
8.121405845E-4	8.058563690E-4	7.984256954E-4
7.739360444E-4	7.750664372E-4	7.787672803E-4
8.565595490E-4	8.542012656E-4	8.550224593E-4
8.165874751E-4	8.162416634E-4	8.341340581E-4
9.001736762E-4	8.996709948E-4	8.932153578E-4
8.842981770E-4	8.858939982E-4	8.868021541E-4
9.283320396E-4	9.308768786E-4	9.376711678E-4
9.561449406E-4	9.672408924E-4	9.746224387E-4
9.557588492E-4	9.594537551E-4	9.677587659E-4
1.010230277E-3	1.002898789E-3	1.005006139E-3
9.680602234E-4	9.826978203E-4	9.940128075E-4
1.042255899E-3	1.035586698E-3	1.035685302E-3
9.983277414E-4	1.003046520E-3	1.012984547E-3
1.026563463E-3	1.051915693E-3	1.045961515E-3
1.009148080E-3	1.017871313E-3	1.036805566E-3
1.000138232E-3	1.014685375E-3	1.023252844E-3
1.010354259E-3	1.018980867E-3	1.032012748E-3
1.002898440E-3	9.954367997E-4	1.008193009E-3
1.024197787E-3	1.037168549E-3	1.042660791E-3
1.006598352E-3	1.007438521E-3	1.013110974E-3
1.038044225E-3	1.040609437E-3	1.043115277E-3
1.002662466E-3	1.005739090E-3	9.911482921E-4
9.951437823E-4	1.001950237E-3	1.006579725E-3
9.942754405E-4	1.005018363E-3	9.956122376E-4
1.003095880E-3	9.892960079E-4	9.865023894E-4
1.002366072E-3	1.009236556E-3	1.003148383E-3
9.715838241E-4	9.706106503E-4	9.692386375E-4
9.938345756E-4	9.781284025E-4	9.890891379E-4
9.552001138E-4	9.559963946E-4	9.661844815E-4
9.565062937E-4	9.608389228E-4	9.668478742E-4
9.555438883E-4	9.511646349E-4	9.468321805E-4
9.425908211E-4	9.358627722E-4	9.385302546E-4
9.314532508E-4	9.422575240E-4	9.258748614E-4
9.043285390E-4	9.063657490E-4	8.986812900E-4
9.120632312E-4	9.108552476E-4	9.084587800E-4
8.924949216E-4	8.886677679E-4	8.947495953E-4
8.752757567E-4	8.702730993E-4	8.850062150E-4
8.534356602E-4	8.510067710E-4	8.528142353E-4
8.315917221E-4	8.471028996E-4	8.321289206E-4
8.433335461E-4	8.385629044E-4	8.275842993E-4
7.985375123E-4	7.967874990E-4	8.073727367E-4
8.005534764E-4	8.078645915E-4	8.013733313E-4
7.867760723E-4	7.791239768E-4	7.719226414E-4
7.853286806E-4	7.806261419E-4	7.828862290E-4
7.566557033E-4	7.742991438E-4	7.682833821E-4
7.512150332E-4	7.594933268E-4	7.572672330E-4
7.607534062E-4	7.491182187E-4	7.495279424E-4
7.287522312E-4	7.268107147E-4	7.274096715E-4
7.306499174E-4	7.400799077E-4	7.422351046E-4
7.159873494E-4	7.188923773E-4	7.276802207E-4
7.210837794E-4	7.433889550E-4	7.468626718E-4
7.299017743E-4	7.328623906E-4	7.407987723E-4
7.288692286E-4	7.500195643E-4	7.491030847E-4
7.464066730E-4	7.525683613E-4	7.623623242E-4
7.524489774E-4	7.488319534E-4	7.597414078E-4
7.526404224E-4	7.528224960E-4	7.625010912E-4
7.725370233E-4	7.744040922E-4	7.760690060E-4
7.817032165E-4	7.869855617E-4	7.937560440E-4
7.890833658E-4	7.959458744E-4	7.932011504E-4
8.133776137E-4	8.203813341E-4	8.115847013E-4
8.227410144E-4	8.198754513E-4	8.210779051E-4
8.318362525E-4	8.225378697E-4	8.221779717E-4
8.291956037E-4	8.395495242E-4	8.349317359E-4
8.376311162E-4	8.530956693E-4	8.380967774E-4
8.521590498E-4	8.498321986E-4	8.509268519E-4
8.591914084E-4	8.555007516E-4	8.538892725E-4
