2.987735176E+1
2.972749519E+1
2.953742409E+1
2.934915352E+1
2.917412186E+1
2.897223282E+1
2.878893471E+1
2.861647797E+1
2.843310738E+1
2.827536774E+1
2.810443878E+1
2.790428352E+1
2.758854675E+1
2.741600227E+1
2.723658752E+1
2.706303596E+1
2.687195015E+1
2.670473099E+1
2.647632027E+1
2.633407593E+1
2.602886963E+1
2.583843040E+1
2.562835312E+1
2.544792557E+1
2.523393631E+1
2.505333328E+1
2.488642693E+1
2.469363785E+1
2.439963913E+1
2.418348885E+1
2.399177361E+1
2.376644135E+1
2.357581139E+1
2.342016220E+1
2.324973869E+1
2.303064346E+1
2.288018227E+1
2.258601189E+1
2.244355965E+1
2.220693970E+1
2.203843307E+1
2.182799911E+1
2.162823868E+1
2.144170761E+1
2.128116226E+1
2.107890701E+1
2.090030479E+1
2.057564926E+1
2.040344238E+1
2.022002792E+1
2.004664230E+1
1.979254913E+1
1.966287422E+1
1.945324707E+1
1.921753693E+1
1.903635979E+1
1.884752083E+1
1.866640663E+1
1.846420670E+1
1.824032021E+1
1.808954811E+1
1.788474846E+1
1.769390869E+1
1.748133659E+1
1.716309547E+1
1.700898552E+1
1.682431412E+1
1.664451218E+1
1.646381569E+1
1.627412605E+1
1.593821526E+1
1.577871990E+1
1.559052372E+1
1.541757011E+1
1.523433685E+1
1.501674271E+1
1.486700249E+1
1.466870689E+1
1.446258926E+1
1.427599621E+1
1.406661510E+1
1.377026272E+1
1.358561134E+1
1.339012241E+1
1.322038078E+1
1.299670410E+1
1.283590126E+1
1.261252117E+1
1.241273689E+1
1.219978714E+1
1.205384159E+1
1.183470726E+1
1.159263802E+1
1.142180347E+1
1.128837776E+1
1.105773067E+1
1.086876488E+1
1.073754025E+1
1.039413643E+1
1.018842983E+1
1.002852726E+1
9.835642815E+0
9.659848213E+0
9.436351776E+0
9.279878616E+0
8.963850021E+0
8.783516884E+0
8.633326530E+0
8.435629845E+0
8.231472015E+0
8.014412880E+0
7.840509415E+0
7.610597610E+0
7.432990074E+0
7.227389812E+0
7.050619602E+0
6.841688633E+0
6.667401314E+0
6.447510242E+0
6.260517597E+0
6.065287590E+0
5.856135368E+0
5.671147823E+0
5.364601612E+0
5.179276943E+0
4.994745255E+0
4.781207561E+0
4.649013996E+0
4.447335720E+0
4.224919319E+0
4.032979965E+0
3.859584093E+0
3.690254927E+0
3.471958399E+0
3.282383680E+0
3.086814404E+0
2.878806353E+0
2.582413912E+0
2.401817560E+0
2.191013098E+0
1.982378483E+0
1.817791581E+0
1.607464194E+0
1.383353949E+0
1.190380216E+0
1.019239426E+0
7.967644930E-1
6.151417494E-1
4.135511220E-1
2.144654840E-1
5.076213554E-2
-1.374817193E-1
-3.682361245E-1
-5.604559183E-1
-7.335386872E-1
-9.432535768E-1
-1.106147170E+0
-1.334722161E+0
-1.524335027E+0
-1.739481568E+0
-1.944807410E+0
-2.132947445E+0
-2.337671995E+0
-2.560765266E+0
-2.728195906E+0
-2.936378002E+0
-3.133625507E+0
-3.320597172E+0
-3.538088322E+0
-3.735658407E+0
-3.923852205E+0
-4.240773678E+0
-4.440575123E+0
-4.606029034E+0
-4.827915192E+0
-4.990078926E+0
-5.213325024E+0
-5.401125431E+0
-5.616429329E+0
-5.824456215E+0
-6.013846397E+0
-6.201746464E+0
-6.399014473E+0
-6.608922005E+0
-6.790775776E+0
-7.014673233E+0
-7.177659988E+0
-7.383321762E+0
-7.561830997E+0
-7.777240276E+0
-7.979251862E+0
-8.197549820E+0
-8.365257263E+0
-8.542901993E+0
-8.765693665E+0
-8.985643387E+0
-9.147401810E+0
-9.351517677E+0
-9.571137428E+0
-9.774754524E+0
-9.963581085E+0
-1.016665363E+1
-1.036587334E+1
-1.058006287E+1
-1.078031540E+1
-1.097497749E+1
-1.117671204E+1
-1.139617825E+1
-1.158379745E+1
-1.182285500E+1
-1.199203682E+1
-1.221194649E+1
-1.243102169E+1
-1.261236668E+1
-1.280556679E+1
-1.300049496E+1
-1.321103096E+1
-1.339792633E+1
-1.358707142E+1
-1.376928711E+1
-1.396888828E+1
-1.415951729E+1
-1.435710049E+1
-1.456397247E+1
-1.476093864E+1
-1.494326782E+1
-1.514521599E+1
-1.534903622E+1
-1.552722740E+1
-1.572782707E+1
-1.589916134E+1
-1.609576607E+1
-1.643219376E+1
-1.663187218E+1
-1.678032875E+1
-1.700724220E+1
-1.719426346E+1
-1.739273834E+1
-1.757414436E+1
-1.779219055E+1
-1.796720886E+1
-1.819231796E+1
-1.835409355E+1
-1.855746651E+1
-1.873047256E+1
-1.892085457E+1
-1.918832016E+1
-1.937996483E+1
-1.960272980E+1
-1.977067184E+1
-1.996496964E+1
-2.015507889E+1
-2.035834694E+1
-2.053261757E+1
-2.071682739E+1
-2.093787956E+1
-2.121771049E+1
-2.139393044E+1
-2.161543083E+1
-2.180103874E+1
-2.201956558E+1
-2.220258141E+1
-2.239153290E+1
-2.257929420E+1
-2.277873039E+1
-2.300535011E+1
-2.317601585E+1
-2.338460159E+1
-2.357456398E+1
-2.380552483E+1
-2.400516701E+1
-2.416286278E+1
-2.438443184E+1
-2.455115509E+1
-2.476988029E+1
-2.497461128E+1
-2.516121101E+1
-2.534992027E+1
-2.555851746E+1
-2.575110245E+1
-2.595177650E+1
-2.618670082E+1
-2.637113953E+1
-2.658387375E+1
-2.674603271E+1
-2.696198463E+1
-2.717213631E+1
-2.734645271E+1
-2.754496765E+1
-2.776615524E+1
-2.794191933E+1
-2.817050552E+1
-2.835885811E+1
-2.854266930E+1
-2.884821892E+1
-2.902033424E+1
-2.921744537E+1
-2.945628357E+1
-2.963687134E+1
-2.983493233E+1
-3.002931786E+1
