2.383193769427027433e-07
2.363755366265483747e-07
2.328769675015319543e-07
2.279054970931680965e-07
2.215957790075111310e-07
2.141310775770249841e-07
2.057373270922814135e-07
1.966756659458312766e-07
1.872336997555377595e-07
1.777157925223967320e-07
1.684327195235685579e-07
1.596910388604096647e-07
1.517825482896785759e-07
1.449741952727328872e-07
1.394987874807637170e-07
1.355468291520299777e-07
1.332597697796628047e-07
1.327249013731439575e-07
1.339720836982359534e-07
1.369724162112200971e-07
1.416389088440608930e-07
1.478291325663107657e-07
1.553497615748438112e-07
1.639628562589924775e-07
1.733936770236609293e-07
1.833397629061236691e-07
1.934809636225713159e-07
2.034900845688687217e-07
2.130437848151769074e-07
2.218333542929475481e-07
2.295749983160297747e-07
2.360192804710802859e-07
2.409594059092518258e-07
2.442380596600396992e-07
2.457525622597822154e-07
2.454581711727774745e-07
2.433694218770649294e-07
2.395594605485342045e-07
2.341573893010631755e-07
2.273437131190870010e-07
2.193440779237256098e-07
2.104214682196090467e-07
2.008671707182801037e-07
1.909908026640093130e-07
1.811097365634173126e-07
1.715383188967673331e-07
1.625772084781928216e-07
1.545032216429172222e-07
1.475600483637602261e-07
1.419501161141014470e-07
1.378279093495725314e-07
1.352949594826539896e-07
1.343966639943775883e-07
1.351210676189193125e-07
1.373996069639132233e-07
1.411098041402359672e-07
1.460798304436021797e-07
1.520947406518649587e-07
1.589041887816064532e-07
1.662313468658611256e-07
1.737827027615684274e-07
1.812584364019818927e-07
1.883629672198063105e-07
1.948153281469808493e-07
2.003590401443840852e-07
2.047710888096517183e-07
2.078697408026500398e-07
2.095209181415955142e-07
2.096428932366412877e-07
2.082092014133384956e-07
2.052496021641165515e-07
2.008490909045132214e-07
1.951450326594396092e-07
1.883224447793117695e-07
1.806076499748446560e-07
1.722604989949433379e-07
1.635654136781053667e-07
1.548216099061882387e-07
1.463327687649894911e-07
1.383965436093808884e-07
1.312942859132667539e-07
1.252812822494305160e-07
1.205778812177817276e-07
1.173617955268273615e-07
1.157618280765937477e-07
1.158532725327032748e-07
1.176550949784345983e-07
1.211290138230139977e-07
1.261805314075284913e-07
1.326618321870405711e-07
1.403764871010249104e-07
1.490857924210234991e-07
1.585165141683510010e-07
1.683698015841901908e-07
1.783309854612473535e-07
1.880798210832858247e-07
1.973010391595830556e-07
2.056946031152604640e-07
2.129855432690706123e-07
2.189329660651440349e-07
2.233378246655862953e-07
2.260494625710837444e-07
2.269703940872910069e-07
2.260594409029996508e-07
2.233330201844292996e-07
2.188644387687206428e-07
2.127814351836191879e-07
2.052619504935764804e-07
1.965281746479379528e-07
1.868392775588868923e-07
1.764829604851957915e-07
1.657660174021249335e-07
1.550044715178006812e-07
1.445133190015695893e-07
1.345964605321984215e-07
1.255370441820073645e-07
1.175884693051848206e-07
1.109665275954580557e-07
1.058427127490539904e-07
1.023390876146448511e-07
1.005247901253992849e-07
1.004142332589716017e-07
1.019671502767490671e-07
1.050904154221204508e-07
1.096415132862675201e-07
1.154336333562464458e-07
1.222421619872070189e-07
1.298122728149907020e-07
1.378675301838575438e-07
1.461190009608134931e-07
1.542747512143851971e-07
1.620493507238689534e-07
1.691729684536145638e-07
1.754000024385162654e-07
1.805166759939900005e-07
1.843476073522804547e-07
1.867610573550721175e-07
1.876725855317535390e-07
1.870472179301778473e-07
1.848999743785703971e-07
1.812946462452648447e-07
1.763410999833753069e-07
1.701911042603606947e-07
1.630327248266684814e-07
1.550837713920643973e-07
1.465841915227710157e-07
1.377879516309654273e-07
1.289545614227216933e-07
1.203404458944297914e-07
1.121906761491369631e-07
1.047310660527367886e-07
9.816110640904735295e-08
9.264786656918009477e-08
8.832100330185855898e-08
8.526914861910386046e-08
8.353771128756969782e-08
8.312810037774675095e-08
8.399848102519595450e-08
8.606596313418077483e-08
8.921007390783448384e-08
9.327752439935085228e-08
9.808791722008983943e-08
1.034403372065105865e-07
1.091205397451830688e-07
1.149084082631651528e-07
1.205856074937008518e-07
1.259429498769551589e-07
1.307874178702107555e-07
1.349485421108032179e-07
1.382838370178216662e-07
1.406832848226840730e-07
1.420726539304038753e-07
1.424154573212226721e-07
1.417136803316354993e-07
1.400071813236888356e-07
1.373716970568346206e-07
1.339157908426191103e-07
1.297765563743573701e-07
1.251144891938677809e-07
1.201076040111170150e-07
1.149449193209222270e-07
1.098197636788025563e-07
1.049228653071544416e-07
1.004356823595825307e-07
9.652410415274102234e-08
9.333267346635410384e-08
9.097965637687850299e-08
8.955304630518288985e-08
8.910757362680511463e-08
8.966293517514415510e-08
9.120323131641423005e-08
9.367755406193417254e-08
9.700186545976025638e-08
1.010618892789401948e-07
1.057170810031889821e-07
1.108054729053564300e-07
1.161491397710782369e-07
1.215602993177397244e-07
1.268475931201559692e-07
1.318225448058662614e-07
1.363058936666791042e-07
1.401335582502274962e-07
1.431620684901392184e-07
1.452733480639397627e-07
1.463785992704904604e-07
1.464212195377650303e-07
1.453786274672860190e-07
1.432630816625315489e-07
1.401211345205817883e-07
1.360321988676316374e-07
1.311059427780888701e-07
1.254787217620578627e-07
1.193092674425418285e-07
1.127734807941719181e-07
1.060589039253167803e-07
9.935875059057528916e-08
9.286581265992753705e-08
8.676640519879743918e-08
8.123462675698456267e-08
7.642690714203059728e-08
7.247729408682458502e-08
6.949340919939651918e-08
6.755327003296532737e-08
6.670311950692347047e-08
6.695615961984735713e-08
6.829243303479510371e-08
7.065968105459212676e-08
7.397519163549590880e-08
7.812862526467194885e-08
8.298554408081017213e-08
8.839175056040503946e-08
9.417811895056867213e-08
1.001658114633597266e-07
1.061717937781867541e-07
1.120142385699992309e-07
1.175179573321619818e-07
1.225194628085655235e-07
1.268716007736911480e-07
1.304475787856912007e-07
1.331444032474483112e-07
1.348853199574893777e-07
1.356216119248332280e-07
1.353334080778800300e-07
1.340295990172360792e-07
1.317469930071997498e-07
1.285484339716974596e-07
1.245203950932885389e-07
1.197698160044464075e-07
1.144204310723346714e-07
1.086086790377096324e-07
1.024794408299185493e-07
9.618147946615384567e-08
8.986309032660539361e-08
8.366782613058620520e-08
7.773052518109367921e-08
7.217381820247435520e-08
6.710501850897738983e-08
6.261373886976660671e-08
5.877009298957204110e-08
5.562358795688301537e-08
5.320275948582663520e-08
5.151539796770576000e-08
5.054951594492093872e-08
5.027485894309891725e-08
5.064493330527357563e-08
5.159950065759300116e-08
5.306731298345667743e-08
5.496914311022590290e-08
5.722087319509608880e-08
5.973657698244636877e-08
6.243146795798017974e-08
6.522467307297098352e-08
6.804159063194137415e-08
7.081595716709915903e-08
7.349141519945332570e-08
7.602258819354997278e-08
7.837570646102013330e-08
8.052859746011619808e-08
8.247030447962380463e-08
8.420018697573179432e-08
8.572662857678827441e-08
8.706539383497374113e-08
8.823779837419553929e-08
8.926856622657422359e-08
9.018375086755586914e-08
9.100860129011906768e-08
9.176553458744632636e-08
9.247237755723550057e-08
9.314072932490658834e-08
9.377481134659972143e-08
9.437063192661660606e-08
9.491557580471100682e-08
9.538851651891490855e-08
9.576021967081305525e-08
9.599433179004842403e-08
9.604868860641178000e-08
9.587697103854740356e-08
9.543072484948163419e-08
9.466143304760671798e-08
9.352287265999902841e-08
9.197343009444859128e-08
8.997837772959175418e-08
8.751199048926460020e-08
8.455950188073065809e-08
8.111860234323537794e-08
7.720070169718775477e-08
7.283167952493835928e-08
6.805215869597431922e-08
6.291732965990588178e-08
5.749614663662928920e-08
5.187013686280244180e-08
4.613167584308585782e-08
4.038184442130420931e-08
3.472791067586543201e-08
2.928054576288844926e-08
2.415076959618222896e-08
1.944684268630638877e-08
1.527110908310569784e-08
1.171692830747553091e-08
8.865801416329950839e-09
6.784755255846913529e-09
5.524115486170937224e-09
5.115710822651229917e-09
5.571584897718784160e-09
6.883265989530358360e-09
9.021612294125328695e-09
1.193726133531691982e-08
1.556166455205600912e-08
1.980868348403471497e-08
2.457672205273555962e-08
2.975129084100597298e-08
3.520798575314359861e-08
4.081575337962512916e-08
4.644036241051213613e-08
5.194796722085614070e-08
5.720870686292839918e-08
6.210011162042890875e-08
6.651037346762577502e-08
7.034126708370011334e-08
7.351066897129840040e-08
7.595466361911185535e-08
7.762900160670909685e-08
7.851009902988682437e-08
7.859537993691084076e-08
7.790302360996712313e-08
7.647110492110504250e-08
7.435623173095066692e-08
7.163154080411090401e-08
6.838436340313073846e-08
6.471344989899062921e-08
6.072590586777470305e-08
5.653398157951050722e-08
5.225166653270681890e-08
4.799139254700104805e-08
4.386079453603805616e-08
3.995968108604591742e-08
3.637733278666759120e-08
3.319010925012556667e-08
3.045956489883102643e-08
2.823102415208895206e-08
2.653268923555156788e-08
2.537531816607884122e-08
2.475241035375507887e-08
2.464097050347581387e-08
2.500275286298003587e-08
2.578596447822956946e-08
2.692735705113072183e-08
2.835465934187487076e-08
2.998920483390571360e-08
3.174874856982270214e-08
3.355031870890527428e-08
3.531302859246126034e-08
3.696078747393727861e-08
3.842474236107835853e-08
3.964548180051710703e-08
4.057485377591441374e-08
4.117737488676217284e-08
4.143117830544487120e-08
4.132851390584527636e-08
4.087569366895530762e-08
4.009261842673355546e-08
3.901181097650940882e-08
3.767702545413798375e-08
3.614151247619374073e-08
3.446591313348823122e-08
3.271597351455419301e-08
3.096006873942297240e-08
2.926665224881432173e-08
2.770173766930188778e-08
2.632642907221548937e-08
2.519467453786689453e-08
2.435124784926833350e-08
2.383005018725467052e-08
2.365280554590403669e-08
2.382813864284738120e-08
2.435113986060143117e-08
2.520337738916710898e-08
2.635337997641455271e-08
2.775756831936212018e-08
2.936163202132237722e-08
3.110224760429170652e-08
3.290916643338269393e-08
3.470754662552182390e-08
3.642047514722254552e-08
3.797163041615189140e-08
3.928792086575223159e-08
4.030212471188161988e-08
4.095536806327811577e-08
4.119939540600611294e-08
4.099854918979004745e-08
4.033143259526100407e-08
3.919210872123664898e-08
3.759092009124615098e-08
3.555480634436573872e-08
3.312713818133249613e-08
3.036709133302129576e-08
2.734849719125451794e-08
2.415829766061630076e-08
2.089459065690842607e-08
1.766427057383645800e-08
1.458046526847872265e-08
1.175965437178912906e-08
9.318722877458888194e-09
7.371892573524968906e-09
6.027680539828188320e-09
5.385971092047850483e-09
5.535225522145811583e-09
6.549964645133192110e-09
8.488543835251907469e-09
1.139129156773817721e-08
1.527908689250855964e-08
2.015234536402338893e-08
2.599053778965031535e-08
3.275212081431032371e-08
4.037504229937849071e-08
4.877766795248419970e-08
5.786012251859626852e-08
6.750619652220500234e-08
7.758540313133217623e-08
8.795560647772503085e-08
9.846575005017555449e-08
1.089587322845715816e-07
1.192747097994887142e-07
1.292540238877098562e-07
1.387405921855153698e-07
1.475849157440531866e-07
1.556469013586478870e-07
1.627989259383149815e-07
1.689280035226128962e-07
1.739383291478816636e-07
1.777530387629811490e-07
1.803155767696362732e-07
1.815911949762226144e-07
1.815672780373740878e-07
1.802540388667938548e-07
1.776842848960814912e-07
1.739127921583345620e-07
1.690158108138427108e-07
1.630894509242581884e-07
1.562484890021219872e-07
1.486243719469567793e-07
1.403629923854515228e-07
1.316226623294179208e-07
1.225712739025469875e-07
1.133839259790865987e-07
1.042400447488200459e-07
9.532049361047883756e-08
8.680495729631719673e-08
7.886891144793873415e-08
7.168108772086655899e-08
6.540064055348703101e-08
6.017478880626458290e-08
5.613639581424212876e-08
5.340177290903651747e-08
5.206885843522332491e-08
5.221540608858950017e-08
5.389767247729160961e-08
5.714924539737667929e-08
6.198017432681610765e-08
6.837658120157284384e-08
7.630035720582139575e-08
8.568945918078333177e-08
9.645838456221187770e-08
1.084989504572003153e-07
1.216816886567902444e-07
1.358571630723166348e-07
1.508580563057177798e-07
1.665012713586863654e-07
1.825902477179518678e-07
1.989180037341145276e-07
2.152697014509072116e-07
2.314261435679907672e-07
2.471669208406960886e-07
2.622735792218133563e-07
2.765335218070377085e-07
2.897428741097449722e-07
3.017104318928489542e-07
3.122602760234080337e-07
3.212353789506930500e-07
3.285001781934294172e-07
3.339428022666414034e-07
3.374778404801251428e-07
3.390473648039623033e-07
3.386228552602154872e-07
3.362057288580663776e-07
3.318273517166689122e-07
3.255494259614083145e-07
3.174624757892900925e-07
3.076851346761978913e-07
2.963620005293799654e-07
2.836610305228612269e-07
2.697712584392792508e-07
2.548989084882559384e-07
2.392642931244938801e-07
2.230976429738753920e-07
2.066347878423572116e-07
1.901132827221919842e-07
1.737675990741595337e-07
1.578251881945854304e-07
1.425021101278622073e-07
1.279989540889898626e-07
1.144974269770177561e-07
1.021567663300711150e-07
9.111112821824442022e-08
8.146714969861968099e-08
7.330213882621028454e-08
6.666308404034222688e-08
6.156598578612378281e-08
5.799613828285784125e-08
5.590886785933861066e-08
5.523092512271084689e-08
5.586262047114658545e-08
5.768029355063518317e-08
6.053951238354411675e-08
6.427845965486584036e-08
6.872188665762419912e-08
7.368517207931596959e-08
7.897851881632086324e-08
8.441139982522511002e-08
8.979666985748791168e-08
9.495483621383443990e-08
9.971788858526084009e-08
1.039327762926046759e-07
1.074647342845718138e-07
1.101997416913784747e-07
1.120468366060918294e-07
1.129395799700046204e-07
1.128368949468504522e-07
1.117235668012972600e-07
1.096096841460509185e-07
1.065298987613451510e-07
1.025418167160785966e-07
9.772386937865919366e-08
9.217297044258114504e-08
8.600138605710979448e-08
7.933365660726695433e-08
7.230303378105872517e-08
6.504780613737766535e-08
5.770775799517500778e-08
5.042041102116772343e-08
4.331766980180340772e-08
3.652246652845688503e-08
3.014591272344077759e-08
2.428470546515627649e-08
1.901900784703619842e-08
1.441087908870367445e-08
1.050314433926876457e-08
7.318887976141678320e-09
4.861451470544375970e-09
3.114990807405385781e-09
2.045563495455417597e-09
1.602680341557525007e-09
1.721303829217983389e-09
2.324211039602101167e-09
3.324659265159848422e-09
4.629281381798903912e-09
6.141113620336740780e-09
7.762692273828592004e-09
9.399114130748257465e-09
1.096097715255788218e-08
1.236715158640310405e-08
1.354724861955246549e-08
1.444379448189851798e-08
1.501398838691513189e-08
1.523102088068214399e-08
1.508496066793580746e-08
1.458309830620402220e-08
1.374984813274382734e-08
1.262612258533714606e-08
1.126823826811226373e-08
9.746412455962850567e-09
8.142818339307775413e-09
6.549337396910576827e-09
5.065001558485638789e-09
3.793228362022882053e-09
2.838927386108795980e-09
2.305525997200510579e-09
2.292025589894158926e-09
2.890138391831294924e-09
4.181600795398503400e-09
6.235719638020375331e-09
9.107215755243511344e-09
1.283443970583397799e-08
1.743796678128293401e-08
2.291966488998534432e-08
2.926221159551795381e-08
3.642907229757284997e-08
4.436503411931970302e-08
5.299710792695536871e-08
6.223601163588826911e-08
7.197799997364544108e-08
8.210704429549654537e-08
9.249752176706290738e-08
1.030169282747333287e-07
1.135290903110243896e-07
1.238973434307545433e-07
1.339877497698782889e-07
1.436726163460661918e-07
1.528335163408781610e-07
1.613646336446777901e-07
1.691756020293378244e-07
1.761940452551356415e-07
1.823681875600338315e-07
1.876685066882424790e-07
1.920896125043256041e-07
1.956510093639043485e-07
1.983980162829478679e-07
2.004017628900082031e-07
2.017586681152099940e-07
2.025898704026725755e-07
2.030394824109381905e-07
2.032730537313105154e-07
2.034751293591090200e-07
2.038463957311937417e-07
2.046009152604296263e-07
2.059623537031759535e-07
2.081606290014475374e-07
2.114278975738750152e-07
2.159943915243712413e-07
2.220846508300548012e-07
2.299130331710941862e-07
2.396800033210328428e-07
2.515680725019741341e-07
2.657378964730054194e-07
2.823251902330668159e-07
3.014371121566278638e-07
3.231498980044002624e-07
3.475063436382895540e-07
3.745136803313269346e-07
4.041427323167928916e-07
4.363264508727357684e-07
4.709602351686876524e-07
5.079020306411718535e-07
5.469728897263721821e-07
5.879592430200549730e-07
6.306140597616866622e-07
6.746603320360536074e-07
7.197939163769223885e-07
7.656867015272510832e-07
8.119917966500256937e-07
8.583467419496932776e-07
9.043796949507581709e-07
9.497130699195701632e-07
9.939701038030988330e-07
1.036779690730637264e-06
1.077781065453145797e-06
1.116630655786894621e-06
1.153005422803307190e-06
1.186609383565904453e-06
1.217177508532763300e-06
1.244479076485091342e-06
1.268323139362387557e-06
1.288559531166867487e-06
1.305083190492264435e-06
1.317835166100093871e-06
1.326802836533457816e-06
1.332022163393780902e-06
1.333575003100209172e-06
1.331589821789289984e-06
1.326238844106080697e-06
1.317734464393706606e-06
1.306327725593456672e-06
1.292301987896237309e-06
1.275970136219815241e-06
1.257668508927328229e-06
1.237750460986578135e-06
1.216582200094327646e-06
1.194534493395759875e-06
1.171978359838601071e-06
1.149276733612086481e-06
1.126779958931941530e-06
1.104819036933887719e-06
1.083699306137183676e-06
1.063696832768805032e-06
1.045051961674353923e-06
1.027966857318865441e-06
1.012601536435201837e-06
9.990707582922233050e-07
9.874438057661559568e-07
9.777420492659028463e-07
9.699404591845319899e-07
9.639679709663049967e-07
9.597087580476717588e-07
9.570062831082314688e-07
9.556652105960604952e-07
9.554569453203899901e-07
9.561238661011336257e-07
9.573841050036013481e-07
9.589386733971661652e-07
9.604760271139480826e-07
9.616797027990765858e-07
9.622341064097262740e-07
9.618302460918868452e-07
9.601731987883389719e-07
9.569864059453548681e-07
9.520184203394117766e-07
9.450472190500835020e-07
9.358839236878729450e-07
9.243776921018858494e-07
9.104170625846315159e-07
8.939332615529346199e-07
8.749008195914561994e-07
8.533373932211877876e-07
8.293044452981665811e-07
8.029045429436310545e-07
7.742805289096061613e-07
7.436113712591176718e-07
7.111097058539106512e-07
6.770172135637623774e-07
6.415996177033466339e-07
6.051425881315435240e-07
5.679454160716244655e-07
5.303163967318750091e-07
4.925668973297625687e-07
4.550056114855404710e-07
4.179339087025207877e-07
3.816400531908083080e-07
3.463951179875440137e-07
3.124484635592723549e-07
2.800238671446588152e-07
2.493168214172654971e-07
2.204915939692426418e-07
1.936797782427988840e-07
1.689789930597244999e-07
1.464523733525940045e-07
1.261290530565502334e-07
1.080048390537119523e-07
9.204393711208442550e-08
7.818096794400950105e-08
6.632355250694366853e-08
5.635547701702432386e-08
4.814000607192862327e-08
4.152367939082989111e-08
3.634013024075129604e-08
3.241415141638358943e-08
2.956568888682668547e-08
2.761378420534161708e-08
2.638042103746328176e-08
2.569406577874527929e-08
2.539299434016169428e-08
2.532821496979014900e-08
2.536598931805200772e-08
2.538995532206005496e-08
2.530270601352188565e-08
2.502694523002132136e-08
2.450609581017423084e-08
2.370441109298261201e-08
2.260664743818092857e-08
2.121721051137835564e-08
1.955893934961972158e-08
1.767146047649106321e-08
1.560920913324757164e-08
1.343919813254148288e-08
1.123851469063793813e-08
9.091697063242400432e-09
7.087982609790255541e-09
5.318527639327220578e-09
3.873667586123756108e-09
2.840248825833345618e-09
2.299124641289738158e-09
2.322844575563941575e-09
2.973598271082784484e-09
4.301457955095869656e-09
6.342945015697805971e-09
9.119965173310544815e-09
1.263912119294928829e-08
1.689141275466162984e-08
2.185235899022869875e-08
2.748248144465384200e-08
3.372822197083290415e-08
4.052316489451959054e-08
4.778967042640823796e-08
5.544077079317500523e-08
6.338231385848494046e-08
7.151543057654488718e-08
7.973902892819628535e-08
8.795257255642746010e-08
9.605881897671446073e-08
1.039665421095638971e-07
1.115933746933697015e-07
1.188682900808354338e-07
1.257341840734864992e-07
1.321500590127217510e-07
1.380929141772993187e-07
1.435595450107739020e-07
1.485676363531781566e-07
1.531568063464031340e-07
1.573889840162786784e-07
1.613483185501621784e-07
1.651408886476686821e-07
1.688935322800551385e-07
1.727526110379855666e-07
1.768820383452954567e-07
1.814608534480624914e-07
1.866806805601451179e-07
1.927423608605163373e-07
1.998527438461634717e-07
2.082206975704228056e-07
2.180533855233832140e-07
2.295520737638588016e-07
2.429078333817083270e-07
2.582976253536580045e-07
2.758798785689806580e-07
2.957908247502409587e-07
3.181406705634538973e-07
3.430100267378415469e-07
3.704472538448689101e-07
4.004654598074412281e-07
4.330408550608575667e-07
4.681111264109135059e-07
5.055743401061515062e-07
5.452892769483595302e-07
5.870752772047802272e-07
6.307140044026971782e-07
6.759510902581504410e-07
7.224983386104616982e-07
7.700376959251948001e-07
8.182241674290546451e-07
8.666910353675767067e-07
9.150544216599689778e-07
9.629181411974840133e-07
1.009880387200328336e-06
1.055538433358924144e-06
1.099495786504766606e-06
1.141367848841891918e-06
1.180787394357690999e-06
1.217411712391958683e-06
1.250926722509347711e-06
1.281053510502392632e-06
1.307552299690875072e-06
1.330227216246571324e-06
1.348928111419505269e-06
1.363555839586606059e-06
1.374062577290944582e-06
1.380453387959975004e-06
1.382786942692491132e-06
1.381173194526283346e-06
1.375774515033380732e-06
1.366801633666055125e-06
1.354510921248816805e-06
1.339200880978980818e-06
1.321205841167166675e-06
1.300893200958497624e-06
1.278655934977974881e-06
1.254907145573502105e-06
1.230071913832656423e-06
1.204582836645239280e-06
1.178871541072644138e-06
1.153362188032695996e-06
1.128465066923987573e-06
1.104568715068054539e-06
1.082035892933047390e-06
1.061196535603507088e-06
1.042343036464702183e-06
1.025726147194146794e-06
1.011550049176158231e-06
9.999713458923562860e-07
9.910957478975672025e-07
9.849771976070395746e-07
9.816178479529316498e-07
9.809674370563822674e-07
9.829264699190499421e-07
9.873472613732205843e-07
9.940372294789246899e-07
1.002762899195178568e-06
1.013253049436628696e-06
1.025205388545706276e-06
1.038290715043429670e-06
1.052158923148294112e-06
1.066445283100243079e-06
1.080775301240992277e-06
1.094772758674453744e-06
1.108064562157666728e-06
1.120286992238055780e-06
1.131091712011999561e-06
1.140149773721108714e-06
1.147158496189940793e-06
1.151844543079488575e-06
1.153968081870805380e-06
1.153326333983926763e-06
1.149754797196153580e-06
1.143131139406165529e-06
1.133375046319991396e-06
1.120449050457286777e-06
1.104358657086896074e-06
1.085150212921054337e-06
1.062911340913167662e-06
1.037767576046800002e-06
1.009880069732488549e-06
9.794427676493571820e-07
9.466777634675399414e-07
9.118331309068161140e-07
8.751776300344592703e-07
8.369966422059170833e-07
7.975879134561667187e-07
7.572561069198876825e-07
7.163096740201548001e-07
6.750554950044179396e-07
6.337948501709631485e-07
5.928195411733023188e-07
5.524074496528764972e-07
5.128201299204605926e-07
4.742990462811433500e-07
4.370630968359102714e-07
4.013065106066041051e-07
3.671966401919672526e-07
3.348733810735497396e-07
3.044479002213619050e-07
2.760024402932244298e-07
2.495905410318726891e-07
2.252373646518304366e-07
2.029411648579258736e-07
1.826744285655599839e-07
1.643857997764376604e-07
1.480020241766083664e-07
1.334306411972694671e-07
1.205624313728319209e-07
1.092742886163320648e-07
9.943219727514328706e-08
9.089414588348683959e-08
8.351333773606662143e-08
7.714108193254853834e-08
7.162974036431540536e-08
6.683552344355406424e-08
6.262100792789009131e-08
5.885760712686893943e-08
5.542758426197415975e-08
5.222585556258073887e-08
4.916145410041172430e-08
4.615857258584140358e-08
4.315736956146583678e-08
4.011426203262440889e-08
3.700190754540762116e-08
3.380880888511944644e-08
3.053851511697689836e-08
2.720857769597833558e-08
2.384910339384736167e-08
2.050108030828405852e-08
1.721446408599238970e-08
1.404605172099150016e-08
1.105726390724789129e-08
8.311790787565455154e-09
5.873232048894388972e-09
3.802757560563930895e-09
2.156844024156375667e-09
9.851598645287438894e-10
3.286269610449805086e-10
2.177283012299943661e-10
6.710980413913521642e-10
1.694433804076724165e-09
3.279765045905458254e-09
5.405101028489045129e-09
8.034475964286681075e-09
1.111840185950661199e-08
1.459471205556547235e-08
1.838982305775224926e-08
2.242034732363884804e-08
2.659506253647684454e-08
3.081719525274734886e-08
3.498693087452426024e-08
3.900420869280222677e-08
4.277160023654137429e-08
4.619731354435920051e-08
4.919822825009689496e-08
5.170282715631454143e-08
5.365413512589869437e-08
5.501235955024469442e-08
5.575734277374507991e-08
5.589070847516940324e-08
5.543757424908767995e-08
5.444798672078982115e-08
5.299776152838253641e-08
5.118891365601498519e-08
4.914949658269118784e-08
4.703304036118075928e-08
4.501733159432254183e-08
4.330273596667666102e-08
4.211001580362832481e-08
4.167762479611858126e-08
4.225867365851931919e-08
4.411741128918942868e-08
4.752543481474834249e-08
5.275764454363035196e-08
6.008795223788901766e-08
6.978500016472976242e-08
8.210773338622671570e-08
9.730108121921476867e-08
1.155917868582572306e-07
1.371843163604049496e-07
1.622573081087738276e-07
1.909601335057606101e-07
2.234099972743944463e-07
2.596895524914424618e-07
2.998447451855516436e-07
3.438837930398260343e-07
3.917761981687701011e-07
4.434526351427986839e-07
4.988055128569524209e-07
5.576895759228012684e-07
6.199241968369696491e-07
6.852951488979083970e-07
7.535574272068782844e-07
8.244386297620245543e-07
8.976418271832484774e-07
9.728506153604488756e-07
1.049732660122844108e-06
1.127944338058054937e-06
1.207135616285988261e-06
1.286953638534802714e-06
1.367048965533823940e-06
1.447079082707447440e-06
1.526713039245136738e-06
1.605635950626187208e-06
1.683551405595080958e-06
1.760187049703475927e-06
1.835296239313953019e-06
1.908660967325306398e-06
1.980094382469423600e-06
2.049440587674891049e-06
2.116578235780681172e-06
2.181419244563001113e-06
2.243909092422016983e-06
2.304026640007073949e-06
2.361780886038456461e-06
2.417212236073740401e-06
2.470388284132270498e-06
2.521401639628093382e-06
2.570367420696295776e-06
2.617417607388478264e-06
2.662700669874754779e-06
2.706375417079398450e-06
2.748607440242253247e-06
2.789565503160059425e-06
2.829414892711914027e-06
2.868316785751267755e-06
2.906421736966123979e-06
2.943866303947855430e-06
2.980769934889863911e-06
3.017228961127443746e-06
3.053317261403431090e-06
3.089080988321519156e-06
3.124537542853837510e-06
3.159671090217648881e-06
3.194435169630737004e-06
3.228749259629467203e-06
3.262499177242957826e-06
3.295538075979402796e-06
3.327684567085101771e-06
3.358728284823210810e-06
3.388429136325647167e-06
3.416520513252632663e-06
3.442713037346205500e-06
3.466695213406292151e-06
3.488141626125381755e-06
3.506714403937518165e-06
3.522068553080152482e-06
3.533857563506923452e-06
3.541735583352267365e-06
3.545366950660845513e-06
3.544428528174870418e-06
3.538615619922733024e-06
3.527647764418457942e-06
3.511270754022537168e-06
3.489265551118406171e-06
3.461449681765342254e-06
3.427681802745453445e-06
3.387865745004343517e-06
3.341950606844431404e-06
3.289937083953690056e-06
3.231876307230992717e-06
3.167871440914548183e-06
3.098078507383070752e-06
3.022703412351648240e-06
2.942004461945951509e-06
2.856287938195455129e-06
2.765906123912223926e-06
2.671254570736755083e-06
2.572766120786572247e-06
2.470909693292061447e-06
2.366183223836921618e-06
2.259108884905291595e-06
2.150227842534080278e-06
2.040092655130911796e-06
1.929263768664529708e-06
1.818301642540292509e-06
1.707761075206840492e-06
1.598185518050245346e-06
1.490100048923919502e-06
1.384007795336452086e-06
1.280383547385840855e-06
1.179669446627455991e-06
1.082271075973385697e-06
9.885530866752051328e-07
8.988375763165337924e-07
8.134009652089395471e-07
7.324726563439278748e-07
6.562342868575251745e-07
5.848190410322876589e-07
5.183129228047511259e-07
4.567553621014903552e-07
4.001411774203575864e-07
3.484225816645276663e-07
3.015124754051497117e-07
2.592873764644229224e-07
2.215911322456744596e-07
1.882388759903147829e-07
1.590210212550223786e-07
1.337077612193305279e-07
1.120532462665619930e-07
9.379994015609725364e-08
7.868285889340611343e-08
6.643357765327943996e-08
5.678417036548356176e-08
4.947071871774402477e-08
4.423658504426362346e-08
4.083532165349079037e-08
3.903316315938842492e-08
3.861119706138977897e-08
3.936705519180317164e-08
4.111624363247865178e-08
4.369308403983415282e-08
4.695124872620839008e-08
5.076403054935665147e-08
5.502423227503436878e-08
5.964382597088945494e-08
6.455339319355298939e-08
6.970133269538015170e-08
7.505304839162681396e-08
8.058994821482959712e-08
8.630846135572788327e-08
9.221907059611945036e-08
9.834531643728750186e-08
1.047230433298980790e-07
1.113996104772411196e-07
1.184333213679447320e-07
1.258930215684189536e-07
1.338577640472757650e-07
1.424168628867746741e-07
1.516699165401843241e-07
1.617271018965292633e-07
1.727096307828562492e-07
1.847501959403984535e-07
1.979938078931871446e-07
2.125984292711410202e-07
2.287357911824533060e-07
2.465922308010692099e-07
2.663692963522838180e-07
2.882846806694858096e-07
3.125726540798644516e-07
3.394845444642664734e-07
3.692890574118070510e-07
4.022720820924239440e-07
4.387368370754565379e-07
4.790031660126683682e-07
5.234068218135145917e-07
5.722984746091357826e-07
6.260419380751089544e-07
6.850129581049820054e-07
7.495967858969551366e-07
8.201858516221139611e-07
8.971771729531201737e-07
9.809687479756411721e-07
1.071957042775880792e-06
1.170532848696675912e-06
1.277077568914156037e-06
1.391959385038086543e-06
1.515528169677321156e-06
1.648112392220801373e-06
1.790013842464387759e-06
1.941503640846788615e-06
2.102816553492253431e-06
2.274148299823698820e-06
2.455650066534833091e-06
2.647424601109063578e-06
2.849522671145890589e-06
3.061937615016102134e-06
3.284604479240275413e-06
3.517395305124105361e-06
3.760116907201782551e-06
4.012509315323902148e-06
4.274241706475861387e-06
4.544914847898114604e-06
4.824058241419087905e-06
5.111130797250929151e-06
5.405522396149901633e-06
5.706552105088757971e-06
6.013475033368083739e-06
6.325482016008697150e-06
6.641703884852473846e-06
6.961216687868605625e-06
7.283042462146243266e-06
7.606160788592748333e-06
7.929510900357130478e-06
8.251999330295710895e-06
8.572508326829537912e-06
8.889898483338757175e-06
9.203024092309391871e-06
9.510736507387391184e-06
9.811893791586489904e-06
1.010537071063285612e-05
1.039006147701562921e-05
1.066489680893071262e-05
1.092884643607512989e-05
1.118092842241273538e-05
1.142021827433466479e-05
1.164584943985542263e-05
1.185702931378435428e-05
1.205303847706770437e-05
1.223323715329451126e-05
1.239707095580972459e-05
1.254406705488675966e-05
1.267384669677137902e-05
1.278611946858653576e-05
1.288068518033380150e-05
1.295743481988600579e-05
1.301634158349635196e-05
1.305746884048256268e-05
1.308095933093353646e-05
1.308703245906528710e-05
1.307598082818695389e-05
1.304815720666250073e-05
1.300397876411523118e-05
1.294391301803983539e-05
1.286847238113899407e-05
1.277820843483369536e-05
1.267369754426254197e-05
1.255554373854166185e-05
1.242436453155911817e-05
1.228078731434125406e-05
1.212543627869757957e-05
1.195893624131534490e-05
1.178190067447755836e-05
1.159492867796021380e-05
1.139860256406533165e-05
1.119347880344772376e-05
1.098009483357384821e-05
1.075896169063019376e-05
1.053056508246365799e-05
1.029536713051514396e-05
1.005380228985718245e-05
9.806287413683102854e-06
9.553219086721546137e-06
9.294978335960424212e-06
9.031935655356284224e-06
8.764450702207833728e-06
8.492883876292184006e-06
8.217596434785469196e-06
7.938956528207022890e-06
7.657344941941644634e-06
7.373155835891363231e-06
7.086806853342981257e-06
6.798739025356903494e-06
6.509421045634259849e-06
6.219352663234966126e-06
5.929063482944899133e-06
5.639118718705927702e-06
5.350116212102482275e-06
5.062686482021236515e-06
4.777491586461363781e-06
4.495220090301749131e-06
4.216586963505566684e-06
3.942326548350726369e-06
3.673187637563995812e-06
3.409927485835013786e-06
3.153302981371643819e-06
2.904065292894208188e-06
2.662949685339506133e-06
2.430667012309663447e-06
2.207894684172668358e-06
1.995266120104071662e-06
1.793362828946513262e-06
1.602703866675408369e-06
1.423736965374989921e-06
1.256829971430439022e-06
1.102262169962181893e-06
9.602179272260693374e-07
8.307797566609779188e-07
7.139233359878959068e-07
6.095137519740970588e-07
5.173028772310484201e-07
4.369291192269713350e-07
3.679182000339768311e-07
3.096862441725241963e-07
2.615448499225073005e-07
2.227081475088366618e-07
1.923023841029005142e-07
1.693774702011213620e-07
1.529210118025022119e-07
1.418746598049667752e-07
1.351527082746135530e-07
1.316631416329748980e-07
1.303307490978331990e-07
1.301224566722244236e-07
1.300746718855817106e-07
1.293224254116896749e-07
1.271303413436128319e-07
1.229249524298762172e-07
1.163283506456218203e-07
1.071927592572566364e-07
9.563595101484064371e-08
8.207696070750204515e-08
6.727197019429012003e-08
5.234996663172706978e-08
3.884781676404979026e-08
2.874450494928340069e-08
2.449407026483907844e-08
2.905700316846693976e-08
4.592973948140236231e-08
7.917192232458529924e-08
1.334311954772348447e-07
2.139651935021640478e-07
3.266605387893430495e-07
4.780486714319073597e-07
6.753180831623325632e-07
9.263234534946620313e-07
1.239590830242003816e-06
1.624319369908187366e-06
2.090379649538902801e-06
2.648307474469960479e-06
3.309296097385235187e-06
4.085183422126752210e-06
4.988436977381029459e-06
6.032136490890917977e-06
7.229951154921224427e-06
8.596120018808807344e-06
1.014542536629446952e-05
1.189316707720962775e-05
1.385513669742711059e-05
1.604758449249916368e-05
1.848719840365289303e-05
2.119107121313131630e-05
2.417667392440388900e-05
2.746183135766491022e-05
3.106468658877135068e-05
3.500369081921343516e-05
3.929757153913792305e-05
4.396531402376105190e-05
4.902614708114965607e-05
5.449950938630289442e-05
6.040506030755879408e-05
6.676265154934265850e-05
7.359232120461949825e-05
8.091429296088632208e-05
8.874894212492909424e-05
9.711683188994826767e-05
1.060386833769018638e-04
1.155353796839764767e-04
1.256279747184735319e-04
1.363376487740518349e-04
1.476857684811099848e-04
1.596938425818621415e-04
1.723835269814676249e-04
1.857766333936094712e-04
1.998950581850312657e-04
2.147608602507957657e-04
2.303961851186973973e-04
2.468232792600642562e-04
2.640643842574895406e-04
2.821418248632519971e-04
3.010778949434551356e-04
3.208948344715615198e-04
3.416148087094964089e-04
3.632597442938408604e-04
3.858514285045450956e-04
4.094113348360078116e-04
4.339605735136169672e-04
4.595198453064431449e-04
4.861092089105093655e-04
5.137481970635992320e-04
5.424555745314550270e-04
5.722492640084412370e-04
6.031462783744586179e-04
6.351624174040130339e-04
6.683124160513271867e-04
7.026096367905326117e-04
7.380659824518412231e-04
7.746918204517269429e-04
8.124956164726196894e-04
8.514841400703030208e-04
8.916621027394029111e-04
9.330320786449328857e-04
9.755944434381309252e-04
1.019346961564404890e-03
1.064285082540772278e-03
1.110401544274995309e-03
1.157686330098763863e-03
1.206126651517279869e-03
1.255706512556363334e-03
1.306407134677921257e-03
1.358206549959714527e-03
1.411079626317035107e-03
1.464998125829565425e-03
1.519930271932312671e-03
1.575841339624200641e-03
1.632693262866836970e-03
1.690444757014716902e-03
1.749051479837214831e-03
1.808465623073892163e-03
1.868636695032879899e-03
1.929511158886847979e-03
1.991032670163957966e-03
2.053142354557470611e-03
2.115778433004032386e-03
2.178877205037467110e-03
2.242372719004642571e-03
2.306197123012950368e-03
2.370281052708408942e-03
2.434553279706669175e-03
2.498941878208240253e-03
2.563373907019758646e-03
2.627775847944933615e-03
2.692074071993243427e-03
2.756194479266247787e-03
2.820063804032713929e-03
2.883609267708140897e-03
2.946759055980208066e-03
3.009442810553215452e-03
3.071591211749275917e-03
3.133137356608905414e-03
3.194016329385151141e-03
3.254165655746772256e-03
3.313525757098240761e-03
3.372039422575788883e-03
3.429653188350100228e-03
3.486316774161460786e-03
3.541983657369012373e-03
3.596610425402201397e-03
3.650158111375730388e-03
3.702591498268371310e-03
3.753879396312086777e-03
3.803994902265784000e-03
3.852914584699243701e-03
3.900619730406842348e-03
3.947095476619384008e-03
3.992330957846063413e-03
4.036319433040491504e-03
4.079057314559875191e-03
4.120545317416316085e-03
4.160787443553624378e-03
4.199791015754053038e-03
4.237566696414111177e-03
4.274127401807913292e-03
4.309489376361709707e-03
4.343671080537968125e-03
4.376693155084105356e-03
4.408578378437122587e-03
4.439350527387566671e-03
4.469035417115610823e-03
4.497659757587294319e-03
4.525251102517680209e-03
4.551837800292675429e-03
4.577447865254461075e-03
4.602110026931272718e-03
4.625852616569101940e-03
4.648703550286091557e-03
4.670690320718864572e-03
4.691838931346422117e-03
4.712174987301586369e-03
4.731722657507974987e-03
4.750504725165527464e-03
4.768542649569051939e-03
4.785855595617492277e-03
4.802461580459388077e-03
4.818376535233001232e-03
4.833614435873269735e-03
4.848187444488876591e-03
4.862105045363084195e-03
4.875375243865039641e-03
4.888003732384444897e-03
4.899994097250561301e-03
4.911348032893869328e-03
4.922064579826974061e-03
4.932141359451454841e-03
4.941573835481706707e-03
4.950355581649400552e-03
4.958478551924563014e-03
4.965932406641429889e-03
4.972705759737763159e-03
4.978785519723752211e-03
4.984157197096870419e-03
4.988805208881465746e-03
4.992712274422664992e-03
4.995860648161765116e-03
4.998231520604171432e-03
4.999805517096981948e-03
5.000562134356583213e-03
5.000480940997770879e-03
4.999541011043796661e-03
4.997721241362984394e-03
4.995000655746898062e-03
4.991357872531070050e-03
4.986772238395072339e-03
4.981223282833318299e-03
4.974691005631957409e-03
4.967156145513486158e-03
4.958599657978766256e-03
4.949003755230432441e-03
4.938351362500850196e-03
4.926626354154138229e-03
4.913813767016360530e-03
4.899899273535555412e-03
4.884870108381924453e-03
4.868714515975981240e-03
4.851421923747133332e-03
4.832983091479631926e-03
4.813389576857016530e-03
4.792634543169533266e-03
4.770712201428222929e-03
4.747617924574191496e-03
4.723348340119472126e-03
4.697900800959411288e-03
4.671274085794081474e-03
4.643467855235554331e-03
4.614482727055191705e-03
4.584320335169214666e-03
4.552982832830961869e-03
4.520473511917671126e-03
4.486796304210687383e-03
4.451955848623661421e-03
4.415957548614188669e-03
4.378807141037733761e-03
4.340511265998955523e-03
4.301077046052979511e-03
4.260512176243092322e-03
4.218825009371758410e-03
4.176024217722061269e-03
4.132119338264450374e-03
4.087120451425889367e-03
4.041038312148812275e-03
3.993884477625660005e-03
3.945671071366145186e-03
3.896411310781209593e-03
3.846119286120849509e-03
3.794810129360849313e-03
3.742500176683696920e-03
3.689206820594396249e-03
3.634949004644206193e-03
3.579747079252515018e-03
3.523622982694877420e-03
3.466600408904772692e-03
3.408704711930305321e-03
3.349963334366832472e-03
3.290405698632085062e-03
3.230063359100970779e-03
3.168970132861012243e-03
3.107162009500440483e-03
3.044677472882109312e-03
2.981557380579574496e-03
2.917845044065709489e-03
2.853586280818627436e-03
2.788829285287817723e-03
2.723624811011380459e-03
2.658025999435674469e-03
2.592088382630551580e-03
2.525869701906061950e-03
2.459429967433154809e-03
2.392831231935285859e-03
2.326137478001328879e-03
2.259414476265314466e-03
2.192729532089595940e-03
2.126151400568166479e-03
2.059749994445505585e-03
1.993596172084530476e-03
1.927761503143967520e-03
1.862317960248520074e-03
1.797337723351870352e-03
1.732892848360163352e-03
1.669054992644765324e-03
1.605895129174873901e-03
1.543483221509686469e-03
1.481887971640590126e-03
1.421176493700861349e-03
1.361414030008500703e-03
1.302663668458932215e-03
1.244986050860229449e-03
1.188439127387135681e-03
1.133077886507471294e-03
1.078954118626315392e-03
1.026116192954320151e-03
9.746088484762332462e-04
9.244730139024056855e-04
8.757456390144137967e-04
8.284595541074818263e-04
7.826433511687947483e-04
7.383212938065686001e-04
6.955132449106895274e-04
6.542346273417295197e-04
6.144964074483972531e-04
5.763051036833108983e-04
5.396628295334867124e-04
5.045673455817777488e-04
4.710121527421110964e-04
4.389866016116005312e-04
4.084760245099280603e-04
3.794618990213017846e-04
3.519220125533067110e-04
3.258306650252140312e-04
3.011588789558937375e-04
2.778746248172675893e-04
2.559430687458058812e-04
2.353268128935307845e-04
2.159861632635557934e-04
1.978793949760749389e-04
1.809630223999018884e-04
1.651920792436656793e-04
1.505203832516192311e-04
1.369008144497755458e-04
1.242855813492614754e-04
1.126264814222888768e-04
1.018751593485546655e-04
9.198334363014012039e-05
8.290308371178422447e-05
7.458696726527019275e-05
6.698832891392444717e-05
6.006143466347188190e-05
5.376165919891205902e-05
4.804564158680557265e-05
4.287142383183584850e-05
3.819857453776754307e-05
3.398828859383397756e-05
3.020347502293945947e-05
2.680882402229507492e-05
2.377085696804769673e-05
2.105796153714910188e-05
1.864040701642281800e-05
1.649034828508540298e-05
1.458181360673972435e-05
1.289067943880672883e-05
1.139463434974543739e-05
1.007312982150272488e-05
8.907323837461195257e-06
7.880014987268164903e-06
6.975569687266692151e-06
6.179844358789107620e-06
5.480101766585762356e-06
4.864925517242590155e-06
4.324131756646763256e-06
3.848679949492078811e-06
3.430584105120249105e-06
3.062824148091045518e-06
2.739259961335132923e-06
2.454547571298399380e-06
2.204058597873165870e-06
1.983803734457067192e-06
1.790359936248929409e-06
1.620802709266358180e-06
1.472642958758058774e-06
1.343768848429130633e-06
1.232392890865806891e-06
1.137003760015093873e-06
1.056323431969030180e-06
9.892689962140752702e-07
9.349191279862079445e-07
8.924850932137297663e-07
8.612856336517088364e-07
8.407259250677855847e-07
8.302799010779399010e-07
8.294757305026515943e-07
8.378842155017780559e-07
8.551094177760797913e-07
8.807816382272110714e-07
9.145520796660796224e-07
9.560889958884236763e-07
1.005075189079125175e-06
1.061206173533751828e-06
1.124189326853304591e-06
1.193743408114909994e-06
1.269598387033461890e-06
1.351495644666592668e-06
1.439187830438472986e-06
1.532439054544393090e-06
1.631024764651211185e-06
1.734731423731293145e-06
1.843356264545068200e-06
1.956706250972401293e-06
2.074597370572006852e-06
2.196853435964718700e-06
2.323304663226035327e-06
2.453786490529818715e-06
2.588137461089481925e-06
2.726197801477910187e-06
2.867807444103649087e-06
3.012804628667669524e-06
3.161023483392646411e-06
3.312292675284584262e-06
3.466433632622621724e-06
3.623258829605509279e-06
3.782570891149285717e-06
3.944160464466898978e-06
4.107805607711715610e-06
4.273270671220420248e-06
4.440305484104207563e-06
4.608644527237397571e-06
4.778007416324918071e-06
4.948096518309621431e-06
5.118599327867274701e-06
5.289187440748714737e-06
5.459515369223058658e-06
5.629224045092098858e-06
5.797937679030345796e-06
5.965267733689650025e-06
6.130812401384713271e-06
6.294155882924713140e-06
6.454873277286511612e-06
6.612527396306630655e-06
6.766674094254949496e-06
6.916862138249570938e-06
7.062632862427248427e-06
7.203526370526598145e-06
7.339078221270243581e-06
7.468826030942893515e-06
7.592309643489700734e-06
7.709071076639367702e-06
7.818661124021264976e-06
7.920639626194247933e-06
8.014575509108488283e-06
8.100054692926672819e-06
8.176676322972765114e-06
8.244060873096683122e-06
8.301850341072660440e-06
8.349708188048674245e-06
8.387327733978909894e-06
8.414427770770617875e-06
8.430760919461422926e-06
8.436113324818122073e-06
8.430304074721477835e-06
8.413193409957178884e-06
8.384677389666721220e-06
8.344695804443081602e-06
8.293230918327020140e-06
8.230305946255969091e-06
8.155992375531832827e-06
8.070403442655386074e-06
7.973700936108642562e-06
7.866092650830267810e-06
7.747829635696608995e-06
7.619212042387261869e-06
7.480581367597599389e-06
7.332325640128373692e-06
7.174875463398349585e-06
7.008699956597493407e-06
6.834310761914097110e-06
6.652253240193116340e-06
6.463109774878940774e-06
6.267494525358066309e-06
6.066048225519458148e-06
5.859440255952797910e-06
5.648359218098339755e-06
5.433514381976701109e-06
5.215629539490292514e-06
4.995437083722615252e-06
4.773678384882317027e-06
4.551094406872862971e-06
4.328425674738791128e-06
4.106405898940823408e-06
3.885756031298641355e-06
3.667183551106415670e-06
3.451374006832920155e-06
3.238990237090881004e-06
3.030666681268753175e-06
2.827004327053426943e-06
2.628569820761551567e-06
2.435888923255399909e-06
2.249445957756600071e-06
2.069679802409646373e-06
1.896980674458000872e-06
1.731690066631294971e-06
1.574096963513730129e-06
1.424438448751405042e-06
1.282898153342763109e-06
1.149605536688998134e-06
1.024637390207091301e-06
9.080171889445905138e-07
7.997173883297605323e-07
6.996605456365588899e-07
6.077211579063524710e-07
5.237288846822638833e-07
4.474706907115748933e-07
3.786946955593310559e-07
3.171134452551131037e-07
2.624076358679853419e-07
2.142304994129363077e-07
1.722116798437771452e-07
1.359618354410386410e-07
1.050769083857652795e-07
7.914250606382792029e-08
5.773838196319850287e-08
4.044259020181628213e-08
2.683568861023729600e-08
1.650462564385000331e-08
9.046433105210663291e-09
4.071663119248396214e-09
1.207479681386708195e-09
1.004407667655000230e-10
4.189078806740351225e-10
1.855086481702785708e-09
4.126680491927657122e-09
6.978155097909363363e-09
1.018161696478706041e-08
1.353731281788326219e-08
1.687375240640986549e-08
2.004750491910591133e-08
2.294263386300204073e-08
2.546987009306966482e-08
2.756548579564790337e-08
2.918991927355472917e-08
3.032623866739481470e-08
3.097836326278509745e-08
3.116921734014341675e-08
3.093873086746223374e-08
3.034176745943243397e-08
2.944606630763648581e-08
2.833009754644438405e-08
2.708101444025690252e-08
2.579259857684833549e-08
2.456327600745119494e-08
2.349426528704100670e-08
2.268776321418032252e-08
2.224531324361744439e-08
2.226625990962215941e-08
2.284634146487019151e-08
2.407646353223595028e-08
2.604155750968823919e-08
2.881964583247151980e-08
3.248101265657216475e-08
3.708750853708865261e-08
4.269205252745229274e-08
4.933817596357447770e-08
5.705979369182660007e-08
6.588103332407727397e-08
7.581615588291634847e-08
8.686970959547159947e-08
9.903659744124842936e-08
1.123024481072258140e-07
1.266439429471310993e-07
1.420291838411948880e-07
1.584183530401696305e-07
1.757642588461354573e-07
1.940128929999760057e-07
2.131043906311642834e-07
2.329735310383998134e-07
2.535508350421911897e-07
2.747633415796608064e-07
2.965353453240623471e-07
3.187897026397829263e-07
3.414483388737383971e-07
3.644336194055894849e-07
3.876691486651668832e-07
4.110804700005901801e-07
4.345965186757499770e-07
4.581498691420176841e-07
4.816781467710683927e-07
5.051245700770743009e-07
5.284383286077211609e-07
5.515759079062625686e-07
5.745007716828416524e-07
5.971845327046388539e-07
6.196069475731938298e-07
6.417556988857307683e-07
6.636273383804307125e-07
6.852261699818227579e-07
7.065649774809817798e-07
7.276643039996570984e-07
7.485515135283353172e-07
7.692612674711129336e-07
7.898335793195681521e-07
8.103141143397945219e-07
8.307528272970714305e-07
8.512024293512222335e-07
8.717185746942777437e-07
8.923573170921160901e-07
9.131752584438163915e-07
9.342278661690662507e-07
9.555677005990648404e-07
9.772447078196960270e-07
9.993034844431988131e-07
1.021783715070720486e-06
1.044718606762152702e-06
1.068133309129048231e-06
1.092045761570963909e-06
1.116464161718599392e-06
1.141388101561749629e-06
1.166807470979962259e-06
1.192701380505376870e-06
1.219039864470044919e-06
1.245781753898196896e-06
1.272876713645870075e-06
1.300264727033692978e-06
1.327875578299649713e-06
1.355631449563908623e-06
1.383445129691354091e-06
1.411222884279558711e-06
1.438864370567904917e-06
1.466262490742614254e-06
1.493306677876063664e-06
1.519881171279585500e-06
1.545868451873887178e-06
1.571149280548218906e-06
1.595602612063403982e-06
1.619109247675795568e-06
1.641549861848653325e-06
1.662808678525159283e-06
1.682773327384041481e-06
1.701334540136840138e-06
1.718389869165220472e-06
1.733841247345413938e-06
1.747598642445355262e-06
1.759579538740055176e-06
1.769708262045221902e-06
1.777919558265815204e-06
1.784155621491525867e-06
1.788369562288439089e-06
1.790524454383964726e-06
1.790592258814950231e-06
1.788557140654574010e-06
1.784412021642925219e-06
1.778161763155444176e-06
1.769821801263806476e-06
1.759416707959419589e-06
1.746983161144429674e-06
1.732566133942960921e-06
1.716221713750630293e-06
1.698015380582869606e-06
1.678020264439552811e-06
1.656319697876416636e-06
1.633003173964031961e-06
1.608168741100394705e-06
1.581921003525563726e-06
1.554369157249255460e-06
1.525629096934403482e-06
1.495819306193692169e-06
1.465062829139565734e-06
1.433485127318263166e-06
1.401212034824066554e-06
1.368371483513506203e-06
1.335089547309621694e-06
1.301492095851547811e-06
1.267702719954491536e-06
1.233840820513820138e-06
1.200023123871299033e-06
1.166360148998834834e-06
1.132957743256673132e-06
1.099915334278298372e-06
1.067324398421360057e-06
1.035269993265482314e-06
1.003827894499238671e-06
9.730662315663510609e-07
9.430442815279986468e-07
9.138115014711952636e-07
8.854092584238846620e-07
8.578687633778085154e-07
8.312129373463609865e-07
8.054558239793904242e-07
7.806022206274236628e-07
7.566496482654832961e-07
7.335870267169891482e-07
7.113967460407381878e-07
6.900545937367373991e-07
6.695298443396257520e-07
6.497873515930427824e-07
6.307867414888976059e-07
6.124845199988598150e-07
5.948342727815778661e-07
5.777869568750331136e-07
5.612928962679046516e-07
5.453011942149104527e-07
5.297616475640011157e-07
5.146249437665624573e-07
4.998428909479817078e-07
4.853699565675486133e-07
4.711633581448921822e-07
4.571831647998055774e-07
4.433937207586634258e-07
4.297629245207428036e-07
4.162634852319892339e-07
4.028727480114836718e-07
3.895725177172401684e-07
3.763500158356120909e-07
3.631969716459994648e-07
3.501104179330850165e-07
3.370922484974691847e-07
3.241487851789389268e-07
3.112913091070385615e-07
2.985350179303612973e-07
2.858994311018502986e-07
2.734077604347462628e-07
2.610863108012874761e-07
2.489646846266181113e-07
2.370747075763828584e-07
2.254505526570113107e-07
2.141280340788037509e-07
2.031439503341122119e-07
1.925360799377248110e-07
1.823421798285046508e-07
1.725999477549747497e-07
1.633463479309678247e-07
1.546169991645773209e-07
1.464460863048358096e-07
1.388655212455421761e-07
1.319048697616734305e-07
1.255908102588039307e-07
1.199466622398844424e-07
1.149923463921719923e-07
1.107437831641271481e-07
1.072129174946920023e-07
1.044074019913694677e-07
1.023303495049609406e-07
1.009804727273935005e-07
1.003517693329665009e-07
1.004337647916732317e-07
1.012114790622263451e-07
1.026654498716054664e-07
1.047721440388076082e-07
1.075039216521898647e-07
1.108295602512558588e-07
1.147144935121281428e-07
1.191210766707962906e-07
1.240092772927477763e-07
1.293368242070390842e-07
1.350599798996844322e-07
1.411339439695555253e-07
1.475132385607632290e-07
1.541525828078817442e-07
1.610070483146662771e-07
1.680329504332620216e-07
1.751882326190833196e-07
1.824327846707082034e-07
1.897293349278965738e-07
1.970434018376761697e-07
2.043441320630801275e-07
2.116044719776689144e-07
2.188012382668266989e-07
2.259158682564318864e-07
2.329340057758270744e-07
2.398461538453308229e-07
2.466475117249202033e-07
2.533377018411588159e-07
2.599213027891671757e-07
2.664070208309347727e-07
2.728081288409865659e-07
2.791419685594648800e-07
2.854293589086732117e-07
2.916949536539691054e-07
2.979660708930791392e-07
3.042730019305745806e-07
3.106482858498688317e-07
3.171259188047373602e-07
3.237416671425364523e-07
3.305316947243941038e-07
3.375328887779975118e-07
3.447820555822852136e-07
3.523150740820805026e-07
3.601673172127432139e-07
3.683722044404120382e-07
3.769616861101343307e-07
3.859654769292135215e-07
3.954102530279895515e-07
4.053202975695101703e-07
4.157160372697291620e-07
4.266147779364808943e-07
4.380300238771336291e-07
4.499707489094683931e-07
4.624423301560256778e-07
4.754450559661574848e-07
4.889751604618731901e-07
5.030242238236863700e-07
5.175785043044775132e-07
5.326201977208950117e-07
5.481258732387285434e-07
5.640678439532168438e-07
5.804136325490119093e-07
5.971253519447332457e-07
6.141613344116931743e-07
6.314744645200195952e-07
6.490139362330214076e-07
6.667247859962667296e-07
6.845473316740331695e-07
7.024192236542018731e-07
7.202736677132446139e-07
7.380416173225861974e-07
7.556513817032777450e-07
7.730281347691069104e-07
7.900964102969580662e-07
8.067782035198234530e-07
8.229955963613803700e-07
8.386704126883142632e-07
8.537237681047625247e-07
8.680789486700128788e-07
8.816593404071139548e-07
8.943913885876467454e-07
9.062042065229748827e-07
9.170290712067580606e-07
9.268021505139006375e-07
9.354640156463779289e-07
9.429590385247715057e-07
9.492385086818158715e-07
9.542580875320495767e-07
9.579808724351356938e-07
9.603766310633540236e-07
9.614209310261926192e-07
9.610980984155688489e-07
9.593982831234926326e-07
9.563202944232115260e-07
9.518704670848429091e-07
9.460614587900835182e-07
9.389148710444619991e-07
9.304579703300872869e-07
9.207261596578974283e-07
9.097615023456246579e-07
8.976112392555058970e-07
8.843300089278689617e-07
8.699763938326474199e-07
8.546150125036153738e-07
8.383148456977629181e-07
8.211476315613860679e-07
8.031897335951335199e-07
7.845187616626431311e-07
7.652153615632099142e-07
7.453615506100348853e-07
7.250391908471537678e-07
7.043316097961442347e-07
6.833205422476664658e-07
6.620877214023065697e-07
6.407134117421640314e-07
6.192751237357683017e-07
5.978490820005578524e-07
5.765076535135657391e-07
5.553208137982659882e-07
5.343549863725459467e-07
5.136720772820929777e-07
4.933308380138990233e-07
4.733848348310162227e-07
4.538838143542805862e-07
4.348728704904843913e-07
4.163917942962717774e-07
3.984763383682251897e-07
3.811566926295006167e-07
3.644587453323083591e-07
3.484035418591239754e-07
3.330069005234182591e-07
3.182805759621760483e-07
3.042311641433792313e-07
2.908612586281115208e-07
2.781691496880709015e-07
2.661486504624942936e-07
2.547901706062538281e-07
2.440799667109661387e-07
2.340012100353773894e-07
2.245338772328486107e-07
2.156547379020788458e-07
2.073383579919175604e-07
1.995566123405461688e-07
1.922796802204605234e-07
1.854760733040736440e-07
1.791127295896947494e-07
1.731559483983152471e-07
1.675710708799499459e-07
1.623233927638018847e-07
1.573782537873980023e-07
1.527011621112865940e-07
1.482586258370580430e-07
1.440178925688401346e-07
1.399477321647370134e-07
1.360184933226767338e-07
1.322021688333224307e-07
1.284730613758040057e-07
1.248074789484250681e-07
1.211843257556712815e-07
1.175850427529856985e-07
1.139935425485139473e-07
1.103966569438394845e-07
1.067837279687078545e-07
1.031469714069486195e-07
9.948126821132943495e-08
9.578395254524903508e-08
9.205503700527550779e-08
8.829670912780752062e-08
8.451348892163469300e-08
8.071190719308748182e-08
7.690019656362751870e-08
7.308835047482889392e-08
6.928759853736637293e-08
6.551043283611236425e-08
6.177025992259589926e-08
5.808108549664240263e-08
5.445749833078227006e-08
5.091422000098833440e-08
4.746609201075889921e-08
4.412779225332241123e-08
4.091359655342415176e-08
3.783736893988645399e-08
3.491225178504036524e-08
3.215067947172955730e-08
2.956420894927002519e-08
2.716339371761381642e-08
2.495781876082652550e-08
2.295593760959030275e-08
2.116513055666282306e-08
1.959164219639114609e-08
1.824054862550578933e-08
1.711583134610689848e-08
1.622031615376310568e-08
1.555575888691653855e-08
1.512284633100453738e-08
1.492120873852693669e-08
1.494951071641635819e-08
1.520543031881070853e-08
1.568575321720096578e-08
1.638639356623403578e-08
1.730241185492823764e-08
1.842811628588858362e-08
1.975703805308921441e-08
2.128203837992822148e-08
2.299533074281939117e-08
2.488849142717919490e-08
2.695259124869093319e-08
2.917815028763446864e-08
3.155528512854611896e-08
3.407373532380577619e-08
3.672287257122922870e-08
3.949189279928288017e-08
4.236974452513461199e-08
4.534534313756188970e-08
4.840760279718123800e-08
5.154544398973085569e-08
5.474803066202848224e-08
5.800479728370807450e-08
6.130544586901965107e-08
6.464024967586168882e-08
6.799989295640884804e-08
7.137578472029588140e-08
7.476004873195959507e-08
7.814547328051904585e-08
8.152585164205212585e-08
8.489571334390899445e-08
8.825066008561053126e-08
9.158727862937597375e-08
9.490300672038686544e-08
9.819647822455030190e-08
1.014671146322465358e-07
1.047154587276958008e-07
1.079429901311645136e-07
1.111518941908211318e-07
1.143454041918370465e-07
1.175272535327689491e-07
1.207020129408202021e-07
1.238748221709846436e-07
1.270510813751736762e-07
1.302368148131558285e-07
1.334380137261860165e-07
1.366610105940855018e-07
1.399121637659091854e-07
1.431975087652641434e-07
1.465231839637473342e-07
1.498947006276214007e-07
1.533173935375392234e-07
1.567960926647271440e-07
1.603347638157009867e-07
1.639370283420222590e-07
1.676053783710030703e-07
1.713417277209408589e-07
1.751470828693034878e-07
1.790211794426501931e-07
1.829631084647349927e-07
1.869704706526806521e-07
1.910400341169623456e-07
1.951673985966258190e-07
1.993466202418325283e-07
2.035709481215420681e-07
2.078319052531652346e-07
2.121200593275198459e-07
2.164246777250661853e-07
2.207333424340657050e-07
2.250328117380584827e-07
2.293080339329175270e-07
2.335430540232586243e-07
2.377206783633640962e-07
2.418221052311855630e-07
2.458279429676403514e-07
2.497171873189679401e-07
2.534682979354994727e-07
2.570589057368062721e-07
2.604654955192087691e-07
2.636646048188660760e-07
2.666317995613654349e-07
2.693429320650495330e-07
2.717739067560853111e-07
2.739004275125108353e-07
2.756993543003271778e-07
2.771476816491580789e-07
2.782239289956056701e-07
2.789079310227666174e-07
2.791806101423429124e-07
2.790253952079732724e-07
2.784271613332801056e-07
2.773736315293406847e-07
2.758551076656202698e-07
2.738641826400703147e-07
2.713970698438528849e-07
2.684524405091511955e-07
2.650326794594491086e-07
2.611434641338554389e-07
2.567933323988989717e-07
2.519947756556999359e-07
2.467629425574535043e-07
2.411166242516690135e-07
2.350776434789747228e-07
2.286702567149106018e-07
2.219219377879894337e-07
2.148619993834149212e-07
2.075222761024719207e-07
1.999363820539124365e-07
1.921390210776974266e-07
1.841664959903454213e-07
1.760553868005182334e-07
1.678430038150391766e-07
1.595666550227661359e-07
1.512630082278670285e-07
1.429684424469246547e-07
1.347179562791723201e-07
1.265455181606328358e-07
1.184835002749888263e-07
1.105622338089051546e-07
1.028103271823888521e-07
9.525392891150901980e-08
8.791707813715091052e-08
8.082139548938291671e-08
7.398589391228272136e-08
6.742732414538511515e-08
6.115980473365692895e-08
5.519519506610543389e-08
4.954302357604460122e-08
4.421050780899338876e-08
3.920289940836146067e-08
3.452338163684835524e-08
3.017340864480452522e-08
2.615276416427460562e-08
2.245967181069817027e-08
1.909106258282083722e-08
1.604259008269622216e-08
1.330885896015979869e-08
1.088349324932506345e-08
8.759222634898894670e-09
6.928018187002214153e-09
5.381108946145024345e-09
4.109071893690688505e-09
3.101848363766244040e-09
2.348762679609986419e-09
1.838545439136782001e-09
1.559324935217733283e-09
1.498619658399166745e-09
1.643336672924216525e-09
1.979754412674691729e-09
2.493524995249172348e-09
3.169674801375378180e-09
3.992610285311661654e-09
4.946157861353675891e-09
6.013585546182288856e-09
7.177680085844396556e-09
8.420817547922979599e-09
9.725039155183836147e-09
1.107220276072684254e-08
1.244406502542524041e-08
1.382247423225135377e-08
1.518951391931863571e-08
1.652764067946827253e-08
1.781993320779449840e-08
1.905018995977414348e-08
2.020319033920199019e-08
2.126484219143086032e-08
2.222230608969987293e-08
2.306425260703041818e-08
2.378088595105096493e-08
2.436417079938941879e-08
2.480788610996273001e-08
2.510764466678850299e-08
2.526105505582185815e-08
2.526760065934180818e-08
2.512874466104370992e-08
2.484783353631991260e-08
2.442997193208667050e-08
2.388204127838059241e-08
2.321243841156360822e-08
2.243104444025559658e-08
2.154900528860574915e-08
2.057850559284998287e-08
1.953268020124401437e-08
1.842529713026355907e-08
1.727065399789529037e-08
1.608333183675963415e-08
1.487796868012646224e-08
1.366915401604287943e-08
1.247117045529210490e-08
1.129791032392630925e-08
1.016270519928414805e-08
9.078190602014095294e-09
8.056262245679074362e-09
7.107948928195290878e-09
6.243405875277763920e-09
5.471863906311068540e-09
4.801609517263706240e-09
4.240019980398384575e-09
3.793556207047596093e-09
3.467821056331841405e-09
3.267592473008226682e-09
3.196867581659189394e-09
3.258932270248759695e-09
3.456394955393032119e-09
3.791252246286356931e-09
4.264926485469150820e-09
4.878291613163713606e-09
5.631719984640267323e-09
6.525069764298489812e-09
7.557712574985662836e-09
8.728515469111032147e-09
1.003579852399449452e-08
1.147734649167300314e-08
1.305031251089394360e-08
1.475122234285138912e-08
1.657590352384418559e-08
1.851939086633735471e-08
2.057595700377785424e-08
2.273895975544879973e-08
2.500089745424686891e-08
2.735334205228928273e-08
2.978685564130041754e-08
3.229112835348828498e-08
3.485482449133907693e-08
3.746577439379551046e-08
4.011097003833880695e-08
4.277654634041952464e-08
4.544808656689847077e-08
4.811049256201198865e-08
5.074834740513951180e-08
5.334597898369241543e-08
5.588750091347074740e-08
5.835727008125087223e-08
6.073974397562244246e-08
6.301996755447853112e-08
6.518364217706382843e-08
6.721715730935118863e-08
6.910811232816034509e-08
7.084508010082185108e-08
7.241811533028969873e-08
7.381873520841892756e-08
7.503985364491242178e-08
7.607625849304421550e-08
7.692421329292765669e-08
7.758188969951247866e-08
7.804919784627040540e-08
7.832757654877660138e-08
7.842035973804197742e-08
7.833221441735090588e-08
7.806946021997780171e-08
7.763976236476279686e-08
7.705180698317723287e-08
7.631556520617923137e-08
7.544164267955603769e-08
7.444152154467136337e-08
7.332719744175661878e-08
7.211082812471711899e-08
7.080495940256732513e-08
6.942189979886579875e-08
6.797395646303735965e-08
6.647311626903035595e-08
6.493076084089621057e-08
6.335792186984876759e-08
6.176477120918986150e-08
6.016090373850492921e-08
5.855512373902119185e-08
5.695527179144222769e-08
5.536853372327314635e-08
5.380107111669069255e-08
5.225835197990318069e-08
5.074503862936447285e-08
4.926490812215008056e-08
4.782118652180021609e-08
4.641628247329067807e-08
4.505212249308940198e-08
4.373009051259590193e-08
4.245098647085148342e-08
4.121530103048036361e-08
4.002315973814642663e-08
3.887427974371334485e-08
3.776824389538689423e-08
3.670428312409286442e-08
3.568152948796679392e-08
3.469894472018190906e-08
3.375525698090373423e-08
3.284917440422240088e-08
3.197916966943372506e-08
3.114367848172523363e-08
3.034101740258717190e-08
2.956931224973897428e-08
2.882667542610106193e-08
2.811101039420044091e-08
2.742018690488531716e-08
2.675197386011569696e-08
2.610398584381770799e-08
2.547385533480477789e-08
2.485907711458329103e-08
2.425718501231348621e-08
2.366571448355610431e-08
2.308217745971222434e-08
2.250423753027971608e-08
2.192959084069140696e-08
2.135613991832235105e-08
2.078197235421281170e-08
2.020534594149861638e-08
1.962484542601906780e-08
1.903927297008926184e-08
1.844779092826733109e-08
1.784988615242094619e-08
1.724533548104160532e-08
1.663431432027849603e-08
1.601727048085426842e-08
1.539501168666206861e-08
1.476863687552007102e-08
1.413946906995069132e-08
1.350910718865282221e-08
1.287928363737167609e-08
1.225190126228300038e-08
1.162894476874134431e-08
1.101240019189905444e-08
1.040427415551412552e-08
9.806465801402739350e-09
9.220786975935150667e-09
8.648891250765328479e-09
8.092218521219929714e-09
7.552021691526417090e-09
7.029290350052687619e-09
6.524791193810517809e-09
6.039046648294601228e-09
5.572331044591528216e-09
5.124728182859679289e-09
4.696119072270940729e-09
4.286252074068004023e-09
3.894769676836168992e-09
3.521246597928852829e-09
3.165264624708432185e-09
2.826437840565142519e-09
2.504484955723575276e-09
2.199267171634348421e-09
1.910826627190736843e-09
1.639437404668149610e-09
1.385619769575181366e-09
1.150171448687783027e-09
9.341709789366925269e-10
7.389737321003078932e-10
5.662042355056867497e-10
4.177246907096984113e-10
2.956028574448524928e-10
2.020626409780684862e-10
1.394275053823060037e-10
1.100575121943926178e-10
1.162774638074708249e-10
1.603031255346250982e-10
2.441643471129106403e-10
3.696280511678748450e-10
5.381260072212779056e-10
7.506835913273826264e-10
1.007860596243145274e-09
1.309698344876877170e-09
1.655673816065697798e-09
2.044678511692725651e-09
2.474991620906365507e-09
2.944289657204792214e-09
3.449656510758820567e-09
3.987600634949043398e-09
4.554119084368252330e-09
5.144725294848935423e-09
5.754543074890397340e-09
6.378375302688995223e-09
7.010771074592698033e-09
7.646159887013708538e-09
8.278898930411416073e-09
8.903418632545502078e-09
9.514303218995152973e-09
1.010635740658695940e-08
1.067475832070535016e-08
1.121506420573348045e-08
1.172335455721434821e-08
1.219626504900258705e-08
1.263100096763124082e-08
1.302545394777714148e-08
1.337813066161285831e-08
1.368824564488671813e-08
1.395568116743433801e-08
1.418092791478224520e-08
1.436514726880032115e-08
1.451002244122976323e-08
1.461780221781683884e-08
1.469120152793442567e-08
1.473329334020423140e-08
1.474753784442155502e-08
1.473759759356479635e-08
1.470736442426087414e-08
1.466084587335918450e-08
1.460205444484252290e-08
1.453504311305906723e-08
1.446373365746001601e-08
1.439196368331980280e-08
1.432339905723760132e-08
1.426145457319853465e-08
1.420934768581941615e-08
1.417003346748652080e-08
1.414614698995181718e-08
1.414009049173660493e-08
1.415391771301168417e-08
1.418943078563625736e-08
1.424814199535118560e-08
1.433123711485834646e-08
1.443968063965201740e-08
1.457411025888456489e-08
1.473494308722941427e-08
1.492233975989935130e-08
1.513616401607049142e-08
1.537608897200693099e-08
1.564147837607386153e-08
1.593149147348933950e-08
1.624503667818558726e-08
1.658071909892431068e-08
1.693695105086932365e-08
1.731181838607456803e-08
1.770319676419091417e-08
1.810870537416231108e-08
1.852565693127907856e-08
1.895119541837452840e-08
1.938216405674816389e-08
1.981525831690879632e-08
2.024699929904252920e-08
2.067370529698672403e-08
2.109167618682471077e-08
2.149707440737854479e-08
2.188612511233996317e-08
2.225511163195151108e-08
2.260036650265823745e-08
2.291849282060775449e-08
2.320624384913569415e-08
2.346074688501634566e-08
2.367949317448213806e-08
2.386031717660537528e-08
2.400161334561613842e-08
2.410217835424000156e-08
2.416141108574196466e-08
2.417925534806113711e-08
2.415612795001326298e-08
2.409308448522965938e-08
2.399159593701003187e-08
2.385368756079298833e-08
2.368181385136359826e-08
2.347872311127677205e-08
2.324755842003526633e-08
2.299157970006818453e-08
2.271424727368998390e-08
2.241905500906862071e-08
2.210936595257931426e-08
2.178848390689542062e-08
2.145937620728284678e-08
2.112475259343041523e-08
2.078691981008483750e-08
2.044765341485454672e-08
2.010830254320962154e-08
1.976958125920351659e-08
1.943170268498973353e-08
1.909431361578209935e-08
1.875645324708125588e-08
1.841673262727920846e-08
1.807322730813850475e-08
1.772368708947938255e-08
1.736555920161501711e-08
1.699602965081312100e-08
1.661225939360181431e-08
1.621134860767684554e-08
1.579057872640021234e-08
1.534747056175416900e-08
1.487984600196233259e-08
1.438604721414093454e-08
1.386489821606568488e-08
1.331589530439238328e-08
1.273921901809821164e-08
1.213573759934774428e-08
1.150712762994575571e-08
1.085576771586364014e-08
1.018481019848417226e-08
9.498097678534461065e-09
8.800071438626206853e-09
8.095763141455194433e-09
7.390615736644348192e-09
6.690436547469145835e-09
6.001240930052154209e-09
5.329101558733488930e-09
4.680057980276898881e-09
4.059928704491058910e-09
3.474217313082638100e-09
2.927966034748549905e-09
2.425632299271415943e-09
1.971010802744934805e-09
1.567125670837317597e-09
1.216184821301534157e-09
9.195284594858948346e-10
6.776079919407810324e-10
4.899976079456307398e-10
3.554141360845217029e-10
2.717717419370808359e-10
2.362497185036165507e-10
2.453810031780640434e-10
2.951586800946532490e-10
3.811506929698743692e-10
4.986278398977217619e-10
6.426943370985826054e-10
8.084173065675899532e-10
9.909605817878110563e-10
1.185699955087415058e-09
1.388341070265565710e-09
1.595014678479776884e-09
1.802351011612772070e-09
2.007553599856974341e-09
2.208424399568817492e-09
2.403397222195408293e-09
2.591529043268512278e-09
2.772465608695189304e-09
2.946416733650206138e-09
3.114067928389481687e-09
3.276522795722319252e-09
3.435200808121258565e-09
3.591721735787293607e-09
3.747823870052174895e-09
3.905220116643964060e-09
4.065517309840529968e-09
4.230100107150158452e-09
4.400020752838527867e-09
4.575950852168937840e-09
4.758074608419482792e-09
4.946076033757468596e-09
5.139095426259374165e-09
5.335702808438736295e-09
5.533946562985721948e-09
5.731371370797816458e-09
5.925051924593278312e-09
6.111712449160093769e-09
6.287761043594484286e-09
6.449440438899205730e-09
6.592919531507789155e-09
6.714387303151024582e-09
6.810226910428634707e-09
6.877071372665042153e-09
6.911971451413082684e-09
6.912474944483644310e-09
6.876691721352748810e-09
6.803424689848245931e-09
6.692159880333355090e-09
6.543157989197248839e-09
6.357442299725368415e-09
6.136766936194434112e-09
5.883638527351680383e-09
5.601204330846223249e-09
5.293231037945069958e-09
4.963992570562105220e-09
4.618149792646016277e-09
4.260678089869085625e-09
3.896699993785980593e-09
3.531398603432139860e-09
3.169875629345036313e-09
2.817021997846898987e-09
2.477434375814896095e-09
2.155287867488674834e-09
1.854276207094136018e-09
1.577535234135911503e-09
1.327592882149508408e-09
1.106358499508639238e-09
9.151058471638213051e-10
7.545026526716032791e-10
6.246441454224033819e-10
5.251090617718207785e-10
4.550389878133148714e-10
4.132197837991675011e-10
3.981830669057090696e-10
4.083074311130875128e-10
4.419223650894339915e-10
4.974149547257583899e-10
5.733227240806292617e-10
6.684246879884567679e-10
7.818138270430454242e-10
9.129511751457976121e-10
1.061710693793818405e-09
1.228388388306878951e-09
1.413706126216226275e-09
1.618782717449263249e-09
1.845079604272126556e-09
2.094346811466219374e-09
2.368519962331654470e-09
2.669635683444427307e-09
2.999713367369031390e-09
3.360622738336264055e-09
3.753985824568769336e-09
4.181022664167071189e-09
4.642464204394569273e-09
5.138434997357696385e-09
5.668340394764495985e-09
6.230837146973064777e-09
6.823727458068140593e-09
7.443981731954208227e-09
8.087718572219717154e-09
8.750198376372076469e-09
9.425947069044022073e-09
1.010875210999483669e-08
1.079184559699681031e-08
1.146800200544435671e-08
1.212963950492610803e-08
1.276908225472054834e-08
1.337861455815811406e-08
1.395076667668920866e-08
1.447844947333971411e-08
1.495507005668340154e-08
1.537482107632512265e-08
1.573267855397775466e-08
1.602466029372869591e-08
1.624787124774760088e-08
1.640051311566283138e-08
1.648207033653865797e-08
1.649315482565106657e-08
1.643562872635242732e-08
1.631248638062084267e-08
1.612770552062583558e-08
1.588627770931083592e-08
1.559390334094833660e-08
1.525697388299908146e-08
1.488233168326159701e-08
1.447702599251505229e-08
1.404825356467603039e-08
1.360301691392977598e-08
1.314806843535254957e-08
1.268968111852186008e-08
1.223344751714486482e-08
1.178426322568113505e-08
1.134609505370605950e-08
1.092201648822602574e-08
1.051411760273562374e-08
1.012345827383008618e-08
9.750189055722871733e-09
9.393503092370516199e-09
9.051815437931781113e-09
8.722838492526002521e-09
8.403688568674108060e-09
8.091122359738663288e-09
7.781618604316106660e-09
7.471630690728040274e-09
7.157730745001490335e-09
6.836755405368995323e-09
6.506031955765590236e-09
6.163449703282618034e-09
5.807643059675156246e-09
5.438058554121392753e-09
5.054999849240297030e-09
4.659709944781415345e-09
4.254315236250057074e-09
3.841835288525272159e-09
3.426092772657358083e-09
3.011601877407343737e-09
2.603469044680807640e-09
2.207225100781794584e-09
1.828648294788247390e-09
1.473602031531775648e-09
1.147823980515278534e-09
8.567522084172768397e-10
6.053330010587476974e-10
3.978484280446112707e-10
2.377694149554033085e-10
1.276213566811105220e-10
6.888727779381712827e-11
6.193808249918674857e-11
1.059997223917909340e-10
1.991571632810190365e-10
3.383932363540641028e-10
5.196654699202488379e-10
7.380155787835537318e-10
9.877053007430154456e-10
1.262387831844285690e-09
1.555283939518168332e-09
1.859391068732986091e-09
2.167688070420485552e-09
2.473333777926782289e-09
2.769888636236572621e-09
3.051479622954061582e-09
3.312993275796837521e-09
3.550211766052639225e-09
3.759912459618765995e-09
3.939980783079589322e-09
4.089415623698174859e-09
4.208369188141863582e-09
4.298098865780739886e-09
4.360878085745388569e-09
4.399928650758604970e-09
4.419236399470041742e-09
4.423425155346014533e-09
4.417551795609210813e-09
4.406885896262432591e-09
4.396739444697214845e-09
4.392208736166313418e-09
4.398009830247116964e-09
4.418270022724168771e-09
4.456339979011881321e-09
4.514690761218892740e-09
4.594755536325538761e-09
4.696895441489002586e-09
4.820346448965501365e-09
4.963204946007044821e-09
5.122517871598396285e-09
5.294316975722456075e-09
5.473787703834216300e-09
5.655406613363641877e-09
5.833102805598415991e-09
6.000515987690218080e-09
6.151157449080509855e-09
6.278692534393758687e-09
6.377146219220007313e-09
6.441096922588530566e-09
6.465938112279989112e-09
6.447990904716535524e-09
6.384712745778099123e-09
6.274785682953267006e-09
6.118165666821796851e-09
5.916171127478901683e-09
5.671404736304185251e-09
5.387751086256514963e-09
5.070250472508264079e-09
4.724939059713983663e-09
4.358719446073913212e-09
3.979103767044445707e-09
3.594027879751062385e-09
3.211587841117014323e-09
2.839778759408404301e-09
2.486276611649024892e-09
2.158169276009865498e-09
1.861763748710664011e-09
1.602382547153233508e-09
1.384201222141191233e-09
1.210145355225273842e-09
1.081800829653126880e-09
9.993992179557826810e-10
9.618333098525639864e-10
9.667229144525361013e-10
1.010538313643805485e-09
1.088746523613371618e-09
1.196013126897269276e-09
1.326421665416996977e-09
1.473712768997317723e-09
1.631553569151902675e-09
1.793784422821562934e-09
1.954687702269076454e-09
2.109222379001068708e-09
2.253230174087059925e-09
2.383636057039665423e-09
2.498567104779502408e-09
2.597467587885863194e-09
2.681134363485856363e-09
2.751696253875300601e-09
2.812573699245453991e-09
2.868333663499490904e-09
2.924546951700113885e-09
2.987565609749575970e-09
3.064260975561310107e-09
3.161770103568026990e-09
3.287164613984121739e-09
3.447168167146971881e-09
3.647837077275768653e-09
3.894250687077919803e-09
4.190272235891116686e-09
4.538274089704791342e-09
4.938980593515447480e-09
5.391315696319952683e-09
5.892301723210023902e-09
6.437090772032331135e-09
7.018959294720249367e-09
7.629479145033693362e-09
8.258681547978741098e-09
8.895268842983324730e-09
9.526984743028542457e-09
1.014087371582914895e-08
1.072373923239151947e-08
1.126251605348501954e-08
1.174463993655273372e-08
1.215855454981189185e-08
1.249399115896022775e-08
1.274243219376512250e-08
1.289738620081291039e-08
1.295460090061041730e-08
1.291236880153347062e-08
1.277152222844131169e-08
1.253558438136870011e-08
1.221067753636052614e-08
1.180535150155084458e-08
1.133046395951279645e-08
1.079884584406045537e-08
1.022490731468224988e-08
9.624313614264830311e-09
9.013421547741820669e-09
8.408869508473544706e-09
7.827026434366528491e-09
7.283453924141251818e-09
6.792476611355658958e-09
6.366647860506371963e-09
6.016396762105313282e-09
5.749651958871197011e-09
5.571550718471306286e-09
5.484301494980911892e-09
5.487040093462598201e-09
5.575884713069067624e-09
5.744027162280480938e-09
5.981922658334142017e-09
6.277639899471248177e-09
6.617195505152817476e-09
6.985065743259817670e-09
7.364689579068375346e-09
7.739007996985996956e-09
8.091112907608623049e-09
8.404774121266706620e-09
8.665082526298144583e-09
8.858970862241523564e-09
8.975675470991069960e-09
9.007226939857694891e-09
8.948704466630643744e-09
8.798540140474692380e-09
8.558611984032708776e-09
8.234223295907195883e-09
7.834057666740175397e-09
7.369876169269434796e-09
6.856239051882632883e-09
6.310032534341922191e-09
5.749915687643948041e-09
5.195761101552533425e-09
4.667939949292128504e-09
4.186668741816471410e-09
3.771282377606557532e-09
3.439530282508014945e-09
3.206948242362089504e-09
3.086230304827577526e-09
3.086738334816914903e-09
3.214075833672287317e-09
3.469779831393989432e-09
3.851175116014722502e-09
4.351314688361353497e-09
4.959116450204279531e-09
5.659607014628687826e-09
6.434292213299531067e-09
7.261712651079357539e-09
8.118022530501634122e-09
8.977758450139758106e-09
9.814616708631402166e-09
1.060226337805260292e-08
1.131526420766079486e-08
1.192985898330631866e-08
1.242485476856180848e-08
1.278235113065308441e-08
1.298836675474305579e-08
1.303347726340652555e-08
1.291313329719811496e-08
1.262801371551235796e-08
1.218408941055253216e-08
1.159252162426388711e-08
1.086950330692127782e-08
1.003576341429514710e-08
9.116077233302359451e-09
8.138523471964175194e-09
7.133634098143319050e-09
6.133518781561557015e-09
5.170810499284209605e-09
4.277672046146570851e-09
3.484730136426183559e-09
2.820052513448686177e-09
2.308215142032988239e-09
1.969417558901329091e-09
1.818761231284400491e-09
1.865652904725629236e-09
2.113383754979950252e-09
2.558912287949033250e-09
3.192821689628011113e-09
3.999509386861417381e-09
4.957563557652536828e-09
6.040324404159681858e-09
7.216667448291109450e-09
8.451882438250527986e-09
9.708757685366226988e-09
1.094871937176083229e-08
1.213302145323014152e-08
1.322405363883553125e-08
1.418650772582879253e-08
1.498863392957420516e-08
1.560331411059166065e-08
1.600899887308478953e-08
1.619060495468647596e-08
1.614004738676547365e-08
1.585673780548832031e-08
1.534773196026210453e-08
1.462764115985401995e-08
1.371841128802823277e-08
1.264869951422582386e-08
1.145318236961911058e-08
1.017155033054236590e-08
8.847337681137186584e-09
7.526672791346471618e-09
6.256816498509181926e-09
5.084725464839077429e-09
4.055530894401000789e-09
3.211055839402053005e-09
2.588426745114667706e-09
2.218761366022412276e-09
2.126047718781795697e-09
2.326198606226463983e-09
2.826338058302784227e-09
3.624356785612780084e-09
4.708719345332893180e-09
6.058583364312250582e-09
7.644192486268541081e-09
9.427540376457646521e-09
1.136334181815454187e-08
1.340021886924655262e-08
1.548208519582394224e-08
1.754978411533580016e-08
1.954274868987310503e-08
2.140087209130166460e-08
2.306633241524444863e-08
2.448538662348770882e-08
2.561021562627217436e-08
2.640047301755372888e-08
2.682484732594008915e-08
2.686228911280189758e-08
2.650298624244876305e-08
2.574918367811321638e-08
2.461551104696621320e-08
2.312917197645134264e-08
2.132968203137458109e-08
1.926829584934689465e-08
1.700721107520600641e-08
1.461834671118221326e-08
1.218198095202492081e-08
9.785078151006828229e-09
7.519449010417918174e-09
5.479806796106501942e-09
3.761680411695685253e-09
2.459336897625132773e-09
1.663691903007547288e-09
1.460299341279152481e-09
1.927463674786330783e-09
3.134507063715741942e-09
5.140250499228403921e-09
7.991731400435596723e-09
1.172317978867488616e-08
1.635530525592857094e-08
2.189484239759829556e-08
2.833444664123543749e-08
3.565285591546925725e-08
4.381531032648634662e-08
5.277432784426852450e-08
6.247057595094339983e-08
7.283410378819186332e-08
8.378563862171817681e-08
9.523798015495864503e-08
1.070976601913327467e-07
1.192663815557468232e-07
1.316427413040436376e-07
1.441237310397508105e-07
1.566061465149894871e-07
1.689881346146373488e-07
1.811702586570712338e-07
1.930567757359810356e-07
2.045565090005555632e-07
2.155835498541299834e-07
2.260580315265273052e-07
2.359063757302507202e-07
2.450617361416334871e-07
2.534640608399405865e-07
2.610600546317622439e-07
2.678032236615283321e-07
2.736535727893622912e-07
2.785775060309032587e-07
2.825475294092224042e-07
2.855419920208365085e-07
2.875449200488112258e-07
2.885457809333094116e-07
