2.978972346E-2
1.096908841E-2
6.320572644E-2
-1.171927974E-1
-7.212589681E-2
-6.867686659E-2
8.179871365E-3
7.830696553E-2
-1.002838314E-1
-6.963007152E-2
-6.038552895E-2
2.625781298E-2
7.891739719E-3
1.230186038E-2
-4.905104265E-2
-2.716950700E-2
-8.738965727E-3
4.748743773E-2
5.603533611E-2
4.564089701E-2
6.349780411E-2
6.741718203E-2
8.859549463E-2
2.559734695E-2
2.829183638E-2
1.872297935E-2
5.498082563E-2
7.368370891E-2
-9.186026454E-2
8.148036152E-2
-8.825993538E-2
3.723245859E-2
7.921675593E-2
9.573168308E-2
-8.229272068E-2
-7.871081680E-2
-4.702820256E-2
-4.615196958E-2
2.504871413E-2
-1.025421768E-1
-5.480051413E-2
-9.092942625E-2
-1.365759224E-2
-4.579345137E-2
9.373252094E-2
-1.049899757E-1
-9.366864711E-2
-7.843913138E-2
-2.420596220E-2
-1.491931826E-2
-6.546532363E-2
-1.023329794E-1
-5.852846056E-2
-8.465964347E-3
-2.874238789E-2
1.859799214E-2
3.487280756E-2
6.011917070E-2
7.438299060E-2
-7.142727077E-2
-6.108283252E-2
-8.764091134E-2
-6.651588529E-2
-6.244981289E-2
4.489162192E-2
5.618926883E-2
7.076358795E-2
-9.495734423E-2
-7.197459042E-2
-9.003148228E-2
3.071266599E-2
5.018587410E-2
8.673908561E-2
7.482373714E-2
-1.081975773E-1
1.208668649E-1
5.553139374E-3
4.270366579E-2
6.160850450E-2
8.935002983E-2
-1.138325781E-1
-4.928128794E-2
-7.421714813E-2
-4.697491974E-2
-4.347922746E-3
4.056504741E-2
3.140203888E-3
6.517199427E-2
6.316362321E-2
1.008680463E-1
1.102592871E-1
-5.861397833E-2
-5.398677289E-2
-2.795627527E-2
7.670842856E-2
1.187124625E-1
-8.281504363E-2
-6.235968694E-2
-4.823269695E-2
-1.508048736E-2
-1.104717031E-1
-9.262466431E-2
-4.471262917E-2
-3.917563707E-2
-4.597106576E-2
1.179730147E-2
3.312691674E-2
-6.204392761E-2
-6.660074741E-2
-2.659262391E-3
-1.154791750E-2
1.895581488E-3
3.434456885E-2
7.514146715E-2
6.997549534E-2
-1.213187352E-1
-7.527363300E-2
-9.659535438E-2
-5.833308399E-2
1.451020967E-2
8.323936723E-3
3.001996689E-2
-1.126938686E-1
-8.432476968E-2
-4.019593820E-2
-4.086627066E-2
-2.010765672E-2
9.325160645E-3
3.964671120E-2
-5.044433847E-2
-4.441133887E-2
-2.168908902E-2
3.415248170E-2
5.799436569E-2
6.870456040E-2
8.482807875E-2
-9.741830081E-2
-7.161870599E-2
-4.692558199E-2
-4.918326810E-2
8.876518346E-3
1.131379325E-2
3.771202266E-2
-4.940890521E-2
-3.016002104E-2
-1.699807309E-2
1.732376590E-2
5.103711039E-2
6.803160161E-2
5.152982846E-2
7.373633981E-2
-7.746092975E-2
-4.483235255E-2
-3.006989695E-2
-1.108151302E-2
8.548878832E-4
-4.075579345E-3
9.152808227E-3
5.099040270E-2
7.831091434E-2
9.612111747E-2
-6.161962450E-2
-7.222127914E-2
-3.554176167E-2
-1.428384986E-2
1.865982823E-2
3.483268246E-2
5.712931231E-2
8.249079436E-2
-8.348076791E-2
-1.102072597E-1
-7.204103470E-2
-4.598158970E-2
-4.382586852E-2
-1.065852586E-2
2.166152559E-2
8.667659014E-2
6.733100861E-2
8.939936757E-2
8.839419484E-2
1.051183194E-1
4.859852046E-2
4.497253895E-2
6.585942954E-2
7.498227805E-2
8.100869507E-2
1.174809933E-1
-6.833808124E-2
-5.677467585E-2
-5.223759264E-2
-2.514337748E-2
1.549560810E-3
3.348675370E-2
4.455941916E-2
3.699366748E-2
6.490359455E-2
7.878258079E-2
-7.379744947E-2
-1.112644002E-1
-4.537177831E-2
6.687208079E-4
1.916307025E-2
3.958549351E-3
3.088304400E-2
4.865180328E-2
6.093554199E-2
9.662107378E-2
-7.700570673E-2
-8.036921173E-2
-1.756052300E-2
1.697511412E-2
-1.874659769E-2
3.350846097E-2
4.776833206E-2
4.865640774E-2
9.779925644E-2
9.650398046E-2
-4.718016461E-2
-5.745487660E-2
-8.828431368E-3
-1.886566542E-2
1.402407046E-2
1.947619952E-2
3.508265689E-2
5.772268027E-2
9.773149341E-2
-4.424359277E-2
3.014232405E-2
5.999286473E-2
-1.309566647E-1
-6.832690537E-2
-6.720463932E-2
-4.447317496E-2
-1.468315534E-2
-2.312053740E-2
-2.174369060E-2
5.872916430E-2
7.775701582E-2
-5.580173805E-2
-6.795654446E-2
-1.772695407E-2
-3.194341063E-2
2.572365105E-2
9.959313087E-3
8.499911427E-2
-7.848386467E-2
-8.189473301E-2
4.797028750E-2
4.372528195E-2
-1.102144942E-1
-8.661469072E-2
-8.017712831E-2
-3.929799423E-2
-2.000112552E-3
2.645976841E-2
1.767241955E-2
-3.723042086E-2
-2.021948807E-2
8.819944225E-3
2.232527919E-2
2.154443040E-2
7.599797100E-2
8.113302290E-2
1.147772968E-1
-8.374982327E-2
-5.136990920E-2
-2.585975826E-2
-9.628357366E-3
6.905646529E-3
2.963316068E-2
5.035099015E-2
6.569825858E-2
6.150917336E-2
-8.639103174E-2
-8.672784269E-2
-4.770445824E-2
-1.719410904E-2
-8.344265632E-3
-1.521534380E-2
2.750440873E-2
4.780846089E-2
8.214148134E-2
-8.073957264E-2
-8.843557537E-2
-6.381218880E-2
-2.938311733E-2
-1.337340754E-2
1.278536860E-2
2.158521675E-2
5.201728269E-2
4.312402382E-2
-2.545584738E-2
2.473953180E-2
-8.808560669E-2
5.501437560E-2
8.527606726E-2
-1.128951684E-1
-8.985715359E-2
-8.050078154E-2
-7.778655738E-2
-1.978400163E-2
