2.998422813E+1
2.983273125E+1
2.964206123E+1
2.945174980E+1
2.923886871E+1
2.908574867E+1
2.888745880E+1
2.858491135E+1
2.842005348E+1
2.820338249E+1
2.806160545E+1
2.784375763E+1
2.766990471E+1
2.745770836E+1
2.716388893E+1
2.698412132E+1
2.680039406E+1
2.662033844E+1
2.642368889E+1
2.626907730E+1
2.608160400E+1
2.589419746E+1
2.570519447E+1
2.540525818E+1
2.521332359E+1
2.503111649E+1
2.485179138E+1
2.465708733E+1
2.447644424E+1
2.431143951E+1
2.407487679E+1
2.381553078E+1
2.363284111E+1
2.342994690E+1
2.324441719E+1
2.307020950E+1
2.291941071E+1
2.270584869E+1
2.251157951E+1
2.219748878E+1
2.202613449E+1
2.183391762E+1
2.164766312E+1
2.149263763E+1
2.118437576E+1
2.100672150E+1
2.082225990E+1
2.064472008E+1
2.041834450E+1
2.024270248E+1
1.998443222E+1
1.974872971E+1
1.957512093E+1
1.939607239E+1
1.917680740E+1
1.901371765E+1
1.880762672E+1
1.862370682E+1
1.841539955E+1
1.825117683E+1
1.803568077E+1
1.785824013E+1
1.769478989E+1
1.748879242E+1
1.719549370E+1
1.698412514E+1
1.685191345E+1
1.665579224E+1
1.647341919E+1
1.631669807E+1
1.599093723E+1
1.582464790E+1
1.561343479E+1
1.541754913E+1
1.527425861E+1
1.503794670E+1
1.476892757E+1
1.458769894E+1
1.439495468E+1
1.422311592E+1
1.400550365E+1
1.382497025E+1
1.361218548E+1
1.341663361E+1
1.325238800E+1
1.306508541E+1
1.286492157E+1
1.265649128E+1
1.245851421E+1
1.225777245E+1
1.207141781E+1
1.186347866E+1
1.169155502E+1
1.152322388E+1
1.118630219E+1
1.099890518E+1
1.080593491E+1
1.062936974E+1
1.045181179E+1
1.027212715E+1
1.000414753E+1
9.805383682E+0
9.606256485E+0
9.459342957E+0
9.233413696E+0
9.052642822E+0
8.883798599E+0
8.579383850E+0
8.356916428E+0
8.193825722E+0
7.996239185E+0
7.782479286E+0
7.596946716E+0
7.390429020E+0
7.186860085E+0
7.011338711E+0
6.818843842E+0
6.610280991E+0
6.434987068E+0
6.234559536E+0
6.011728764E+0
5.812067509E+0
5.640041351E+0
5.427992344E+0
5.245860577E+0
5.054869652E+0
4.838071823E+0
4.695143223E+0
4.497068882E+0
4.236864567E+0
3.991061449E+0
3.820994854E+0
3.630468130E+0
3.433714628E+0
3.238881826E+0
3.043616295E+0
2.838502884E+0
2.659807444E+0
2.469578981E+0
2.277613163E+0
2.079607725E+0
1.867264032E+0
1.671178102E+0
1.401571989E+0
1.166449547E+0
9.671245217E-1
7.984275222E-1
5.939404368E-1
3.835380971E-1
2.157331407E-1
3.851980437E-3
-2.063023597E-1
-3.734238148E-1
-5.792634487E-1
-7.873383164E-1
-9.640470743E-1
-1.179218054E+0
-1.390547991E+0
-1.585747123E+0
-1.787284493E+0
-1.958145022E+0
-2.165723324E+0
-2.357479334E+0
-2.558678627E+0
-2.743108273E+0
-2.958839178E+0
-3.151680470E+0
-3.369022369E+0
-3.549555779E+0
-3.741681576E+0
-3.973365307E+0
-4.126753330E+0
-4.314508438E+0
-4.533409119E+0
-4.710967064E+0
-4.913440228E+0
-5.140747547E+0
-5.326121807E+0
-5.517858028E+0
-5.731142521E+0
-5.934315205E+0
-6.221199989E+0
-6.409706593E+0
-6.624551296E+0
-6.758821964E+0
-6.983545303E+0
-7.140196323E+0
-7.389184475E+0
-7.586379528E+0
-7.767079830E+0
-7.945156097E+0
-8.150173187E+0
-8.373499870E+0
-8.535132408E+0
-8.730075836E+0
-8.942309380E+0
-9.112022400E+0
-9.373469353E+0
-9.541067123E+0
-9.733228683E+0
-9.959430695E+0
-1.016051006E+1
-1.034473801E+1
-1.055800915E+1
-1.074668121E+1
-1.097691917E+1
-1.115298271E+1
-1.137440395E+1
-1.151204967E+1
-1.173579693E+1
-1.195251560E+1
-1.216369343E+1
-1.233765697E+1
-1.254751968E+1
-1.273076630E+1
-1.295274162E+1
-1.311710835E+1
-1.332715034E+1
-1.350886631E+1
-1.372872257E+1
-1.393663311E+1
-1.410186768E+1
-1.431383896E+1
-1.449496651E+1
-1.468441296E+1
-1.489124870E+1
-1.511701107E+1
-1.540737057E+1
-1.562083244E+1
-1.582092857E+1
-1.598758888E+1
-1.620039368E+1
-1.642838287E+1
-1.655567932E+1
-1.676567650E+1
-1.695308304E+1
-1.719129944E+1
-1.735810852E+1
-1.755573463E+1
-1.779888153E+1
-1.795306206E+1
-1.816400146E+1
-1.835811996E+1
-1.852361679E+1
-1.873514748E+1
-1.891278458E+1
-1.908859825E+1
-1.937243080E+1
-1.958152580E+1
-1.981308746E+1
-2.001462173E+1
-2.019417763E+1
-2.037510109E+1
-2.056879997E+1
-2.072780609E+1
-2.092195892E+1
-2.120309258E+1
-2.141068268E+1
-2.162060928E+1
-2.181508064E+1
-2.202336693E+1
-2.221737862E+1
-2.240184402E+1
-2.262762833E+1
-2.279859161E+1
-2.301384354E+1
-2.320401382E+1
-2.335949707E+1
-2.360194397E+1
-2.378534698E+1
-2.395019341E+1
-2.417622948E+1
-2.436307144E+1
-2.458909798E+1
-2.477321815E+1
-2.499923515E+1
-2.516239357E+1
-2.536415291E+1
-2.556596184E+1
-2.576921082E+1
-2.595580673E+1
-2.617125702E+1
-2.636563873E+1
-2.655016708E+1
-2.678333473E+1
-2.693090057E+1
-2.714971733E+1
-2.734650421E+1
-2.753391647E+1
-2.772759819E+1
-2.790785599E+1
-2.820211792E+1
-2.842391205E+1
-2.863281250E+1
-2.880484009E+1
-2.901309586E+1
-2.921839333E+1
-2.940157700E+1
-2.960047150E+1
-2.977986526E+1
-2.997424316E+1
