-4.065708071E-2
2.516975440E-2
-1.827102038E-3
2.069977112E-2
3.209214285E-2
4.641977325E-2
3.596218303E-2
4.682499915E-2
6.921635568E-2
8.819948137E-2
-6.868743338E-3
2.782477438E-2
1.000667736E-2
3.056004830E-2
3.101000749E-2
-5.261847749E-2
-1.087363809E-2
-2.190880664E-2
-7.365407888E-3
1.540091727E-2
5.791933276E-3
4.174454510E-2
2.801554650E-2
6.709615886E-2
-3.330709785E-2
-2.541966736E-2
-1.149463281E-2
1.183545589E-2
1.985577121E-2
3.784753382E-2
6.355109066E-2
7.052413374E-2
-1.914064027E-2
8.845599368E-3
4.558629543E-2
3.384066746E-2
3.701603413E-2
4.978919774E-2
9.928201139E-2
-8.937825263E-2
-2.783593023E-3
4.410090670E-2
4.229120538E-2
7.020771503E-2
-1.095731035E-1
-9.630063921E-2
1.292746048E-2
4.376870021E-2
7.975025475E-2
1.139997393E-1
-9.776366502E-2
-7.594856620E-2
-5.790352076E-2
-3.843951970E-2
-5.035396898E-4
3.182111681E-2
-8.737514913E-2
-5.413544551E-2
-9.061962366E-3
-2.927000867E-3
-5.664248951E-3
1.877231710E-2
4.187216610E-2
7.251342386E-2
8.595100045E-2
-3.026991617E-3
4.734863341E-2
5.217253417E-2
7.247592509E-2
8.968815953E-2
-9.120637178E-2
5.360394251E-3
2.623610385E-2
6.475558132E-2
6.294391304E-2
8.573062718E-2
-6.800390780E-2
-5.853964388E-2
4.543828219E-2
7.143128663E-2
8.542868495E-2
-8.757644892E-2
-7.387507707E-2
-4.992004484E-2
5.129827186E-2
9.281878918E-2
1.003641486E-1
-5.390059948E-2
-5.004963651E-2
-6.456408650E-2
-3.294072347E-3
1.461809501E-2
3.704300523E-2
3.454783931E-2
6.232751906E-2
-1.006752402E-1
-6.260111183E-2
-5.329210311E-2
-4.250822589E-2
6.618966162E-2
9.923267365E-2
-6.740395725E-2
-7.153318822E-2
-4.526520893E-2
-1.919523999E-2
-2.000770299E-3
2.346004359E-2
-8.860464394E-2
-5.322171375E-2
-3.515363857E-2
-1.855187863E-2
-2.454474755E-2
2.131879330E-2
4.884915426E-2
6.450692564E-2
8.645030111E-2
-7.394678146E-2
-5.137056857E-2
-3.994727880E-2
-3.508785740E-2
-4.941289313E-3
3.251776099E-2
5.005693808E-2
5.095224828E-2
8.783175051E-2
-8.571477234E-2
-7.479143888E-2
-5.987044424E-2
4.623689502E-2
-1.451382488E-1
-8.332683891E-2
-6.594685465E-2
-5.623788387E-2
-1.224456448E-2
-8.256773464E-3
2.472045459E-2
-6.162883341E-2
-4.341537878E-2
-2.497431263E-2
2.018534578E-2
1.364844665E-2
4.725259170E-2
4.189716280E-2
6.709550321E-2
-8.869147301E-2
-7.161147147E-2
-6.148805842E-2
-3.622459248E-2
-4.018212482E-2
-5.745858070E-4
1.302021556E-2
4.399170727E-2
6.469177455E-2
-8.240192384E-2
8.919346333E-2
-7.433424145E-2
-5.675033480E-2
-4.027685151E-2
2.106881700E-2
3.303810954E-2
2.871219255E-2
2.698932402E-2
7.015705854E-2
-9.025448561E-2
-1.013574153E-1
-6.264979392E-2
-5.431766436E-2
-4.429358616E-2
-1.332143880E-2
3.169678524E-2
2.586968988E-2
6.827499717E-2
-3.396361694E-2
2.828591503E-2
3.414392844E-2
4.296351224E-2
6.069411710E-2
-1.046821102E-1
-9.607763588E-2
-6.409373879E-2
-5.994806811E-2
-8.189674467E-3
1.154929772E-2
3.871653602E-2
3.364134207E-2
5.259354785E-2
9.568760544E-2
7.448429614E-2
-8.477669954E-2
-3.899802268E-2
-2.008660510E-2
-1.569950953E-2
2.040703595E-2
1.342807245E-2
6.257815659E-2
6.286168098E-2
-1.204240769E-1
-6.894263625E-2
-5.334078148E-2
-2.013002336E-2
-1.129070483E-2
3.985458612E-2
3.053373471E-2
5.986129865E-2
4.150312021E-2
9.660923481E-2
-1.014843732E-1
3.607401252E-2
5.238830298E-2
6.459639221E-2
9.647898376E-2
-7.114901394E-2
-5.402624607E-2
-3.527205065E-2
-1.499431115E-2
-6.063554436E-3
2.856088988E-2
3.666935489E-2
5.455652252E-2
6.533513963E-2
-8.402808756E-2
-9.669534117E-2
-8.341564238E-2
-2.663139813E-2
-1.682309061E-2
2.592955343E-2
3.256709874E-2
7.415800542E-2
5.149693787E-2
9.271485358E-2
-9.107349068E-2
-4.775050655E-2
-4.001766443E-2
-2.789707109E-2
2.112210169E-2
2.518225461E-2
1.935778931E-2
-3.343208879E-2
-3.299335018E-3
2.117735893E-2
4.509950057E-2
4.404564947E-2
-1.150982529E-1
-9.771498293E-2
-7.228837907E-2
-5.785352364E-2
-3.512206301E-2
8.142904937E-2
1.102014035E-1
-9.935233742E-2
-5.772524700E-2
-2.807863243E-2
5.230800714E-3
3.196452558E-2
1.961237192E-2
5.407367274E-2
-2.486577071E-2
-3.256769478E-2
1.426545787E-3
3.153166920E-2
6.799805164E-2
8.009627461E-2
7.307192683E-2
-5.983031541E-2
-2.973045409E-2
-2.853714302E-2
1.685604639E-2
3.669435158E-2
5.969552323E-2
4.605993629E-2
-1.232271120E-1
-1.087251529E-1
-9.341209382E-2
-6.512258947E-2
-1.528704725E-2
-9.917804971E-3
1.326756086E-2
-8.117637783E-2
-5.253756419E-2
-3.885790333E-2
-1.391615835E-3
-5.595833994E-3
3.508397564E-2
1.980116963E-2
-1.451678574E-1
-1.058037132E-1
-8.760012686E-2
-6.899920851E-2
-2.109572291E-2
-7.039780263E-3
5.111012980E-2
3.771991655E-2
4.759071767E-2
9.154785424E-2
7.843985409E-2
-8.497865498E-2
-6.768682599E-2
-3.860135004E-2
-8.474516682E-3
-1.153212972E-2
2.559076808E-2
