3.992469406E+1
3.974394608E+1
3.943465424E+1
3.925313568E+1
3.899804306E+1
3.868480682E+1
3.848666000E+1
3.819821930E+1
3.790713120E+1
3.759844971E+1
3.733541107E+1
3.713104630E+1
3.681785965E+1
3.662303543E+1
3.631342316E+1
3.599673462E+1
3.583029556E+1
3.552494049E+1
3.529642105E+1
3.502795792E+1
3.471173477E+1
3.443846130E+1
3.410424423E+1
3.397155762E+1
3.365470123E+1
3.334037018E+1
3.307857895E+1
3.286355209E+1
3.255149078E+1
3.235808563E+1
3.207630539E+1
3.176362038E+1
3.147222328E+1
3.116176033E+1
3.099505806E+1
3.069285965E+1
3.043812370E+1
3.011181450E+1
2.992598724E+1
2.966552734E+1
2.937423706E+1
2.905574799E+1
2.876456261E+1
2.858572006E+1
2.824314117E+1
2.797587204E+1
2.780078316E+1
2.751618576E+1
2.721682549E+1
2.692389107E+1
2.674377632E+1
2.643969727E+1
2.615841484E+1
2.598645782E+1
2.569215584E+1
2.539062881E+1
2.509845734E+1
2.493893623E+1
2.460400772E+1
2.430848122E+1
2.400538445E+1
2.383652306E+1
2.354495049E+1
2.322548294E+1
2.296618462E+1
2.275705719E+1
2.244774055E+1
2.217164993E+1
2.186320686E+1
2.168913651E+1
2.137161255E+1
2.108514023E+1
2.090713882E+1
2.061136246E+1
2.031250191E+1
2.002735519E+1
1.970213699E+1
1.954678154E+1
1.923212242E+1
1.897954369E+1
1.872844315E+1
1.844043350E+1
1.816003799E+1
1.795957565E+1
1.768382835E+1
1.738924789E+1
1.709691620E+1
1.689448929E+1
1.660743904E+1
1.632662773E+1
1.603627586E+1
1.584995174E+1
1.552466965E+1
1.522671318E+1
1.494980907E+1
1.476923561E+1
1.445788479E+1
1.414682961E+1
1.387780094E+1
1.369100094E+1
1.336450768E+1
1.309664345E+1
1.286241913E+1
1.260477448E+1
1.231024742E+1
1.200681591E+1
1.181639481E+1
1.151247787E+1
1.122196865E+1
1.105274010E+1
1.063351250E+1
1.044235802E+1
1.012662125E+1
9.986919403E+0
9.655734062E+0
9.359509468E+0
9.179532051E+0
8.895637512E+0
8.569363594E+0
8.277929306E+0
8.004623413E+0
7.819594860E+0
7.515062332E+0
7.201373100E+0
6.928106785E+0
6.720729828E+0
6.444835663E+0
6.175843716E+0
5.930300236E+0
5.671584606E+0
5.349035263E+0
5.053609848E+0
4.870284557E+0
4.581355572E+0
4.287843227E+0
4.007538795E+0
3.789844990E+0
3.501949787E+0
3.242080212E+0
3.044555664E+0
2.622881889E+0
2.430017471E+0
2.132564545E+0
1.948330879E+0
1.625330329E+0
1.355851173E+0
1.069407225E+0
8.724746704E-1
5.626518726E-1
3.646181226E-1
5.391053110E-2
-2.537144423E-1
-4.522652328E-1
-7.313336134E-1
-1.040571570E+0
-1.221038580E+0
-1.624152780E+0
-1.845183015E+0
-2.068266392E+0
-2.331462622E+0
-2.680297613E+0
-2.841993332E+0
-3.122971296E+0
-3.434180260E+0
-3.629449606E+0
-3.969241381E+0
-4.258175850E+0
-4.442093849E+0
-4.746700287E+0
-5.052977085E+0
-5.260122776E+0
-5.560153961E+0
-5.873854637E+0
-6.067805290E+0
-6.368249893E+0
-6.660299301E+0
-6.889148235E+0
-7.172459126E+0
-7.459880352E+0
-7.672238350E+0
-7.973621845E+0
-8.271767616E+0
-8.486550331E+0
-8.803425789E+0
-8.983700752E+0
-9.295856476E+0
-9.528756142E+0
-9.828927040E+0
-1.011140251E+1
-1.034498215E+1
-1.062264156E+1
-1.090459442E+1
-1.113454533E+1
-1.147263432E+1
-1.165214539E+1
-1.194863129E+1
-1.224776459E+1
-1.244698906E+1
-1.276112747E+1
-1.305452728E+1
-1.323779106E+1
-1.355003834E+1
-1.386097622E+1
-1.406207466E+1
-1.436162949E+1
-1.456036568E+1
-1.489118385E+1
-1.517710495E+1
-1.548581696E+1
-1.566911030E+1
-1.598992825E+1
-1.626984596E+1
-1.644071007E+1
-1.672266769E+1
-1.704284668E+1
-1.733342171E+1
-1.754611588E+1
-1.782960701E+1
-1.810275841E+1
-1.833452415E+1
-1.861033630E+1
-1.888939095E+1
-1.922176361E+1
-1.938568497E+1
-1.967359924E+1
-1.997380066E+1
-2.017687416E+1
-2.043232155E+1
-2.076277542E+1
-2.106611443E+1
-2.131086540E+1
-2.156625175E+1
-2.175568008E+1
-2.206052589E+1
-2.230634308E+1
-2.264772224E+1
-2.295116425E+1
-2.321884918E+1
-2.343076515E+1
-2.370477676E+1
-2.393136024E+1
-2.419729042E+1
-2.449586296E+1
-2.470031738E+1
-2.499385071E+1
-2.524688530E+1
-2.558105469E+1
-2.574682999E+1
-2.605425262E+1
-2.635230637E+1
-2.667021370E+1
-2.686742783E+1
-2.713878822E+1
-2.746914482E+1
-2.769452667E+1
-2.798300934E+1
-2.826062393E+1
-2.845239830E+1
-2.877742767E+1
-2.905208015E+1
-2.938542557E+1
-2.956797218E+1
-2.986665154E+1
-3.005858612E+1
-3.035979080E+1
-3.066367912E+1
-3.081695747E+1
-3.117191315E+1
-3.144210243E+1
-3.173416519E+1
-3.202200317E+1
-3.217891312E+1
-3.253472900E+1
-3.271326828E+1
-3.301057816E+1
-3.332428741E+1
-3.363375092E+1
-3.384667587E+1
-3.412489700E+1
-3.433726883E+1
-3.464551926E+1
-3.480782700E+1
-3.512665176E+1
-3.545177841E+1
-3.564541245E+1
-3.595118713E+1
-3.624680328E+1
-3.654275894E+1
-3.679960632E+1
-3.703630066E+1
-3.734492874E+1
-3.750131226E+1
-3.784046173E+1
-3.814999390E+1
-3.832564545E+1
-3.865091324E+1
-3.885260773E+1
-3.913173294E+1
-3.943479538E+1
-3.969913864E+1
-3.991506577E+1
