1.816105949857610162e-08
1.908529224562063769e-08
1.987404060155146941e-08
2.051233852679153203e-08
2.098810470377193799e-08
2.129235666748047540e-08
2.141936134024913866e-08
2.136671929131090793e-08
2.113538144359736430e-08
2.072959836904783987e-08
2.015680372498356606e-08
1.942743476880807010e-08
1.855469406588789523e-08
1.755425811841673043e-08
1.644393899832169218e-08
1.524330662908603082e-08
1.397328005678776095e-08
1.265569636596758282e-08
1.131286629332215819e-08
9.967126070280892503e-09
8.640394987295827752e-09
7.353747699463740314e-09
6.127009949944080838e-09
4.978386031308230089e-09
3.924125462976253968e-09
2.978235267599935522e-09
2.152243278671119183e-09
1.455016888746386283e-09
8.926403200959581307e-10
4.683521333301334181e-10
1.825434576891597331e-10
3.281614224516405379e-11
1.409868651129021845e-11
1.188165955314213206e-10
3.371126986311311362e-10
6.571119208537757000e-10
1.065224108177835340e-09
1.546477786748005904e-09
2.084877124211709547e-09
2.663773869644899912e-09
3.266246217115924450e-09
3.875475838166114545e-09
4.475115123726798894e-09
5.049636696390529289e-09
5.584657456558854912e-09
6.067231292595352898e-09
6.486103466902159510e-09
6.831921996613013376e-09
7.097402922520464508e-09
7.277445026411134139e-09
7.369193425149108944e-09
7.372051106947327355e-09
7.287638458733234143e-09
7.119704081592154461e-09
6.873987760351260705e-09
6.558040361934022905e-09
6.181006357464672664e-09
5.753372555909082106e-09
5.286690827347460746e-09
4.793281003028369148e-09
4.285920673447268077e-09
3.777530362857725211e-09
3.280859821334864166e-09
2.808183489639885836e-09
2.371012370774081899e-09
1.979827618572312653e-09
1.643842568179885692e-09
1.370797963825140895e-09
1.166794570178302658e-09
1.036166923809504294e-09
9.814000942874385496e-10
1.003091127042824518e-09
1.099955602200853852e-09
1.268878264477012671e-09
1.505006293604955859e-09
1.801882472048400526e-09
2.151614510768426602e-09
2.545076697491187513e-09
2.972138251346781452e-09
3.421912909993508867e-09
3.883024425298323372e-09
4.343880560793415626e-09
4.792949978171325755e-09
5.219035374140414148e-09
5.611535968622409146e-09
5.960695031739444496e-09
6.257824859933906557e-09
6.495504978864789334e-09
6.667750688431590108e-09
6.770145722595792225e-09
6.799938312039089246e-09
6.756098126383249975e-09
6.639332467084359264e-09
6.452062968196237906e-09
6.198363963329813434e-09
5.883860088164488056e-09
5.515593609668309393e-09
5.101855723321609055e-09
4.651993455890891269e-09
4.176193463904170003e-09
3.685245842963489052e-09
3.190299161584257271e-09
2.702605759494734683e-09
2.233268491073659525e-09
1.792992074779067160e-09
1.391844014296268051e-09
1.039032674258472186e-09
7.427057548685398288e-10
5.097734285864437339e-10
3.457610066147385842e-10
2.546933082924263359e-10
2.390131406373972174e-10
2.995358468109258672e-10
4.354400762113432663e-10
6.442950058924964669e-10
9.221230479637545669e-10
1.263495845064969484e-09
1.661662057470416860e-09
2.108702415443046282e-09
2.595709518085719866e-09
3.112988109921211127e-09
3.650269401014423972e-09
4.196936896476124594e-09
4.742258099928453772e-09
5.275614101614563713e-09
5.786726074915800378e-09
6.265872388177921796e-09
6.704087491617962738e-09
7.093347134279218256e-09
7.426725190226953889e-09
7.698528162742771224e-09
7.904401398140818673e-09
8.041399778883605008e-09
8.108033610037710671e-09
8.104274708927843921e-09
8.031535113947642640e-09
7.892614500311145115e-09
7.691613218483289019e-09
7.433822477150952325e-09
7.125589733686904294e-09
6.774158479124182362e-09
6.387495016121059625e-09
5.974101577222251284e-09
5.542816392367888815e-09
5.102615535522958026e-09
4.662409050187954811e-09
4.230845764781293631e-09
3.816126694863622727e-09
3.425828862441979687e-09
3.066750189961068125e-09
2.744770726612720589e-09
2.464739519907951592e-09
2.230386412451840802e-09
2.044259339279081994e-09
1.907691279965479241e-09
1.820795359088433284e-09
1.782486928969681704e-09
1.790534112459320381e-09
1.841634004641435333e-09
1.931511310367880643e-09
2.055039952449002158e-09
2.206380804050159415e-09
2.379135327569443711e-09
2.566510351566537153e-09
2.761488215661364973e-09
2.957002522110472008e-09
3.146110206780550511e-09
3.322160436231739354e-09
3.478954985007407033e-09
3.610894117446071874e-09
3.713108902806852402e-09
3.781575263436532260e-09
3.813204709314224793e-09
3.805914637355309745e-09
3.758674529120467048e-09
3.671524359706002782e-09
3.545571893557951692e-09
3.382960953365491403e-09
3.186818430979393218e-09
2.961178510337773914e-09
2.710883856918264058e-09
2.441471949199280532e-09
2.159042520320046186e-09
1.870114748527992118e-09
1.581474939674916988e-09
1.300017309777555246e-09
1.032584188390235822e-09
7.858074403860813493e-10
5.659543496140918471e-10
3.787829325807563952e-10
2.294087000389959938e-10
1.221858387519385143e-10
6.060603268853391835e-11
4.721635212722547093e-11
8.355840138158268944e-11
1.701297376479585508e-10
3.063682939166470857e-10
4.906602095784230003e-10
7.203704362486541974e-10
9.918956105657643908e-10
1.300738019648685710e-09
1.641598572034098789e-09
2.008486564115359969e-09
2.394844598299033136e-09
2.793684978164140117e-09
3.197735005603109112e-09
3.599587377238593480e-09
3.991855733405328160e-09
4.367323961499543652e-09
4.719096635756758148e-09
5.040739683266812857e-09
5.326410566212207492e-09
5.570979787843362530e-09
5.770128975925874729e-09
5.920439844479546966e-09
6.019460253692302945e-09
6.065750941801439435e-09
6.058910384613148800e-09
5.999583214869159081e-09
5.889437865358059381e-09
5.731133255048034752e-09
5.528261051114579986e-09
5.285269812245664328e-09
5.007376894888392711e-09
4.700457323621197137e-09
4.370929235943353916e-09
4.025625404405240997e-09
3.671658215269317316e-09
3.316283627636402007e-09
2.966757853842726614e-09
2.630201938761274113e-09
2.313467594443467521e-09
2.023010396243239048e-09
1.764774119465790059e-09
1.544083303315866111e-09
1.365552906468585269e-09
1.233011311598384371e-09
1.149440113674658041e-09
1.116931026784757672e-09
1.136661505612241521e-09
1.208886513890680318e-09
1.332949822105346359e-09
1.507311508979194340e-09
1.729591554654655630e-09
1.996629736385329126e-09
2.304556299712196372e-09
2.648876854082881909e-09
3.024565712904511697e-09
3.426167066766517842e-09
3.847900908953774971e-09
4.283775146026550217e-09
4.727692578455693659e-09
5.173562376559822341e-09
5.615405225474737024e-09
6.047452583582680692e-09
6.464243551593898352e-09
6.860703277836773214e-09
7.232220611607607012e-09
7.574709788255694764e-09
7.884659614658012501e-09
8.159176409628501893e-09
8.396001327934431875e-09
8.593527458141725163e-09
8.750798141869123369e-09
8.867493140325378401e-09
8.943910941013117199e-09
8.980926497303974413e-09
8.979954540578465346e-09
8.942898181709656969e-09
8.872092904734576489e-09
8.770244618010599200e-09
8.640371996485085650e-09
8.485732981487944333e-09
8.309765953161386993e-09
8.116025235971433999e-09
7.908119698411274411e-09
7.689662013331982103e-09
7.464209941924331425e-09
7.235226819732461609e-09
7.006042051746973365e-09
6.779820017989029166e-09
6.559535198943262286e-09
6.347960031876966278e-09
6.147648957528720457e-09
5.960940179375255991e-09
5.789958043075461743e-09
5.636621033719388423e-09
5.502659000557363594e-09
5.389624644070221031e-09
5.298916986103382267e-09
5.231801611947330817e-09
5.189431420180028473e-09
5.172870971408276775e-09
5.183110612101211151e-09
5.221086516934247810e-09
5.287692973589605858e-09
5.383790459724550157e-09
5.510213369413107145e-09
5.667763839572976304e-09
5.857208934515012212e-09
6.079268075589291786e-09
6.334596078001769801e-09
6.623760169221976683e-09
6.947217948192079407e-09
7.305280928248580331e-09
7.698085671068237775e-09
8.125557659697213565e-09
8.587373809432179496e-09
9.082932035324985461e-09
9.611308355938866318e-09
1.017123001521304533e-08
1.076104547996915392e-08
1.137870047051282534e-08
1.202171776854711342e-08
1.268719340121698467e-08
1.337178110458200348e-08
1.407170390069285984e-08
1.478276488972971088e-08
1.550036627290869587e-08
1.621954987500882173e-08
1.693502175801897201e-08
1.764120994349309508e-08
1.833231800219590026e-08
1.900238526856904495e-08
1.964536878682852516e-08
2.025520010589756713e-08
2.082587641017105680e-08
2.135153937100030203e-08
2.182655472821845215e-08
2.224560926944982348e-08
2.260377092498165177e-08
2.289658049133417476e-08
2.312012110695549885e-08
2.327108488446109720e-08
2.334682810279253893e-08
2.334543635648543107e-08
2.326574199883750865e-08
2.310736838490076225e-08
2.287074367599832831e-08
2.255710267111196721e-08
2.216849449719419428e-08
2.170774131210487521e-08
2.117842148623679968e-08
2.058482262064507654e-08
1.993188713732223189e-08
1.922514454503933237e-08
1.847065008071862479e-08
1.767488409836933806e-08
1.684467649654271003e-08
1.598711025199042392e-08
1.510942235218170008e-08
1.421891524324181206e-08
1.332284354256782870e-08
1.242832746630668937e-08
1.154225696163741882e-08
1.067120163884972511e-08
9.821335762579557006e-09
8.998353465637544991e-09
8.207410755737200366e-09
7.453068435175677804e-09
6.739246569088990929e-09
6.069195779455944606e-09
5.445469149429527397e-09
4.869917366322926310e-09
4.343689857114244896e-09
3.867248582455817494e-09
3.440392231484829477e-09
3.062293405362939917e-09
2.731539415325570678e-09
2.446187115123090966e-09
2.203821754920483548e-09
2.001621807866108897e-09
1.836429667280384223e-09
1.704821901093789090e-09
1.603184170211807460e-09
1.527784334129786193e-09
1.474844372226868099e-09
1.440609208325434938e-09
1.421412555474235946e-09
1.413735271261673920e-09
1.414259807460328682e-09
1.419916532739822619e-09
1.427922467871447778e-09
1.435813111277882611e-09
1.441463797007916162e-09
1.443104991155362048e-09
1.439328366596760801e-09
1.429085113609340985e-09
1.411678121548962833e-09
1.386745378742768693e-09
1.354239867166998332e-09
1.314403545557472690e-09
1.267737594591091274e-09
1.214970977350834370e-09
1.157025472113098810e-09
1.094982308058840811e-09
1.030048510595220718e-09
9.635252373380291571e-10
8.967787579683694903e-10
8.312158069986552786e-10
7.682619662156567414e-10
7.093465600225640555e-10
6.558923691544054238e-10
6.093112498050470989e-10
5.710061998842611001e-10
5.423783923965942209e-10
5.248408664675747912e-10
5.198370060191801231e-10
5.288638262263466994e-10
5.534991601431970434e-10
5.954323855383267187e-10
6.564964910309706550e-10
7.387020488026786815e-10
8.442707575648003313e-10
9.756677318582972519e-10
1.135632149451540789e-09
1.327203019400124007e-09
1.553741465129207953e-09
1.818948147917022981e-09
2.126870477820862765e-09
2.481909114800407989e-09
2.888807824774246906e-09
3.352644331562366509e-09
3.878806449779492544e-09
4.472957159389156063e-09
5.141002883575919922e-09
5.889035471323761999e-09
6.723286068536033337e-09
7.650059193061759261e-09
8.675656516123719577e-09
9.806318760494112992e-09
1.104812865188780438e-08
1.240695299517684527e-08
1.388833688227956273e-08
1.549744659364602518e-08
1.723898288678706942e-08
1.911708977596177461e-08
2.113532005250731077e-08
2.329652932444644017e-08
2.560286101317527297e-08
2.805568568714590507e-08
3.065553898992722511e-08
3.340215408944004165e-08
3.629438016838045798e-08
3.933024577413872530e-08
4.250694681255113004e-08
4.582083170192309378e-08
4.926752415173109831e-08
5.284186888047239377e-08
5.653808560542940237e-08
6.034980185384562053e-08
6.427007585557740522e-08
6.829160345636777580e-08
7.240666517821166589e-08
7.660735290487852002e-08
8.088561530356262581e-08
8.523328239338341899e-08
8.964232349000984046e-08
9.410474861948606296e-08
9.861286832074908488e-08
1.031593036490485032e-07
1.077369645830979000e-07
1.123393153580433171e-07
1.169601813984195537e-07
1.215940010054895151e-07
1.262357577988301136e-07
1.308808755089486293e-07
1.355254591357129042e-07
1.401659789732317629e-07
1.447995342752115428e-07
1.494234878315130211e-07
1.540356786768583242e-07
1.586342280140931156e-07
1.632173116850659159e-07
1.677833728642881073e-07
1.723306531989883896e-07
1.768574038121056093e-07
1.813616362178474602e-07
1.858408505769694239e-07
1.902922757402806033e-07
1.947123480729672250e-07
1.990969725267013956e-07
2.034412750348240590e-07
2.077393450199712757e-07
2.119845592707070352e-07
2.161690685506064254e-07
2.202841631472663639e-07
2.243200813563903986e-07
2.282658178465207688e-07
2.321095742471981434e-07
2.358382973144668473e-07
2.394381796766230908e-07
2.428945525754761117e-07
2.461917818013382311e-07
2.493138514699102619e-07
2.522439627641604214e-07
2.549652283812110560e-07
2.574602892613747468e-07
2.597119757745409610e-07
2.617032894708492442e-07
2.634173818957653348e-07
2.648382510467383676e-07
2.659503705502620779e-07
2.667393894048567336e-07
2.671921115764982806e-07
2.672964653474045343e-07
2.670421852181869251e-07
2.664203984513516576e-07
2.654242780118428549e-07
2.640489553134310489e-07
2.622914187470990044e-07
2.601510990927025413e-07
2.576293707230768247e-07
2.547300844020201991e-07
2.514593697816879987e-07
2.478254270332851633e-07
2.438389620488817801e-07
2.395125942154501805e-07
2.348612320898283692e-07
2.299017626902195405e-07
2.246527415367903288e-07
2.191346687442345372e-07
2.133693380062233809e-07
2.073800645113245829e-07
2.011913013702479196e-07
1.948282740552060248e-07
1.883171325111979698e-07
1.816843092614031390e-07
1.749566474949400251e-07
1.681610139129576939e-07
1.613239473278815459e-07
1.544717489089989073e-07
1.476299275748624734e-07
1.408233298463879238e-07
1.340756390958157347e-07
1.274094719133479913e-07
1.208461041695869569e-07
1.144052480282175765e-07
1.081051579670968116e-07
1.019622936329909913e-07
9.599145291218684156e-08
9.020562816631549599e-08
8.461591292551072836e-08
7.923165835140497997e-08
7.406030682902173234e-08
6.910757566253663063e-08
6.437743976619099681e-08
5.987215524568638122e-08
5.559245985501374777e-08
5.153754389616212004e-08
4.770526548249925337e-08
4.409222105333296928e-08
4.069384177742004666e-08
3.750460479288799085e-08
3.451808241545691357e-08
3.172714982779931188e-08
2.912408757170238093e-08
2.670069452880337413e-08
2.444846785623703714e-08
2.235866832567030330e-08
2.042248573743062762e-08
1.863109669144502275e-08
1.697579812258600394e-08
1.544807315920657291e-08
1.403965335181876155e-08
1.274260651110181002e-08
1.154935571732509836e-08
1.045274001027986733e-08
9.446028022424937218e-09
8.522925659120395737e-09
7.677596012942818536e-09
6.904635194728951164e-09
6.199071907250885300e-09
5.556338123382613838e-09
4.972236755762648019e-09
4.442917478018413715e-09
3.964828685379331465e-09
3.534685832905038621e-09
3.149426288716285759e-09
2.806166390145516668e-09
2.502167314250827055e-09
2.234792177193715000e-09
2.001477283463625959e-09
1.799700966582159894e-09
1.626958853008027387e-09
1.480749291804619018e-09
1.358558796082719471e-09
1.257860337594713360e-09
1.176114629288724279e-09
1.110778865592334911e-09
1.059325022525820036e-09
1.019260442766758831e-09
9.881585229739616824e-10
9.636921653044910109e-10
9.436721127582484349e-10
9.260914524260936476e-10
9.091696621873063626e-10
8.914022480268976884e-10
8.716078033817661935e-10
8.489781887764199629e-10
8.231253216653368439e-10
7.941257625722940557e-10
7.625638807120554941e-10
7.295677700604744373e-10
6.968426847887767552e-10
6.666964235974469062e-10
6.420579274496895048e-10
6.264898434031114978e-10
6.241906427957805659e-10
6.399905105404534219e-10
6.793369832337352625e-10
7.482716770635662937e-10
8.533997392062595593e-10
1.001848166653330975e-09
1.201218380868751334e-09
1.459529300517975132e-09
1.785152402178422043e-09
2.186743630172236041e-09
2.673164196873812318e-09
3.253402622398029313e-09
3.936489187756459769e-09
4.731405495865822967e-09
5.647001677023473365e-09
6.691898994538321332e-09
7.874410903428453723e-09
9.202445144731851190e-09
1.068343137985837441e-08
1.232423862950600725e-08
1.413109242439755878e-08
1.610952683617764211e-08
1.826430051791856722e-08
2.059936787766440740e-08
2.311782826355309754e-08
2.582187558984256743e-08
2.871281073175889615e-08
3.179098407655531898e-08
3.505583384026387295e-08
3.850587824843054976e-08
4.213870531148604936e-08
4.595105970196214504e-08
4.993880750094688809e-08
5.409704847540879573e-08
5.842014439633559258e-08
6.290173859502232065e-08
6.753491284933475993e-08
7.231215221848317689e-08
7.722551986931717475e-08
8.226669773136238351e-08
8.742700989061996455e-08
9.269762906984215940e-08
9.806950729196507273e-08
1.035335888399881943e-07
1.090808300053625668e-07
1.147021932232511395e-07
1.203888754229624645e-07
1.261321687045841423e-07
1.319236842917311991e-07
1.377553202169255889e-07
1.436191976991777715e-07
1.495078881019542938e-07
1.554141784302720660e-07
1.613313229627192850e-07
1.672527679510174356e-07
1.731723645719936009e-07
1.790842392720248800e-07
1.849826326533763054e-07
1.908621155139368427e-07
1.967172180246420650e-07
2.025426417117990391e-07
2.083330724651263450e-07
2.140829679095205378e-07
2.197867869737604045e-07
2.254385505085918475e-07
2.310320799750436295e-07
2.365607858598118793e-07
2.420174395196269928e-07
2.473944513462300043e-07
2.526834043308331458e-07
2.578753570725962518e-07
2.629606490411576935e-07
2.679286988005632172e-07
2.727683671053302201e-07
2.774675055435450767e-07
2.820133563314956280e-07
2.863924091946785214e-07
2.905902582673607018e-07
2.945920714393866298e-07
2.983821816767205349e-07
3.019446574272577335e-07
3.052629132726145371e-07
3.083202577097505885e-07
3.110998388140432584e-07
3.135845922051464705e-07
3.157578400653550136e-07
3.176029402112513497e-07
3.191039054019501903e-07
3.202453852786839117e-07
3.210126471819270671e-07
3.213922110891676030e-07
3.213715046263365820e-07
3.209394931766521898e-07
3.200866500953552374e-07
3.188049209154193460e-07
3.170883235508584480e-07
3.149325661930244810e-07
3.123356155722702076e-07
3.092976029546363403e-07
3.058207214075407867e-07
3.019097218420397164e-07
2.975714594492286705e-07
2.928153376257125258e-07
2.876531135327488644e-07
2.820986975440862698e-07
2.761684990929826963e-07
2.698808939538398202e-07
2.632565118810300828e-07
2.563179383252383570e-07
2.490894192902762579e-07
2.415970497647832772e-07
2.338681898457411004e-07
2.259316053948993175e-07
2.178171005922710227e-07
2.095551681056765187e-07
2.011770539800091352e-07
1.927141818188090244e-07
1.841982291810914119e-07
1.756605754544902391e-07
1.671323208375178954e-07
1.586439317777296269e-07
1.502249254422220608e-07
1.419038688718932011e-07
1.337079355571718912e-07
1.256629185384862395e-07
1.177929676824103212e-07
1.101203754032982801e-07
1.026656064444498087e-07
9.544701474792911847e-08
8.848090511801110132e-08
8.178140479665753475e-08
7.536038392223854839e-08
6.922755275694599619e-08
6.339035190774935738e-08
5.785408432905984937e-08
5.262192346115023176e-08
4.769496130212422016e-08
4.307237213285234953e-08
3.875144620300389052e-08
3.472777631355445102e-08
3.099536543036583465e-08
2.754675880238199989e-08
2.437324020043336298e-08
2.146494796288159741e-08
1.881107713964390001e-08
1.640000871234830347e-08
1.421949917067436291e-08
1.225682548100716961e-08
1.049893205777925242e-08
8.932591905029673627e-09
7.544525342298434785e-09
6.321538715578857098e-09
5.250631876788617468e-09
4.319097915163316082e-09
3.514619381056020271e-09
2.825337668537879941e-09
2.239922375639767736e-09
1.747620387538379039e-09
1.338295604005291930e-09
1.002461010278704674e-09
7.312967109430970231e-10
5.166638786451484346e-10
3.511096478740510954e-10
2.278678715538082278e-10
1.408571455131195390e-10
8.467639398088755041e-11
5.460140042094877371e-11
4.658282141033230901e-11
5.724783370046875548e-11
8.390678489117157851e-11
1.245659386833301400e-10
1.779477192648528649e-10
2.435190610119777792e-10
3.215283843483941772e-10
4.130520970212429804e-10
5.200494773438750123e-10
6.454271661550721116e-10
7.931112960657481281e-10
9.681264722065438205e-10
1.176682165927514872e-09
1.426261333540072589e-09
1.725714483317360419e-09
2.085350952501346954e-09
2.517032213714343765e-09
3.034258791792598420e-09
3.652249325694074295e-09
4.388015787738283450e-09
5.260418423362456424e-09
6.290215469572700934e-09
7.500089800032145724e-09
8.914653032815873844e-09
1.056044101155885468e-08
1.246586496157284048e-08
1.466115953844618121e-08
1.717828917620508054e-08
2.005081986038971771e-08
2.331379194979881830e-08
2.700351766517967156e-08
3.115739985208468200e-08
3.581368942070772800e-08
4.101120336719562933e-08
4.678907887084502996e-08
5.318640884677636405e-08
6.024195836358961811e-08
6.799379528719316873e-08
7.647888521392525069e-08
8.573279116454751912e-08
9.578918826530054469e-08
1.066795821734864349e-07
1.184327958387417222e-07
1.310746982565847197e-07
1.446277864932895498e-07
1.591107457821973952e-07
1.745382730949992534e-07
1.909205542303302973e-07
2.082631593686844157e-07
2.265667112224978771e-07
2.458265389978276419e-07
2.660327504670364213e-07
2.871697734858036969e-07
3.092165415360946280e-07
3.321463268643058348e-07
3.559265585486371559e-07
3.805192397794353383e-07
4.058805849705122255e-07
4.319615681612244976e-07
4.587079449541921599e-07
4.860602470923839732e-07
5.139545744423583397e-07
5.423222969638274275e-07
5.710909656960719499e-07
6.001844793725489262e-07
6.295232019339416573e-07
6.590250829597820254e-07
6.886053362971346503e-07
7.181776418925802996e-07
7.476543569545250019e-07
7.769466531659970311e-07
8.059658602951621041e-07
8.346230030466396784e-07
8.628301757875314276e-07
8.905005337720421702e-07
9.175491823069300163e-07
9.438924787550497280e-07
9.694501801850124369e-07
9.941447096549519368e-07
1.017901810476862851e-06
1.040651211406005963e-06
1.062325631623907837e-06
1.082862985902165817e-06
1.102205328040117241e-06
1.120299361071214511e-06
1.137096942787539903e-06
1.152553790646571236e-06
1.166631666293731617e-06
1.179297017160905513e-06
1.190521700532859131e-06
1.200281492571408596e-06
1.208558232303679373e-06
1.215338280724885697e-06
1.220612782577095832e-06
1.224377917696737033e-06
1.226633262349090435e-06
1.227383881522194296e-06
1.226638666319863261e-06
1.224410534835274828e-06
1.220716624277170327e-06
1.215576627921883849e-06
1.209014842617503151e-06
1.201058505259721649e-06
1.191737992273236018e-06
1.181087008360162746e-06
1.169141003436498667e-06
1.155939164486140582e-06
1.141522841975419375e-06
1.125935776012114119e-06
1.109224302857657669e-06
1.091435911353089682e-06
1.072621134515275675e-06
1.052832108073297052e-06
1.032122808550383773e-06
1.010549256601572812e-06
9.881682222146941020e-07
9.650389413658635873e-07
9.412218034163944974e-07
9.167785533478828632e-07
8.917724425223374401e-07
8.662670574315212581e-07
8.403277790104591609e-07
8.140205722036596916e-07
7.874120978048909585e-07
7.605697609288488821e-07
7.335606321899560076e-07
7.064525913212973896e-07
6.793131987599469685e-07
6.522096867091396503e-07
6.252088853757462539e-07
5.983762278913604184e-07
5.717765714410657299e-07
5.454731614029940881e-07
5.195275173315485346e-07
4.939992653219694361e-07
4.689452557428197507e-07
4.444201175288349152e-07
4.204753634266964253e-07
3.971592355569410722e-07
3.745165188684391272e-07
3.525878338842498116e-07
3.314100306249714850e-07
3.110155083902385600e-07
2.914321161633664596e-07
2.726830464107022039e-07
2.547863751850720400e-07
2.377554218294430829e-07
2.215983530847813079e-07
2.063182311868403001e-07
1.919130767911504420e-07
1.783757069663603292e-07
1.656941667853629876e-07
1.538516517373506226e-07
1.428267589389876196e-07
1.325937636880611849e-07
1.231227564847760388e-07
1.143801987812512827e-07
1.063291395696025917e-07
9.892969141871571974e-08
9.213936651825147693e-08
8.591372280164241861e-08
8.020675723223821312e-08
7.497146661517195816e-08
7.016041840077385918e-08
6.572624085878263042e-08
6.162231825022947698e-08
5.780329425625007762e-08
5.422567578743171639e-08
5.084842545963476542e-08
4.763347552744696922e-08
4.454636702782814435e-08
4.155672835129586917e-08
3.863880208357259426e-08
3.577193929683226864e-08
3.294101445251305322e-08
3.013690371015197893e-08
2.735682636865529992e-08
2.460469700583614336e-08
2.189143132736053810e-08
1.923517931395345409e-08
1.666157449110786360e-08
1.420387666915280846e-08
1.190310156462547725e-08
9.808102167222305192e-09
7.975593378520031115e-09
6.470161920761039448e-09
5.364206920408662335e-09
4.737856594338550653e-09
4.678846359670264039e-09
5.282356707348256623e-09
6.650830813372355766e-09
8.893751077102386805e-09
1.212739478982840332e-08
1.647456847091199198e-08
2.206430068504586143e-08
2.903155193913201815e-08
3.751687240880677036e-08
4.766606017565720033e-08
5.962981711444403415e-08
7.356331972531706638e-08
8.962591495672714544e-08
1.079806727380299388e-07
1.287939895687263707e-07
1.522352059415089529e-07
1.784760267049511423e-07
2.076902833936754994e-07
2.400533366877735083e-07
2.757416284254492794e-07
3.149322602258377450e-07
3.578021706759798031e-07
4.045280288838387291e-07
4.552853808904679685e-07
5.102481187894246039e-07
5.695879901997680303e-07
6.334733904142887735e-07
7.020694576742535537e-07
7.755368216106598046e-07
8.540311625249826147e-07
9.377015852447649582e-07
1.026690955934006039e-06
1.121134234500197348e-06
1.221157732977043441e-06
1.326878467993243412e-06
1.438401904330282486e-06
1.555822765560747129e-06
1.679222769483104458e-06
1.808669841434171633e-06
1.944217480703288749e-06
2.085901827713514052e-06
2.233743244192108400e-06
2.387743447569352441e-06
2.547884855700232401e-06
2.714130165479283463e-06
2.886418795669110399e-06
3.064669639651018664e-06
3.248777687180912029e-06
3.438613770855741050e-06
3.634024639546438291e-06
3.834828912886045550e-06
4.040821469658351465e-06
4.251769707347845949e-06
4.467414004189097748e-06
4.687468596034543295e-06
4.911617213189308673e-06
5.139519540723829284e-06
5.370807267302874942e-06
5.605085539167546588e-06
5.841934890013663553e-06
6.080906695535536498e-06
6.321532008453015686e-06
6.563317477147643021e-06
6.805747941682238519e-06
7.048289520419700614e-06
7.290384916006229533e-06
7.531464697450088706e-06
7.770943041588399233e-06
8.008221427379304478e-06
8.242692777664600932e-06
8.473736512055702754e-06
8.700732061341277749e-06
8.923054240226619622e-06
9.140077780815558293e-06
9.351182213549789706e-06
9.555746435120757078e-06
9.753163958089461902e-06
9.942837613357587536e-06
1.012418448501261394e-05
1.029664104974848909e-05
1.045965696136603262e-05
1.061271132536371801e-05
1.075530640056619546e-05
1.088697240668956039e-05
1.100727237445592268e-05
1.111579487678689021e-05
1.121217052234444298e-05
1.129606440163228307e-05
1.136718026305532508e-05
1.142526457742055127e-05
1.147009807478417811e-05
1.150151168909692880e-05
1.151937766621561675e-05
1.152361273741596096e-05
1.151418105821724735e-05
1.149108461134181861e-05
1.145437798717453691e-05
1.140415829912676318e-05
1.134056958718156850e-05
1.126379250699108464e-05
1.117405788237312795e-05
1.107163592366337078e-05
1.095683732084577820e-05
1.083001399316839598e-05
1.069154828586217511e-05
1.054186480906385142e-05
1.038141924955638469e-05
1.021069850952602008e-05
1.003022049883830824e-05
9.840523385140610512e-06
9.642175699888405242e-06
9.435765330818993358e-06
9.221899008989001135e-06
9.001201471926477269e-06
8.774305320280039074e-06
8.541859500070128774e-06
8.304519035231493660e-06
8.062944188380345018e-06
7.817799332283028056e-06
7.569743876695428500e-06
7.319439297709668237e-06
7.067540053659262699e-06
6.814692699815053259e-06
6.561534751824260620e-06
6.308686998047332098e-06
6.056759266305998716e-06
5.806342808143096118e-06
5.558009573974361352e-06
5.312311277011880571e-06
5.069773250701807763e-06
4.830899154829157893e-06
4.596164963970277294e-06
4.366018548953339125e-06
4.140879092966889374e-06
3.921132534842204959e-06
3.707135446282104838e-06
3.499210657112761161e-06
3.297647265878237876e-06
3.102700541331755396e-06
2.914588930352159332e-06
2.733497389261409949e-06
2.559574629882722468e-06
2.392933693805079965e-06
2.233652484089640548e-06
2.081772301106500332e-06
1.937300960841786589e-06
1.800211631272405040e-06
1.670444122694121787e-06
1.547906204328810027e-06
1.432473628193299583e-06
1.323993377101440408e-06
1.222284042269726057e-06
1.127137965660468590e-06
1.038323464277668480e-06
9.555862706272278623e-07
8.786531863652736010e-07
8.072338927892422113e-07
7.410241356752421375e-07
6.797081910024719519e-07
6.229629386626095535e-07
5.704606648794009489e-07
5.218727686846461792e-07
4.768735610396830252e-07
4.351437608629079311e-07
3.963750250378942014e-07
3.602736656259645376e-07
3.265649304433773023e-07
2.949973143925392399e-07
2.653466501910368475e-07
2.374207862194900960e-07
2.110637022071651155e-07
1.861598974921093251e-07
1.626387058778239911e-07
1.404783915338133035e-07
1.197104568214478052e-07
1.004235110566569083e-07
8.276715206655534721e-08
6.695564938040440716e-08
5.327136218984347345e-08
4.206805624918685710e-08
3.377383087881366375e-08
2.889383600378850493e-08
2.801267542440113641e-08
3.179645968928890932e-08
4.099455853165074666e-08
5.644093802202651844e-08
7.905513655814115644e-08
1.098428527551418025e-07
1.498960287205058953e-07
2.003926681545797276e-07
2.625960607101781883e-07
3.378536298933136164e-07
4.275953846457965289e-07
5.333315635074476751e-07
6.566504768647638084e-07
7.992152538840754629e-07
9.627604280900556336e-07
1.149088198562559582e-06
1.360063302135591530e-06
1.597609237327189884e-06
1.863702307595887305e-06
2.160366073409095060e-06
2.489665635170027068e-06
2.853699495134808958e-06
3.254594936665484975e-06
3.694499219133601422e-06
4.175572260412305198e-06
4.699979385169060969e-06
5.269879974808917870e-06
5.887423175339606481e-06
6.554736120817167257e-06
7.273915409315846122e-06
8.047018954551145843e-06
8.876051221903757477e-06
9.762960814918963728e-06
1.070962559837529047e-05
1.171784371513644190e-05
1.278932536095209233e-05
1.392567441624455014e-05
1.512838982556570928e-05
1.639884751071459361e-05
1.773829187818128753e-05
1.914782853780528052e-05
2.062840221538731156e-05
2.218080419500325468e-05
2.380565100119245035e-05
2.550338157323404496e-05
2.727423222697848855e-05
2.911825079803369241e-05
3.103527283300339237e-05
3.302491713481114422e-05
3.508658348115545019e-05
3.721942411672234336e-05
3.942236877011310231e-05
4.169409801339575051e-05
4.403304319203732540e-05
4.643738908589314582e-05
4.890504238066145328e-05
5.143367034305298518e-05
5.402067180044882195e-05
5.666318307297208833e-05
5.935808713134936647e-05
6.210197961461167229e-05
6.489122362798049903e-05
6.772191879600666822e-05
7.058991457198728666e-05
7.349082711545398394e-05
7.642000333426369552e-05
7.937259350583555407e-05
8.234351862355193490e-05
8.532749186093711630e-05
8.831904370034789824e-05
9.131248412879569630e-05
9.430199355639120316e-05
9.728158819151504482e-05
1.002451494958583872e-04
1.031864570813860574e-04
1.060991486176787122e-04
1.089768279328070784e-04
1.118130275014103778e-04
1.146012445677874859e-04
1.173349801414304186e-04
1.200076955184942434e-04
1.226129347252026460e-04
1.251442825638135405e-04
1.275954049328833812e-04
1.299600911386116680e-04
1.322322054094837783e-04
1.344058192923292493e-04
1.364751633074931492e-04
1.384346681380938383e-04
1.402790067174242952e-04
1.420030389546824182e-04
1.436019486420182204e-04
1.450711868380229522e-04
1.464065102832161206e-04
1.476040195585268274e-04
1.486600956087664853e-04
1.495715354080029620e-04
1.503354858385412486e-04
1.509494760575099488e-04
1.514114485550909970e-04
1.517196869933687701e-04
1.518729453890716049e-04
1.518703724442157621e-04
1.517115557049794942e-04
1.513964430076920659e-04
1.509254635021705054e-04
1.502994453281643241e-04
1.495196323685736594e-04
1.485876984785189934e-04
1.475056628855799011e-04
1.462759986442987569e-04
1.449015445027011339e-04
1.433855129909742949e-04
1.417314957727182367e-04
1.399433763660531624e-04
1.380254249375230022e-04
1.359822082347490106e-04
1.338185907193309117e-04
1.315397330177840197e-04
1.291510060865154171e-04
1.266580725881569810e-04
1.240667992742708065e-04
1.213832535768322206e-04
1.186136977201398266e-04
1.157645084128274882e-04
1.128422457850148194e-04
1.098535722586946480e-04
1.068052469683310174e-04
1.037041179162755616e-04
1.005570504112266589e-04
9.737098461612794017e-05
9.415286381696946760e-05
9.090962833215050353e-05
8.764820728639986227e-05
8.437545755715640690e-05
8.109821057951988770e-05
7.782321134292733377e-05
7.455711239620333136e-05
7.130646574507510012e-05
6.807767246049552365e-05
6.487701890022235234e-05
6.171062622999772538e-05
5.858444421722464328e-05
5.550424292111608648e-05
5.247557189890041704e-05
4.950378590198859825e-05
4.659400376715313550e-05
4.375110139983484663e-05
4.097970278760465029e-05
3.828414737520006447e-05
3.566850594820630241e-05
3.313654775717675015e-05
3.069173273104432506e-05
2.833720216030403372e-05
2.607575351854888796e-05
2.390984876753246837e-05
2.184158964882730296e-05
1.987271072948104840e-05
1.800457178857172702e-05
1.623814099969744161e-05
1.457400002500322139e-05
1.301232924009407412e-05
1.155290531019774742e-05
1.019509941293485587e-05
8.937871746014232916e-06
7.779779916909410173e-06
6.718977815146900135e-06
5.753223338769353238e-06
4.879888343086815188e-06
4.095969112149374278e-06
3.398105866119632834e-06
2.782600221485142041e-06
2.245439814766816315e-06
1.782325244486275850e-06
1.388703956826740253e-06
1.059806001396645476e-06
7.906859078953317424e-07
5.762691763427349282e-07
4.114034013861212860e-07
2.909150821251277976e-07
2.096707631862114179e-07
1.626435917537309801e-07
1.449847867899622120e-07
1.520999151493794763e-07
1.797300468958462551e-07
2.240372972806793242e-07
2.816947366413688518e-07
3.499803109735382981e-07
4.268742392219875706e-07
5.111599730573566645e-07
6.025276436387144674e-07
7.016799472427816525e-07
8.104398263791547646e-07
9.318589177703818355e-07
1.070327262060170412e-06
1.231682125870985617e-06
1.423316304348148808e-06
1.654284896784047617e-06
1.935408929412553138e-06
2.279377283010538794e-06
2.700843188582261466e-06
3.216516615340100095e-06
3.845251247813397397e-06
4.608123270499742560e-06
5.528506220543001268e-06
6.632134536318060362e-06
7.947159813221084629e-06
9.504198022881833524e-06
1.133636220494472222e-05
1.347929226474329995e-05
1.597116531541132358e-05
1.885269760489873174e-05
2.216713498993981915e-05
2.596022060401713194e-05
3.028016765386233171e-05
3.517760028545911577e-05
4.070548916135596995e-05
4.691907526704073764e-05
5.387575939194007936e-05
6.163501642520467707e-05
7.025825759891144394e-05
7.980869735126789601e-05
9.035121082763952879e-05
1.019521402628944140e-04
1.146791628385163299e-04
1.286010741169026084e-04
1.437875954404824403e-04
1.603091773122218978e-04
1.782367268698333311e-04
1.976414559588886473e-04
2.185945945259504307e-04
2.411671792538268191e-04
2.654297263854990280e-04
2.914520921121274287e-04
3.193031410354619571e-04
3.490505050649538900e-04
3.807603540822144562e-04
4.144970156200085409e-04
4.503228941171917056e-04
4.882981002366180165e-04
5.284802286460279011e-04
5.709241581563737370e-04
6.156816365347660613e-04
6.628013113854156878e-04
7.123283386767719850e-04
7.643042144560990847e-04
8.187666392770671150e-04
8.757490835530887035e-04
9.352809816757190432e-04
9.973873330662843747e-04
1.062088618283838718e-03
1.129400756749902998e-03
1.199334660957670790e-03
1.271896638241346066e-03
1.347087988770985945e-03
1.424905027325270484e-03
1.505339153162150133e-03
1.588376391408085481e-03
1.673998034863549656e-03
1.762180232267197139e-03
1.852894124884182101e-03
1.946106034686366591e-03
2.041776980317219249e-03
2.139863576473322298e-03
2.240317594630370900e-03
2.343086210729874389e-03
2.448112304878753871e-03
2.555333929611340073e-03
2.664685469098673504e-03
2.776097145549788307e-03
2.889495362908199323e-03
3.004803100277190532e-03
3.121939303740212893e-03
3.240820294172325547e-03
3.361359187488518162e-03
3.483466311235648965e-03
3.607049666634091871e-03
3.732014213302933120e-03
3.858263504483871141e-03
3.985698989223457681e-03
4.114220475171411796e-03
4.243726631438492387e-03
4.374114138652736988e-03
4.505279524823274304e-03
4.637118322489923623e-03
4.769525552100648338e-03
4.902396239817517244e-03
5.035624412911797465e-03
5.169105108230222755e-03
5.302733366471499427e-03
5.436404715500635886e-03
5.570015682907942210e-03
5.703462627527677679e-03
5.836643894628132725e-03
5.969458641201759626e-03
6.101807306066528783e-03
6.233592104867770323e-03
6.364715700637520179e-03
6.495083483945558560e-03
6.624602235440864122e-03
6.753180962140609492e-03
6.880729449110226797e-03
7.007160626892958676e-03
7.132389115816943972e-03
7.256331664726032443e-03
7.378907608871362704e-03
7.500037293238656644e-03
7.619644536004954900e-03
7.737655047039669436e-03
7.853996855894031237e-03
7.968600756303048996e-03
8.081398629243140286e-03
8.192325989003658784e-03
8.301320304652977378e-03
8.408321425402567190e-03
8.513272019557278220e-03
8.616115827424197446e-03
8.716800275210672203e-03
8.815274728898652920e-03
8.911490923677772499e-03
9.005403403265492546e-03
9.096967730862579732e-03
9.186143152269151194e-03
9.272890808589407882e-03
9.357174172197023354e-03
9.438959487813305613e-03
9.518213964764449947e-03
9.594908465396878236e-03
9.669015697528015804e-03
9.740510653627512325e-03
9.809371049255477190e-03
9.875575513453908882e-03
9.939106273210056644e-03
9.999947340259529235e-03
1.005808494450349290e-02
1.011350796007644791e-02
1.016620610460385044e-02
1.021617258677661594e-02
1.026340229681254115e-02
1.030789222129987331e-02
1.034964184396602524e-02
1.038865136045946831e-02
1.042492425554713935e-02
1.045846550380137747e-02
1.048928195244606780e-02
1.051738268410230132e-02
1.054277725292470866e-02
1.056547816144375734e-02
1.058549907879896383e-02
1.060285518145622462e-02
1.061756346933334129e-02
1.062964103196167159e-02
1.063910740263621958e-02
1.064598280580345176e-02
1.065028845248038730e-02
1.065204680877288902e-02
1.065127990669443442e-02
1.064801156412963079e-02
1.064226567986113585e-02
1.063406686341069295e-02
1.062343879721560844e-02
1.061040634917438143e-02
1.059499392426583447e-02
1.057722570077300819e-02
1.055712584150626451e-02
1.053471694579118795e-02
1.051002203717993876e-02
1.048306301426935733e-02
1.045386088241631248e-02
1.042243596409826549e-02
1.038880647349284432e-02
1.035299039737369413e-02
1.031500407940499735e-02
1.027486247402071250e-02
1.023257938315911761e-02
1.018816618621795102e-02
1.014163363492341999e-02
1.009299060292212676e-02
1.004224438674720769e-02
9.989400993046796545e-03
9.934464050466466564e-03
9.877436535269075446e-03
9.818319709108147900e-03
9.757113483542721039e-03
9.693816772078403879e-03
9.628426597892496622e-03
9.560939756334410969e-03
9.491351948794199758e-03
9.419658212819519844e-03
9.345853337893745422e-03
9.269931165239808299e-03
9.191886177811007044e-03
9.111712819147790507e-03
9.029405973115797041e-03
8.944961423969360892e-03
8.858375324550672725e-03
8.769645687187223315e-03
8.678771856636544740e-03
8.585755005354526320e-03
8.490598600761643799e-03
8.393307999778994860e-03
8.293891799251199362e-03
8.192361415487799114e-03
8.088731546890784441e-03
7.983020598564266254e-03
7.875250348302036824e-03
7.765447106839067082e-03
7.653641346936015596e-03
7.539868078901572693e-03
7.424167178329867112e-03
7.306583064681750582e-03
7.187165622967725716e-03
7.065969825544557263e-03
6.943055970041010251e-03
6.818489862186754777e-03
6.692342454759486574e-03
6.564690494543152718e-03
6.435616090929835616e-03
6.305206780467997353e-03
6.173555533463769528e-03
6.040760317910293629e-03
5.906924457749042692e-03
5.772156122665367955e-03
5.636568207063164145e-03
5.500278154041224159e-03
5.363407433328056320e-03
5.226081625671831661e-03
5.088429834393269971e-03
4.950584443858124795e-03
4.812680539203206126e-03
4.674855802763672706e-03
4.537249881711424501e-03
4.400003992952949451e-03
4.263260493167757986e-03
4.127162260537552661e-03
3.991852417583229874e-03
3.857473686689859207e-03
3.724167921460741493e-03
3.592075620298292461e-03
3.461335326345958349e-03
3.332083261691156165e-03
3.204452731864547693e-03
3.078573659413557859e-03
2.954572117926624556e-03
2.832569814670307402e-03
2.712683726741107852e-03
2.595025618527376388e-03
2.479701653478227213e-03
2.366812022778334596e-03
2.256450570420186468e-03
2.148704513094097570e-03
2.043654124431945867e-03
1.941372487576000861e-03
1.841925276706293194e-03
1.745370567209342857e-03
1.651758699240055096e-03
1.561132161143419803e-03
1.473525520881598105e-03
1.388965392256028041e-03
1.307470446738760814e-03
1.229051449784885654e-03
1.153711347387892296e-03
1.081445383469281391e-03
1.012241251060287022e-03
9.460792925073622508e-04
8.829327036641514788e-04
8.227677978154175360e-04
7.655442848557707540e-04
7.112155770976323361e-04
6.597291369744482346e-04
6.110268136534075358e-04
5.650452335182907723e-04
5.217161914191112242e-04
4.809670570349830780e-04
4.427212093273273684e-04
4.068984484801024945e-04
3.734154466151829756e-04
3.421861862785111367e-04
3.131224006890424806e-04
2.861340257142641684e-04
2.611296208957073254e-04
2.380168107772556013e-04
2.167027034487452851e-04
1.970942983425670754e-04
1.790988905544634100e-04
1.626244388301460698e-04
1.475799368347484265e-04
1.338757530070174592e-04
1.214239596522641681e-04
1.101386238270286302e-04
9.993609118850811982e-05
9.073523735862879587e-05
8.245769485601743781e-05
7.502806013977643309e-05
6.837406334093211512e-05
6.242672356878472412e-05
5.712047236446436531e-05
5.239325180342659804e-05
4.818659133529769990e-05
4.444565165141585802e-05
4.111925288268480780e-05
3.815987547050261631e-05
3.552363920620578663e-05
3.317026442577245920e-05
3.106300733487847002e-05
2.916858331621259570e-05
2.745707021709804061e-05
2.590179644905569840e-05
2.447921779218498303e-05
2.316877703450730700e-05
2.195275809514793541e-05
2.081612869499530920e-05
1.974637583685873255e-05
1.873333767086117027e-05
1.776902707917515044e-05
1.684745687601444097e-05
1.596446178328400693e-05
1.511752078551527387e-05
1.430558283671396818e-05
1.352889196285846412e-05
1.278881989697513866e-05
1.208770203537271078e-05
1.142867951252979767e-05
1.081554957895816208e-05
1.025262077048227563e-05
9.744579210733651258e-06
9.296362256459462787e-06
8.913041400366481808e-06
8.599715857136087954e-06
8.361413487113272456e-06
8.203003905481118252e-06
8.129120199986357079e-06
8.144090378443471847e-06
8.251879500061679560e-06
8.456038826678736008e-06
8.759666204937069137e-06
9.165373896323979639e-06
9.675264476087143411e-06
1.029091580018030001e-05
1.101337026300808885e-05
1.184313337439460755e-05
1.278017691533298078e-05
1.382394727077791554e-05
1.497338065082969797e-05
1.622691819396718864e-05
1.758252873600444762e-05
1.903773244646245715e-05
2.058962650721981002e-05
2.223491597198436149e-05
2.396993920276419942e-05
2.579070063257213688e-05
2.769290061777569120e-05
2.967196477164015875e-05
3.172307800979721782e-05
3.384120760588729161e-05
3.602113521058751072e-05
3.825748121271061922e-05
4.054473555260445811e-05
4.287727315852120954e-05
4.524938120833298008e-05
4.765527792622726303e-05
5.008912895756856948e-05
5.254507157301740945e-05
5.501721817891416322e-05
5.749967695461489538e-05
5.998656171224550838e-05
6.247200221593110026e-05
6.495015062418248554e-05
6.741520287396387536e-05
6.986137634138211733e-05
7.228295152059084541e-05
7.467426289416678709e-05
7.702968494839940107e-05
7.934368205608546810e-05
8.161076251523168739e-05
8.382553111120540773e-05
8.598267659188206665e-05
8.807695510693734793e-05
9.010325106757832248e-05
9.205652370937756897e-05
9.393187183948197548e-05
9.572452122341519793e-05
9.742980854890723522e-05
9.904325521035799423e-05
1.005605087499117996e-04
1.019774204672216036e-04
1.032900335226401035e-04
1.044945678939636179e-04
1.055874952499158967e-04
1.065655267105074239e-04
1.074255974946425980e-04
1.081649567858637294e-04
1.087811000300706126e-04
1.092718599332062314e-04
1.096353908773828187e-04
1.098701502166628426e-04
1.099749907830955149e-04
1.099490843982909959e-04
1.097920129623822070e-04
1.095037453339060422e-04
1.090846112589638429e-04
1.085353893610390872e-04
1.078572195681469834e-04
1.070516873275586807e-04
1.061207894653809063e-04
1.050668977103884474e-04
1.038928359142157905e-04
1.026017809111987858e-04
1.011973344474441995e-04
9.968347673282057942e-05
9.806451886017018968e-05
9.634516542570780004e-05
9.453040613195740126e-05
9.262557282463038241e-05
9.063628245636109332e-05
8.856838066641470027e-05
8.642798916237390847e-05
8.422139327902815071e-05
8.195508472610255513e-05
7.963569858567862245e-05
7.726995299417728741e-05
7.486468369081409344e-05
7.242673484802901256e-05
6.996299085018795538e-05
6.748031388219650421e-05
6.498548623943398617e-05
6.248523654110242880e-05
5.998614177770567594e-05
5.749465297581763800e-05
5.501704034308720011e-05
5.255934475771755518e-05
5.012740080972249155e-05
4.772675692215105263e-05
4.536269980657810057e-05
4.304021289907600120e-05
4.076394204200834765e-05
3.853821971452184758e-05
3.636700751470303147e-05
3.425392301218389509e-05
3.220221468989232296e-05
3.021474415788060313e-05
2.829401403967439521e-05
2.644213368803229215e-05
2.466084989780496623e-05
2.295153844453148235e-05
2.131520208444139650e-05
1.975250222056376754e-05
1.826374530249022323e-05
1.684891656785124801e-05
1.550768534974926829e-05
1.423941541108133940e-05
1.304319843216106007e-05
1.191785591097726533e-05
1.086197332378999062e-05
9.873914357224314561e-06
8.951838434567727933e-06
8.093732808056940635e-06
7.297423469566466105e-06
6.560606312853153975e-06
5.880864734739401390e-06
5.255688850198143378e-06
4.682502805800294905e-06
4.158678385508610606e-06
3.681560045615190127e-06
3.248480941846754387e-06
2.856779230868823877e-06
2.503818071650429904e-06
2.186997027413660714e-06
1.903769025260578745e-06
1.651651469381323676e-06
1.428236794324167768e-06
1.231204127326253165e-06
1.058325716935438198e-06
9.074755027444946981e-07
7.766340147313852518e-07
6.638924018998119660e-07
5.674563820852063581e-07
4.856471306587196587e-07
4.169027123958830016e-07
3.597773493755262089e-07
3.129399235217395593e-07
2.751721528513380644e-07
2.453650906958596513e-07
2.225157375851220528e-07
2.057225258892822552e-07
1.941803785699749590e-07
1.871756992880837682e-07
1.840805310564791892e-07
1.843470032658973938e-07
1.875013199843950876e-07
1.931377032497039894e-07
2.009126884183965039e-07
2.105390262523425418e-07
2.217802502813939784e-07
2.344451307529956946e-07
2.483823580953218936e-07
2.634759490628626527e-07
2.796403576289984669e-07
2.968166014754726660e-07
3.149683300574902944e-07
3.340782195678250889e-07
3.541453289895143953e-07
3.751819706981576965e-07
3.972118505435284248e-07
4.202679638490043765e-07
4.443907472020798075e-07
4.696273203487917265e-07
4.960298265625636878e-07
5.236552420144986801e-07
5.525645865202000754e-07
5.828222154840713504e-07
6.144961903811476208e-07
6.476578772569300196e-07
6.823815075602125172e-07
7.187450293572019143e-07
7.568290957323927362e-07
7.967179792127110737e-07
8.384991578058339100e-07
8.822626939598699005e-07
9.281021803148140083e-07
9.761131143808010160e-07
1.026393728090539291e-06
1.079044004836121600e-06
1.134164393525869804e-06
1.191856567635246832e-06
1.252220823524144299e-06
1.315356730907089797e-06
1.381361459831564089e-06
1.450327786388656310e-06
1.522344851166883046e-06
1.597494629767791377e-06
1.675852748958249886e-06
1.757486385323883759e-06
1.842451869936630757e-06
1.930795978140860970e-06
2.022551777211946916e-06
2.117740211344278587e-06
2.216368011771738254e-06
2.318425337423329717e-06
2.423888233782413840e-06
2.532714176805054504e-06
2.644845032249489691e-06
2.760205344462137539e-06
2.878700336171731288e-06
3.000220031162123815e-06
3.124634610999220299e-06
3.251799133980959517e-06
3.381552307970076605e-06
3.513714893781474764e-06
3.648095681765251241e-06
3.784486470861673682e-06
3.922668602981192772e-06
4.062412004244219275e-06
4.203473728501774757e-06
4.345605648063173943e-06
4.488548597114995192e-06
4.632040477761901955e-06
4.775815113370140858e-06
4.919600464329591818e-06
5.063127665466892762e-06
5.206123763849025089e-06
5.348320991825975409e-06
5.489454910094009475e-06
5.629261805827197004e-06
5.767488655107170290e-06
5.903883974613426362e-06
6.038207875910467175e-06
6.170229102197717529e-06
6.299721280398284332e-06
6.426473501263136417e-06
6.550279061137209970e-06
6.670946076358182078e-06
6.788293279235490144e-06
6.902145071413871384e-06
7.012342626653900979e-06
7.118730628984828963e-06
7.221168448530102332e-06
7.319524855966046187e-06
7.413672108183961046e-06
7.503497686766438292e-06
7.588889429695126874e-06
7.669747447313473635e-06
7.745978134167238736e-06
7.817487709342866548e-06
7.884194814786104887e-06
7.946014600805285496e-06
8.002871615311536298e-06
8.054693567556381426e-06
8.101404786263438523e-06
8.142939866981374047e-06
8.179227272071273809e-06
8.210203331546100019e-06
8.235806132923496092e-06
8.255969251156262094e-06
8.270636461840555768e-06
8.279745279941247717e-06
8.283241997304629828e-06
8.281075881558924294e-06
8.273193326774041977e-06
8.259553398579851880e-06
8.240111533397237602e-06
8.214835278779736142e-06
8.183698762500923058e-06
8.146677194771937899e-06
8.103762767308376279e-06
8.054948552476036430e-06
8.000244394584271436e-06
7.939671442601555957e-06
7.873256783981070938e-06
7.801049062972626575e-06
7.723102526386512002e-06
7.639492407196285024e-06
7.550309259767847406e-06
7.455653472209157240e-06
7.355649949439120686e-06
7.250432279177157744e-06
7.140156986196902422e-06
7.024997482981961535e-06
6.905138297837416238e-06
6.780788290542852434e-06
6.652165041999640491e-06
6.519507525335970628e-06
6.383069657654524667e-06
6.243114257869254792e-06
6.099924489636103991e-06
5.953788756714279107e-06
5.805011585218384044e-06
5.653906971631265882e-06
5.500792283101741344e-06
5.345997888340466695e-06
5.189852997437222870e-06
5.032694807892925632e-06
4.874862018593841014e-06
4.716689037255853951e-06
4.558513993640493174e-06
4.400666034443543182e-06
4.243472987345826250e-06
4.087255492140733398e-06
3.932321933974454940e-06
3.778975178582997219e-06
3.627501784997449598e-06
3.478178542070919831e-06
3.331267629373976454e-06
3.187012632286819987e-06
3.045643472311555495e-06
2.907372325688762919e-06
2.772390394232866310e-06
2.640873340464461043e-06
2.512974089252968341e-06
2.388828230883222875e-06
2.268551291165604463e-06
2.152236794152889630e-06
2.039961201860297192e-06
1.931778893475117574e-06
1.827727093816458246e-06
1.727824408330831401e-06
1.632070031406327034e-06
1.540448255511615235e-06
1.452925286329183182e-06
1.369453699217936967e-06
1.289971957066394633e-06
1.214404445695917292e-06
1.142665482939629977e-06
1.074657470135168615e-06
1.010274769018481354e-06
9.494038062560257737e-07
8.919235325564664570e-07
8.377087899842791279e-07
7.866292562386045735e-07
7.385525963389902083e-07
6.933447489261306886e-07
6.508704246155035391e-07
6.109956982713824910e-07
5.735872727650292461e-07
5.385148008626900509e-07
5.056510373300153996e-07
4.748721001784190308e-07
4.460592342619260256e-07
4.190980747687895912e-07
3.938801350930447600e-07
3.703026599446063098e-07
3.482685309454012085e-07
3.276872662064295262e-07
3.084741492389302840e-07
2.905509998085356590e-07
2.738457258910089234e-07
2.582919116108362903e-07
2.438292308387510227e-07
2.304024692435478413e-07
2.179617938416161915e-07
2.064621263216646990e-07
1.958625606478370862e-07
1.861264377826482049e-07
1.772203851173868965e-07
1.691143432861718166e-07
1.617809374656295962e-07
1.551949073290832994e-07
1.493330927295925115e-07
1.441736287772620278e-07
1.396959631081456798e-07
1.358803786759194718e-07
1.327075798678468308e-07
1.301587775725349861e-07
1.282151211700028237e-07
1.268578578324061913e-07
1.260680797887752484e-07
1.258265216763760729e-07
1.261138324443543969e-07
1.269102310881976038e-07
1.281958528280405737e-07
1.299506931779612730e-07
1.321545719330675529e-07
1.347875760829648650e-07
1.378298366063751884e-07
1.412620128542387377e-07
1.450653255879245331e-07
1.492215712241094495e-07
1.537136503220953394e-07
1.585253136600886421e-07
1.636416872250006771e-07
1.690492558183007087e-07
1.747357921779051856e-07
1.806908712808027727e-07
1.869054417067613564e-07
1.933723025557835830e-07
2.000859260800230460e-07
2.070422029214231661e-07
2.142388833378234897e-07
2.216748874255260247e-07
2.293507030424183328e-07
2.372680052756107790e-07
2.454291925442037680e-07
2.538377710495415966e-07
2.624973986404377592e-07
2.714122524511097196e-07
2.805864843029052858e-07
2.900236010090667850e-07
2.997268849407969242e-07
3.096982374555811550e-07
3.199386324312247437e-07
3.304475064384736495e-07
3.412220883782649409e-07
3.522579949671075784e-07
3.635479731286576363e-07
3.750825829357531801e-07
3.868496363472697470e-07
3.988335867585017685e-07
4.110164342895806779e-07
4.233764515255382704e-07
4.358892149198559979e-07
4.485271716666777307e-07
4.612591586135721434e-07
4.740516989061323998e-07
4.868677413603501853e-07
4.996680914458796626e-07
5.124111177390071786e-07
5.250524001511049377e-07
5.375464156463537538e-07
5.498452533397363943e-07
5.619004089154942462e-07
5.736625681712664234e-07
5.850813153138285667e-07
5.961071204827046915e-07
6.066899403814689995e-07
6.167812635020511155e-07
6.263338579201108599e-07
6.353014289525107537e-07
6.436405064639220041e-07
6.513101119574661970e-07
6.582713316429543232e-07
6.644894773229449680e-07
6.699323000887463909e-07
6.745721169792016763e-07
6.783852654493603533e-07
6.813514707700483282e-07
6.834559215572271693e-07
6.846871825653183324e-07
6.850391985899978357e-07
6.845104924208536314e-07
6.831033015372052150e-07
6.808254732165636453e-07
6.776881206372650113e-07
6.737074355488092449e-07
6.689036606105472805e-07
6.633000419541590108e-07
6.569245143190585691e-07
6.498072170661608266e-07
6.419821107390921106e-07
6.334858191384879454e-07
6.243565005228160218e-07
6.146353499815984442e-07
6.043641347939104365e-07
5.935866567197215688e-07
5.823475922545542292e-07
5.706914079102829674e-07
5.586637373643728261e-07
5.463090961999274391e-07
5.336722485016792865e-07
5.207971671505161120e-07
5.077261028843690503e-07
4.945008919467889079e-07
4.811609711222880826e-07
4.677446935983059660e-07
4.542884909859721870e-07
4.408261605472121931e-07
4.273901318967931844e-07
4.140098397915026165e-07
4.007130010455960746e-07
3.875250029930423740e-07
3.744684162857651619e-07
3.615642117685307728e-07
3.488304822213151331e-07
3.362836558268081974e-07
3.239380822881632077e-07
3.118057295038999029e-07
2.998973107024838779e-07
2.882212967761748417e-07
2.767850176298251208e-07
2.655943833278651743e-07
2.546536958573090224e-07
2.439666338707466361e-07
2.335354754829738279e-07
2.233620353798511375e-07
2.134474512639109424e-07
2.037920413909571285e-07
1.943961032938505712e-07
1.852592731566514536e-07
1.763812636270310126e-07
1.677616623895165266e-07
1.593997871296181229e-07
1.512952804378217905e-07
1.434475572126725654e-07
1.358563380840542599e-07
1.285214366989460281e-07
1.214425948694736762e-07
1.146198881510715363e-07
1.080532437786482745e-07
1.017427962647732359e-07
9.568866995807311131e-08
8.989080571604831634e-08
8.434921915096735397e-08
7.906359591666722050e-08
7.403351904156246603e-08
6.925827290650964655e-08
6.473668944087505339e-08
6.046731552140251193e-08
5.644810252458310457e-08
5.267656312019789817e-08
4.914962691925368944e-08
4.586353529658253180e-08
4.281397296333839250e-08
3.999586361216914944e-08
3.740350655915480091e-08
3.503050399812301324e-08
3.286972135081419606e-08
3.091342297845342680e-08
2.915317003587614102e-08
2.757996860812687685e-08
2.618426948188104175e-08
2.495599166725592072e-08
2.388467963561136506e-08
2.295948065023479274e-08
2.216931274147154401e-08
2.150291783775677915e-08
2.094892732025973389e-08
2.049603547304398388e-08
2.013301899602436330e-08
1.984891250457065413e-08
1.963308167737410794e-08
1.947529768055129432e-08
1.936590519754108889e-08
1.929584159213558231e-08
1.925679520470386104e-08
1.924126113822146067e-08
1.924258955043410738e-08
1.925512076270398938e-08
1.927416713194033832e-08
1.929612806419337855e-08
1.931849797634435627e-08
1.933986185438614135e-08
1.935997546275660960e-08
1.937968741939224537e-08
1.940099423868864110e-08
1.942698541929847557e-08
1.946177538181750841e-08
1.951052159025010303e-08
1.957928305216215869e-08
1.967501570583121224e-08
1.980545871287885800e-08
1.997901004517317000e-08
2.020469487726557444e-08
2.049197404981948103e-08
2.085069965210815609e-08
2.129096369728224040e-08
2.182293975660265764e-08
2.245683253920641060e-08
2.320266048914475201e-08
2.407020774164524654e-08
2.506886626328823193e-08
2.620747343172702165e-08
2.749427140210227130e-08
2.893676052623815354e-08
3.054154821675198371e-08
3.231435909557766186e-08
3.425982393958551454e-08
3.638151765787421389e-08
3.868185061344886214e-08
4.116195195711973742e-08
4.382177206826069152e-08
4.665988607011259533e-08
4.967363432313041792e-08
5.285906126383580100e-08
5.621083838031484279e-08
5.972248523047077894e-08
6.338617310828600372e-08
6.719298681525085533e-08
7.113290105754595330e-08
7.519472988135318932e-08
7.936647291414112006e-08
8.363508734892925906e-08
8.798687012101305335e-08
9.240744486397369633e-08
9.688171009243603100e-08
1.013942984976701023e-07
1.059292762519571934e-07
1.104706282558794792e-07
1.150022199720920548e-07
1.195077110777427727e-07
1.239711031995505815e-07
1.283763284655692337e-07
1.327078118373119758e-07
1.369503748954376233e-07
1.410890872230897360e-07
1.451098748242372259e-07
1.489989747625065580e-07
1.527435492104501132e-07
1.563315115135923390e-07
1.597513023827988546e-07
1.629925365926912342e-07
1.660453232126900352e-07
1.689009136079525909e-07
1.715514491151373337e-07
1.739896679687173775e-07
1.762095775399116534e-07
1.782056631259123173e-07
1.799735616925164722e-07
1.815097484662601925e-07
1.828111966871381453e-07
1.838760709069244110e-07
1.847028644196393583e-07
1.852910964952065022e-07
1.856409659550697166e-07
1.857529938075301200e-07
1.856287352850061180e-07
1.852698921641716307e-07
1.846790300450280450e-07
1.838592274512657048e-07
1.828137290527427643e-07
1.815466686832867525e-07
1.800621976407268377e-07
1.783652103370796633e-07
1.764610088656027254e-07
1.743549839680632018e-07
1.720533306770632577e-07
1.695622210447660098e-07
1.668885150468003114e-07
1.640394477632045954e-07
1.610223418497054061e-07
1.578452870350725411e-07
1.545163718259847620e-07
1.510443477400433957e-07
1.474383355473919426e-07
1.437075629232070750e-07
1.398619746083813849e-07
1.359115282970733422e-07
1.318667792903045462e-07
1.277385985027960848e-07
1.235379264306491797e-07
1.192762859193812245e-07
1.149651455184737050e-07
1.106164005676627517e-07
1.062421001443109601e-07
1.018542139065530112e-07
9.746503365911755649e-08
9.308661173812054770e-08
8.873113123420073307e-08
8.441064888734053958e-08
8.013688130161207748e-08
7.592150042328757217e-08
7.177566049209156400e-08
6.771026901687930054e-08
6.373576226152277838e-08
5.986192611226108139e-08
5.609810759471937660e-08
5.245284612765011885e-08
4.893407136004812228e-08
4.554893172445288116e-08
4.230366771037644588e-08
3.920377070558819024e-08
3.625372904251327636e-08
3.345718398536183354e-08
3.081682685434468262e-08
2.833433639458645577e-08
2.601051475297602092e-08
2.384514612686577547e-08
2.183713693601775127e-08
1.998448428919990575e-08
1.828427630372216109e-08
1.673282440171833401e-08
1.532561607928996778e-08
1.405745262032500730e-08
1.292247583787317172e-08
1.191421555799437147e-08
1.102572259233386529e-08
1.024958321646266794e-08
9.578053368506031521e-09
9.003117834440995685e-09
8.516558569038685272e-09
8.110079864343160584e-09
7.775346003847279485e-09
7.504100582670105792e-09
7.288227593307180984e-09
7.119812043984792916e-09
6.991238211687855455e-09
6.895238921372044079e-09
6.824940387568093227e-09
6.773945245734581027e-09
6.736340988901209246e-09
6.706768233617433871e-09
6.680436683997815845e-09
6.653133644715377659e-09
6.621268776704361243e-09
6.581845232511464706e-09
6.532489265336475963e-09
6.471428725365938357e-09
6.397465222440371447e-09
6.309983009180814221e-09
6.208887806778292003e-09
6.094604468803641529e-09
5.968027428014163562e-09
5.830468530937707551e-09
5.683641709009014876e-09
5.529585610017841268e-09
5.370643555831056979e-09
5.209403263571429912e-09
5.048638162312643678e-09
4.891284227387305897e-09
4.740365416976210776e-09
4.598972401022122920e-09
4.470209175613257395e-09
4.357144062737507917e-09
4.262794088276638409e-09
4.190067243638849298e-09
4.141753368415383761e-09
4.120489170612789387e-09
4.128727931210317181e-09
4.168741501634935180e-09
4.242583734200038010e-09
4.352100654362286365e-09
4.498916294045691807e-09
4.684420982091820307e-09
4.909794343107595715e-09
5.175984137838049715e-09
5.483736535424874187e-09
5.833596910927857473e-09
6.225909126097188278e-09
6.660857731813881055e-09
7.138449427432171270e-09
7.658560312573775377e-09
8.220941057670445685e-09
8.825215949884763611e-09
9.470940488100485894e-09
1.015757023055640025e-08
1.088452132164366956e-08
1.165116890170261611e-08
1.245683510973141663e-08
1.330085941413808762e-08
1.418254121481288373e-08
1.510121211402710431e-08
1.605621904507727561e-08
1.704689355987347134e-08
1.807263536664370557e-08
1.913281887903299989e-08
2.022687920138888681e-08
2.135427540831683679e-08
2.251443747427859498e-08
2.370686708906370362e-08
2.493100250744337730e-08
2.618632366655358983e-08
2.747229477727195281e-08
2.878828880104001965e-08
3.013371261264127992e-08
3.150782785735064342e-08
3.290988322264873858e-08
3.433903825059268526e-08
3.579426780734699051e-08
3.727452062275721167e-08
3.877849618492071671e-08
4.030481371703457151e-08
4.185192083113916557e-08
4.341798205346045763e-08
4.500108057071267413e-08
4.659895276698396340e-08
4.820920379036341920e-08
4.982920548287001600e-08
5.145597386649824976e-08
5.308642329472017295e-08
5.471706127897984598e-08
5.634425925996309823e-08
5.796414406534402089e-08
5.957246915518575292e-08
6.116492770595127720e-08
6.273681077269427875e-08
6.428333832089725666e-08
6.579954694111607419e-08
6.728015819917901174e-08
6.871995186910615290e-08
7.011339000793693609e-08
7.145500702107223339e-08
7.273929336262417947e-08
7.396056142499682784e-08
7.511337227523600271e-08
7.619212706295586514e-08
7.719150639710613388e-08
7.810634590984551474e-08
7.893149645789632976e-08
7.966228864575710189e-08
8.029409207380170979e-08
8.082278543203439192e-08
8.124461666681507470e-08
8.155605145978726375e-08
8.175425207625484878e-08
8.183660577865352922e-08
8.180120057849389980e-08
8.164666232120632318e-08
8.137198537165061555e-08
8.097699878257219525e-08
8.046186900961047293e-08
7.982755484365994490e-08
7.907561742063689230e-08
7.820803093667041823e-08
7.722761166224862038e-08
7.613750694887212674e-08
7.494160762966463995e-08
7.364433452218586081e-08
7.225043427412414889e-08
7.076535508275084677e-08
6.919474213414339921e-08
6.754479549011054589e-08
6.582204580306190177e-08
6.403314858698290960e-08
6.218520195780201187e-08
6.028527489168568022e-08
5.834070992930736440e-08
5.635890790949424412e-08
5.434713951315929211e-08
5.231276832137114807e-08
5.026305141317803073e-08
4.820497054835376854e-08
4.614547164537297292e-08
4.409110013402023264e-08
4.204823353786024229e-08
4.002292308325682621e-08
3.802076923858565219e-08
3.604712691155900289e-08
3.410682905930711354e-08
3.220438837637213483e-08
3.034388964321050715e-08
2.852891513150154703e-08
2.676272254770589686e-08
2.504805649758943043e-08
2.338732295128341617e-08
2.178252954875943620e-08
2.023525431001188531e-08
1.874679596616883262e-08
1.731805873834268060e-08
1.594969614974252727e-08
1.464208559598627037e-08
1.339532439793526225e-08
1.220934639176671890e-08
1.108385680118640782e-08
1.001843820383328549e-08
9.012540826550463035e-09
8.065487161907311603e-09
7.176548307209581597e-09
6.344905349648208697e-09
5.569712658539230938e-09
4.850088397714699789e-09
4.185113722529071907e-09
3.573868313448790085e-09
3.015401967911182462e-09
2.508758403446652166e-09
2.052959554569029072e-09
1.646995263512836068e-09
1.289827194044014851e-09
9.803651949044457453e-10
7.174647529279934305e-10
4.999090235074488300e-10
3.263949468473499082e-10
1.955233183322951538e-10
1.057834233279959188e-10
5.554397166402796840e-11
4.304311342396805736e-11
6.638198326064459360e-11
1.235212769889919685e-10
2.122802968640545203e-10
3.303405796896080413e-10
4.752530279205412923e-10
6.444473869481733142e-10
8.352500207283095458e-10
1.044898839767210471e-09
1.270570246017379465e-09
1.509404434417889621e-09
1.758530484349939762e-09
2.015107978967492253e-09
2.276350202430848450e-09
2.539571840322881760e-09
2.802222670502008025e-09
3.061917413555158943e-09
3.316490692626003104e-09
3.564012740878456903e-09
3.802843537095998952e-09
4.031657407021474769e-09
4.249460272955382831e-09
4.455639539679050354e-09
4.649954423802504916e-09
4.832577708585111086e-09
5.004093840057284717e-09
5.165487698911290734e-09
5.318172608264280903e-09
5.463943365073710117e-09
5.604992306809249480e-09
5.743872184139598213e-09
5.883450084559998077e-09
6.026907871082377462e-09
6.177657881954562867e-09
6.339333626495416593e-09
6.515722507290903391e-09
6.710691950111208556e-09
6.928172643519236449e-09
7.172049131856269306e-09
7.446141360943255924e-09
7.754124809199255482e-09
8.099446861427926588e-09
8.485317115867950988e-09
8.914591508834847689e-09
9.389771958645897867e-09
9.912936471045497654e-09
1.048566681976064675e-08
1.110907554025648291e-08
1.178369907511377153e-08
1.250954378864240753e-08
1.328604327340905620e-08
1.411201158808069593e-08
1.498573072655658179e-08
1.590485638916351678e-08
1.686652898057539725e-08
1.786736165143213163e-08
1.890341950461921839e-08
1.997037665909444844e-08
2.106342283561837453e-08
2.217744167637561997e-08
2.330701702828114002e-08
2.444642391091352037e-08
2.558984697323731281e-08
2.673126433926752710e-08
2.786467954531300734e-08
2.898412243535477403e-08
3.008362899285571792e-08
3.115750009200489698e-08
3.220013674087367351e-08
3.320630249140882126e-08
3.417109405213952227e-08
3.508988826335473520e-08
3.595861623320963863e-08
3.677353276258132585e-08
3.753148620965173514e-08
3.822984292572593587e-08
3.886639000351519731e-08
3.943956684900866657e-08
3.994836046619987043e-08
4.039218232139992232e-08
4.077113124405114327e-08
4.108566243269647731e-08
4.133684293608010232e-08
4.152620644751320511e-08
4.165559746926257889e-08
4.172742189994221069e-08
4.174427990991400581e-08
4.170921238520923112e-08
4.162553409336434094e-08
4.149666475207000868e-08
4.132637328807140423e-08
4.111840253013615072e-08
4.087671368907940844e-08
4.060531892124969691e-08
4.030811859672459715e-08
3.998914670652785832e-08
3.965221032511975716e-08
3.930113812345252419e-08
3.893962742922091643e-08
3.857109956950985171e-08
3.819895017451413268e-08
3.782621512459491662e-08
3.745582424887189679e-08
3.709046820089764676e-08
3.673247393750185251e-08
3.638405854963334861e-08
3.604702186209727125e-08
3.572300208754645574e-08
3.541335966322107972e-08
3.511906795058630165e-08
3.484096674207486784e-08
3.457947492730521447e-08
3.433484424583616492e-08
3.410705432017313326e-08
3.389571240454572363e-08
3.370030453925933865e-08
3.351992149157194757e-08
3.335351015264878182e-08
3.319977636108550748e-08
3.305709113732513918e-08
3.292374183872832955e-08
3.279766880596260298e-08
3.267671843501284632e-08
3.255855470867413610e-08
3.244057402499119324e-08
3.232016158047266733e-08
3.219444047706964692e-08
3.206053175996957827e-08
3.191547753269785727e-08
3.175616799194693738e-08
3.157960590874957306e-08
3.138267070578120146e-08
3.116238598645689146e-08
3.091585424123426553e-08
3.064019614804852599e-08
3.033281773352253408e-08
2.999118846936338993e-08
2.961310693685286948e-08
2.919664062896543437e-08
2.874007080432843498e-08
2.824214608337668819e-08
2.770186877742558930e-08
2.711873907676045074e-08
2.649268770086445579e-08
2.582401427539239562e-08
2.511360386004019192e-08
2.436271406675962569e-08
2.357317384994459417e-08
2.274729677291517566e-08
2.188780174329680561e-08
2.099797084741062554e-08
2.008143454690139963e-08
1.914230714109171951e-08
1.818507657026367587e-08
1.721450505756496459e-08
1.623571922501457080e-08
1.525400113147789250e-08
1.427485822761786815e-08
1.330389955745231643e-08
1.234672737508069314e-08
1.140896980535566037e-08
1.049609679838774184e-08
9.613441928065300193e-09
8.766088038776301909e-09
7.958772492100887318e-09
7.195890271759336047e-09
6.481359149550544569e-09
5.818625025563708556e-09
5.210584860170241370e-09
4.659530770836728608e-09
4.167158711101124792e-09
3.734501145095121542e-09
3.361949246370653375e-09
3.049232852832634413e-09
2.795418765642027430e-09
2.598952396075807554e-09
2.457659096182214566e-09
2.368803470956212804e-09
2.329126766454600584e-09
2.334895194441112183e-09
2.381981756915616854e-09
2.465915263748290859e-09
2.581974548475197728e-09
2.725261018298170344e-09
2.890771983250713997e-09
3.073506268748555761e-09
3.268522794701924992e-09
3.471046109722288340e-09
3.676536507958348436e-09
3.880751362203530697e-09
4.079842619346944974e-09
4.270383536866186072e-09
4.449452424578360112e-09
4.614663037489044202e-09
4.764180674098621897e-09
4.896780484086653337e-09
5.011814662096528927e-09
5.109249134430813592e-09
5.189634143684440947e-09
5.254061013862680035e-09
5.304167932919510788e-09
5.342045617060499649e-09
5.370223967292097907e-09
5.391589820101552152e-09
5.409296697259706251e-09
5.426731355358783669e-09
5.447382347773997606e-09
5.474799923376605659e-09
5.512492339613658613e-09
5.563822254999145253e-09
5.631963254290746580e-09
5.719803278932644776e-09
5.829852326948281246e-09
5.964224284640787997e-09
6.124526369523967799e-09
6.311860369069423002e-09
6.526766836678537913e-09
6.769176914062467699e-09
7.038453242949866465e-09
7.333326982816434735e-09
7.651966075825683400e-09
7.991976839601778636e-09
8.350410638198524571e-09
8.723876821112542381e-09
9.108522625709799863e-09
9.500169295710191782e-09
9.894358048509147507e-09
1.028639384723352677e-08
1.067151246889885400e-08
1.104487260919492949e-08
1.140173148710286184e-08
1.173749819789951824e-08
1.204777659396880746e-08
1.232854536991807132e-08
1.257612076398786324e-08
1.278732693337107709e-08
1.295951370362595820e-08
1.309055904209782164e-08
1.317901703308242078e-08
1.322401994238333786e-08
1.322540342609295303e-08
1.318366128386933983e-08
1.309988658133339406e-08
1.297585983754141988e-08
1.281388650569997588e-08
1.261686086109517793e-08
1.238816034554307193e-08
1.213153426151888076e-08
1.185113490599741152e-08
1.155131754678220106e-08
1.123665785010419590e-08
1.091181800660952738e-08
1.058141823773158379e-08
1.025004175151120773e-08
9.922043503122798795e-09
9.601558614673562492e-09
9.292386703806943864e-09
8.997890749338076495e-09
8.721018301992504404e-09
8.464162667474225468e-09
8.229202364958257329e-09
8.017441412548217403e-09
7.829567294177980920e-09
7.665719849412460051e-09
7.525424824449006454e-09
7.407685611836948704e-09
7.310989728558299917e-09
7.233328853618159888e-09
7.172318905271088888e-09
7.125192748572653043e-09
7.088934999020404520e-09
7.060332399851888451e-09
7.036028679438144665e-09
7.012669106707347090e-09
6.986913183137205639e-09
6.955577216656421097e-09
6.915685454643485413e-09
6.864516397976460913e-09
6.799728692568473770e-09
6.719349090408036040e-09
6.621879840169428509e-09
6.506309149834086368e-09
6.372112071162157896e-09
6.219321023876462392e-09
6.048462001939350417e-09
5.860599106699034614e-09
5.657286428607400527e-09
5.440512448284357739e-09
5.212704868521316202e-09
4.976619663270780358e-09
4.735325642882404771e-09
4.492112849337633666e-09
4.250401071088645099e-09
4.013701260640156869e-09
3.785490778157852320e-09
3.569170643371081061e-09
3.367970437671942557e-09
3.184862089537652055e-09
3.022521535082224994e-09
2.883233851201093719e-09
2.768868712678427384e-09
2.680824974779206662e-09
2.619989024644311785e-09
2.586738642768365726e-09
2.580907697390242297e-09
2.601813896587814766e-09
2.648265497240224185e-09
2.718579755720993141e-09
2.810646547053114623e-09
2.921951009660576752e-09
3.049657627215916835e-09
3.190667655385346743e-09
3.341680020717563123e-09
3.499298021924245002e-09
3.660076501647970181e-09
3.820633747757365940e-09
3.977719585065850508e-09
4.128276541873902022e-09
4.269547700301139338e-09
4.399100213379728195e-09
4.514919653646834438e-09
4.615441430185443862e-09
4.699568178804142398e-09
4.766735162286778409e-09
4.816873110155505956e-09
4.850448704346027137e-09
4.868431041073312743e-09
4.872244068138417887e-09
4.863769952744838423e-09
4.845246217215051734e-09
4.819247222399723648e-09
4.788593348631103082e-09
4.756253312210916518e-09
4.725297150844063917e-09
4.698789371095522087e-09
4.679681470802397711e-09
4.670766497222871077e-09
4.674544908580836026e-09
4.693187344082500844e-09
4.728443898492180709e-09
4.781562418844945057e-09
4.853279610998098601e-09
4.943731838329462612e-09
5.052473411768522612e-09
5.178447629192804929e-09
5.319970906928029363e-09
5.474800563631102206e-09
5.640115977944051314e-09
5.812618862636697368e-09
5.988578724480383358e-09
6.163887436607458172e-09
6.334204244491792323e-09
6.494992170568982051e-09
6.641682477904028601e-09
6.769763988036201043e-09
6.874871513743858088e-09
6.952963651791682587e-09
7.000364562628727930e-09
7.013935109087850371e-09
6.991145751425304663e-09
6.930138167426273570e-09
6.829865970549919337e-09
6.690083234406569211e-09
6.511452559844863638e-09
6.295543147523284479e-09
6.044813052927930346e-09
5.762653622654117506e-09
5.453290517827597617e-09
5.121784183451544775e-09
4.773930157222705695e-09
4.416148181220883072e-09
4.055416098003136411e-09
3.699095765895149454e-09
3.354834399111958169e-09
3.030396649682979273e-09
2.733497521700091322e-09
2.471669926235373961e-09
2.252072486817069581e-09
2.081355175011559486e-09
1.965494697600201238e-09
1.909643867048737145e-09
1.918018791163875534e-09
1.993762817550503655e-09
2.138867423427572342e-09
2.354089673853541717e-09
2.638890253922300059e-09
2.991427263990273029e-09
3.408527977408124793e-09
3.885738627019489336e-09
4.417367662088881203e-09
4.996544731972095333e-09
5.615363746008795942e-09
6.264960034442525861e-09
6.935705402112299591e-09
7.617358361672007037e-09
8.299214770181534584e-09
8.970372309511197122e-09
9.619851391700117771e-09
1.023688106854099725e-08
1.081107828784915865e-08
1.133260865554449548e-08
1.179248231664888475e-08
1.218262414081323196e-08
1.249614747413547728e-08
1.272746057105646067e-08
1.287234176599539165e-08
1.292815574703127116e-08
1.289379246063660667e-08
1.276982606662005648e-08
1.255847381127642837e-08
1.226352456566818350e-08
1.189039847422944666e-08
1.144593173577656250e-08
1.093837065374944753e-08
1.037717642766818153e-08
9.772815396876651981e-09
9.136660145776377132e-09
8.480672491328038437e-09
7.817263487025089167e-09
7.159014643454361312e-09
6.518408817295745727e-09
5.907650969873091411e-09
5.338356628115827570e-09
4.821378143673041473e-09
4.366559460973322270e-09
3.982521869997159743e-09
3.676526854571509349e-09
3.454282023478993123e-09
3.319855496085858231e-09
3.275571424801074365e-09
3.321944165956723354e-09
3.457689389251036605e-09
3.679707997949606708e-09
3.983170654892890585e-09
4.361596393709915966e-09
4.806959301355016037e-09
5.309882660226613295e-09
5.859776429239151231e-09
6.445090191653208074e-09
7.053527484221767807e-09
7.672263711604682741e-09
8.288265766697185621e-09
8.888481670321419322e-09
9.460173792785983330e-09
9.991151666979425060e-09
1.046998158338100136e-08
1.088630758117729286e-08
1.123096259211459916e-08
1.149624918990696306e-08
1.167606044493257415e-08
1.176596179445826247e-08
1.176338398639094084e-08
1.166756089471705185e-08
1.147964709533699849e-08
1.120264917606512380e-08
1.084132175463475097e-08
1.040216407707967603e-08
9.893175344595063035e-09
9.323778306309366559e-09
8.704578093204617338e-09
8.047107894211438557e-09
7.363659263451397247e-09
6.666939740048587985e-09
5.969870028048829116e-09
5.285276900157034053e-09
4.625603174527627769e-09
4.002682659976502214e-09
3.427463470720827128e-09
2.909764247223955602e-09
2.458093885089800770e-09
2.079439443782865267e-09
1.779141546881199250e-09
1.560770471564404510e-09
1.426048439426840279e-09
1.374830017085736806e-09
1.405096176928998277e-09
1.513016546166643570e-09
1.693036032397029491e-09
1.937999240623712848e-09
2.239331217508922027e-09
2.587220275243097391e-09
2.970863489649702920e-09
3.378714622739808835e-09
3.798743388796636732e-09
4.218747541212049902e-09
4.626611558091588378e-09
5.010630191372311572e-09
5.359782784439295800e-09
5.663987248022866647e-09
5.914397530276517096e-09
6.103584086065048422e-09
6.225779842640607937e-09
6.277026985528337107e-09
6.255282144726550089e-09
6.160550551884762003e-09
5.994870365722326239e-09
5.762355703001888712e-09
5.469122221297995889e-09
5.123170902694577736e-09
4.734287344759023528e-09
4.313809588562171136e-09
3.874442605256343308e-09
3.429980703290695697e-09
2.995009063950523957e-09
2.584617778655556208e-09
2.214043833310839038e-09
1.898352523891882116e-09
1.652082336160594687e-09
1.488900237287198658e-09
1.421284620121743183e-09
1.460199980616630367e-09
1.614821440487822753e-09
1.892275594916185848e-09
2.297417062722917945e-09
2.832667237818495192e-09
3.497868485354608825e-09
4.290224178843391923e-09
5.204269762033578481e-09
6.231885111470897121e-09
7.362415792421638616e-09
8.582765166993590472e-09
9.877630984503293018e-09
1.122973053804953270e-08
1.262004906523100873e-08
1.402824217097252440e-08
1.543290105496839981e-08
1.681202881278140078e-08
1.814341470604228033e-08
1.940499805590737082e-08
2.057541502624662005e-08
2.163427522168473372e-08
2.256270264255707214e-08
2.334367058260219274e-08
2.396229339841127455e-08
2.440630448111085401e-08
2.466616162630590772e-08
2.473543799485527421e-08
2.461093443797855861e-08
2.429273359864460732e-08
2.378441837514262119e-08
2.309289230922725678e-08
2.222846723810433196e-08
2.120466486036271704e-08
2.003797146718659512e-08
1.874772016956544480e-08
1.735564093018659629e-08
1.588562768982106566e-08
1.436328289730865222e-08
1.281544938727375705e-08
1.126983340933149645e-08
9.754426964772106174e-09
8.297085429348769025e-09
6.924991193945611627e-09
5.664146933595240755e-09
4.538938470275738229e-09
3.571638934679078940e-09
2.782019004866916036e-09
2.186950690308938056e-09
1.800072225336882596e-09
1.631522780590134373e-09
1.687711063270873481e-09
1.971171388881711489e-09
2.480473983920651398e-09
3.210202806729842618e-09
4.151022290524791576e-09
5.289783439173849566e-09
6.609733687981250600e-09
8.090770150118018631e-09
9.709738642678975948e-09
1.144084862903365508e-08
1.325604683885103365e-08
1.512553508030614148e-08
1.701825614481794046e-08
1.890238499618025174e-08
2.074595689558489414e-08
2.251732581286765505e-08
2.418581095807317105e-08
2.572220661230742180e-08
2.709925534896579378e-08
2.829226265430414300e-08
2.927942355033974179e-08
3.004236353481458972e-08
3.056645505405124362e-08
3.084107143712825089e-08
3.085996723856726548e-08
3.062131360999244180e-08
3.012794380979894910e-08
2.938734081801632774e-08
2.841156221251664819e-08
2.721724757306979609e-08
2.582539880426010857e-08
2.426110972433926498e-08
2.255337432611376972e-08
2.073462866471667299e-08
1.884044106387696502e-08
1.690902364288653906e-08
1.498072625906816585e-08
1.309758380362620817e-08
1.130271473115839027e-08
9.639821189384951549e-09
8.152606207496189123e-09
6.884209397208664513e-09
5.876688520030153963e-09
5.170462415818597843e-09
4.803828885181034931e-09
4.812482284902357590e-09
5.229073695963182791e-09
6.082833467772803921e-09
7.399209011538671813e-09
9.199587229076020994e-09
1.150105078640306105e-08
1.431618037299344326e-08
1.765295884615331925e-08
2.151466264007681406e-08
2.589988841782984284e-08
3.080258391313635537e-08
3.621210835525052321e-08
4.211344983197638952e-08
4.848732612434924823e-08
5.531050373625813904e-08
6.255603705759949409e-08
7.019350994897825150e-08
7.818949326374999382e-08
8.650773981195134627e-08
9.510969371626397157e-08
1.039548101366098765e-07
1.130008522999208402e-07
1.222044544559310277e-07
1.315212814452799699e-07
1.409065877996591255e-07
1.503154880176644781e-07
1.597031921007601996e-07
1.690255360202245580e-07
1.782390178374911418e-07
1.873012838672087542e-07
1.961712685887558028e-07
2.048093057537202102e-07
2.131775331400297711e-07
2.212397904833949470e-07
2.289619655004038921e-07
2.363119950605184796e-07
2.432598588671943268e-07
2.497778295846415856e-07
2.558402887136688066e-07
2.614239272475035289e-07
2.665076618563334826e-07
2.710725715942368247e-07
2.751020170201958920e-07
2.785814686764889797e-07
2.814985973448431722e-07
2.838431852175356818e-07
2.856070812719657891e-07
2.867842330076412766e-07
2.873706143352281274e-07
