1.096185595E-1
-8.062905818E-2
3.797646984E-2
-5.701412633E-2
-1.484366693E-2
7.547564805E-2
-8.901450783E-3
-2.075562254E-2
-1.984518021E-2
-1.098901778E-1
2.471124381E-2
-8.597922325E-2
2.506844886E-2
-4.154581577E-2
6.460757554E-2
-2.519534528E-2
7.669198513E-2
7.090498228E-3
9.975630790E-2
-1.577581838E-2
-8.457080275E-2
2.712681144E-2
-6.290964037E-2
6.731785089E-2
-4.857279733E-2
6.738889217E-2
-2.618143894E-2
7.797937095E-2
1.405827794E-2
-5.255664140E-2
3.423931450E-2
-6.913208961E-2
4.422392324E-2
5.225410312E-2
-3.822046146E-2
6.562261283E-2
1.087554842E-1
-8.599106222E-2
3.031467646E-2
2.649594843E-2
-6.860122085E-2
4.212871939E-2
-2.433095127E-2
7.040637732E-2
-1.724870875E-2
1.286825538E-2
-9.862477332E-2
4.230896756E-2
-5.529323220E-2
1.033160952E-3
-5.440581590E-2
5.252907798E-2
9.628422558E-3
-1.101513430E-1
1.541012712E-2
-5.171592906E-2
2.509410307E-2
-7.599461824E-2
-4.544545710E-2
-1.617906988E-2
7.872732729E-2
-3.355839103E-2
1.104210783E-2
7.011557929E-3
-4.854122177E-2
-5.399664119E-2
-7.467697561E-2
6.044216454E-2
-5.123965815E-2
5.613466725E-2
-1.671195379E-3
9.894125164E-2
-5.345857237E-3
2.880099975E-2
-4.298449680E-2
3.926385194E-2
5.473216623E-2
-4.037487134E-2
-9.637694806E-2
3.628279082E-4
1.101316325E-2
3.283483908E-2
3.024757653E-2
5.715430900E-2
4.335097596E-2
7.211083174E-2
-1.191110462E-1
9.549222887E-2
8.391960710E-2
3.328677267E-2
-4.822677746E-2
5.519198999E-2
-1.647246443E-2
-8.374521881E-2
1.191439573E-2
-4.752684385E-2
3.907110542E-2
-7.983114570E-3
5.444271863E-2
-3.861783305E-3
-9.771037847E-2
2.429812402E-2
-7.419215143E-2
4.881165922E-2
-5.550768599E-2
9.229318053E-2
9.784328751E-3
-8.986307681E-2
3.779491037E-2
2.610059083E-2
6.038164347E-2
8.243487775E-2
-2.885487676E-2
-9.100113064E-2
1.647187211E-2
-5.738054216E-2
3.911254928E-2
-2.460592613E-2
9.987998009E-2
-1.624748483E-2
-1.104730219E-1
2.223712951E-2
-4.827480018E-2
6.633504480E-2
8.537342399E-2
1.110815853E-1
-7.807008177E-2
-7.011620700E-2
-3.550229222E-2
7.266011834E-2
-1.396019571E-2
-9.739330411E-2
1.081976015E-2
-7.827796042E-2
3.782582656E-2
-2.182657644E-2
7.343439013E-2
-7.098389417E-2
-5.478801578E-2
-1.744145341E-2
4.936884344E-2
-3.882040828E-2
-1.121498421E-1
1.091251429E-2
-7.109506428E-2
6.670211256E-2
-4.835176840E-2
6.631202251E-2
1.690801606E-2
8.281905204E-2
-5.291914567E-3
-8.457869291E-2
3.532013670E-2
7.957523689E-3
1.343136188E-2
-7.047407329E-2
5.440719426E-2
-1.485748123E-2
-1.111229658E-1
1.430628076E-2
-6.167225167E-2
7.563879341E-2
7.964760065E-3
-1.026013792E-1
4.448837042E-2
-4.069128633E-2
7.951541245E-2
1.117104385E-2
-4.408571124E-2
4.279313236E-2
-4.173724353E-2
-1.249953657E-1
1.168744359E-2
-4.566648602E-2
-6.904789060E-2
-2.516048029E-2
8.283550292E-2
6.176108494E-3
-4.254111648E-2
4.663949087E-2
7.860036194E-2
-1.669349708E-2
1.039059311E-1
4.148075357E-2
-3.642983735E-2
7.098132372E-2
-3.853889182E-3
-8.369588107E-2
1.862562075E-2
-3.455698490E-2
6.199728698E-2
-3.026593104E-2
7.788529992E-2
3.653972410E-3
-8.182170987E-2
-6.079864874E-2
4.258394241E-2
6.428655237E-2
-6.996425241E-2
3.807905596E-3
-3.587857261E-2
