2.351989096E-4	-2.059485851E-4	1.607666345E-4
1.508576497E-5	-3.429548451E-5	1.683752052E-4
2.488491009E-4	1.951434970E-4	7.851601549E-5
1.990548481E-4	1.026807295E-4	2.792390005E-4
2.524611773E-4	1.518995123E-4	7.294104580E-5
1.208219658E-7	9.375688387E-5	1.327392056E-5
-1.146750947E-4	-6.035784099E-5	-6.164766819E-5
5.869400920E-4	6.188526750E-4	6.133592688E-4
1.256873802E-4	9.789218166E-5	1.067084813E-4
1.109042641E-4	1.378914021E-4	1.281286386E-4
2.231662220E-4	2.188892104E-4	1.823503408E-4
4.328597061E-5	1.227023040E-5	4.657099998E-5
2.021622640E-4	1.622044656E-4	1.956861670E-4
3.227122652E-4	2.206876816E-4	2.456545772E-4
2.588095667E-4	3.266155254E-4	4.211561754E-4
2.752327418E-4	2.290979028E-4	2.307892573E-4
3.537304583E-4	3.910913074E-4	3.267655848E-4
5.468321033E-4	5.836734199E-4	5.230405950E-4
2.161055745E-4	8.395611076E-5	6.719565135E-5
5.768085830E-4	4.869325203E-4	4.689922207E-4
3.785753506E-4	2.624992048E-4	2.486951125E-4
4.355178098E-4	4.854168219E-4	3.439101565E-4
2.869960445E-4	2.826659766E-4	2.655636345E-4
2.452417684E-4	1.977305947E-4	2.101282589E-4
2.890483011E-4	3.160446940E-4	3.360899282E-4
3.181828652E-4	3.583497019E-4	3.096297442E-4
7.007586537E-4	7.040606579E-4	7.203879068E-4
6.359256804E-4	5.489672767E-4	6.232982269E-4
2.992681402E-4	3.554802970E-4	3.128766839E-4
7.615662762E-4	7.613550988E-4	7.443551440E-4
3.603796940E-4	3.051596577E-4	3.744689166E-4
1.188374241E-3	1.169355353E-3	1.237748773E-3
-5.320991040E-4	-5.126501201E-4	-5.322876386E-4
9.239828214E-4	8.787044790E-4	9.368942119E-4
3.669821890E-4	3.703950206E-4	3.600229975E-4
8.195640403E-4	7.748905336E-4	8.032717160E-4
7.971457089E-4	8.188612992E-4	7.271738141E-4
5.981291761E-4	5.603290629E-4	5.680507747E-4
5.674778949E-4	6.145173102E-4	5.771603901E-4
7.227812312E-4	7.182118716E-4	7.111671148E-4
3.294045746E-4	3.247320419E-4	2.988809720E-4
7.992885658E-4	7.864055806E-4	7.614114438E-4
8.122663130E-4	8.480914403E-4	8.259091410E-4
9.255901678E-4	9.115047287E-4	9.401911520E-4
1.408762182E-3	1.435393700E-3	1.411822508E-3
6.811312051E-4	6.824478041E-4	6.774308858E-4
1.079282025E-3	1.078717643E-3	1.065070974E-3
3.217743943E-4	3.357250826E-4	3.523614723E-4
1.154994708E-3	1.101824921E-3	1.129260636E-3
6.019670400E-4	6.136462907E-4	5.696001463E-4
5.483640707E-4	5.378360511E-4	5.697768647E-4
6.324680726E-5	2.109995148E-5	4.612552948E-5
3.310315544E-3	3.317442024E-3	3.292423673E-3
-4.134772811E-3	-4.120463040E-3	-4.155929200E-3
1.073953975E-2	1.069915295E-2	1.072604489E-2
-1.434091479E-2	-1.434413064E-2	-1.433350705E-2
2.161058784E-2	2.154490352E-2	2.150429040E-2
-2.859612554E-2	-2.858031914E-2	-2.859847434E-2
3.319824114E-2	3.317357227E-2	3.316256404E-2
-3.469850868E-2	-3.470508009E-2	-3.469879553E-2
4.002167284E-2	4.003128037E-2	3.999911994E-2
-3.471782431E-2	-3.471417725E-2	-3.471968696E-2
3.047620505E-2	3.049370833E-2	3.046782315E-2
-3.358732164E-2	-3.359231725E-2	-3.354218230E-2
2.731908113E-2	2.726879157E-2	2.729028091E-2
-1.822472736E-2	-1.826410368E-2	-1.822302490E-2
1.734685339E-2	1.739672571E-2	1.738027483E-2
-1.205731183E-2	-1.204955112E-2	-1.206668280E-2
1.152504142E-2	1.151044946E-2	1.152185351E-2
-6.373523269E-3	-6.351893768E-3	-6.358688232E-3
4.195341840E-3	4.182544071E-3	4.183218349E-3
-7.476559840E-4	-7.586367428E-4	-7.548306603E-4
1.540225116E-3	1.560220262E-3	1.561794779E-3
1.006430713E-3	1.006697887E-3	9.976052679E-4
5.547169130E-4	5.722357891E-4	5.690813996E-4
8.741522906E-4	8.841162780E-4	8.747036918E-4
1.011467539E-3	1.020280644E-3	9.810617194E-4
1.862099394E-3	1.853790949E-3	1.854926464E-3
-3.705722629E-4	-3.523365303E-4	-3.850968205E-4
2.420953009E-3	2.423201920E-3	2.468268154E-3
-8.573131054E-4	-8.910172037E-4	-8.861696697E-4
2.575110411E-3	2.572215395E-3	2.575248014E-3
-4.091388255E-4	-4.659813712E-4	-4.278066626E-4
2.262477530E-3	2.251540544E-3	2.255302621E-3
5.030789762E-4	5.365542020E-4	5.186769413E-4
1.221879502E-3	1.251203590E-3	1.239324338E-3
1.033117878E-3	1.025428995E-3	1.005395665E-3
9.145839140E-4	9.087178623E-4	9.193278966E-4
3.849783679E-4	3.932903637E-4	3.772819764E-4
1.557551092E-3	1.560835750E-3	1.542314072E-3
4.786170321E-4	4.773050605E-4	4.893204314E-4
2.318205778E-3	2.338706283E-3	2.325925743E-3
2.026099246E-4	2.268581011E-4	1.991501194E-4
1.781668747E-3	1.757973339E-3	1.769911731E-3
2.813576430E-5	1.979179615E-5	1.540127778E-5
1.420327346E-3	1.420516870E-3	1.390391728E-3
2.051581250E-4	2.242986229E-4	1.842605416E-4
1.306656981E-3	1.276435331E-3	1.300803386E-3
1.409893739E-3	1.412310987E-3	1.423394890E-3
1.646055258E-3	1.598777948E-3	1.658022404E-3
1.396061038E-3	1.411454636E-3	1.427715877E-3
1.098996378E-3	1.106607844E-3	1.121372916E-3
6.028024363E-4	6.078484585E-4	6.023366004E-4
3.537118901E-4	3.601218341E-4	3.600834170E-4
1.259623794E-3	1.271878718E-3	1.245717984E-3
1.180892112E-3	1.175170997E-3	1.163311070E-3
8.705335204E-4	8.649755036E-4	8.899997338E-4
1.062861877E-3	1.065757941E-3	1.051849336E-3
1.172091928E-3	1.210211078E-3	1.203617197E-3
8.263023919E-4	8.468893357E-4	8.490484906E-4
9.969795356E-4	9.964859346E-4	9.916023118E-4
1.705472358E-3	1.718030544E-3	1.707465504E-3
1.275403658E-3	1.273112372E-3	1.281511271E-3
7.315990515E-4	7.307398482E-4	7.088668644E-4
1.688688528E-3	1.682141214E-3	1.662748284E-3
9.090603562E-4	9.241052321E-4	9.115370340E-4
1.634512912E-3	1.622475334E-3	1.623830060E-3
1.770016039E-3	1.759858569E-3	1.763361157E-3
2.466344507E-3	2.467258135E-3	2.456015442E-3
1.174203819E-3	1.167531707E-3	1.161560533E-3
1.870827167E-3	1.857687486E-3	1.832475653E-3
1.582327532E-3	1.599320560E-3	1.590603148E-3
1.287462423E-3	1.280241529E-3	1.298986725E-3
1.173172495E-3	1.165694208E-3	1.185092144E-3
2.471443964E-3	2.443059580E-3	2.478349023E-3
1.780819031E-3	1.776552410E-3	1.793568139E-3
1.165311551E-3	1.175402198E-3	1.174209872E-3
1.957358792E-3	1.947724959E-3	1.963920193E-3
1.547762193E-3	1.512016519E-3	1.519217505E-3
1.206232002E-3	1.186905662E-3	1.229855116E-3
1.870947890E-3	1.877248636E-3	1.860706718E-3
2.054307843E-3	2.053261036E-3	2.040681429E-3
1.750532654E-3	1.751572592E-3	1.775646466E-3
2.453906229E-3	2.451876877E-3	2.462129109E-3
2.288430464E-3	2.287697047E-3	2.280786401E-3
1.287434716E-3	1.287637395E-3	1.297477749E-3
1.919265604E-3	1.926766010E-3	1.909282990E-3
1.874960493E-3	1.893213834E-3	1.879980904E-3
1.189660397E-3	1.213380136E-3	1.197105157E-3
1.474921359E-3	1.480321400E-3	1.474375604E-3
1.552661299E-3	1.536125201E-3	1.547249849E-3
1.518331352E-3	1.502775354E-3	1.492164680E-3
1.056809793E-3	1.062033349E-3	1.042368473E-3
1.150748925E-3	1.156901359E-3	1.144267619E-3
1.194166485E-3	1.202282612E-3	1.194710028E-3
8.986653993E-4	8.991389186E-4	8.980758139E-4
1.338100526E-3	1.321484684E-3	1.338705770E-3
1.275973977E-3	1.289560227E-3	1.278012292E-3
1.966087613E-3	1.946340315E-3	1.959058922E-3
1.519141253E-3	1.525572967E-3	1.537043951E-3
1.035660738E-3	1.038997434E-3	1.033392618E-3
1.357372850E-3	1.384772826E-3	1.373555395E-3
1.419099513E-3	1.401568181E-3	1.411076519E-3
1.804824104E-3	1.772738760E-3	1.790164853E-3
1.765652443E-3	1.776544959E-3	1.761704450E-3
2.347943140E-3	2.343320288E-3	2.356493147E-3
2.188755665E-3	2.197802300E-3	2.211484360E-3
1.793240895E-3	1.794211916E-3	1.802251558E-3
1.864897087E-3	1.874115900E-3	1.874663052E-3
1.857404481E-3	1.872990048E-3	1.870355103E-3
2.181791933E-3	2.182279946E-3	2.185404301E-3
2.162218560E-3	2.161148004E-3	2.175343921E-3
1.705075847E-3	1.709972625E-3	1.707545482E-3
2.041155472E-3	2.055024495E-3	2.055389108E-3
1.516010729E-3	1.527665416E-3	1.510065864E-3
1.388381119E-3	1.411227044E-3	1.390474732E-3
1.668656478E-3	1.652081031E-3	1.655774191E-3
1.685751718E-3	1.672946266E-3	1.662333729E-3
1.648928970E-3	1.656152890E-3	1.655379543E-3
1.956706401E-3	1.948837191E-3	1.947437413E-3
1.808444271E-3	1.802406856E-3	1.811971772E-3
1.732266159E-3	1.738295192E-3	1.757216989E-3
2.358602826E-3	2.386876382E-3	2.352564363E-3
1.807100838E-3	1.801977633E-3	1.805251930E-3
2.388739958E-3	2.382695908E-3	2.388252644E-3
2.464864403E-3	2.456614980E-3	2.470850246E-3
1.840780722E-3	1.848170185E-3	1.857196679E-3
2.478638431E-3	2.471150132E-3	2.479271032E-3
2.028331393E-3	2.039198764E-3	2.027437789E-3
1.660498907E-3	1.664718031E-3	1.666690107E-3
2.920868108E-3	2.915806603E-3	2.921056701E-3
1.702689682E-3	1.697664498E-3	1.713470207E-3
3.042313503E-3	3.037609858E-3	3.027540166E-3
1.598311705E-3	1.626974437E-3	1.612432068E-3
2.357434714E-3	2.363207052E-3	2.352432348E-3
9.063176112E-4	9.246934787E-4	9.230329888E-4
2.340521896E-3	2.350936411E-3	2.350943629E-3
8.158840355E-4	8.228494553E-4	8.160360740E-4
3.282897174E-3	3.301011631E-3	3.293910064E-3
1.574211754E-3	1.563822618E-3	1.576309558E-3
2.800587099E-3	2.807958284E-3	2.810680540E-3
1.806456246E-3	1.808108529E-3	1.809730195E-3
2.217910020E-3	2.207042184E-3	2.207959769E-3
1.409639488E-3	1.397571061E-3	1.418664120E-3
2.138052136E-3	2.132644877E-3	2.121779602E-3
2.370798262E-3	2.394804033E-3	2.373579890E-3
2.261673799E-3	2.259520814E-3	2.275374485E-3
2.663867082E-3	2.655414864E-3	2.661979757E-3
1.942940406E-3	1.936895773E-3	1.947248005E-3
2.091077622E-3	2.080909209E-3	2.094468102E-3
2.130319364E-3	2.150094602E-3	2.156064846E-3
1.429703436E-3	1.446937793E-3	1.450709533E-3
2.281761030E-3	2.275705803E-3	2.277604537E-3
1.767602633E-3	1.771394396E-3	1.760155079E-3
2.682258142E-3	2.679869533E-3	2.676876262E-3
3.008400556E-3	3.008640837E-3	3.005641978E-3
2.231254242E-3	2.220131224E-3	2.225518459E-3
2.630033065E-3	2.616875339E-3	2.615195932E-3
1.315820147E-3	1.310531283E-3	1.329839230E-3
1.945576514E-3	1.942226081E-3	1.959766261E-3
2.432504669E-3	2.443691948E-3	2.428466687E-3
2.275421284E-3	2.285123104E-3	2.277282532E-3
2.801810391E-3	2.797041554E-3	2.797744470E-3
2.291382989E-3	2.299947897E-3	2.282060683E-3
2.447433537E-3	2.465132158E-3	2.468246734E-3
2.476480091E-3	2.478996059E-3	2.486343496E-3
2.544708084E-3	2.554758219E-3	2.558117732E-3
2.347465372E-3	2.348219510E-3	2.353272168E-3
2.558913548E-3	2.558528213E-3	2.552697435E-3
2.304568887E-3	2.311259275E-3	2.303821500E-3
2.664123662E-3	2.664603991E-3	2.658096841E-3
3.654386383E-3	3.652887885E-3	3.652577521E-3
3.598602954E-3	3.578760196E-3	3.582663368E-3
3.753124969E-3	3.755807877E-3	3.748070681E-3
2.000497654E-3	2.014052123E-3	2.011621604E-3
1.770572620E-3	1.789453439E-3	1.777300029E-3
2.311909804E-3	2.309418749E-3	2.324367175E-3
2.318318700E-3	2.320237225E-3	2.321587177E-3
4.565127660E-3	4.580266774E-3	4.582950380E-3
3.568868851E-3	3.567775944E-3	3.572208574E-3
4.242334515E-3	4.250472412E-3	4.254355095E-3
3.285740037E-3	3.285643877E-3	3.291017609E-3
7.523203967E-4	7.476869505E-4	7.687232574E-4
1.857213909E-3	1.865349943E-3	1.869766507E-3
6.669813301E-4	6.927295472E-4	6.966998917E-4
3.883904312E-3	3.886258462E-3	3.889596555E-3
5.131393671E-3	5.134493113E-3	5.135981832E-3
4.262030590E-3	4.254714586E-3	4.259584937E-3
4.811733030E-3	4.820950795E-3	4.828182980E-3
-5.084547447E-4	-4.985722480E-4	-4.922377993E-4
2.778812195E-4	2.724837686E-4	2.653278061E-4
1.097276618E-4	1.167768787E-4	1.214125950E-4
9.021652513E-4	8.948900504E-4	8.869160083E-4
6.550305989E-3	6.540146191E-3	6.535788532E-3
4.420113750E-3	4.413688090E-3	4.393450450E-3
6.710661575E-3	6.715892814E-3	6.725639571E-3
2.696180250E-3	2.716770163E-3	2.745545935E-3
-1.748132054E-3	-1.721584937E-3	-1.718557440E-3
1.165844966E-3	1.219170401E-3	1.224193489E-3
-2.333945362E-3	-2.272667596E-3	-2.258439548E-3
6.097247358E-3	6.125630811E-3	6.127539556E-3
6.984706037E-3	7.024468854E-3	7.019142155E-3
6.697501522E-3	6.694517098E-3	6.688228808E-3
7.261235733E-3	7.263630629E-3	7.259337232E-3
-4.332866054E-3	-4.354386590E-3	-4.342312459E-3
-1.314400928E-3	-1.364159398E-3	-1.335328561E-3
-5.574837793E-3	-5.613651592E-3	-5.588742904E-3
-5.948090693E-4	-6.425644970E-4	-6.187693216E-4
8.045738563E-3	8.031987585E-3	8.047357202E-3
3.019655123E-3	3.034167923E-3	3.067825688E-3
9.176799096E-3	9.185549803E-3	9.214349091E-3
-3.709492972E-3	-3.675193759E-3	-3.630638123E-3
-6.108953618E-3	-6.083226763E-3	-6.070903502E-3
-4.722792655E-3	-4.676185083E-3	-4.680533428E-3
-7.362544071E-3	-7.358484436E-3	-7.365413476E-3
9.961458854E-3	9.966257028E-3	9.904956445E-3
5.452289246E-3	5.465240218E-3	5.419959780E-3
1.061536185E-2	1.063786633E-2	1.057285257E-2
3.476516111E-3	3.505604574E-3	3.488503629E-3
-1.097286865E-2	-1.094500348E-2	-1.095171366E-2
-3.443307709E-3	-3.431529971E-3	-3.433378879E-3
-1.169710048E-2	-1.169429999E-2	-1.167767495E-2
8.065822534E-3	8.034339175E-3	8.040434681E-3
1.166178286E-2	1.165756769E-2	1.166875474E-2
9.388332255E-3	9.358350188E-3	9.370331652E-3
1.052461937E-2	1.050045993E-2	1.052626781E-2
-1.215239894E-2	-1.216798741E-2	-1.212076377E-2
-5.845441483E-3	-5.837549921E-3	-5.821931176E-3
-1.117537171E-2	-1.115711685E-2	-1.113034878E-2
1.095123938E-3	1.090486883E-3	1.079880516E-3
1.707629301E-2	1.704705134E-2	1.703393646E-2
8.528599516E-3	8.508466184E-3	8.526724763E-3
1.559225842E-2	1.560132951E-2	1.560172439E-2
-6.764325313E-3	-6.751900073E-3	-6.716920994E-3
-8.170288056E-3	-8.173925802E-3	-8.176806383E-3
-7.395043503E-3	-7.404070348E-3	-7.418627385E-3
-5.151350982E-3	-5.160834640E-3	-5.167723633E-3
1.792982593E-2	1.791310497E-2	1.787303947E-2
9.655480273E-3	9.634616785E-3	9.642808698E-3
1.621886902E-2	1.620042697E-2	1.621937752E-2
4.372389230E-4	4.236811365E-4	4.649833427E-4
-8.167143911E-3	-8.171088994E-3	-8.171954192E-3
-4.410251509E-3	-4.429033492E-3	-4.427363630E-3
-6.907673087E-3	-6.912359502E-3	-6.923965644E-3
1.159985550E-2	1.158941817E-2	1.156565547E-2
1.037755888E-2	1.040118095E-2	1.040449459E-2
1.082935650E-2	1.083288528E-2	1.082531177E-2
7.201050408E-3	7.224063389E-3	7.233858574E-3
-7.280685939E-3	-7.250555791E-3	-7.256626617E-3
5.047229934E-4	5.187243223E-4	4.954219330E-4
-5.503775086E-3	-5.484737922E-3	-5.491474178E-3
6.340159569E-3	6.341825705E-3	6.301389541E-3
1.110016461E-2	1.111804321E-2	1.112597995E-2
4.254745785E-3	4.267961718E-3	4.254875705E-3
1.377601083E-2	1.380218752E-2	1.381188631E-2
-7.795835380E-3	-7.793775760E-3	-7.797920145E-3
1.194283552E-2	1.196057908E-2	1.197966281E-2
-9.876681492E-3	-9.890468791E-3	-9.887263179E-3
1.831425354E-2	1.831668243E-2	1.835387386E-2
-9.849292226E-3	-9.868424386E-3	-9.869455360E-3
2.120247670E-2	2.122381516E-2	2.125473134E-2
-1.510177553E-2	-1.510561630E-2	-1.510634273E-2
2.160512842E-2	2.160841413E-2	2.162338607E-2
-1.371768955E-2	-1.372085139E-2	-1.372395176E-2
2.075338922E-2	2.074705996E-2	2.075208537E-2
-5.858125631E-3	-5.841197912E-3	-5.848344881E-3
1.315300632E-2	1.314169355E-2	1.315158419E-2
-2.993005095E-3	-2.985473955E-3	-2.969784895E-3
3.280762583E-3	3.277320880E-3	3.285833634E-3
2.907530288E-4	3.027027706E-4	3.207970294E-4
4.485680256E-3	4.473932087E-3	4.483438563E-3
6.923691835E-3	6.919118110E-3	6.917876191E-3
6.060496438E-3	6.058945786E-3	6.080905907E-3
6.023780908E-3	6.020640023E-3	6.036467850E-3
1.061913325E-3	1.059064642E-3	1.078669913E-3
1.402910100E-3	1.404462149E-3	1.430542325E-3
7.389623206E-4	7.504225941E-4	7.485467941E-4
3.439088585E-3	3.442787332E-3	3.448571777E-3
5.758803803E-3	5.772770848E-3	5.776226055E-3
5.548471119E-3	5.559969693E-3	5.554332864E-3
5.348246079E-3	5.357858725E-3	5.361780059E-3
2.356606303E-3	2.371622715E-3	2.363039879E-3
2.052764175E-3	2.026744885E-3	2.047516406E-3
2.328765811E-3	2.332086209E-3	2.335680183E-3
2.444809070E-3	2.449717838E-3	2.450455213E-3
5.328846164E-3	5.347234663E-3	5.338929128E-3
3.140498418E-3	3.147898940E-3	3.159385640E-3
4.861494061E-3	4.867615178E-3	4.874330480E-3
2.248161938E-3	2.273616847E-3	2.271306003E-3
3.350604791E-3	3.353058361E-3	3.356331261E-3
3.180397209E-3	3.193863435E-3	3.189991927E-3
3.225773340E-3	3.247371176E-3	3.240439808E-3
3.772339551E-3	3.786225338E-3	3.797652200E-3
2.591261175E-3	2.606352326E-3	2.620557090E-3
2.787690144E-3	2.812918741E-3	2.815281739E-3
2.822520910E-3	2.854943741E-3	2.854364458E-3
3.478366183E-3	3.488869406E-3	3.505042288E-3
4.069515038E-3	4.063082859E-3	4.091660958E-3
3.990619909E-3	3.973268438E-3	4.001345951E-3
3.666213015E-3	3.665768774E-3	3.684436437E-3
3.000383032E-3	2.978500910E-3	3.026960650E-3
2.842832822E-3	2.832616912E-3	2.866721712E-3
2.797215013E-3	2.787464764E-3	2.806137316E-3
3.471671138E-3	3.458616789E-3	3.478090744E-3
3.873732639E-3	3.870429471E-3	3.883319441E-3
3.932660446E-3	3.922231495E-3	3.931924701E-3
3.816332202E-3	3.818940604E-3	3.829932539E-3
3.212432610E-3	3.204395063E-3	3.213118063E-3
3.343853634E-3	3.340221709E-3	3.353299107E-3
2.957795979E-3	2.967735520E-3	2.970794914E-3
3.674449399E-3	3.678926965E-3	3.680333495E-3
3.383912845E-3	3.387509380E-3	3.392629791E-3
3.645265941E-3	3.648227081E-3	3.652589396E-3
3.544399282E-3	3.545239102E-3	3.550012596E-3
3.416152671E-3	3.414893756E-3	3.428260796E-3
3.860427067E-3	3.845645348E-3	3.866841085E-3
3.673134604E-3	3.691803198E-3	3.696092637E-3
3.721809248E-3	3.733823309E-3	3.734820057E-3
3.509028815E-3	3.535830416E-3	3.539907746E-3
3.309435910E-3	3.336037276E-3	3.342541168E-3
3.507737303E-3	3.525557928E-3	3.531744238E-3
3.394485917E-3	3.416298423E-3	3.424754599E-3
4.113250878E-3	4.136636388E-3	4.135136493E-3
4.134017043E-3	4.148516338E-3	4.153709393E-3
4.286836367E-3	4.302275833E-3	4.307824187E-3
3.837485798E-3	3.848548280E-3	3.863606602E-3
3.426002804E-3	3.451628145E-3	3.451726399E-3
3.609373467E-3	3.625407116E-3	3.631548258E-3
3.467582166E-3	3.479749430E-3	3.491772106E-3
4.150783643E-3	4.164895043E-3	4.165332299E-3
4.066753667E-3	4.071046133E-3	4.084209912E-3
4.026669078E-3	4.053277895E-3	4.052860197E-3
4.138112534E-3	4.147881176E-3	4.163949750E-3
3.820122918E-3	3.831845243E-3	3.847245593E-3
4.253409803E-3	4.255799577E-3	4.274058156E-3
3.886160674E-3	3.888031701E-3	3.906378523E-3
4.235545639E-3	4.223823547E-3	4.239521455E-3
4.179090727E-3	4.164694343E-3	4.190783016E-3
3.971795551E-3	3.967872355E-3	3.993994556E-3
4.126782995E-3	4.118343350E-3	4.138807766E-3
3.983400296E-3	3.984228242E-3	3.986623604E-3
4.377044272E-3	4.376132041E-3	4.392496776E-3
4.201568663E-3	4.224709235E-3	4.220732488E-3
4.311635625E-3	4.330598284E-3	4.327277187E-3
4.139443859E-3	4.150940571E-3	4.150843248E-3
3.747391049E-3	3.758482402E-3	3.773983335E-3
4.024123307E-3	4.061249550E-3	4.052755889E-3
4.022009205E-3	4.033865407E-3	4.048743285E-3
4.385626409E-3	4.410784226E-3	4.428135697E-3
4.359242972E-3	4.365156405E-3	4.388359375E-3
4.396018106E-3	4.407178611E-3	4.414803348E-3
4.263360053E-3	4.269681871E-3	4.282897804E-3
4.060732666E-3	4.061257467E-3	4.084570799E-3
4.114270210E-3	4.114182666E-3	4.137774929E-3
4.238992929E-3	4.250955302E-3	4.266770091E-3
4.476760514E-3	4.474862013E-3	4.493205808E-3
4.317548592E-3	4.331434146E-3	4.350444768E-3
4.483196884E-3	4.488232546E-3	4.514251370E-3
4.242937081E-3	4.258253146E-3	4.258036613E-3
4.315526225E-3	4.327135626E-3	4.336250480E-3
4.291386344E-3	4.302159417E-3	4.308304284E-3
4.527674057E-3	4.543037154E-3	4.556048661E-3
4.442359786E-3	4.456429277E-3	4.464054015E-3
4.548572004E-3	4.559490830E-3	4.576059990E-3
4.663169384E-3	4.685150925E-3	4.694940522E-3
4.454615526E-3	4.454084206E-3	4.480519798E-3
4.700935446E-3	4.712563474E-3	4.719126504E-3
4.706757143E-3	4.714542069E-3	4.730713088E-3
4.485759884E-3	4.503616598E-3	4.496146459E-3
4.595539533E-3	4.604448099E-3	4.607203882E-3
4.341966938E-3	4.367518704E-3	4.372993484E-3
4.416894633E-3	4.415185656E-3	4.432552960E-3
4.660247359E-3	4.684678279E-3	4.691001959E-3
4.230451304E-3	4.217917100E-3	4.258087836E-3
5.619884003E-3	5.619855132E-3	5.645339377E-3
3.909337800E-3	3.937230911E-3	3.953624051E-3
5.865016486E-3	5.884367973E-3	5.895677488E-3
3.802431049E-3	3.829036141E-3	3.845248837E-3
5.520152394E-3	5.538861733E-3	5.545225460E-3
3.882600693E-3	3.897470422E-3	3.915837966E-3
5.026221741E-3	5.037515424E-3	5.057112314E-3
4.276867025E-3	4.305981100E-3	4.307812545E-3
4.695824813E-3	4.719566088E-3	4.720884841E-3
4.621197470E-3	4.639422521E-3	4.653961863E-3
4.628868774E-3	4.664101172E-3	4.669626709E-3
4.807713442E-3	4.841482732E-3	4.845201969E-3
4.679908045E-3	4.699251615E-3	4.734790418E-3
4.793328699E-3	4.796625115E-3	4.816205706E-3
4.867079202E-3	4.888526164E-3	4.899799358E-3
4.737237003E-3	4.756701645E-3	4.766272381E-3
4.802046344E-3	4.813485779E-3	4.833103623E-3
4.465739708E-3	4.472722765E-3	4.509439226E-3
4.729253240E-3	4.740149714E-3	4.767896608E-3
4.421856254E-3	4.448093474E-3	4.466145299E-3
4.669625778E-3	4.698785488E-3	4.701683298E-3
4.723061807E-3	4.750826862E-3	4.744789097E-3
4.757778253E-3	4.797877744E-3	4.795423243E-3
5.134227220E-3	5.150880665E-3	5.152278114E-3
4.894868005E-3	4.913026933E-3	4.937440623E-3
5.226657726E-3	5.243849475E-3	5.268562585E-3
5.020247772E-3	5.045864265E-3	5.053153262E-3
4.995604046E-3	5.014015827E-3	5.027896725E-3
4.911441356E-3	4.933192395E-3	4.961864557E-3
4.913114943E-3	4.931100644E-3	4.962453153E-3
4.845051095E-3	4.856723826E-3	4.882575013E-3
4.974694923E-3	4.991425667E-3	5.018766969E-3
5.070172716E-3	5.082751159E-3	5.119394977E-3
5.024798680E-3	5.033981055E-3	5.074155517E-3
5.068737082E-3	5.087320693E-3	5.121171009E-3
5.496817641E-3	5.513023119E-3	5.541137420E-3
5.465287250E-3	5.457958672E-3	5.490466487E-3
5.594316870E-3	5.605303217E-3	5.628099665E-3
5.495013669E-3	5.503060296E-3	5.520557519E-3
5.238847341E-3	5.246304907E-3	5.266820081E-3
5.255237687E-3	5.260044709E-3	5.307904445E-3
5.128485616E-3	5.156165920E-3	5.161890760E-3
5.210651085E-3	5.247679539E-3	5.253072828E-3
5.522153340E-3	5.563415121E-3	5.586287007E-3
5.557731260E-3	5.594804883E-3	5.625307094E-3
5.779094528E-3	5.815328564E-3	5.848600995E-3
5.973072257E-3	6.000331137E-3	6.046874914E-3
6.012890954E-3	6.047325674E-3	6.071884185E-3
6.318909116E-3	6.348967552E-3	6.381263491E-3
6.170704495E-3	6.199659780E-3	6.230333820E-3
6.058684085E-3	6.086328067E-3	6.115842611E-3
6.059946027E-3	6.109395530E-3	6.121735554E-3
5.873187445E-3	5.912764464E-3	5.912764929E-3
5.789237097E-3	5.831486080E-3	5.841936916E-3
5.903206300E-3	5.939982831E-3	5.944642704E-3
5.786871538E-3	5.810058676E-3	5.821609870E-3
5.990799982E-3	6.022822112E-3	6.045897957E-3
6.220827810E-3	6.261290517E-3	6.278620102E-3
6.352716126E-3	6.392590236E-3	6.418050267E-3
6.564738695E-3	6.609376986E-3	6.636093836E-3
6.710300222E-3	6.760115270E-3	6.799870636E-3
6.773009431E-3	6.804041099E-3	6.832764950E-3
6.669025403E-3	6.689282134E-3	6.748877931E-3
6.597599015E-3	6.626362912E-3	6.672094110E-3
6.264183205E-3	6.305858027E-3	6.356310565E-3
6.356511265E-3	6.407349836E-3	6.458092481E-3
6.254970096E-3	6.282972638E-3	6.348242983E-3
6.301168352E-3	6.332649384E-3	6.389920134E-3
6.546445191E-3	6.565761287E-3	6.625887472E-3
6.461855490E-3	6.470053457E-3	6.511821877E-3
6.714939605E-3	6.742856931E-3	6.792953704E-3
7.049379870E-3	7.057822309E-3	7.121643517E-3
7.091749925E-3	7.129711565E-3	7.162129972E-3
7.143012248E-3	7.186735980E-3	7.200103719E-3
7.235920988E-3	7.288808003E-3	7.289438974E-3
6.926609669E-3	6.950009614E-3	6.983659230E-3
6.744314451E-3	6.761799101E-3	6.780980621E-3
6.617918145E-3	6.652165204E-3	6.648842711E-3
6.364256609E-3	6.387131289E-3	6.394335069E-3
6.744837388E-3	6.750674918E-3	6.781318691E-3
6.841651630E-3	6.865284871E-3	6.912811194E-3
7.080974989E-3	7.104787044E-3	7.171287201E-3
7.210979238E-3	7.236295380E-3	7.314345799E-3
7.144839969E-3	7.155018859E-3	7.247449365E-3
7.233074401E-3	7.266488392E-3	7.361440919E-3
7.358875126E-3	7.380826864E-3	7.474112790E-3
7.677203976E-3	7.695406675E-3	7.803959772E-3
7.572028320E-3	7.622974925E-3	7.708680350E-3
7.908140309E-3	7.957101800E-3	8.061429486E-3
7.860107347E-3	7.913870737E-3	8.021030575E-3
8.089646697E-3	8.141348138E-3	8.215234615E-3
8.294571191E-3	8.346214890E-3	8.392339572E-3
8.070080541E-3	8.128820919E-3	8.190856315E-3
8.692651056E-3	8.762743324E-3	8.837402798E-3
7.886117324E-3	7.919413038E-3	8.030301891E-3
8.304744028E-3	8.387447335E-3	8.418822661E-3
6.974067539E-3	7.070784923E-3	7.066103630E-3
7.718311623E-3	7.785680238E-3	7.779849228E-3
6.278492045E-3	6.348451599E-3	6.372078788E-3
6.773590576E-3	6.809004582E-3	6.863208022E-3
5.853004288E-3	5.850732327E-3	5.892192014E-3
5.291023757E-3	5.373714026E-3	5.349241663E-3
5.417712033E-3	5.519653670E-3	5.471117329E-3
3.212739946E-3	3.321173135E-3	3.269132925E-3
4.949168768E-3	5.094704684E-3	5.042559467E-3
7.089368301E-4	9.102131589E-4	8.557401597E-4
5.219086539E-3	5.432684440E-3	5.371145904E-3
-2.620901680E-3	-2.404235769E-3	-2.418036805E-3
5.401568953E-3	5.584720057E-3	5.650825333E-3
-6.343417801E-3	-6.205691956E-3	-6.064092275E-3
7.426839322E-3	7.527016569E-3	7.676619571E-3
-9.945756756E-3	-9.845102206E-3	-9.691359475E-3
1.032221783E-2	1.042744797E-2	1.055843290E-2
-1.481320709E-2	-1.480737608E-2	-1.461043116E-2
1.011171658E-2	9.984286502E-3	1.019702386E-2
-1.356440689E-2	-1.373395976E-2	-1.339411642E-2
2.337431069E-3	2.134702634E-3	2.440037671E-3
-1.037128083E-2	-1.047550421E-2	-1.023670845E-2
-4.498370457E-3	-4.576259293E-3	-4.341011867E-3
-9.523864836E-3	-9.582217783E-3	-9.331138805E-3
-8.183872327E-3	-8.220890537E-3	-7.916151546E-3
-1.042271778E-2	-1.041535381E-2	-1.009892486E-2
-1.145108789E-2	-1.133569051E-2	-1.112241019E-2
-1.354859117E-2	-1.331545133E-2	-1.329334173E-2
-1.597213931E-2	-1.575234532E-2	-1.580869593E-2
-1.719971560E-2	-1.702358015E-2	-1.712797210E-2
-1.850360259E-2	-1.831785962E-2	-1.853750832E-2
-1.705256104E-2	-1.681695506E-2	-1.715515181E-2
-1.819443144E-2	-1.802274771E-2	-1.844163425E-2
-1.819584705E-2	-1.812369004E-2	-1.841822825E-2
-1.907935925E-2	-1.909775473E-2	-1.912825927E-2
-1.851635240E-2	-1.855839230E-2	-1.857398637E-2
-1.793727092E-2	-1.797332615E-2	-1.794323698E-2
-1.808948815E-2	-1.812163368E-2	-1.800079271E-2
-1.843930222E-2	-1.841413416E-2	-1.832364313E-2
-1.871217228E-2	-1.865105703E-2	-1.863556169E-2
-1.844641007E-2	-1.844005473E-2	-1.843340881E-2
-1.831206679E-2	-1.824469678E-2	-1.830255054E-2
-1.788749918E-2	-1.772222668E-2	-1.778989471E-2
-1.751549914E-2	-1.738825627E-2	-1.736800931E-2
-1.668572240E-2	-1.660074294E-2	-1.658170484E-2
-1.579602621E-2	-1.572221704E-2	-1.571954973E-2
-1.458673179E-2	-1.447222289E-2	-1.451548096E-2
-1.343493164E-2	-1.337242406E-2	-1.333280187E-2
-1.217088290E-2	-1.216129027E-2	-1.210398600E-2
-1.087245718E-2	-1.085830573E-2	-1.081622206E-2
-9.638433345E-3	-9.682743810E-3	-9.627089836E-3
-8.456904441E-3	-8.548027836E-3	-8.501317352E-3
-7.483077701E-3	-7.582238875E-3	-7.544241380E-3
-6.711661816E-3	-6.847350392E-3	-6.788962521E-3
-5.680432543E-3	-5.828255322E-3	-5.793391727E-3
-4.834876861E-3	-5.028776359E-3	-4.970544949E-3
-3.962848801E-3	-4.207785241E-3	-4.084927496E-3
-3.249320900E-3	-3.447190626E-3	-3.320639255E-3
-2.774176421E-3	-2.927043708E-3	-2.810839331E-3
-2.299634274E-3	-2.404228784E-3	-2.295282669E-3
-1.921624294E-3	-1.982507296E-3	-1.913741231E-3
-1.493531279E-3	-1.502181636E-3	-1.472913311E-3
-1.096408232E-3	-1.102335984E-3	-1.110673300E-3
-6.717607030E-4	-6.944008055E-4	-7.295311661E-4
-4.780778254E-4	-4.371531541E-4	-5.432878388E-4
-6.976254372E-5	-6.741940160E-5	-1.927623525E-4
1.310928201E-4	2.072826610E-4	5.731471538E-5
2.972887887E-4	4.153176851E-4	2.990670619E-4
5.075048539E-4	6.713250186E-4	5.567423650E-4
8.761646459E-4	9.917548159E-4	8.798097842E-4
1.166879549E-3	1.238192664E-3	1.162196160E-3
1.536106109E-3	1.614372362E-3	1.554198447E-3
1.872163266E-3	1.938440022E-3	1.857610070E-3
1.948640449E-3	2.005174523E-3	1.942098723E-3
2.380985999E-3	2.400325146E-3	2.345299814E-3
2.485710429E-3	2.498527756E-3	2.463729121E-3
2.684340114E-3	2.732270630E-3	2.721279627E-3
2.733542351E-3	2.732547000E-3	2.771819010E-3
2.854053630E-3	2.840808826E-3	2.900034655E-3
2.895498415E-3	2.871907083E-3	2.917130012E-3
2.855533268E-3	2.848528558E-3	2.880643820E-3
2.735948889E-3	2.744296566E-3	2.782092430E-3
2.752050525E-3	2.769527491E-3	2.843447961E-3
2.882457804E-3	2.908750437E-3	2.954353113E-3
2.857906278E-3	2.876737854E-3	2.922246000E-3
3.062837292E-3	3.072068095E-3	3.133432707E-3
2.946902532E-3	2.955601085E-3	3.047098406E-3
2.992706141E-3	3.010097193E-3	3.092872910E-3
3.002617275E-3	3.006028011E-3	3.087232588E-3
2.953219926E-3	2.992660273E-3	3.081169445E-3
2.870304044E-3	2.897297265E-3	2.978706267E-3
2.783835400E-3	2.801436232E-3	2.890801290E-3
2.614928875E-3	2.644092543E-3	2.713074675E-3
2.499883529E-3	2.517248970E-3	2.575428924E-3
2.539945766E-3	2.553358907E-3	2.612554701E-3
2.419582801E-3	2.437330084E-3	2.478533424E-3
2.389888745E-3	2.413431415E-3	2.458090661E-3
2.271752572E-3	2.267924137E-3	2.342765220E-3
2.122237114E-3	2.140745288E-3	2.193593886E-3
2.202189760E-3	2.170220250E-3	2.250892343E-3
2.147376537E-3	2.119547920E-3	2.215040382E-3
2.356525045E-3	2.400058554E-3	2.451554174E-3
2.224466065E-3	2.258819761E-3	2.307462506E-3
2.270708559E-3	2.287964337E-3	2.365221735E-3
2.093509538E-3	2.093896735E-3	2.160198754E-3
2.083211672E-3	2.097202931E-3	2.143856604E-3
2.330631949E-3	2.381396713E-3	2.394789830E-3
2.023494802E-3	2.077391138E-3	2.092329087E-3
2.676518168E-3	2.740372904E-3	2.731420798E-3
1.773458789E-3	1.860784600E-3	1.853700494E-3
2.695368603E-3	2.814688953E-3	2.772876993E-3
1.963644754E-3	2.047452610E-3	2.019523177E-3
2.778213238E-3	2.884655260E-3	2.843094990E-3
2.318641637E-3	2.440035576E-3	2.398085315E-3
2.514619846E-3	2.628424671E-3	2.602808876E-3
3.164191497E-3	3.237298690E-3	3.232649760E-3
1.498295693E-3	1.555088209E-3	1.596386894E-3
5.389126018E-3	5.427616648E-3	5.476749968E-3
-1.651008206E-4	-1.075726832E-4	-4.275068932E-5
7.527081762E-3	7.564626634E-3	7.589559071E-3
-4.432928399E-4	-3.491757670E-4	-2.674455754E-4
6.420084275E-3	6.468654145E-3	6.512485910E-3
9.456838015E-4	1.012641238E-3	1.078793197E-3
4.707969259E-3	4.736426752E-3	4.792328924E-3
1.643482246E-3	1.677876688E-3	1.769979834E-3
3.928748891E-3	3.978465218E-3	4.062050954E-3
1.489511691E-3	1.561204786E-3	1.673284220E-3
3.466697643E-3	3.498212900E-3	3.609741805E-3
1.121784211E-3	1.148371608E-3	1.250947127E-3
2.884909511E-3	2.911061747E-3	3.015805967E-3
1.233005780E-3	1.267656102E-3	1.411732286E-3
2.585000126E-3	2.604901325E-3	2.761283657E-3
1.546742278E-3	1.565860584E-3	1.724376343E-3
2.111690119E-3	2.130481182E-3	2.278869739E-3
1.456277678E-3	1.473220647E-3	1.635989058E-3
1.640723902E-3	1.673570136E-3	1.811987488E-3
1.565508428E-3	1.618064241E-3	1.757307909E-3
1.146065420E-3	1.231724164E-3	1.354062581E-3
1.360799186E-3	1.457995852E-3	1.535766758E-3
6.104046479E-4	7.227245951E-4	8.141775033E-4
9.304822306E-4	1.027368475E-3	1.092226477E-3
3.177368199E-4	4.072234733E-4	5.039252574E-4
4.109056026E-4	5.460532848E-4	6.383130676E-4
-1.059796341E-4	3.000529978E-5	1.222554129E-4
-2.144075988E-4	-6.571344420E-5	-1.563343722E-5
-3.682445385E-4	-2.543451847E-4	-1.956927299E-4
-6.161985220E-4	-5.008626031E-4	-4.364934575E-4
-6.782453856E-4	-5.606010673E-4	-4.950197763E-4
-1.165904221E-3	-1.064972486E-3	-1.009227009E-3
-1.255900599E-3	-1.137290150E-3	-1.106768730E-3
-1.643743482E-3	-1.559734461E-3	-1.530879876E-3
-1.649746555E-3	-1.603316516E-3	-1.554295653E-3
-2.125377068E-3	-2.047290094E-3	-1.999776345E-3
-2.351862146E-3	-2.278112108E-3	-2.203593729E-3
-2.694453113E-3	-2.618272323E-3	-2.540591871E-3
-3.123704810E-3	-3.060439136E-3	-2.962955507E-3
-3.463670379E-3	-3.371607512E-3	-3.257786157E-3
-3.960518632E-3	-3.828464542E-3	-3.714627121E-3
-4.400314298E-3	-4.210218322E-3	-4.102537874E-3
-5.190566648E-3	-4.983447492E-3	-4.896539263E-3
-6.000914611E-3	-5.749176722E-3	-5.689706653E-3
-7.044914179E-3	-6.849256810E-3	-6.714872085E-3
-8.279078640E-3	-8.116684854E-3	-7.962354459E-3
-9.702337906E-3	-9.551372379E-3	-9.397410788E-3
-1.121804956E-2	-1.107120141E-2	-1.083199773E-2
-1.280566026E-2	-1.270203199E-2	-1.239688229E-2
-1.434879750E-2	-1.430882700E-2	-1.398401149E-2
-1.617910899E-2	-1.620586775E-2	-1.590573601E-2
-1.906690001E-2	-1.909300685E-2	-1.879640110E-2
-2.242261916E-2	-2.241646871E-2	-2.209989913E-2
-2.644360252E-2	-2.644274384E-2	-2.615742572E-2
-3.097215481E-2	-3.094843403E-2	-3.063315898E-2
-3.630537912E-2	-3.620544076E-2	-3.587265685E-2
-4.196744785E-2	-4.186221212E-2	-4.163350165E-2
-4.903872311E-2	-4.897085205E-2	-4.867516831E-2
-5.633564666E-2	-5.616242439E-2	-5.591860414E-2
-6.477627158E-2	-6.446036696E-2	-6.424736232E-2
-7.273788005E-2	-7.242076099E-2	-7.220688462E-2
-8.095167577E-2	-8.068568259E-2	-8.055582643E-2
-8.788377792E-2	-8.761469275E-2	-8.760844171E-2
-9.485790133E-2	-9.449951351E-2	-9.460524470E-2
-1.000187397E-1	-9.962871671E-2	-9.976442158E-2
-1.035863757E-1	-1.031739190E-1	-1.031861007E-1
-1.047488004E-1	-1.042729318E-1	-1.044125557E-1
-1.039839238E-1	-1.036026105E-1	-1.038196534E-1
-1.015611663E-1	-1.013738289E-1	-1.014789790E-1
-9.749519825E-2	-9.759653360E-2	-9.765566140E-2
-9.179475904E-2	-9.202546626E-2	-9.210085124E-2
-8.443821967E-2	-8.486256748E-2	-8.482386917E-2
-7.617618889E-2	-7.655395567E-2	-7.648821920E-2
-6.745722145E-2	-6.769167632E-2	-6.765665114E-2
-5.832542852E-2	-5.850000679E-2	-5.867748708E-2
-4.930593818E-2	-4.955799505E-2	-4.983408749E-2
-4.051366821E-2	-4.092315212E-2	-4.118599743E-2
-3.149690107E-2	-3.209313750E-2	-3.239890188E-2
-2.301542647E-2	-2.377447486E-2	-2.402055264E-2
-1.534394827E-2	-1.604083367E-2	-1.642858982E-2
-8.274499327E-3	-8.865580894E-3	-9.374069981E-3
-2.031539101E-3	-2.533708932E-3	-3.162722103E-3
3.715946805E-3	3.303351812E-3	2.740119817E-3
8.570129983E-3	8.323123679E-3	7.795161102E-3
1.229677722E-2	1.210855227E-2	1.146178972E-2
1.519086026E-2	1.498459559E-2	1.411789935E-2
1.775490493E-2	1.757311821E-2	1.683433168E-2
1.969296671E-2	1.945886947E-2	1.891291887E-2
2.099567279E-2	2.077312581E-2	2.021848038E-2
2.181209438E-2	2.157817408E-2	2.112988010E-2
2.196952142E-2	2.169566602E-2	2.136052027E-2
2.210704982E-2	2.185798623E-2	2.157431468E-2
2.215633914E-2	2.192447521E-2	2.170521952E-2
2.259837836E-2	2.229895256E-2	2.215718664E-2
2.276925370E-2	2.244600467E-2	2.230761945E-2
2.297356352E-2	2.264407091E-2	2.248592861E-2
2.257772908E-2	2.231142484E-2	2.215430699E-2
2.204824053E-2	2.184906602E-2	2.175927348E-2
2.146288380E-2	2.135465853E-2	2.126762457E-2
2.059774287E-2	2.057667077E-2	2.049751207E-2
1.992037892E-2	1.992996223E-2	1.986113936E-2
1.846671477E-2	1.848579198E-2	1.840096898E-2
1.781941950E-2	1.783713698E-2	1.775972918E-2
1.650631987E-2	1.654735021E-2	1.647118106E-2
1.613007113E-2	1.614459231E-2	1.605962217E-2
1.475732867E-2	1.474445034E-2	1.466283202E-2
1.452151220E-2	1.453135815E-2	1.446343400E-2
1.339419000E-2	1.340553537E-2	1.337803621E-2
1.340482384E-2	1.343256328E-2	1.342210080E-2
1.210482232E-2	1.210080273E-2	1.210279204E-2
1.230779197E-2	1.233118866E-2	1.235996000E-2
1.070301421E-2	1.065771747E-2	1.068992168E-2
1.140217483E-2	1.134824380E-2	1.141694281E-2
9.508700110E-3	9.450771846E-3	9.529992007E-3
1.006910391E-2	1.001749840E-2	1.004648209E-2
8.906360716E-3	8.909597062E-3	8.869442157E-3
8.932438679E-3	8.917255327E-3	8.897138759E-3
8.177108131E-3	8.168809116E-3	8.145777509E-3
7.917919196E-3	7.929508574E-3	7.905841805E-3
7.351769600E-3	7.382560521E-3	7.366388571E-3
6.896666251E-3	6.954415236E-3	6.938233972E-3
6.626271643E-3	6.675450131E-3	6.665664259E-3
6.195820402E-3	6.229972932E-3	6.237359252E-3
5.669288337E-3	5.709229037E-3	5.737286527E-3
5.202145781E-3	5.220752209E-3	5.262812600E-3
4.918253981E-3	4.921527579E-3	4.937551916E-3
4.611857235E-3	4.639944527E-3	4.629738163E-3
4.549181554E-3	4.572305828E-3	4.594733939E-3
4.480652045E-3	4.490739200E-3	4.478858318E-3
4.361133557E-3	4.381576087E-3	4.389748909E-3
4.344824702E-3	4.386303015E-3	4.400595091E-3
4.278112203E-3	4.323156551E-3	4.334658384E-3
4.253524821E-3	4.261479247E-3	4.297158215E-3
4.142567981E-3	4.144649021E-3	4.187423736E-3
4.083347041E-3	4.069079179E-3	4.117094912E-3
3.949567676E-3	3.938079346E-3	3.999596462E-3
3.778164275E-3	3.771709045E-3	3.827794455E-3
3.631574102E-3	3.609602107E-3	3.659785958E-3
3.522659419E-3	3.500129329E-3	3.550343681E-3
3.321421100E-3	3.317778464E-3	3.381679999E-3
3.165481845E-3	3.150348319E-3	3.238610690E-3
2.983659273E-3	2.990434179E-3	3.064086661E-3
2.851426369E-3	2.864748938E-3	2.925770357E-3
2.728384687E-3	2.743260004E-3	2.787637291E-3
2.587764990E-3	2.606005874E-3	2.654389245E-3
2.393561881E-3	2.438430674E-3	2.471768064E-3
2.222920302E-3	2.272784244E-3	2.280147979E-3
2.053270815E-3	2.079329453E-3	2.110440750E-3
1.910388004E-3	1.930884086E-3	1.942688250E-3
1.811138005E-3	1.854914473E-3	1.840914949E-3
1.670396072E-3	1.694914303E-3	1.692703925E-3
1.566603198E-3	1.623046235E-3	1.581634162E-3
1.455778256E-3	1.504865941E-3	1.492224517E-3
1.266785082E-3	1.309053274E-3	1.295650145E-3
1.112345257E-3	1.137702027E-3	1.138960477E-3
9.721705574E-4	9.911071975E-4	1.000732882E-3
9.195047314E-4	9.541523759E-4	9.628738626E-4
7.411853294E-4	7.892918075E-4	7.781957975E-4
5.537595134E-4	5.968310870E-4	6.012730300E-4
4.245686287E-4	4.511087318E-4	4.536632914E-4
2.444637939E-4	2.765179961E-4	2.732686116E-4
1.103262475E-4	1.087233031E-4	1.484253735E-4
1.334436456E-5	1.966755008E-5	6.129217218E-5
-8.083509601E-5	-6.259854854E-5	-2.549312558E-5
-1.052067310E-4	-1.004239602E-4	-7.829300012E-5
-2.488286991E-4	-2.465634898E-4	-2.125190367E-4
-3.757693921E-4	-3.565213992E-4	-3.443426394E-4
-5.550883943E-4	-5.522774882E-4	-5.313507863E-4
-6.701405509E-4	-6.545448559E-4	-6.265763077E-4
-7.608682499E-4	-7.626777515E-4	-7.226071903E-4
-7.975104963E-4	-7.889665430E-4	-7.333465619E-4
-9.302329272E-4	-9.125148645E-4	-8.853364852E-4
-9.786488954E-4	-9.434652748E-4	-9.268420981E-4
-1.227682224E-3	-1.175318030E-3	-1.152788522E-3
-1.348692924E-3	-1.309104031E-3	-1.284102211E-3
-1.469614101E-3	-1.413931604E-3	-1.395169063E-3
-1.695160754E-3	-1.627583057E-3	-1.619655290E-3
-1.601282973E-3	-1.549240551E-3	-1.528603141E-3
-1.847804408E-3	-1.815743861E-3	-1.773048076E-3
-1.710693585E-3	-1.695170999E-3	-1.654765103E-3
-1.974714454E-3	-1.996784471E-3	-1.949878875E-3
-1.883272664E-3	-1.892097876E-3	-1.863094280E-3
-1.996312058E-3	-2.012054203E-3	-1.976777101E-3
-2.090945840E-3	-2.115816111E-3	-2.091982635E-3
-1.907545025E-3	-1.925956691E-3	-1.919253729E-3
-2.120809630E-3	-2.123449929E-3	-2.134457463E-3
-1.840003300E-3	-1.883669291E-3	-1.855683629E-3
-2.229678677E-3	-2.228874480E-3	-2.239451744E-3
-1.915624714E-3	-1.949702972E-3	-1.932601212E-3
-2.215418033E-3	-2.240448026E-3	-2.230724087E-3
-2.033813158E-3	-2.055415418E-3	-2.058083890E-3
-2.091428265E-3	-2.116051968E-3	-2.117062686E-3
-2.273252234E-3	-2.302156994E-3	-2.297120634E-3
-1.904164092E-3	-1.928912941E-3	-1.917547779E-3
-2.394179348E-3	-2.409323119E-3	-2.402968705E-3
-1.632717671E-3	-1.642481540E-3	-1.637954847E-3
-2.425766783E-3	-2.447464038E-3	-2.432081150E-3
-1.598394010E-3	-1.606987091E-3	-1.598743373E-3
-2.326390473E-3	-2.336402889E-3	-2.322263317E-3
-1.762746251E-3	-1.764810993E-3	-1.784213120E-3
-1.777949277E-3	-1.769113354E-3	-1.795022748E-3
-2.314256504E-3	-2.268717159E-3	-2.270157216E-3
-8.785903337E-4	-8.410597220E-4	-8.331808494E-4
-3.191701369E-3	-3.129889024E-3	-3.131751437E-3
3.626796242E-4	4.084568645E-4	3.997387830E-4
-4.299567547E-3	-4.266942851E-3	-4.246516619E-3
1.826375024E-3	1.833904185E-3	1.847949461E-3
-5.612865556E-3	-5.562375765E-3	-5.538613535E-3
3.113267478E-3	3.135307925E-3	3.136185231E-3
-6.307466421E-3	-6.261398550E-3	-6.268089637E-3
3.354028799E-3	3.354137996E-3	3.337639850E-3
-5.624007899E-3	-5.556299817E-3	-5.556394812E-3
2.452513203E-3	2.491315827E-3	2.443640959E-3
-4.260781687E-3	-4.220392089E-3	-4.242699128E-3
1.142215449E-3	1.137431711E-3	1.095865504E-3
-2.935501514E-3	-2.951732837E-3	-2.967077075E-3
8.280359907E-6	-2.828571996E-5	-3.700554225E-5
-1.905278885E-3	-1.933080261E-3	-1.946745091E-3
-9.069049265E-4	-9.355364018E-4	-9.236481274E-4
-1.377672888E-3	-1.378834597E-3	-1.363905496E-3
-1.458081533E-3	-1.441561035E-3	-1.461441629E-3
-1.038741553E-3	-1.023594872E-3	-1.026208629E-3
-1.617724425E-3	-1.595027163E-3	-1.598649425E-3
-1.002592966E-3	-9.995810688E-4	-1.001655939E-3
-1.752729993E-3	-1.780782710E-3	-1.749476534E-3
-1.271948684E-3	-1.302195247E-3	-1.275312621E-3
-1.842496917E-3	-1.870256499E-3	-1.821109210E-3
-1.734036021E-3	-1.753368182E-3	-1.687460928E-3
-1.824026229E-3	-1.806934597E-3	-1.762234257E-3
-1.942432020E-3	-1.907494036E-3	-1.886454993E-3
-1.832832699E-3	-1.820621779E-3	-1.779512386E-3
-2.129636472E-3	-2.119548153E-3	-2.081785584E-3
-1.942803501E-3	-1.936065382E-3	-1.908110222E-3
-2.208604245E-3	-2.230266575E-3	-2.217523055E-3
-2.081556944E-3	-2.081015613E-3	-2.074209973E-3
-2.343205502E-3	-2.310174517E-3	-2.290047938E-3
-2.320926404E-3	-2.299797023E-3	-2.256009728E-3
-2.466087928E-3	-2.446523169E-3	-2.380230231E-3
-2.552045509E-3	-2.531688893E-3	-2.443027683E-3
-2.632739255E-3	-2.587654395E-3	-2.531017177E-3
-2.812194638E-3	-2.782522701E-3	-2.710393630E-3
-2.725089202E-3	-2.681741258E-3	-2.653057221E-3
-2.769204788E-3	-2.757251495E-3	-2.712858375E-3
-2.772785258E-3	-2.794703236E-3	-2.758708317E-3
-2.855991246E-3	-2.890279749E-3	-2.855116967E-3
-2.952449955E-3	-3.025894519E-3	-2.981752390E-3
-3.009205451E-3	-3.061283845E-3	-3.038314870E-3
-3.107395256E-3	-3.141594119E-3	-3.142526373E-3
-3.090995830E-3	-3.095003078E-3	-3.140048124E-3
-3.075575223E-3	-3.067484591E-3	-3.118204884E-3
-3.061828669E-3	-3.040413139E-3	-3.085575067E-3
-3.073713975E-3	-3.085254692E-3	-3.102474846E-3
-3.213956952E-3	-3.199448576E-3	-3.214589553E-3
-3.376333741E-3	-3.357904498E-3	-3.375702072E-3
-3.455196274E-3	-3.413041821E-3	-3.425018396E-3
-3.477801103E-3	-3.462644992E-3	-3.436338855E-3
-3.519373946E-3	-3.520025173E-3	-3.497350728E-3
-3.704146715E-3	-3.735046601E-3	-3.711191704E-3
-3.870612010E-3	-3.884916892E-3	-3.918481525E-3
-3.911518492E-3	-3.871678142E-3	-3.949417267E-3
-4.008174408E-3	-3.958328161E-3	-4.073449876E-3
-4.123372026E-3	-4.053863697E-3	-4.167150240E-3
-4.296164960E-3	-4.176455084E-3	-4.305963404E-3
-4.390649032E-3	-4.296881147E-3	-4.403351806E-3
-4.473901354E-3	-4.418845288E-3	-4.510089755E-3
-4.718301352E-3	-4.685212858E-3	-4.752574954E-3
-4.886151757E-3	-4.826473072E-3	-4.869381897E-3
-4.938502330E-3	-4.883023910E-3	-4.931859206E-3
-5.063038785E-3	-5.034155678E-3	-5.048171151E-3
-5.140335299E-3	-5.128410645E-3	-5.100892391E-3
-5.174374674E-3	-5.190101918E-3	-5.082255695E-3
-5.440778565E-3	-5.444820505E-3	-5.294200964E-3
-5.663824733E-3	-5.653592758E-3	-5.543364212E-3
-6.062185392E-3	-6.045878865E-3	-5.934187211E-3
-6.257477682E-3	-6.265657488E-3	-6.118002813E-3
-6.410105620E-3	-6.459480152E-3	-6.306618452E-3
-6.664557382E-3	-6.751207635E-3	-6.598200183E-3
-7.085203193E-3	-7.208505180E-3	-7.050818298E-3
-7.478676271E-3	-7.570830174E-3	-7.492843084E-3
-7.831246592E-3	-7.901079953E-3	-7.864169776E-3
-8.035420440E-3	-8.129920810E-3	-8.098192513E-3
-8.277689107E-3	-8.374730125E-3	-8.378119208E-3
-8.245719597E-3	-8.275309578E-3	-8.331801742E-3
-8.237956092E-3	-8.264308795E-3	-8.332003839E-3
-8.025376126E-3	-8.061176166E-3	-8.163989522E-3
-7.821566425E-3	-7.909853943E-3	-8.058541454E-3
-7.646663580E-3	-7.686556783E-3	-7.877818309E-3
-7.392273750E-3	-7.432821207E-3	-7.594814524E-3
-7.121861912E-3	-7.186478935E-3	-7.339361589E-3
-6.667062175E-3	-6.716167089E-3	-6.876872852E-3
-6.232876796E-3	-6.282452028E-3	-6.439846009E-3
-5.556728691E-3	-5.612147506E-3	-5.781818647E-3
-5.093550310E-3	-5.149670411E-3	-5.303074606E-3
-4.394753370E-3	-4.428713117E-3	-4.575974774E-3
-3.899802454E-3	-3.912311979E-3	-4.052475095E-3
-3.223689739E-3	-3.253895091E-3	-3.384265117E-3
-2.725938801E-3	-2.769164275E-3	-2.865867224E-3
-2.400065074E-3	-2.450286178E-3	-2.538125264E-3
-2.042342443E-3	-2.081019338E-3	-2.148734638E-3
-1.955299405E-3	-2.010663040E-3	-2.055575838E-3
-1.613565022E-3	-1.655238564E-3	-1.679991372E-3
-1.681284746E-3	-1.716142404E-3	-1.754974481E-3
-1.216105185E-3	-1.294895774E-3	-1.307152561E-3
-1.367235207E-3	-1.421937486E-3	-1.429021126E-3
-9.720735834E-4	-1.005229540E-3	-1.024855301E-3
-1.092809485E-3	-1.077768975E-3	-1.118583255E-3
-8.225424681E-4	-7.949867286E-4	-8.584888419E-4
-8.793316083E-4	-8.457726799E-4	-9.200306376E-4
-6.744579878E-4	-6.424720050E-4	-7.306487532E-4
-5.246106884E-4	-5.007130094E-4	-5.647639045E-4
-4.505310790E-4	-4.274661478E-4	-4.774726694E-4
-3.465826740E-4	-3.266123240E-4	-3.772892524E-4
-3.421479196E-4	-3.506708308E-4	-3.889770014E-4
-9.360864351E-5	-1.078996138E-4	-1.461154025E-4
-1.151998149E-4	-1.487913978E-4	-1.602364937E-4
9.365424921E-5	4.852742859E-5	3.611148713E-5
5.679602691E-5	1.222081482E-5	2.693164970E-5
2.584384929E-4	1.922072261E-4	2.095670498E-4
2.904554713E-4	1.988928707E-4	2.132189111E-4
4.038227198E-4	3.283069527E-4	3.450987570E-4
4.782243341E-4	3.935999121E-4	4.182665725E-4
5.176776322E-4	4.411086557E-4	4.470439744E-4
5.422172253E-4	4.838832829E-4	4.761719611E-4
5.207986105E-4	4.677639809E-4	4.616802617E-4
5.280273617E-4	5.023113335E-4	4.897544277E-4
5.621277378E-4	5.287530948E-4	5.144001334E-4
5.665394710E-4	5.442773690E-4	5.257473676E-4
6.247260608E-4	6.080622552E-4	5.816213088E-4
6.301196991E-4	6.117640878E-4	5.917144008E-4
6.737261428E-4	6.695839693E-4	6.236374611E-4
6.447829073E-4	6.465825136E-4	6.169774570E-4
6.461550365E-4	6.472813548E-4	6.158478791E-4
7.100669318E-4	7.237522514E-4	6.919004954E-4
7.529016584E-4	7.587681175E-4	7.461684872E-4
7.455609739E-4	7.799833547E-4	7.584614214E-4
8.058748790E-4	8.030552999E-4	7.782938774E-4
7.845525397E-4	8.066896116E-4	8.049009484E-4
7.835326251E-4	7.788457442E-4	7.729088538E-4
7.422505878E-4	7.278456469E-4	7.332126261E-4
7.397781592E-4	7.127437857E-4	7.115999470E-4
7.506299298E-4	7.575898780E-4	7.578317891E-4
7.429161342E-4	7.358882576E-4	7.287559565E-4
7.195482031E-4	7.316653500E-4	7.321991725E-4
7.053458248E-4	7.227428723E-4	7.086723344E-4
6.575254956E-4	6.745992578E-4	6.861154689E-4
6.036465638E-4	6.296911160E-4	6.116158911E-4
5.465184804E-4	5.757475155E-4	5.635425332E-4
5.399883958E-4	5.717443419E-4	5.696112057E-4
5.032570334E-4	5.121917930E-4	5.067250459E-4
4.909290001E-4	5.020973622E-4	5.041450495E-4
5.099716363E-4	5.053270143E-4	5.114873638E-4
4.644978617E-4	4.641832493E-4	4.560808302E-4
4.343851469E-4	4.253050720E-4	4.155194329E-4
3.825758176E-4	3.857798874E-4	3.902389435E-4
3.609636915E-4	3.717954969E-4	3.807486792E-4
3.682905517E-4	3.742534609E-4	3.888996143E-4
3.544972569E-4	3.548013046E-4	3.799753904E-4
3.510467941E-4	3.450010263E-4	3.792039060E-4
3.096392611E-4	2.955883392E-4	3.110878170E-4
2.424480481E-4	2.534889500E-4	2.739882912E-4
2.085987508E-4	2.103536972E-4	2.306792740E-4
1.031297070E-4	9.050273366E-5	1.299611613E-4
8.900848479E-5	8.561253344E-5	1.144334819E-4
3.696737622E-5	3.941099931E-5	5.606258856E-5
-1.365279695E-5	-1.490203886E-6	2.524424417E-5
-1.763744149E-5	2.905683004E-6	-6.486166967E-6
-1.043189477E-4	-1.090283404E-4	-8.858482033E-5
-1.550018060E-4	-1.566288411E-4	-1.401300979E-4
-2.393891627E-4	-2.462493721E-4	-2.218414011E-4
-2.526176104E-4	-2.731638670E-4	-2.582673915E-4
-3.037324932E-4	-2.990447974E-4	-2.926966990E-4
-3.445514594E-4	-3.410115023E-4	-3.249715373E-4
-3.984146751E-4	-4.028109252E-4	-3.899393196E-4
-4.826278891E-4	-4.680314159E-4	-4.805273784E-4
-5.086051533E-4	-4.933450837E-4	-4.984936677E-4
-6.025908515E-4	-5.830941955E-4	-5.826128763E-4
-6.035646074E-4	-5.817025667E-4	-5.693512503E-4
-7.007640670E-4	-6.743288832E-4	-6.738560041E-4
-6.981184706E-4	-6.852488150E-4	-6.619552150E-4
-7.549117436E-4	-7.480225177E-4	-7.415731670E-4
-7.760314620E-4	-7.627011510E-4	-7.636934170E-4
-7.988129510E-4	-7.823491469E-4	-7.973273168E-4
-8.537037647E-4	-8.402567473E-4	-8.384902030E-4
-8.010579622E-4	-7.922085933E-4	-7.947359118E-4
-9.568049572E-4	-9.404364973E-4	-9.527055081E-4
-8.087312453E-4	-7.925317623E-4	-7.991874008E-4
-9.781206027E-4	-9.837836260E-4	-9.686172707E-4
-8.804571116E-4	-8.704058127E-4	-8.736567106E-4
-9.725958225E-4	-9.681128431E-4	-9.578246390E-4
-9.534007986E-4	-9.421448922E-4	-9.440893773E-4
-9.327203734E-4	-9.162402712E-4	-9.033299284E-4
-1.043410157E-3	-1.032202621E-3	-1.039368799E-3
-9.063612670E-4	-8.987973561E-4	-9.157060413E-4
-1.143226400E-3	-1.145988586E-3	-1.148953685E-3
-8.948332979E-4	-8.780116914E-4	-8.983890293E-4
-1.190712559E-3	-1.182622509E-3	-1.186188310E-3
-9.120282484E-4	-9.147197707E-4	-9.269407601E-4
-1.128759235E-3	-1.117493492E-3	-1.128976000E-3
-1.029650914E-3	-1.021044562E-3	-1.052348642E-3
-9.777281666E-4	-9.733069455E-4	-9.863318410E-4
-1.155614620E-3	-1.178480568E-3	-1.162412809E-3
-7.702355506E-4	-7.971440791E-4	-7.802185719E-4
-1.269720960E-3	-1.264542108E-3	-1.247687149E-3
-5.428163568E-4	-5.380046205E-4	-5.377337220E-4
-1.332075219E-3	-1.334486413E-3	-1.317849266E-3
-4.443718644E-4	-4.345097987E-4	-4.334642435E-4
-1.549134380E-3	-1.545304433E-3	-1.541513484E-3
-3.571955313E-4	-3.384474549E-4	-3.436553816E-4
-1.666291035E-3	-1.665423741E-3	-1.656530192E-3
-3.260230005E-4	-3.168616677E-4	-3.216413897E-4
-1.680811401E-3	-1.677839551E-3	-1.683006994E-3
-4.490815627E-4	-4.538532230E-4	-4.366941866E-4
-1.647644443E-3	-1.638403512E-3	-1.624132739E-3
-6.853256491E-4	-6.803900469E-4	-6.742788246E-4
-1.498145983E-3	-1.489833579E-3	-1.478216611E-3
-9.381347918E-4	-9.435932734E-4	-9.225567919E-4
-1.306837774E-3	-1.291394350E-3	-1.284726313E-3
-1.129908953E-3	-1.119507826E-3	-1.114582061E-3
-1.207605121E-3	-1.213929267E-3	-1.213020529E-3
-1.243409584E-3	-1.241009682E-3	-1.245595049E-3
-1.209674519E-3	-1.219646307E-3	-1.210172311E-3
-1.318466733E-3	-1.318238443E-3	-1.324864803E-3
-1.216807868E-3	-1.231098082E-3	-1.221425016E-3
-1.339956652E-3	-1.347715734E-3	-1.356146066E-3
-1.258545555E-3	-1.273318776E-3	-1.269262633E-3
-1.374324667E-3	-1.363480580E-3	-1.371772611E-3
-1.340840128E-3	-1.321731135E-3	-1.336393994E-3
-1.415429288E-3	-1.382856281E-3	-1.409622026E-3
-1.401519869E-3	-1.405460876E-3	-1.384661882E-3
-1.436140854E-3	-1.440057182E-3	-1.454990590E-3
-1.493369229E-3	-1.465753303E-3	-1.479677390E-3
-1.522107399E-3	-1.500804443E-3	-1.508006942E-3
-1.590524917E-3	-1.555668074E-3	-1.573509537E-3
-1.607505255E-3	-1.611696091E-3	-1.597190159E-3
-1.690189121E-3	-1.668157754E-3	-1.661686692E-3
-1.710089273E-3	-1.715539023E-3	-1.702004927E-3
-1.764349174E-3	-1.761070220E-3	-1.759641687E-3
-1.784559572E-3	-1.793433097E-3	-1.778161735E-3
-1.834311872E-3	-1.836672425E-3	-1.847106032E-3
-1.865041908E-3	-1.874033827E-3	-1.887879916E-3
-1.925196033E-3	-1.915940782E-3	-1.937528257E-3
-1.954785082E-3	-1.948102377E-3	-1.960002352E-3
-1.988461474E-3	-1.972526778E-3	-1.977910753E-3
-1.966094365E-3	-1.965510426E-3	-1.963798422E-3
-2.005866030E-3	-2.001507441E-3	-1.983011840E-3
-1.977403415E-3	-1.994314371E-3	-1.990751131E-3
-1.993356971E-3	-2.023731358E-3	-2.017858904E-3
-2.040591091E-3	-2.028239891E-3	-2.040385036E-3
-2.039246494E-3	-2.038335428E-3	-2.055012155E-3
-2.065401524E-3	-2.057772130E-3	-2.064939123E-3
-2.034454374E-3	-2.056970494E-3	-2.068246715E-3
-2.026307862E-3	-2.046856564E-3	-2.058490878E-3
-2.046078909E-3	-2.057311824E-3	-2.058596117E-3
-2.063141437E-3	-2.095774049E-3	-2.090081340E-3
-2.113919007E-3	-2.127125394E-3	-2.143113874E-3
-2.097613877E-3	-2.101086546E-3	-2.120330930E-3
-2.167617669E-3	-2.172956243E-3	-2.178731374E-3
-2.149585867E-3	-2.137936186E-3	-2.155213384E-3
-2.150108572E-3	-2.152240835E-3	-2.169803251E-3
-2.192572691E-3	-2.176831011E-3	-2.188136568E-3
-2.227920108E-3	-2.221945673E-3	-2.246054355E-3
-2.275109524E-3	-2.269546036E-3	-2.281094901E-3
-2.255643485E-3	-2.262554364E-3	-2.274423139E-3
-2.338148654E-3	-2.349410905E-3	-2.345307264E-3
-2.298153704E-3	-2.307687420E-3	-2.314626705E-3
-2.386294538E-3	-2.385543659E-3	-2.401211532E-3
-2.404473256E-3	-2.416543895E-3	-2.406542422E-3
-2.434899099E-3	-2.443188336E-3	-2.474740380E-3
-2.446850296E-3	-2.455925336E-3	-2.471488202E-3
-2.504128031E-3	-2.519452944E-3	-2.519165399E-3
-2.572019352E-3	-2.607516944E-3	-2.613707213E-3
-2.489960985E-3	-2.527303761E-3	-2.510318998E-3
-2.595329424E-3	-2.635742072E-3	-2.657889854E-3
-2.474185778E-3	-2.525962191E-3	-2.530687721E-3
-2.681709593E-3	-2.716780640E-3	-2.727145795E-3
-2.495860681E-3	-2.520641312E-3	-2.531817649E-3
-2.708005253E-3	-2.727169544E-3	-2.731915331E-3
-2.591618337E-3	-2.602526220E-3	-2.614446916E-3
-2.665305510E-3	-2.668298781E-3	-2.703289734E-3
-2.733967965E-3	-2.721386729E-3	-2.762651304E-3
-2.682929393E-3	-2.672526985E-3	-2.686637919E-3
-2.912187483E-3	-2.904363209E-3	-2.925675130E-3
-2.587376162E-3	-2.577396575E-3	-2.615710255E-3
-2.990533365E-3	-2.980228979E-3	-3.000403987E-3
-2.497448819E-3	-2.497850219E-3	-2.531009261E-3
-2.994831884E-3	-3.014997113E-3	-3.042264609E-3
-2.531819278E-3	-2.527733333E-3	-2.552330727E-3
-2.957354765E-3	-2.958920784E-3	-2.998667071E-3
-2.648864407E-3	-2.662594197E-3	-2.683315892E-3
-2.809424186E-3	-2.837542444E-3	-2.860189183E-3
-2.802260453E-3	-2.799529815E-3	-2.841286361E-3
-2.610483905E-3	-2.629447496E-3	-2.665573033E-3
-2.903065877E-3	-2.926556626E-3	-2.948840847E-3
-2.362635685E-3	-2.368739573E-3	-2.408995293E-3
-2.986429725E-3	-3.006580984E-3	-3.030938562E-3
-2.209037077E-3	-2.227393910E-3	-2.258710098E-3
-2.991782734E-3	-3.022792749E-3	-3.053144086E-3
-2.165577142E-3	-2.197928261E-3	-2.226454671E-3
-2.940047765E-3	-2.973095514E-3	-2.977500902E-3
-2.240217058E-3	-2.250664867E-3	-2.296817256E-3
-2.864788752E-3	-2.895912854E-3	-2.920137253E-3
-2.468848135E-3	-2.485640813E-3	-2.495863475E-3
-2.757560229E-3	-2.770422259E-3	-2.796347719E-3
-2.560911700E-3	-2.584339119E-3	-2.598575084E-3
-2.577838721E-3	-2.607918577E-3	-2.621838357E-3
-2.691899892E-3	-2.718175761E-3	-2.742194338E-3
-2.484134398E-3	-2.510956489E-3	-2.524194540E-3
-2.770268591E-3	-2.790876664E-3	-2.820792142E-3
-2.519530710E-3	-2.537691966E-3	-2.549669473E-3
-2.761701355E-3	-2.788814483E-3	-2.823809162E-3
-2.570548793E-3	-2.611195669E-3	-2.630597446E-3
-2.727919724E-3	-2.760727890E-3	-2.782990225E-3
-2.680887701E-3	-2.698708791E-3	-2.717750380E-3
-2.707886510E-3	-2.722274046E-3	-2.767106751E-3
-2.747623948E-3	-2.764969599E-3	-2.794578439E-3
-2.706512110E-3	-2.703445032E-3	-2.773388289E-3
-2.819172572E-3	-2.813760657E-3	-2.860083710E-3
-2.702109050E-3	-2.743062098E-3	-2.751816530E-3
-2.786033088E-3	-2.810924081E-3	-2.847556723E-3
-2.692162292E-3	-2.724711550E-3	-2.756814705E-3
-2.783983480E-3	-2.818588167E-3	-2.835854655E-3
-2.822125563E-3	-2.831809921E-3	-2.881564898E-3
-2.816512482E-3	-2.830882091E-3	-2.882158384E-3
-2.852235222E-3	-2.874858910E-3	-2.905353671E-3
-2.807756653E-3	-2.833142411E-3	-2.868767595E-3
-2.900213236E-3	-2.919238992E-3	-2.951342380E-3
-2.898222301E-3	-2.910016570E-3	-2.962903120E-3
-2.958118217E-3	-2.983250190E-3	-3.028444480E-3
-2.957612276E-3	-2.970570698E-3	-3.006199375E-3
-3.004702041E-3	-3.037903924E-3	-3.056405578E-3
-2.993484726E-3	-3.017697949E-3	-3.051507054E-3
-3.003856167E-3	-3.013120033E-3	-3.073829925E-3
-3.029431682E-3	-3.056035377E-3	-3.106734483E-3
-3.029167419E-3	-3.046087688E-3	-3.105360083E-3
-3.016057890E-3	-3.041682299E-3	-3.102543298E-3
-2.966130152E-3	-3.021636745E-3	-3.059772309E-3
-2.977446420E-3	-3.021624172E-3	-3.058724338E-3
-2.929150360E-3	-2.981922822E-3	-3.021542681E-3
-2.871554811E-3	-2.934653079E-3	-2.973369090E-3
-2.810708946E-3	-2.855161903E-3	-2.889529103E-3
-2.713064663E-3	-2.760956064E-3	-2.815764165E-3
-2.641380066E-3	-2.695923205E-3	-2.708205255E-3
-2.615972422E-3	-2.665553009E-3	-2.701245015E-3
-2.601422835E-3	-2.624398563E-3	-2.661173930E-3
-2.557194792E-3	-2.577698324E-3	-2.626320813E-3
-2.484920900E-3	-2.524458338E-3	-2.565335715E-3
-2.400943544E-3	-2.431308618E-3	-2.474979730E-3
-2.339790808E-3	-2.350887982E-3	-2.421577927E-3
-2.245058073E-3	-2.288650721E-3	-2.360936487E-3
-2.213818487E-3	-2.258442109E-3	-2.312704921E-3
-2.175907604E-3	-2.214569598E-3	-2.272264333E-3
-2.145970706E-3	-2.192489803E-3	-2.236664994E-3
-2.100214595E-3	-2.153901616E-3	-2.212751890E-3
-2.099951962E-3	-2.127453685E-3	-2.187832957E-3
-2.040171297E-3	-2.075456316E-3	-2.119232435E-3
-2.009204123E-3	-2.035089303E-3	-2.065934706E-3
-1.975587336E-3	-2.010955010E-3	-2.032836666E-3
-1.906840946E-3	-1.943693263E-3	-1.973608974E-3
-1.864259248E-3	-1.913822489E-3	-1.944591524E-3
-1.851142617E-3	-1.906445133E-3	-1.932429266E-3
-1.843071310E-3	-1.882874290E-3	-1.918155467E-3
-1.820381149E-3	-1.853138441E-3	-1.882014796E-3
-1.822216902E-3	-1.859198674E-3	-1.899765804E-3
-1.819759258E-3	-1.853829715E-3	-1.885868842E-3
-1.772804419E-3	-1.789051224E-3	-1.838909695E-3
-1.768371556E-3	-1.785413944E-3	-1.828986453E-3
-1.727755414E-3	-1.772020245E-3	-1.806247747E-3
-1.702320878E-3	-1.736508100E-3	-1.786207897E-3
-1.667965553E-3	-1.715213177E-3	-1.752458047E-3
-1.716398634E-3	-1.740396721E-3	-1.777660917E-3
-1.703330432E-3	-1.731608878E-3	-1.759512583E-3
-1.696517691E-3	-1.716379193E-3	-1.754425699E-3
-1.707483199E-3	-1.730193850E-3	-1.793152653E-3
-1.728408737E-3	-1.750284922E-3	-1.786420005E-3
-1.816718723E-3	-1.808705740E-3	-1.829271554E-3
-1.811129623E-3	-1.817382523E-3	-1.870945096E-3
-1.874571666E-3	-1.905926154E-3	-1.951830811E-3
-1.898431219E-3	-1.917566871E-3	-1.961018192E-3
-1.937718480E-3	-1.956653083E-3	-2.001584275E-3
-1.956050051E-3	-1.987980446E-3	-2.031170530E-3
-1.984904287E-3	-2.025285969E-3	-2.069443697E-3
-2.073585521E-3	-2.085192595E-3	-2.133374568E-3
-2.045921749E-3	-2.080320846E-3	-2.137931762E-3
-2.068951493E-3	-2.116271527E-3	-2.159167314E-3
-2.052109456E-3	-2.094435273E-3	-2.138111275E-3
-2.098489087E-3	-2.135422779E-3	-2.184998011E-3
-2.060929546E-3	-2.102586674E-3	-2.140270779E-3
-2.085854067E-3	-2.115699230E-3	-2.158354037E-3
-2.043806016E-3	-2.082015621E-3	-2.128586406E-3
-2.046239097E-3	-2.083786530E-3	-2.130673733E-3
-2.059911611E-3	-2.104344778E-3	-2.143773250E-3
-2.088366076E-3	-2.144989325E-3	-2.192695392E-3
-2.127049956E-3	-2.173684305E-3	-2.215789631E-3
-2.142524580E-3	-2.201333176E-3	-2.248924458E-3
-2.131537534E-3	-2.187448787E-3	-2.231736667E-3
-2.119059442E-3	-2.179193310E-3	-2.243282273E-3
-2.138664480E-3	-2.174312249E-3	-2.239729045E-3
-2.132585039E-3	-2.180301817E-3	-2.257918939E-3
-2.142754383E-3	-2.192892833E-3	-2.252418315E-3
-2.149380045E-3	-2.179598901E-3	-2.257235581E-3
-2.130609937E-3	-2.165724291E-3	-2.242476447E-3
-2.106244443E-3	-2.150940243E-3	-2.207644982E-3
-2.088265494E-3	-2.149483422E-3	-2.185981721E-3
-2.057789359E-3	-2.092708135E-3	-2.131057903E-3
-2.046337351E-3	-2.081507351E-3	-2.125113504E-3
-1.988504315E-3	-2.044277964E-3	-2.073156880E-3
-1.965753967E-3	-1.995852683E-3	-2.043452812E-3
-1.903119264E-3	-1.946549281E-3	-1.999081811E-3
-1.864361810E-3	-1.913068816E-3	-1.967433374E-3
-1.863355283E-3	-1.883599092E-3	-1.966042211E-3
-1.786978217E-3	-1.826808206E-3	-1.910619787E-3
-1.778891892E-3	-1.810071175E-3	-1.891881810E-3
-1.679797308E-3	-1.719961292E-3	-1.795984688E-3
-1.678890665E-3	-1.696139690E-3	-1.775598386E-3
-1.598323463E-3	-1.626133570E-3	-1.708505675E-3
-1.560730278E-3	-1.590867760E-3	-1.671739039E-3
-1.476746053E-3	-1.524355030E-3	-1.569852117E-3
-1.476609032E-3	-1.518567326E-3	-1.569039305E-3
-1.455359976E-3	-1.481875661E-3	-1.525565400E-3
-1.376664964E-3	-1.402502297E-3	-1.457369654E-3
-1.343990210E-3	-1.393984887E-3	-1.440040069E-3
-1.261998201E-3	-1.313988352E-3	-1.352273859E-3
-1.228806796E-3	-1.274436363E-3	-1.317313989E-3
-1.149801421E-3	-1.196890022E-3	-1.230449649E-3
-1.073822146E-3	-1.128592296E-3	-1.170399250E-3
-9.962103795E-4	-1.040177769E-3	-1.083565759E-3
-9.454858373E-4	-9.880297584E-4	-1.058214693E-3
-9.077250143E-4	-9.503950714E-4	-1.023123041E-3
-8.487128653E-4	-8.895909996E-4	-9.442977025E-4
-8.152184309E-4	-8.505728911E-4	-9.104110650E-4
-7.385852514E-4	-7.662322605E-4	-8.341590874E-4
-6.616815226E-4	-7.136891945E-4	-7.689166814E-4
-6.505757920E-4	-6.712788017E-4	-7.313301903E-4
-5.929368199E-4	-6.051289383E-4	-6.618854241E-4
-5.207280046E-4	-5.500722909E-4	-5.918926327E-4
-4.760766460E-4	-5.293267313E-4	-5.721584312E-4
-4.046262766E-4	-4.417706223E-4	-4.943013191E-4
-3.025265760E-4	-3.419681743E-4	-4.022796056E-4
-2.292312420E-4	-2.543909650E-4	-3.179529740E-4
-1.211190902E-4	-1.671959180E-4	-2.188580984E-4
-3.610708518E-5	-8.090817573E-5	-1.193861899E-4
3.720627137E-5	4.539288966E-6	-3.273200491E-5
1.381522598E-4	1.092685634E-4	6.041766756E-5
2.305927337E-4	1.946390839E-4	1.592604094E-4
2.969286579E-4	2.743668447E-4	2.313122241E-4
3.694958868E-4	3.496764111E-4	3.014062531E-4
4.205101286E-4	3.844476596E-4	3.618953633E-4
4.558509681E-4	4.273364320E-4	3.909857187E-4
4.481072247E-4	4.214380169E-4	3.996268206E-4
5.125008174E-4	4.721210571E-4	4.391962430E-4
4.818059970E-4	4.547217977E-4	3.936088469E-4
5.471795448E-4	5.148674245E-4	4.784018674E-4
5.729958066E-4	5.520205013E-4	5.034453352E-4
6.212231820E-4	6.030026707E-4	5.779108033E-4
6.739657838E-4	6.525868666E-4	6.120058242E-4
6.513393600E-4	6.484157639E-4	6.016044063E-4
7.328432985E-4	7.082126685E-4	6.682011881E-4
6.936059799E-4	6.632806617E-4	6.364898873E-4
8.205097984E-4	7.871424896E-4	7.554423064E-4
8.174694376E-4	8.020099485E-4	7.636480150E-4
9.586280794E-4	9.316777578E-4	9.214602178E-4
9.901612066E-4	9.624400409E-4	9.395151865E-4
1.081377384E-3	1.057688380E-3	1.047082129E-3
1.142219990E-3	1.116491389E-3	1.109350706E-3
1.188522205E-3	1.163631212E-3	1.151136239E-3
1.267550979E-3	1.243371284E-3	1.226024120E-3
1.258055796E-3	1.245987020E-3	1.236829557E-3
1.413324615E-3	1.388747478E-3	1.378168468E-3
1.430882607E-3	1.415705425E-3	1.396866865E-3
1.586762723E-3	1.548777567E-3	1.562319230E-3
1.568934415E-3	1.565235201E-3	1.542982995E-3
1.654266147E-3	1.660226961E-3	1.644415897E-3
1.731867087E-3	1.729076845E-3	1.706757583E-3
1.787129906E-3	1.788451918E-3	1.775986049E-3
1.885366393E-3	1.890624058E-3	1.877441886E-3
1.872129040E-3	1.856900752E-3	1.856527291E-3
1.979452325E-3	1.971797552E-3	1.965980278E-3
1.959789312E-3	1.970140263E-3	1.962763257E-3
2.066081157E-3	2.062399872E-3	2.070782240E-3
2.128101885E-3	2.122020582E-3	2.118061529E-3
2.115982817E-3	2.128346590E-3	2.109581605E-3
2.243506489E-3	2.244763542E-3	2.237207955E-3
2.127547516E-3	2.111290349E-3	2.102577593E-3
2.364094835E-3	2.340413397E-3	2.338877879E-3
2.105326392E-3	2.105773427E-3	2.094753785E-3
2.397921402E-3	2.392577939E-3	2.380667720E-3
2.076453762E-3	2.065558219E-3	2.064276254E-3
2.347314032E-3	2.349739661E-3	2.353160875E-3
2.048094990E-3	2.044361550E-3	2.041708911E-3
2.258782508E-3	2.266696421E-3	2.260505920E-3
1.981898909E-3	1.975019462E-3	1.985086827E-3
2.144919941E-3	2.150555840E-3	2.160827396E-3
1.920382492E-3	1.930549508E-3	1.943643671E-3
1.959774178E-3	1.965034055E-3	1.985223265E-3
1.894987654E-3	1.890025451E-3	1.908616745E-3
1.802564831E-3	1.823467901E-3	1.838038908E-3
1.869032276E-3	1.882401411E-3	1.900682342E-3
1.731452183E-3	1.736214617E-3	1.756907557E-3
1.831448870E-3	1.830415917E-3	1.852196408E-3
1.690299250E-3	1.677933033E-3	1.717970590E-3
1.767450012E-3	1.772600692E-3	1.799746067E-3
1.662860159E-3	1.667463221E-3	1.672786428E-3
1.712127472E-3	1.701883739E-3	1.722225570E-3
1.681458671E-3	1.667481614E-3	1.680815243E-3
1.661654096E-3	1.681190683E-3	1.680931193E-3
1.662385883E-3	1.668528421E-3	1.677732333E-3
1.604762976E-3	1.618194394E-3	1.620703493E-3
1.634719549E-3	1.633058302E-3	1.651806990E-3
1.547304448E-3	1.530765905E-3	1.546966843E-3
1.539712539E-3	1.542316750E-3	1.551707392E-3
1.449924195E-3	1.451707911E-3	1.464529312E-3
1.439180109E-3	1.441298635E-3	1.453366713E-3
1.370507176E-3	1.377808396E-3	1.399025205E-3
1.338017290E-3	1.337852678E-3	1.351402723E-3
1.293158275E-3	1.300866483E-3	1.309528481E-3
1.235515811E-3	1.242033672E-3	1.255364274E-3
1.199843246E-3	1.212374424E-3	1.221194630E-3
1.154644298E-3	1.162679517E-3	1.158393337E-3
1.142561436E-3	1.152718323E-3	1.154072001E-3
1.106426469E-3	1.108096796E-3	1.106346375E-3
1.096566557E-3	1.102653099E-3	1.094906242E-3
1.077148481E-3	1.086879987E-3	1.073502703E-3
1.065228716E-3	1.080493559E-3	1.059352653E-3
1.039035851E-3	1.053643879E-3	1.031153952E-3
1.030218205E-3	1.035556779E-3	1.033419161E-3
1.004775171E-3	1.001840224E-3	1.010323176E-3
9.953394765E-4	1.002251869E-3	9.969169041E-4
1.005799393E-3	1.003581565E-3	9.884204483E-4
9.733354091E-4	9.691375308E-4	9.722517570E-4
9.812199278E-4	9.627289837E-4	9.709646692E-4
9.772939375E-4	9.594485164E-4	9.732333128E-4
9.505504277E-4	9.489954100E-4	9.507805808E-4
9.492024546E-4	9.371513152E-4	9.387328173E-4
9.324229904E-4	9.089399828E-4	9.213167359E-4
9.014309617E-4	9.024480823E-4	8.910105680E-4
9.029681096E-4	8.924459689E-4	9.018299170E-4
8.942852728E-4	8.835394401E-4	8.767132531E-4
8.848070283E-4	8.866954013E-4	8.770543500E-4
8.890936733E-4	9.057885036E-4	8.926335722E-4
8.995882818E-4	8.983627777E-4	8.984301821E-4
8.896110812E-4	9.027345804E-4	9.053153335E-4
8.954238147E-4	8.894346538E-4	9.018972050E-4
8.922791458E-4	8.927711169E-4	9.023692692E-4
8.775537717E-4	8.800190990E-4	8.906126604E-4
8.831139421E-4	8.750019479E-4	8.777821786E-4
8.698416059E-4	8.741582860E-4	8.723327192E-4
8.829380386E-4	8.845265256E-4	8.836592315E-4
8.931018529E-4	8.970180643E-4	8.860972594E-4
8.843330434E-4	8.797925548E-4	8.820607909E-4
9.001294384E-4	8.973166114E-4	9.093143162E-4
8.809288265E-4	8.958445396E-4	8.873582119E-4
9.057928692E-4	9.017842822E-4	8.993108058E-4
8.945412701E-4	8.701769984E-4	8.650370874E-4
8.871482569E-4	8.963412256E-4	9.025866166E-4
8.879663656E-4	8.787633851E-4	8.837399655E-4
8.957843529E-4	8.904670831E-4	8.987271576E-4
8.866488934E-4	8.911628975E-4	8.838525973E-4
8.629347431E-4	8.671783726E-4	8.672491531E-4
9.029281791E-4	8.959060069E-4	9.046806954E-4
8.228971274E-4	8.141547441E-4	8.216478163E-4
9.290450835E-4	9.286564309E-4	9.274941403E-4
7.679399569E-4	7.935974281E-4	7.792339893E-4
9.660887881E-4	9.617644828E-4	9.628159460E-4
7.517039776E-4	7.470644196E-4	7.420335896E-4
9.682943928E-4	9.617163450E-4	9.631288121E-4
7.365620695E-4	7.308852510E-4	7.330239750E-4
9.537892183E-4	9.576645680E-4	9.529339150E-4
7.453864673E-4	7.490412681E-4	7.312736707E-4
9.338030941E-4	9.240849758E-4	9.066392086E-4
7.814558339E-4	7.899245829E-4	7.662079297E-4
8.911303012E-4	8.825503755E-4	8.835498593E-4
8.469338063E-4	8.417330682E-4	8.482274134E-4
7.768974174E-4	7.806364447E-4	7.775761769E-4
9.103371995E-4	9.259962244E-4	9.089558152E-4
6.980503094E-4	7.067225524E-4	7.002456696E-4
9.672142332E-4	9.767527226E-4	9.649060084E-4
6.595564773E-4	6.594600272E-4	6.604976370E-4
9.844951564E-4	9.852778167E-4	9.820758132E-4
6.683664396E-4	6.604584632E-4	6.606969400E-4
9.540046449E-4	9.435008978E-4	9.467559867E-4
6.790748448E-4	6.831934443E-4	6.660198560E-4
8.844166296E-4	8.781296783E-4	8.720852784E-4
7.438278408E-4	7.281934959E-4	7.359634619E-4
8.099763072E-4	8.136507822E-4	8.038870874E-4
7.835325669E-4	7.779514999E-4	7.778226282E-4
7.530104485E-4	7.494507590E-4	7.527201087E-4
8.180771838E-4	7.967666606E-4	7.980804658E-4
7.203945424E-4	7.133189356E-4	7.190542528E-4
8.167117485E-4	8.263073978E-4	8.252834668E-4
7.077388000E-4	7.032652502E-4	6.952318945E-4
7.977542118E-4	7.890477427E-4	7.819498423E-4
7.231431082E-4	7.126320852E-4	7.197794039E-4
7.548909634E-4	7.483924273E-4	7.374599227E-4
7.353646797E-4	7.387363585E-4	7.329056389E-4
7.243892760E-4	7.344450569E-4	7.262299187E-4
7.403698983E-4	7.380974130E-4	7.470896235E-4
7.086487603E-4	6.935401470E-4	6.884384784E-4
7.446603267E-4	7.362296456E-4	7.304467726E-4
6.831569481E-4	6.754443748E-4	6.741783582E-4
7.108443533E-4	7.071301807E-4	7.158103399E-4
6.808967446E-4	6.891453522E-4	6.741438410E-4
6.876548869E-4	6.967753870E-4	6.886784104E-4
7.015680894E-4	6.961583276E-4	6.868461496E-4
6.851407816E-4	6.843522424E-4	6.689289003E-4
7.067885017E-4	6.993892603E-4	6.963855703E-4
6.884231698E-4	6.947952206E-4	6.902772584E-4
7.440277259E-4	7.313819951E-4	7.304248284E-4
7.231277414E-4	7.232351927E-4	7.153893239E-4
7.499082712E-4	7.422257331E-4	7.313426468E-4
7.396853762E-4	7.421377231E-4	7.397240843E-4
7.531173178E-4	7.578723016E-4	7.477580220E-4
7.749467622E-4	7.646400481E-4	7.665431476E-4
7.631164044E-4	7.688389742E-4	7.558173384E-4
7.863879437E-4	7.896877942E-4	7.912151632E-4
7.781440509E-4	7.782405009E-4	7.799554151E-4
8.003324037E-4	8.032762562E-4	7.882890059E-4
7.927279803E-4	8.079980616E-4	8.127571200E-4
8.153718663E-4	8.067565504E-4	8.059274987E-4
8.215399575E-4	8.278272580E-4	8.189221262E-4
8.303104551E-4	8.206868079E-4	8.231641841E-4
8.354106103E-4	8.377654594E-4	8.255611174E-4
8.335410384E-4	8.232098189E-4	8.259136230E-4
8.301836788E-4	8.270768449E-4	8.253531414E-4
8.221708704E-4	8.193701506E-4	8.194408147E-4
8.172104135E-4	8.021915564E-4	8.116983227E-4
8.106842870E-4	8.000298985E-4	8.020028472E-4
8.041001274E-4	7.856815937E-4	7.794655394E-4
7.996464847E-4	7.929321146E-4	7.936005713E-4
7.799450541E-4	7.767151692E-4	7.785149501E-4
7.715946413E-4	7.792221149E-4	7.593729533E-4
7.752446691E-4	7.770106895E-4	7.710585487E-4
7.635862567E-4	7.560377708E-4	7.538470090E-4
7.784017944E-4	7.617261144E-4	7.640579133E-4
7.629733882E-4	7.699042326E-4	7.779343869E-4
7.781333406E-4	7.781701861E-4	7.855895092E-4
8.041307447E-4	7.920895005E-4	7.875582087E-4
7.981467061E-4	7.918590563E-4	7.966207922E-4
7.987640565E-4	8.047739975E-4	8.005476557E-4
7.962819654E-4	7.907078834E-4	7.842585910E-4
8.137067198E-4	8.238698356E-4	7.963911630E-4
7.899683551E-4	7.972812164E-4	7.892120630E-4
8.181174635E-4	8.222106262E-4	8.280706243E-4
8.219867013E-4	8.220101590E-4	8.195847040E-4
8.198788855E-4	8.148400811E-4	8.109203773E-4
8.355117752E-4	8.308590623E-4	8.322940557E-4
8.173612878E-4	8.112778305E-4	8.128583431E-4
8.465518476E-4	8.588953642E-4	8.487551822E-4
8.062293055E-4	8.059944957E-4	7.977744681E-4
8.698975435E-4	8.598109707E-4	8.717666497E-4
7.912786095E-4	7.822936168E-4	7.836309378E-4
8.650614764E-4	8.527108002E-4	8.643163019E-4
8.069122559E-4	8.044115966E-4	8.032687474E-4
8.579341811E-4	8.442608523E-4	8.372428128E-4
8.406040142E-4	8.372212760E-4	8.393205353E-4
8.304456132E-4	8.265172364E-4	8.391714655E-4
8.939437685E-4	8.735494339E-4	8.732602000E-4
8.226090576E-4	8.099868428E-4	8.243644261E-4
9.495768463E-4	9.315780480E-4	9.305210551E-4
8.043125272E-4	8.046079893E-4	7.979333168E-4
9.658941417E-4	9.620676865E-4	9.574472788E-4
8.156330441E-4	8.113197982E-4	8.063015994E-4
9.554072167E-4	9.514604462E-4	9.515262791E-4
8.412252646E-4	8.339285268E-4	8.332240395E-4
9.640275966E-4	9.659423376E-4	9.549930110E-4
8.966989699E-4	8.927701274E-4	8.873452316E-4
9.490679950E-4	9.554175776E-4	9.365508449E-4
9.553458658E-4	9.441720322E-4	9.332257323E-4
9.230505675E-4	9.268972790E-4	9.170690319E-4
9.848142508E-4	9.598312317E-4	9.759595268E-4
8.975117817E-4	8.933845093E-4	8.943935391E-4
1.010014908E-3	1.000117161E-3	9.964251658E-4
9.119911701E-4	9.057566058E-4	9.024299216E-4
1.017374685E-3	1.016985974E-3	1.029866748E-3
9.324640851E-4	9.163576178E-4	9.165189113E-4
1.029292354E-3	1.027916209E-3	1.017650124E-3
9.584498475E-4	9.587231325E-4	9.582653292E-4
1.022841549E-3	1.026601531E-3	1.024886966E-3
9.835299570E-4	9.835684905E-4	9.817355312E-4
1.027649501E-3	1.023084042E-3	1.026811311E-3
1.001265831E-3	9.910707595E-4	1.003938378E-3
1.021410222E-3	1.017195173E-3	1.011071261E-3
1.003528014E-3	1.015189802E-3	1.002638601E-3
1.009641448E-3	1.013629837E-3	1.006761566E-3
1.022156444E-3	1.031621941E-3	1.015739399E-3
1.017128467E-3	1.033648150E-3	1.023683697E-3
1.038884628E-3	1.049051527E-3	1.042939839E-3
1.030632528E-3	1.026553335E-3	1.029984909E-3
1.052533858E-3	1.052128966E-3	1.035620226E-3
1.039059018E-3	1.046517165E-3	1.046165824E-3
1.061361516E-3	1.055758796E-3	1.045446494E-3
1.045871293E-3	1.047150930E-3	1.054297085E-3
1.072250772E-3	1.069689635E-3	1.077990397E-3
1.073446707E-3	1.063648961E-3	1.058845315E-3
1.091323909E-3	1.087048440E-3	1.095172833E-3
1.075541833E-3	1.094782492E-3	1.088560442E-3
1.083877054E-3	1.085833181E-3	1.083331648E-3
1.102616312E-3	1.088467892E-3	1.092823804E-3
1.086077071E-3	1.086458913E-3	1.088691293E-3
1.063294476E-3	1.069501159E-3	1.072860206E-3
1.071478473E-3	1.076305052E-3	1.072296058E-3
1.056342968E-3	1.061936957E-3	1.070828876E-3
1.057172427E-3	1.062962809E-3	1.062058262E-3
1.050781226E-3	1.057921443E-3	1.058876282E-3
1.050654217E-3	1.051050262E-3	1.058812370E-3
1.042326214E-3	1.048986451E-3	1.036433503E-3
1.038746443E-3	1.037540031E-3	1.041578013E-3
1.014529495E-3	1.027423888E-3	1.031655469E-3
1.012739725E-3	1.008385560E-3	1.010526088E-3
1.006192644E-3	9.973924607E-4	1.003796235E-3
9.948498337E-4	9.842241416E-4	9.976299480E-4
9.799650870E-4	9.748730226E-4	9.651525179E-4
9.631990688E-4	9.714860935E-4	9.756564396E-4
9.673422901E-4	9.641201468E-4	9.603248909E-4
9.608447435E-4	9.532134281E-4	9.503951878E-4
9.501764434E-4	9.469160577E-4	9.521144675E-4
9.376935777E-4	9.372324566E-4	9.472914971E-4
9.388156468E-4	9.347392479E-4	9.333358030E-4
9.207738331E-4	9.157003951E-4	9.145437507E-4
9.306693100E-4	9.226075490E-4	9.324510465E-4
8.902212721E-4	8.934151847E-4	8.946644957E-4
9.273003670E-4	9.164431249E-4	9.218349587E-4
8.773205336E-4	8.862848626E-4	8.799278876E-4
9.117197478E-4	9.015624528E-4	9.061611490E-4
8.888383163E-4	8.690820541E-4	8.866568678E-4
9.043049649E-4	9.053402464E-4	8.835628978E-4
8.861050592E-4	8.887825534E-4	8.802500670E-4
8.693342097E-4	8.760125493E-4	8.581873262E-4
8.897184161E-4	8.795907488E-4	8.760099881E-4
8.383013192E-4	8.267916273E-4	8.295648149E-4
8.863011026E-4	8.893277845E-4	8.930693148E-4
8.147518383E-4	8.158240234E-4	8.160939906E-4
8.999374695E-4	8.895421051E-4	8.973826189E-4
8.306663367E-4	8.160331636E-4	8.265895303E-4
8.936972590E-4	8.764758823E-4	8.760316996E-4
8.209045627E-4	8.318928885E-4	8.277340094E-4
8.647855720E-4	8.534846711E-4	8.525858284E-4
8.715133881E-4	8.719296893E-4	8.624829352E-4
8.356580511E-4	8.186306804E-4	8.267270168E-4
9.151662816E-4	8.969883784E-4	9.102628101E-4
7.912988658E-4	7.814029814E-4	7.897549658E-4
9.532983531E-4	9.547042428E-4	9.431929793E-4
7.792033721E-4	7.894470473E-4	7.828040398E-4
9.787185118E-4	9.702137904E-4	9.693825268E-4
7.963816752E-4	7.951959851E-4	7.911904831E-4
9.610116249E-4	9.667316335E-4	9.498661966E-4
8.373188903E-4	8.405002300E-4	8.280225447E-4
9.243402164E-4	9.306785651E-4	9.256323101E-4
9.307010914E-4	9.163532523E-4	9.114561253E-4
8.769905544E-4	8.762730286E-4	8.692816482E-4
9.922708850E-4	9.974951390E-4	1.000309829E-3
8.569135098E-4	8.482580888E-4	8.594013634E-4
1.083450275E-3	1.090945443E-3	1.063512871E-3
8.401062805E-4	8.527520695E-4	8.491923800E-4
1.109314850E-3	1.104328083E-3	1.106954413E-3
8.512152126E-4	8.499169489E-4	8.560933056E-4
1.110675395E-3	1.105469186E-3	1.110189478E-3
9.008478955E-4	9.070776287E-4	8.950452320E-4
1.096341177E-3	1.091145910E-3	1.087171375E-3
9.599667974E-4	9.560429025E-4	9.652847075E-4
1.062502386E-3	1.066912897E-3	1.062798314E-3
1.011146000E-3	1.024515717E-3	1.004189719E-3
1.037550159E-3	1.028886880E-3	1.033731736E-3
1.069551683E-3	1.066229655E-3	1.056674053E-3
1.029609237E-3	1.031353837E-3	1.022886368E-3
