-7.197624969E+1	-7.361820984E+1	-7.517350006E+1
-8.578532410E+1	-8.876559448E+1	-7.380461121E+1
-7.104521179E+1	-7.412092590E+1	-7.735257721E+1
-7.227719116E+1	-7.801821899E+1	-7.108046722E+1
-7.195586395E+1	-6.984650421E+1	-7.102960205E+1
-7.703310394E+1	-7.534751892E+1	-7.286077118E+1
-7.880946350E+1	-8.438055420E+1	-8.420063019E+1
-6.423876953E+1	-6.409426117E+1	-6.386565781E+1
-7.613232422E+1	-7.963541412E+1	-7.942575073E+1
-7.859145355E+1	-7.678710175E+1	-7.680111694E+1
-7.166410065E+1	-7.313378906E+1	-7.322277832E+1
-8.234177399E+1	-8.285023499E+1	-8.480919647E+1
-7.377030945E+1	-7.569544983E+1	-7.390383148E+1
-6.958931732E+1	-7.220978546E+1	-7.164186096E+1
-7.168547058E+1	-6.968971252E+1	-6.751050568E+1
-7.119361115E+1	-7.223045349E+1	-7.230622864E+1
-6.839681244E+1	-6.721489716E+1	-6.916904449E+1
-6.285813904E+1	-6.287435913E+1	-6.415545654E+1
-7.318522644E+1	-7.641268921E+1	-8.306203461E+1
-6.372448349E+1	-6.455476379E+1	-6.544154358E+1
-6.838295746E+1	-7.158499146E+1	-7.163899994E+1
-6.715944672E+1	-6.610121918E+1	-6.899571228E+1
-7.047402954E+1	-6.981096649E+1	-7.101231384E+1
-7.216376495E+1	-7.371288300E+1	-7.353872681E+1
-7.011493683E+1	-6.992200470E+1	-6.914579773E+1
-6.992894745E+1	-6.878614807E+1	-7.017335510E+1
-5.744985199E+1	-5.759511185E+1	-5.738034821E+1
-6.385125351E+1	-6.504890442E+1	-6.390749359E+1
-7.038227844E+1	-6.873849487E+1	-7.003913116E+1
-6.225389481E+1	-6.228365707E+1	-6.244634247E+1
-6.885815430E+1	-7.027694702E+1	-6.852717590E+1
-5.720769501E+1	-5.723971176E+1	-5.695236969E+1
-6.400507355E+1	-6.349641037E+1	-6.356849289E+1
-5.923196411E+1	-5.934962463E+1	-5.905836487E+1
-6.798618317E+1	-6.821446991E+1	-6.816931152E+1
-6.139329529E+1	-6.196043015E+1	-6.150127792E+1
-6.193513489E+1	-6.167530060E+1	-6.263201141E+1
-6.439987183E+1	-6.499390411E+1	-6.477937317E+1
-6.482456207E+1	-6.415513611E+1	-6.465611267E+1
-6.228268433E+1	-6.233157730E+1	-6.235818481E+1
-6.813471985E+1	-6.806671143E+1	-6.905516815E+1
-5.716237640E+1	-5.739477539E+1	-5.741673660E+1
-5.720941544E+1	-5.712928391E+1	-5.711974335E+1
-5.341606903E+1	-5.348425674E+1	-5.340111923E+1
-5.252867126E+1	-5.249552917E+1	-5.250255966E+1
-5.518768311E+1	-5.519018936E+1	-5.510017014E+1
-5.572041702E+1	-5.568455505E+1	-5.560326004E+1
-5.894633102E+1	-5.929323959E+1	-5.881370163E+1
-5.873292923E+1	-5.914813232E+1	-5.894170380E+1
-6.340113449E+1	-6.289079285E+1	-6.339710236E+1
-6.443862915E+1	-6.452069855E+1	-6.424491119E+1
-6.019183731E+1	-5.999229050E+1	-6.012587357E+1
-4.912849045E+1	-4.910394669E+1	-4.917882156E+1
-4.558580017E+1	-4.563735580E+1	-4.557838058E+1
-3.882546234E+1	-3.885916138E+1	-3.883574295E+1
-3.659393692E+1	-3.659162903E+1	-3.659768295E+1
-3.316728973E+1	-3.319317627E+1	-3.321010590E+1
-3.086157990E+1	-3.086664200E+1	-3.086157227E+1
-2.943458366E+1	-2.944031906E+1	-2.944260025E+1
-2.882470131E+1	-2.882151794E+1	-2.882113457E+1
-2.699487114E+1	-2.699717712E+1	-2.700107765E+1
-2.723251915E+1	-2.723009491E+1	-2.722624397E+1
-2.805535889E+1	-2.804745483E+1	-2.805456161E+1
-2.724254608E+1	-2.724394417E+1	-2.725223160E+1
-2.808419228E+1	-2.808975983E+1	-2.808247566E+1
-3.038090897E+1	-3.038203430E+1	-3.038203430E+1
-3.194947815E+1	-3.194494629E+1	-3.195519829E+1
-3.409362411E+1	-3.409785080E+1	-3.409207916E+1
-3.491725159E+1	-3.491801071E+1	-3.491056824E+1
-3.846103668E+1	-3.846559143E+1	-3.846201706E+1
-4.080198288E+1	-4.078341293E+1	-4.080099487E+1
-4.854541016E+1	-4.861978912E+1	-4.866816330E+1
-5.059669113E+1	-5.062964249E+1	-5.064465714E+1
-5.993088913E+1	-5.992810059E+1	-6.001206207E+1
-6.482330322E+1	-6.466550446E+1	-6.465831757E+1
-6.112602234E+1	-6.102920532E+1	-6.110142517E+1
-5.483668137E+1	-5.489107132E+1	-5.489599609E+1
-5.262582016E+1	-5.264558411E+1	-5.259377670E+1
-5.144462585E+1	-5.143003464E+1	-5.144126892E+1
-5.003118134E+1	-5.005450821E+1	-4.985993195E+1
-5.114311600E+1	-5.103472519E+1	-5.103403473E+1
-5.009931564E+1	-5.014554977E+1	-5.014624023E+1
-5.375888824E+1	-5.354216385E+1	-5.364777756E+1
-5.275392532E+1	-5.280673218E+1	-5.281334305E+1
-5.831691742E+1	-5.805414963E+1	-5.806447983E+1
-5.778683090E+1	-5.760874557E+1	-5.770193481E+1
-5.959414673E+1	-5.966957474E+1	-5.983328247E+1
-5.984016800E+1	-5.985947037E+1	-5.981692886E+1
-6.409812927E+1	-6.412220001E+1	-6.405024719E+1
-5.555958939E+1	-5.554840088E+1	-5.568412399E+1
-6.485808563E+1	-6.506462860E+1	-6.475338745E+1
-5.217951584E+1	-5.211829376E+1	-5.215512466E+1
-7.382444763E+1	-7.269426727E+1	-7.397737122E+1
-5.382776260E+1	-5.390425873E+1	-5.386600494E+1
-8.258950043E+1	-8.324847412E+1	-8.095065308E+1
-5.576860046E+1	-5.581811905E+1	-5.599205017E+1
-6.870587921E+1	-6.905894470E+1	-6.944054413E+1
-5.717331696E+1	-5.731774139E+1	-5.715462494E+1
-5.700337601E+1	-5.698345947E+1	-5.692433167E+1
-5.511653519E+1	-5.533808517E+1	-5.502934647E+1
-5.674083328E+1	-5.665640640E+1	-5.661154938E+1
-5.814084625E+1	-5.813308334E+1	-5.805005264E+1
-5.880305099E+1	-5.893381500E+1	-5.885309219E+1
-5.733363342E+1	-5.737145615E+1	-5.734913254E+1
-5.774594498E+1	-5.763071442E+1	-5.780291748E+1
-5.587853622E+1	-5.589559555E+1	-5.589617157E+1
-6.085140610E+1	-6.090052795E+1	-6.074122620E+1
-5.909270477E+1	-5.909365082E+1	-5.922165680E+1
-5.845755768E+1	-5.820972824E+1	-5.824216461E+1
-5.755777359E+1	-5.758015442E+1	-5.750262451E+1
-5.944439316E+1	-5.933676529E+1	-5.953539658E+1
-5.527911758E+1	-5.521792984E+1	-5.529668045E+1
-5.769591141E+1	-5.770708847E+1	-5.765630341E+1
-6.210818863E+1	-6.213219452E+1	-6.236399460E+1
-5.532427216E+1	-5.536421967E+1	-5.545950317E+1
-5.940709686E+1	-5.936000061E+1	-5.945391846E+1
-5.524482727E+1	-5.531708145E+1	-5.528777313E+1
-5.498737335E+1	-5.503433990E+1	-5.502334976E+1
-5.189556503E+1	-5.188883972E+1	-5.195083237E+1
-5.823646545E+1	-5.829338455E+1	-5.836647797E+1
-5.410125732E+1	-5.415277481E+1	-5.426305008E+1
-5.540518951E+1	-5.530134583E+1	-5.535580444E+1
-5.641160583E+1	-5.645027924E+1	-5.632223511E+1
-5.820534897E+1	-5.828637695E+1	-5.813414001E+1
-5.158521652E+1	-5.167980576E+1	-5.155384445E+1
-5.336206055E+1	-5.334530258E+1	-5.330705261E+1
-5.763211823E+1	-5.765508652E+1	-5.760493851E+1
-5.399917221E+1	-5.404441071E+1	-5.398165512E+1
-5.489037704E+1	-5.509357071E+1	-5.505383682E+1
-5.830027390E+1	-5.844839096E+1	-5.813625717E+1
-5.455264664E+1	-5.452605438E+1	-5.460196304E+1
-5.172400665E+1	-5.174354553E+1	-5.180775452E+1
-5.339609909E+1	-5.336987305E+1	-5.332823563E+1
-5.170913315E+1	-5.172755432E+1	-5.170440674E+1
-5.179706955E+1	-5.181022263E+1	-5.183309937E+1
-5.610732269E+1	-5.601453018E+1	-5.598177719E+1
-5.381486130E+1	-5.380773544E+1	-5.386887360E+1
-5.312281036E+1	-5.312490845E+1	-5.311612320E+1
-5.425468826E+1	-5.421260452E+1	-5.423480225E+1
-5.394497681E+1	-5.385880661E+1	-5.395504379E+1
-5.337833786E+1	-5.344507599E+1	-5.347597122E+1
-5.426440430E+1	-5.428278732E+1	-5.437022018E+1
-5.906464386E+1	-5.903904724E+1	-5.920027924E+1
-5.738165665E+1	-5.730396652E+1	-5.742207718E+1
-5.690771484E+1	-5.684188080E+1	-5.690835953E+1
-5.911908340E+1	-5.908146667E+1	-5.909730530E+1
-5.530649948E+1	-5.543096161E+1	-5.533203506E+1
-5.511839294E+1	-5.504371262E+1	-5.504970932E+1
-5.351505661E+1	-5.359745026E+1	-5.354222870E+1
-5.636409378E+1	-5.632762909E+1	-5.626380539E+1
-5.956444168E+1	-5.952369690E+1	-5.959452820E+1
-5.712289810E+1	-5.694898987E+1	-5.701632309E+1
-5.648224258E+1	-5.655428696E+1	-5.652392197E+1
-5.398729706E+1	-5.417191315E+1	-5.405393219E+1
-5.375615311E+1	-5.370279312E+1	-5.378530884E+1
-5.141157532E+1	-5.141535950E+1	-5.138246536E+1
-5.264937592E+1	-5.261685562E+1	-5.256516266E+1
-5.404361725E+1	-5.403546143E+1	-5.399139404E+1
-5.358723068E+1	-5.359759903E+1	-5.357081223E+1
-5.402798080E+1	-5.396472168E+1	-5.399477386E+1
-5.286630630E+1	-5.287805939E+1	-5.288467026E+1
-5.315917969E+1	-5.317551804E+1	-5.311455154E+1
-5.523021317E+1	-5.519454193E+1	-5.521814728E+1
-5.358314896E+1	-5.352815247E+1	-5.353770065E+1
-5.608332443E+1	-5.603342819E+1	-5.611525726E+1
-5.565169907E+1	-5.557078552E+1	-5.562742996E+1
-5.448690414E+1	-5.457048416E+1	-5.453299332E+1
-5.452985382E+1	-5.460307312E+1	-5.465764618E+1
-5.507640457E+1	-5.506196213E+1	-5.508155823E+1
-5.334950638E+1	-5.340368652E+1	-5.340356445E+1
-5.438416672E+1	-5.442535782E+1	-5.440578079E+1
-5.293412018E+1	-5.296551895E+1	-5.294603729E+1
-5.087681961E+1	-5.081684875E+1	-5.089530945E+1
-5.285226822E+1	-5.285803986E+1	-5.284457779E+1
-5.115714264E+1	-5.118558502E+1	-5.114866257E+1
-5.211366653E+1	-5.214199829E+1	-5.209516525E+1
-5.465827942E+1	-5.462854385E+1	-5.458476257E+1
-5.196646881E+1	-5.199004364E+1	-5.196403503E+1
-5.358392715E+1	-5.353227234E+1	-5.359891891E+1
-5.326718140E+1	-5.322560501E+1	-5.326826477E+1
-4.993634033E+1	-4.994342041E+1	-4.996929932E+1
-5.278201675E+1	-5.281898880E+1	-5.273812485E+1
-4.965468216E+1	-4.965194321E+1	-4.966715240E+1
-5.587150955E+1	-5.571489716E+1	-5.579452515E+1
-5.210131454E+1	-5.208293152E+1	-5.213424301E+1
-5.971768188E+1	-5.951732635E+1	-5.960107040E+1
-5.149753189E+1	-5.146912766E+1	-5.148305893E+1
-5.755072403E+1	-5.763676071E+1	-5.768875122E+1
-4.748428345E+1	-4.741704178E+1	-4.746068192E+1
-5.349543762E+1	-5.352785110E+1	-5.352654648E+1
-4.958808136E+1	-4.956408691E+1	-4.955850220E+1
-5.484199905E+1	-5.483575821E+1	-5.482653046E+1
-5.233360672E+1	-5.237071228E+1	-5.238997269E+1
-5.671098328E+1	-5.677504730E+1	-5.667025375E+1
-5.053699875E+1	-5.054632568E+1	-5.057543564E+1
-5.142854691E+1	-5.134590530E+1	-5.140813828E+1
-5.090255356E+1	-5.089161682E+1	-5.087217331E+1
-5.100278091E+1	-5.104865646E+1	-5.102899551E+1
-5.423065948E+1	-5.425786972E+1	-5.421157074E+1
-5.307926178E+1	-5.314472961E+1	-5.309447861E+1
-5.337776566E+1	-5.329751587E+1	-5.326883698E+1
-5.512285995E+1	-5.505377960E+1	-5.509563446E+1
-5.081399536E+1	-5.082908630E+1	-5.080637360E+1
-5.220930862E+1	-5.222129822E+1	-5.226713181E+1
-4.912424469E+1	-4.911437225E+1	-4.913624954E+1
-4.992926025E+1	-4.992787170E+1	-4.994172668E+1
-5.267351532E+1	-5.271761322E+1	-5.269958115E+1
-5.159912872E+1	-5.164313507E+1	-5.164867401E+1
-5.724269104E+1	-5.727030563E+1	-5.714935303E+1
-5.152397156E+1	-5.156278992E+1	-5.151955032E+1
-5.012460327E+1	-5.012615204E+1	-5.015383911E+1
-5.039539719E+1	-5.038887787E+1	-5.040692139E+1
-5.039907074E+1	-5.040868759E+1	-5.041112137E+1
-5.238571930E+1	-5.236508179E+1	-5.240987015E+1
-5.190369797E+1	-5.185647202E+1	-5.183892059E+1
-5.161621857E+1	-5.162124634E+1	-5.160237885E+1
-5.121142578E+1	-5.119725800E+1	-5.119287872E+1
-5.157790375E+1	-5.158113098E+1	-5.158134842E+1
-5.090232086E+1	-5.089985275E+1	-5.091252518E+1
-5.180793381E+1	-5.180524826E+1	-5.179746246E+1
-4.994751740E+1	-4.993465424E+1	-4.996722412E+1
-4.832790375E+1	-4.833336258E+1	-4.833597946E+1
-4.826591492E+1	-4.829722595E+1	-4.830122375E+1
-4.816590118E+1	-4.815507507E+1	-4.817113495E+1
-5.388048935E+1	-5.382928848E+1	-5.383671570E+1
-5.237126923E+1	-5.232346344E+1	-5.242738342E+1
-5.206676865E+1	-5.208830261E+1	-5.207726669E+1
-4.953002167E+1	-4.949774170E+1	-4.955284119E+1
-4.570045090E+1	-4.567626190E+1	-4.568684769E+1
-4.762554932E+1	-4.762832260E+1	-4.763537979E+1
-4.555757523E+1	-4.555831909E+1	-4.555696106E+1
-4.965895081E+1	-4.966035843E+1	-4.964509201E+1
-5.701965332E+1	-5.714384460E+1	-5.708470154E+1
-5.406132889E+1	-5.401836777E+1	-5.401714706E+1
-5.495546722E+1	-5.495110703E+1	-5.491765594E+1
-4.391022491E+1	-4.390489960E+1	-4.390227127E+1
-4.419127655E+1	-4.417931747E+1	-4.418103409E+1
-4.419808578E+1	-4.420207214E+1	-4.419500732E+1
-4.613108444E+1	-4.611530685E+1	-4.609932327E+1
-5.867022705E+1	-5.867214203E+1	-5.865044785E+1
-5.865245438E+1	-5.881999588E+1	-5.892241287E+1
-7.122264099E+1	-7.156373596E+1	-7.125456238E+1
-4.527184296E+1	-4.532966232E+1	-4.532215881E+1
-4.204248810E+1	-4.205063248E+1	-4.205654526E+1
-4.460986710E+1	-4.464725494E+1	-4.468130493E+1
-4.223715591E+1	-4.224860382E+1	-4.223506927E+1
-4.892258072E+1	-4.879391861E+1	-4.875286865E+1
-5.430597305E+1	-5.450712204E+1	-5.453021240E+1
-5.781253052E+1	-5.744284439E+1	-5.740122986E+1
-4.899097443E+1	-4.910535049E+1	-4.913771820E+1
-3.972492981E+1	-3.969742584E+1	-3.969680405E+1
-4.188574219E+1	-4.182149887E+1	-4.182477951E+1
-3.955244064E+1	-3.952550888E+1	-3.952204514E+1
-4.277881241E+1	-4.277680588E+1	-4.278183746E+1
-4.714474869E+1	-4.711536026E+1	-4.713201523E+1
-5.120582581E+1	-5.105567932E+1	-5.119067001E+1
-4.507393265E+1	-4.501283264E+1	-4.505118179E+1
-3.911211777E+1	-3.914738464E+1	-3.916592026E+1
-4.032443237E+1	-4.035791779E+1	-4.033798218E+1
-4.239825821E+1	-4.243758392E+1	-4.240599442E+1
-4.037530136E+1	-4.037540436E+1	-4.034080887E+1
-4.217491150E+1	-4.217119598E+1	-4.220890045E+1
-4.403491974E+1	-4.407889175E+1	-4.408150101E+1
-4.368111801E+1	-4.372187042E+1	-4.373855972E+1
-3.973781586E+1	-3.974911499E+1	-3.973223877E+1
-3.783750916E+1	-3.783487701E+1	-3.785520935E+1
-4.467679596E+1	-4.465818024E+1	-4.470910263E+1
-3.811735153E+1	-3.810083389E+1	-3.814142609E+1
-3.995294189E+1	-3.998303986E+1	-3.996294403E+1
-3.919335556E+1	-3.921555710E+1	-3.920985031E+1
-4.658655167E+1	-4.662875748E+1	-4.658034134E+1
-3.860721207E+1	-3.860976410E+1	-3.862405014E+1
-3.704404831E+1	-3.704963303E+1	-3.705696106E+1
-3.864196014E+1	-3.864510727E+1	-3.863763046E+1
-3.854167938E+1	-3.854909134E+1	-3.854264832E+1
-3.817324448E+1	-3.819233322E+1	-3.818356705E+1
-3.771197128E+1	-3.769472504E+1	-3.772473907E+1
-4.431945038E+1	-4.434796143E+1	-4.436321640E+1
-3.865878677E+1	-3.865869904E+1	-3.868045044E+1
-3.852033997E+1	-3.852825928E+1	-3.851455688E+1
-3.533660126E+1	-3.535213470E+1	-3.535966110E+1
-4.131783676E+1	-4.133798981E+1	-4.131690216E+1
-3.601794434E+1	-3.601490402E+1	-3.601808548E+1
-3.890520477E+1	-3.891049194E+1	-3.893054581E+1
-4.002166367E+1	-4.002333832E+1	-4.002041245E+1
-4.213230515E+1	-4.212372589E+1	-4.210517120E+1
-3.897192764E+1	-3.898128891E+1	-3.900254822E+1
-3.485486603E+1	-3.486084366E+1	-3.487968445E+1
-3.951782990E+1	-3.954265594E+1	-3.953332138E+1
-3.579529953E+1	-3.580495834E+1	-3.579486465E+1
-4.065166473E+1	-4.064861679E+1	-4.064556885E+1
-3.932924271E+1	-3.934579849E+1	-3.935091782E+1
-4.519905472E+1	-4.520058060E+1	-4.521578217E+1
-4.012440491E+1	-4.015140533E+1	-4.015341949E+1
-3.774206924E+1	-3.775267410E+1	-3.776436234E+1
-3.738297272E+1	-3.736967087E+1	-3.737645721E+1
-3.923619080E+1	-3.923276138E+1	-3.924088669E+1
-3.882453156E+1	-3.881488419E+1	-3.881330872E+1
-4.180467606E+1	-4.184900284E+1	-4.185546494E+1
-3.966448593E+1	-3.969157791E+1	-3.970819855E+1
-4.493713379E+1	-4.496739197E+1	-4.497188568E+1
-3.530385208E+1	-3.531097412E+1	-3.532136536E+1
-3.385276031E+1	-3.386198044E+1	-3.386057281E+1
-3.839535141E+1	-3.840467072E+1	-3.843077469E+1
-3.143347168E+1	-3.144244766E+1	-3.144064713E+1
-3.291661453E+1	-3.292800522E+1	-3.294479370E+1
-3.421033478E+1	-3.421945190E+1	-3.421310425E+1
-3.013789940E+1	-3.014432716E+1	-3.015976143E+1
-3.171720886E+1	-3.172599220E+1	-3.172033501E+1
-3.218088150E+1	-3.218294144E+1	-3.220574951E+1
-2.974531364E+1	-2.975033951E+1	-2.975304031E+1
-3.259645462E+1	-3.261025620E+1	-3.261957932E+1
-3.163152122E+1	-3.163764763E+1	-3.164020920E+1
-3.348835373E+1	-3.350001144E+1	-3.351201248E+1
-3.365688324E+1	-3.365964508E+1	-3.365777969E+1
-4.078505707E+1	-4.081497955E+1	-4.081856537E+1
-3.759678650E+1	-3.760379410E+1	-3.759699631E+1
-5.047782516E+1	-5.049971390E+1	-5.054517365E+1
-4.919549179E+1	-4.920726395E+1	-4.918041229E+1
-6.237132645E+1	-6.241940308E+1	-6.231690216E+1
-4.319156647E+1	-4.320617676E+1	-4.320679855E+1
-4.289504242E+1	-4.290521622E+1	-4.290490723E+1
-4.261104584E+1	-4.261584091E+1	-4.259769821E+1
-4.435611725E+1	-4.436152649E+1	-4.433884811E+1
-5.011333466E+1	-5.017290115E+1	-5.014747620E+1
-5.198052979E+1	-5.200492859E+1	-5.193966675E+1
-4.854981232E+1	-4.857452774E+1	-4.861334991E+1
-4.577529526E+1	-4.580246353E+1	-4.577605820E+1
-4.434732437E+1	-4.433512878E+1	-4.432979584E+1
-4.480585480E+1	-4.479101181E+1	-4.479929733E+1
-4.514391708E+1	-4.513415527E+1	-4.512643433E+1
-5.020272446E+1	-5.018136978E+1	-5.021458054E+1
-4.571335602E+1	-4.573628235E+1	-4.574757767E+1
-4.694319916E+1	-4.694301987E+1	-4.697442627E+1
-4.547193527E+1	-4.549732971E+1	-4.551120758E+1
-4.492726135E+1	-4.490366745E+1	-4.492088699E+1
-4.948743057E+1	-4.948035812E+1	-4.947952652E+1
-4.587730789E+1	-4.587089157E+1	-4.586666107E+1
-5.081894684E+1	-5.078476334E+1	-5.079224014E+1
-4.522915268E+1	-4.523762512E+1	-4.525996017E+1
-4.557709885E+1	-4.558113098E+1	-4.559283829E+1
-4.504112625E+1	-4.502431870E+1	-4.506118393E+1
-4.666952896E+1	-4.664630508E+1	-4.665404510E+1
-4.995124435E+1	-4.991449356E+1	-4.990600204E+1
-4.996237564E+1	-4.988931656E+1	-4.989548111E+1
-4.978833008E+1	-4.968799210E+1	-4.969409180E+1
-4.695930099E+1	-4.691059113E+1	-4.691585922E+1
-4.571471024E+1	-4.571276855E+1	-4.569321823E+1
-4.570301819E+1	-4.573939133E+1	-4.570797348E+1
-4.623812866E+1	-4.622192764E+1	-4.621334839E+1
-4.808809662E+1	-4.810830307E+1	-4.803252411E+1
-4.765295029E+1	-4.766170502E+1	-4.764488220E+1
-4.832934189E+1	-4.834668350E+1	-4.832554245E+1
-4.689228439E+1	-4.692129898E+1	-4.690800858E+1
-4.672961426E+1	-4.672792053E+1	-4.672212219E+1
-4.622694397E+1	-4.625027847E+1	-4.624579620E+1
-4.661277008E+1	-4.662459564E+1	-4.660952377E+1
-4.698568344E+1	-4.701705170E+1	-4.701037979E+1
-4.666780472E+1	-4.669401932E+1	-4.667086792E+1
-4.743910980E+1	-4.744771957E+1	-4.746020889E+1
-4.661308289E+1	-4.661380768E+1	-4.662661362E+1
-4.820993805E+1	-4.821706009E+1	-4.820779800E+1
-4.704730988E+1	-4.704742432E+1	-4.705998230E+1
-4.742630768E+1	-4.744810104E+1	-4.745051956E+1
-4.683062744E+1	-4.683624649E+1	-4.683695221E+1
-4.594649506E+1	-4.598378372E+1	-4.596526337E+1
-4.647925186E+1	-4.647577667E+1	-4.647866058E+1
-4.632979584E+1	-4.632559967E+1	-4.631500626E+1
-4.736688232E+1	-4.735313797E+1	-4.735301208E+1
-4.756212997E+1	-4.752954483E+1	-4.752841187E+1
-4.725900650E+1	-4.724264526E+1	-4.723778534E+1
-4.686139679E+1	-4.686049652E+1	-4.684252167E+1
-4.581594849E+1	-4.579609680E+1	-4.580731201E+1
-4.591537857E+1	-4.589156723E+1	-4.588584900E+1
-4.548486328E+1	-4.547831726E+1	-4.546231461E+1
-4.654629517E+1	-4.653024292E+1	-4.653075790E+1
-4.641619110E+1	-4.639377213E+1	-4.641199875E+1
-4.662950897E+1	-4.662314987E+1	-4.662258911E+1
-4.646678543E+1	-4.645594406E+1	-4.646130753E+1
-4.567149734E+1	-4.566681671E+1	-4.567378998E+1
-4.630193710E+1	-4.630215454E+1	-4.629120636E+1
-4.593307114E+1	-4.589159775E+1	-4.591100693E+1
-4.608317947E+1	-4.606887436E+1	-4.607324600E+1
-4.588290024E+1	-4.587258148E+1	-4.586309433E+1
-4.538153839E+1	-4.538143921E+1	-4.536480713E+1
-4.571134949E+1	-4.570903397E+1	-4.570204163E+1
-4.536411667E+1	-4.538079071E+1	-4.537359619E+1
-4.574642944E+1	-4.576921463E+1	-4.574489212E+1
-4.587209702E+1	-4.588385773E+1	-4.585615921E+1
-4.583159637E+1	-4.583256531E+1	-4.582432938E+1
-4.541462326E+1	-4.542553711E+1	-4.542068100E+1
-4.502162552E+1	-4.503841400E+1	-4.501238251E+1
-4.527993011E+1	-4.526383209E+1	-4.527526855E+1
-4.501071548E+1	-4.500894165E+1	-4.502576065E+1
-4.552432251E+1	-4.551561737E+1	-4.552471161E+1
-4.575600433E+1	-4.574247360E+1	-4.575125885E+1
-4.540943527E+1	-4.536584854E+1	-4.539288330E+1
-4.540862274E+1	-4.539235687E+1	-4.540103531E+1
-4.489044571E+1	-4.486450958E+1	-4.485257339E+1
-4.512288284E+1	-4.510731888E+1	-4.509892654E+1
-4.491165924E+1	-4.489147568E+1	-4.490685654E+1
-4.517403793E+1	-4.517013931E+1	-4.517516708E+1
-4.523942947E+1	-4.524862671E+1	-4.523124695E+1
-4.504410172E+1	-4.505595779E+1	-4.503321838E+1
-4.485760880E+1	-4.486191177E+1	-4.484741211E+1
-4.475353241E+1	-4.476005936E+1	-4.475265121E+1
-4.484339905E+1	-4.484601593E+1	-4.484441757E+1
-4.469927597E+1	-4.469953156E+1	-4.469104385E+1
-4.494263077E+1	-4.493892670E+1	-4.495780182E+1
-4.487057877E+1	-4.485743332E+1	-4.486479187E+1
-4.462149811E+1	-4.463913345E+1	-4.462849426E+1
-4.461208725E+1	-4.461318970E+1	-4.459686661E+1
-4.463798904E+1	-4.464345169E+1	-4.462899017E+1
-4.454991913E+1	-4.455020142E+1	-4.453042221E+1
-4.429170227E+1	-4.428290939E+1	-4.428135300E+1
-4.437260056E+1	-4.436811066E+1	-4.436643982E+1
-4.420404816E+1	-4.420236588E+1	-4.419867325E+1
-4.366728210E+1	-4.366627884E+1	-4.366249847E+1
-4.480561447E+1	-4.478970337E+1	-4.479643250E+1
-4.313374329E+1	-4.314253998E+1	-4.314465714E+1
-4.567571640E+1	-4.563581467E+1	-4.565058136E+1
-4.253115463E+1	-4.254391479E+1	-4.255556488E+1
-4.597904968E+1	-4.594564438E+1	-4.594462585E+1
-4.210648727E+1	-4.213520813E+1	-4.210646820E+1
-4.463293457E+1	-4.463723755E+1	-4.460677338E+1
-4.235590363E+1	-4.236238098E+1	-4.237839127E+1
-4.395906448E+1	-4.393957138E+1	-4.392487335E+1
-4.266673279E+1	-4.265097046E+1	-4.265322876E+1
-4.387497330E+1	-4.385224533E+1	-4.385375595E+1
-4.293360519E+1	-4.294159317E+1	-4.293690109E+1
-4.395096588E+1	-4.395814133E+1	-4.393488312E+1
-4.345939255E+1	-4.344902420E+1	-4.345309067E+1
-4.404616165E+1	-4.403409958E+1	-4.404240417E+1
-4.356415558E+1	-4.355262756E+1	-4.354170990E+1
-4.364377594E+1	-4.362468719E+1	-4.361945343E+1
-4.339440155E+1	-4.337073517E+1	-4.338547897E+1
-4.349917221E+1	-4.347956085E+1	-4.346223831E+1
-4.339783096E+1	-4.337586594E+1	-4.338578796E+1
-4.327450562E+1	-4.326096725E+1	-4.326675415E+1
-4.343215561E+1	-4.342608261E+1	-4.343966293E+1
-4.297496796E+1	-4.296817398E+1	-4.296792603E+1
-4.347867966E+1	-4.350129318E+1	-4.346586227E+1
-4.303134537E+1	-4.303322220E+1	-4.301434708E+1
-4.362262726E+1	-4.361423874E+1	-4.360221100E+1
-4.338573074E+1	-4.336730194E+1	-4.336986160E+1
-4.340887070E+1	-4.339731979E+1	-4.340349579E+1
-4.333097458E+1	-4.330348969E+1	-4.332373047E+1
-4.297249603E+1	-4.295973969E+1	-4.297785187E+1
-4.298425674E+1	-4.297241211E+1	-4.296417236E+1
-4.269644928E+1	-4.268740845E+1	-4.270029068E+1
-4.287873459E+1	-4.286336517E+1	-4.288021851E+1
-4.266987991E+1	-4.264463425E+1	-4.265303802E+1
-4.281217957E+1	-4.279564667E+1	-4.278184891E+1
-4.280405045E+1	-4.279519272E+1	-4.279170990E+1
-4.279563522E+1	-4.278599930E+1	-4.279724121E+1
-4.283509064E+1	-4.282319641E+1	-4.281106567E+1
-4.250506973E+1	-4.248965073E+1	-4.248137283E+1
-4.278934097E+1	-4.278372955E+1	-4.276088715E+1
-4.275033188E+1	-4.273940659E+1	-4.272320175E+1
-4.234786606E+1	-4.234330750E+1	-4.231887817E+1
-4.225679779E+1	-4.227624130E+1	-4.225106430E+1
-4.187940979E+1	-4.188857651E+1	-4.186663818E+1
-4.177963257E+1	-4.178693390E+1	-4.177814102E+1
-4.205500793E+1	-4.207582092E+1	-4.205419159E+1
-4.204442596E+1	-4.206710052E+1	-4.203937912E+1
-4.210864639E+1	-4.212792969E+1	-4.211779404E+1
-4.228881073E+1	-4.229075623E+1	-4.229112625E+1
-4.201331329E+1	-4.201780319E+1	-4.201399231E+1
-4.197525406E+1	-4.197227478E+1	-4.194954300E+1
-4.184181976E+1	-4.183031082E+1	-4.181023407E+1
-4.159858704E+1	-4.159914398E+1	-4.155688095E+1
-4.150502014E+1	-4.149387360E+1	-4.147471237E+1
-4.108787537E+1	-4.108087540E+1	-4.105609131E+1
-4.096770859E+1	-4.094836044E+1	-4.092665482E+1
-4.086847305E+1	-4.086784363E+1	-4.084945679E+1
-4.079817200E+1	-4.078425598E+1	-4.077880859E+1
-4.084169388E+1	-4.083162308E+1	-4.082537460E+1
-4.099193954E+1	-4.097009277E+1	-4.097343826E+1
-4.089026260E+1	-4.088143921E+1	-4.089495468E+1
-4.095531082E+1	-4.096641541E+1	-4.097176361E+1
-4.094709015E+1	-4.095105743E+1	-4.096363831E+1
-4.075273132E+1	-4.073460388E+1	-4.073908615E+1
-4.053485870E+1	-4.051310349E+1	-4.051687622E+1
-4.035325623E+1	-4.033404541E+1	-4.033089066E+1
-3.994331360E+1	-3.991182709E+1	-3.992553329E+1
-3.981135178E+1	-3.979911423E+1	-3.981122589E+1
-3.971429062E+1	-3.971011734E+1	-3.969363022E+1
-3.961640549E+1	-3.959959793E+1	-3.960375214E+1
-3.975482941E+1	-3.973582077E+1	-3.972505951E+1
-3.977896500E+1	-3.974570465E+1	-3.973448181E+1
-3.973706818E+1	-3.972812653E+1	-3.969195938E+1
-3.970968628E+1	-3.969519806E+1	-3.967563629E+1
-3.956113815E+1	-3.955947876E+1	-3.952379990E+1
-3.946644974E+1	-3.947244263E+1	-3.945746613E+1
-3.940920639E+1	-3.940420914E+1	-3.936883545E+1
-3.907319260E+1	-3.907258224E+1	-3.904322433E+1
-3.894950104E+1	-3.894670105E+1	-3.892858887E+1
-3.868988037E+1	-3.868124008E+1	-3.867555618E+1
-3.851260376E+1	-3.847757339E+1	-3.848715210E+1
-3.832520294E+1	-3.831458664E+1	-3.830300140E+1
-3.842824554E+1	-3.841983795E+1	-3.842672348E+1
-3.828337479E+1	-3.827433777E+1	-3.829207611E+1
-3.861788177E+1	-3.859590149E+1	-3.862804794E+1
-3.843060684E+1	-3.843789291E+1	-3.845948029E+1
-3.832049942E+1	-3.831201553E+1	-3.833376312E+1
-3.816493988E+1	-3.816340256E+1	-3.817143250E+1
-3.783877563E+1	-3.784551620E+1	-3.785783768E+1
-3.775928116E+1	-3.776326752E+1	-3.776637268E+1
-3.757131958E+1	-3.758264923E+1	-3.755638123E+1
-3.762613297E+1	-3.763668823E+1	-3.760820389E+1
-3.714728928E+1	-3.716586685E+1	-3.712471390E+1
-3.720079041E+1	-3.721742249E+1	-3.717856598E+1
-3.676081848E+1	-3.675413513E+1	-3.670532990E+1
-3.663313293E+1	-3.663441467E+1	-3.658339310E+1
-3.639336395E+1	-3.638949585E+1	-3.634739685E+1
-3.596553802E+1	-3.597725296E+1	-3.595057297E+1
-3.594916153E+1	-3.595259476E+1	-3.593292236E+1
-3.540031052E+1	-3.538921356E+1	-3.535965347E+1
-3.532167053E+1	-3.532199097E+1	-3.526919937E+1
-3.481546402E+1	-3.480025864E+1	-3.476205826E+1
-3.498036575E+1	-3.497702026E+1	-3.494912720E+1
-3.441113281E+1	-3.439768219E+1	-3.439382172E+1
-3.453341675E+1	-3.452429199E+1	-3.451369858E+1
-3.431842041E+1	-3.430319977E+1	-3.428637695E+1
-3.398569489E+1	-3.401064682E+1	-3.397462463E+1
-3.414328766E+1	-3.417507553E+1	-3.413436508E+1
-3.365874481E+1	-3.367183685E+1	-3.365947342E+1
-3.370443726E+1	-3.372758865E+1	-3.371957779E+1
-3.365557098E+1	-3.366259003E+1	-3.367686081E+1
-3.315610123E+1	-3.317337036E+1	-3.319997787E+1
-3.383218002E+1	-3.380855942E+1	-3.385812759E+1
-3.231124878E+1	-3.229664612E+1	-3.236132431E+1
-3.449480820E+1	-3.441182709E+1	-3.446876907E+1
-3.165201759E+1	-3.162182808E+1	-3.168999481E+1
-3.500697327E+1	-3.490385818E+1	-3.492074203E+1
-3.080893135E+1	-3.078860474E+1	-3.083858681E+1
-3.382722092E+1	-3.371530914E+1	-3.371359634E+1
-3.079879570E+1	-3.074886894E+1	-3.080793571E+1
-3.179139137E+1	-3.173987198E+1	-3.173168945E+1
-3.235308456E+1	-3.229192352E+1	-3.237214661E+1
-3.119822693E+1	-3.120522308E+1	-3.115320206E+1
-3.274747849E+1	-3.275110245E+1	-3.275451660E+1
-3.175521851E+1	-3.177886581E+1	-3.175589561E+1
-3.237596512E+1	-3.241257095E+1	-3.240167236E+1
-3.208446503E+1	-3.213211441E+1	-3.209630203E+1
-3.196142769E+1	-3.202299118E+1	-3.197670364E+1
-3.177099419E+1	-3.184555817E+1	-3.175164986E+1
-3.147116661E+1	-3.154987907E+1	-3.142016411E+1
-3.139356804E+1	-3.143862152E+1	-3.133435249E+1
-3.163976860E+1	-3.166901779E+1	-3.155577087E+1
-3.195584106E+1	-3.200039673E+1	-3.185894775E+1
-3.269132996E+1	-3.273875809E+1	-3.258563232E+1
-3.252418518E+1	-3.252937317E+1	-3.240898132E+1
-3.282446289E+1	-3.279228592E+1	-3.275144196E+1
-3.289331055E+1	-3.284954071E+1	-3.288147736E+1
-3.344511032E+1	-3.340640640E+1	-3.341820526E+1
-3.379928970E+1	-3.377776718E+1	-3.380294037E+1
-3.385453796E+1	-3.383369446E+1	-3.389372253E+1
-3.388396072E+1	-3.389336777E+1	-3.391868210E+1
-3.398192215E+1	-3.400532150E+1	-3.399537659E+1
-3.431333923E+1	-3.431528473E+1	-3.430611038E+1
-3.449279404E+1	-3.452914429E+1	-3.449594879E+1
-3.484542084E+1	-3.492174530E+1	-3.489131165E+1
-3.509204865E+1	-3.515038681E+1	-3.516061401E+1
-3.555273819E+1	-3.559628677E+1	-3.560628891E+1
-3.601271439E+1	-3.605661392E+1	-3.605849838E+1
-3.664847946E+1	-3.672428131E+1	-3.669817352E+1
-3.726503754E+1	-3.732696152E+1	-3.734727859E+1
-3.797334290E+1	-3.801381683E+1	-3.804649734E+1
-3.876479721E+1	-3.882512665E+1	-3.885217285E+1
-3.960926819E+1	-3.965425491E+1	-3.969267654E+1
-4.051599884E+1	-4.049843216E+1	-4.054777527E+1
-4.143605423E+1	-4.141992187E+1	-4.146202469E+1
-4.212704468E+1	-4.206961060E+1	-4.213559723E+1
-4.329671478E+1	-4.321927261E+1	-4.326332092E+1
-4.432095337E+1	-4.419699478E+1	-4.426456833E+1
-4.582697296E+1	-4.553723145E+1	-4.571231079E+1
-4.728569412E+1	-4.688402939E+1	-4.714982224E+1
-4.858549881E+1	-4.815634155E+1	-4.851444626E+1
-5.001434708E+1	-4.955619812E+1	-4.998546982E+1
-5.133799362E+1	-5.091932297E+1	-5.140284348E+1
-5.306458664E+1	-5.268354416E+1	-5.327906799E+1
-5.527216721E+1	-5.480120087E+1	-5.550995636E+1
-5.940814590E+1	-5.868508148E+1	-5.953126907E+1
-6.265733719E+1	-6.193983841E+1	-6.261860275E+1
-7.319820404E+1	-6.944992828E+1	-6.993085480E+1
-7.737182617E+1	-7.251750946E+1	-8.398030090E+1
-6.929698181E+1	-6.749658966E+1	-7.001356506E+1
-6.490985870E+1	-6.302238846E+1	-6.446778870E+1
-6.032263947E+1	-5.928596878E+1	-6.027582550E+1
-5.750652313E+1	-5.699480820E+1	-5.756210709E+1
-5.483308792E+1	-5.445927048E+1	-5.480171967E+1
-5.254199219E+1	-5.223117447E+1	-5.254503632E+1
-5.168064499E+1	-5.142461777E+1	-5.171231461E+1
-5.018299103E+1	-5.004561615E+1	-5.030036545E+1
-4.922740173E+1	-4.915087891E+1	-4.937188339E+1
-4.831226349E+1	-4.823509979E+1	-4.839384079E+1
-4.772505951E+1	-4.766592407E+1	-4.777990723E+1
-4.690984726E+1	-4.690803146E+1	-4.693055725E+1
-4.631797409E+1	-4.631398392E+1	-4.637126160E+1
-4.585737991E+1	-4.588371658E+1	-4.588334274E+1
-4.555075073E+1	-4.552933121E+1	-4.558231354E+1
-4.543606186E+1	-4.538336945E+1	-4.539136505E+1
-4.502286148E+1	-4.501763153E+1	-4.500392914E+1
-4.476369858E+1	-4.472326279E+1	-4.473752975E+1
-4.438679504E+1	-4.434390640E+1	-4.434572220E+1
-4.387933731E+1	-4.387367249E+1	-4.386463928E+1
-4.375017929E+1	-4.373297882E+1	-4.371829224E+1
-4.325237656E+1	-4.326721954E+1	-4.322943878E+1
-4.309839249E+1	-4.305555344E+1	-4.304043961E+1
-4.279677963E+1	-4.274290466E+1	-4.273313141E+1
-4.259735870E+1	-4.254343033E+1	-4.251973343E+1
-4.246681976E+1	-4.242642212E+1	-4.238479996E+1
-4.234199524E+1	-4.232164001E+1	-4.226370621E+1
-4.215891647E+1	-4.214260101E+1	-4.211318588E+1
-4.188195038E+1	-4.189235687E+1	-4.186666107E+1
-4.193121338E+1	-4.191748428E+1	-4.189268112E+1
-4.158748245E+1	-4.158944321E+1	-4.154662704E+1
-4.194479752E+1	-4.190741730E+1	-4.187550735E+1
-4.159009171E+1	-4.159312439E+1	-4.153930283E+1
-4.179124069E+1	-4.183824921E+1	-4.177434921E+1
-4.137142563E+1	-4.140097427E+1	-4.132493591E+1
-4.125745392E+1	-4.126473236E+1	-4.122363281E+1
-4.110173035E+1	-4.112284088E+1	-4.104044342E+1
-4.093454742E+1	-4.096965790E+1	-4.089358139E+1
-4.120156479E+1	-4.125742340E+1	-4.117977142E+1
-4.073400879E+1	-4.075103760E+1	-4.069598007E+1
-4.115739822E+1	-4.118952560E+1	-4.112481689E+1
-4.024066925E+1	-4.026004410E+1	-4.023459625E+1
-4.087071228E+1	-4.089496613E+1	-4.086042023E+1
-4.004601288E+1	-4.006057358E+1	-4.003420258E+1
-4.045904922E+1	-4.047050476E+1	-4.045232391E+1
-4.008843994E+1	-4.004841995E+1	-4.006447983E+1
-3.978275299E+1	-3.975484467E+1	-3.977260590E+1
-4.022349930E+1	-4.015843582E+1	-4.019582367E+1
-3.912726212E+1	-3.907129288E+1	-3.910021591E+1
-4.068175507E+1	-4.060766983E+1	-4.065948868E+1
-3.778236008E+1	-3.773197937E+1	-3.775486374E+1
-4.171092224E+1	-4.165262222E+1	-4.172185135E+1
-3.542426682E+1	-3.541377258E+1	-3.542776108E+1
-4.373564148E+1	-4.370313644E+1	-4.377167511E+1
-3.431629562E+1	-3.429839706E+1	-3.430432510E+1
-4.352513504E+1	-4.342701340E+1	-4.346668243E+1
-3.435869217E+1	-3.434593964E+1	-3.436340332E+1
-4.153961563E+1	-4.150257111E+1	-4.152556229E+1
-3.458808136E+1	-3.457424164E+1	-3.458001328E+1
-3.972980499E+1	-3.968731308E+1	-3.969877625E+1
-3.494115829E+1	-3.491557312E+1	-3.491423416E+1
-3.843532562E+1	-3.840900040E+1	-3.839931107E+1
-3.543692398E+1	-3.541778564E+1	-3.541730881E+1
-3.735241699E+1	-3.733227158E+1	-3.732272720E+1
-3.581929016E+1	-3.580431366E+1	-3.579410553E+1
-3.625337982E+1	-3.624626923E+1	-3.622794342E+1
-3.579879379E+1	-3.579860306E+1	-3.577393341E+1
-3.561179352E+1	-3.563067245E+1	-3.559351349E+1
-3.562617874E+1	-3.565186691E+1	-3.560796738E+1
-3.518608475E+1	-3.521508789E+1	-3.516133881E+1
-3.523108673E+1	-3.524272919E+1	-3.518941498E+1
-3.474699783E+1	-3.475074768E+1	-3.471197891E+1
-3.479651642E+1	-3.480443573E+1	-3.475909805E+1
-3.447363281E+1	-3.447516632E+1	-3.443697357E+1
-3.437089157E+1	-3.437597275E+1	-3.434298325E+1
-3.414045334E+1	-3.414940643E+1	-3.410317230E+1
-3.398119736E+1	-3.397130966E+1	-3.392903137E+1
-3.384906006E+1	-3.383020782E+1	-3.379230118E+1
-3.362735367E+1	-3.360218048E+1	-3.356882477E+1
-3.345105743E+1	-3.343447495E+1	-3.339937210E+1
-3.319160080E+1	-3.317401886E+1	-3.313275146E+1
-3.298030472E+1	-3.295751572E+1	-3.292798615E+1
-3.278242493E+1	-3.275484848E+1	-3.272867966E+1
-3.254205322E+1	-3.251154327E+1	-3.249827957E+1
-3.232352829E+1	-3.230924606E+1	-3.229212189E+1
-3.203541183E+1	-3.201848984E+1	-3.201992416E+1
-3.177410698E+1	-3.175636101E+1	-3.175699615E+1
-3.147101974E+1	-3.145561409E+1	-3.144625664E+1
-3.118406677E+1	-3.118168640E+1	-3.118767166E+1
-3.086052322E+1	-3.086642647E+1	-3.086517334E+1
-3.053183746E+1	-3.055167198E+1	-3.054260445E+1
-3.021738434E+1	-3.022444344E+1	-3.021658516E+1
-2.977160835E+1	-2.977049446E+1	-2.975739479E+1
-2.943283081E+1	-2.941766548E+1	-2.941555786E+1
-2.898027802E+1	-2.895446396E+1	-2.896085739E+1
-2.859147644E+1	-2.856565666E+1	-2.857719040E+1
-2.818233681E+1	-2.815505028E+1	-2.817052269E+1
-2.780550385E+1	-2.777067184E+1	-2.779387665E+1
-2.739381790E+1	-2.735641479E+1	-2.737341690E+1
-2.698505020E+1	-2.693902588E+1	-2.695386314E+1
-2.647300148E+1	-2.644127464E+1	-2.644271469E+1
-2.587270355E+1	-2.585459900E+1	-2.585531044E+1
-2.533443260E+1	-2.532541656E+1	-2.531867027E+1
-2.477390099E+1	-2.476957130E+1	-2.475844193E+1
-2.422836304E+1	-2.423019791E+1	-2.422151566E+1
-2.368682671E+1	-2.368885422E+1	-2.368127251E+1
-2.315824318E+1	-2.315843964E+1	-2.314249420E+1
-2.258354378E+1	-2.259038734E+1	-2.258009911E+1
-2.207255363E+1	-2.209030151E+1	-2.207191277E+1
-2.155443954E+1	-2.157579803E+1	-2.156448746E+1
-2.113212013E+1	-2.115066910E+1	-2.113879776E+1
-2.073084259E+1	-2.074544334E+1	-2.072986794E+1
-2.041547394E+1	-2.043081474E+1	-2.041335106E+1
-2.008608246E+1	-2.011160851E+1	-2.009032631E+1
-1.985107422E+1	-1.987999535E+1	-1.986219788E+1
-1.967358780E+1	-1.970558357E+1	-1.970263481E+1
-1.958905602E+1	-1.963039589E+1	-1.961979485E+1
-1.955842209E+1	-1.959849358E+1	-1.958307648E+1
-1.956392860E+1	-1.959728050E+1	-1.959221268E+1
-1.960822678E+1	-1.962549782E+1	-1.962729645E+1
-1.968969154E+1	-1.970231628E+1	-1.970397186E+1
-1.986084938E+1	-1.985693359E+1	-1.986957169E+1
-2.005956078E+1	-2.004999161E+1	-2.007602310E+1
-2.030145836E+1	-2.030192566E+1	-2.034075356E+1
-2.055630302E+1	-2.057570457E+1	-2.061572266E+1
-2.085659981E+1	-2.088828850E+1	-2.091709518E+1
-2.113389587E+1	-2.116338158E+1	-2.119432259E+1
-2.148324203E+1	-2.150675392E+1	-2.154035950E+1
-2.185925674E+1	-2.186914825E+1	-2.191222572E+1
-2.226657677E+1	-2.226210594E+1	-2.230325317E+1
-2.268787003E+1	-2.268399239E+1	-2.272324371E+1
-2.311698341E+1	-2.311252975E+1	-2.314588547E+1
-2.357526207E+1	-2.356271553E+1	-2.360168266E+1
-2.411318588E+1	-2.410694313E+1	-2.414425659E+1
-2.468286896E+1	-2.467415047E+1	-2.471468353E+1
-2.520507812E+1	-2.520184326E+1	-2.523347855E+1
-2.571807861E+1	-2.572381401E+1	-2.574116516E+1
-2.626781464E+1	-2.627957344E+1	-2.628427887E+1
-2.685388756E+1	-2.686258888E+1	-2.686792755E+1
-2.743340874E+1	-2.744976234E+1	-2.743870735E+1
-2.802194977E+1	-2.804602814E+1	-2.802988052E+1
-2.854072380E+1	-2.855599976E+1	-2.853739738E+1
-2.897790527E+1	-2.899096870E+1	-2.897257614E+1
-2.936153030E+1	-2.939366341E+1	-2.937358475E+1
-2.981820869E+1	-2.985008812E+1	-2.984647369E+1
-3.024775887E+1	-3.027932739E+1	-3.028137398E+1
-3.085593987E+1	-3.087038422E+1	-3.086700249E+1
-3.137176323E+1	-3.137295532E+1	-3.135047531E+1
-3.195918846E+1	-3.193637276E+1	-3.193084717E+1
-3.253093338E+1	-3.249275208E+1	-3.249316788E+1
-3.310086441E+1	-3.306015015E+1	-3.305946732E+1
-3.387018585E+1	-3.383979797E+1	-3.384283447E+1
-3.432203674E+1	-3.428936005E+1	-3.429730988E+1
-3.509129333E+1	-3.505656815E+1	-3.506729889E+1
-3.537882614E+1	-3.535494232E+1	-3.537201691E+1
-3.628950119E+1	-3.628099060E+1	-3.630189896E+1
-3.640522766E+1	-3.638559723E+1	-3.639265442E+1
-3.727370834E+1	-3.725566864E+1	-3.724560928E+1
-3.720632935E+1	-3.718008804E+1	-3.716024780E+1
-3.827725983E+1	-3.827521896E+1	-3.826043701E+1
-3.804258347E+1	-3.802011871E+1	-3.798535156E+1
-3.939632797E+1	-3.943175125E+1	-3.939870071E+1
-3.881412125E+1	-3.884973907E+1	-3.879112244E+1
-4.043717957E+1	-4.048987579E+1	-4.041632462E+1
-3.993814087E+1	-3.998093414E+1	-3.995541000E+1
-4.100264740E+1	-4.100194931E+1	-4.104109955E+1
-4.096968079E+1	-4.098798370E+1	-4.100860596E+1
-4.171433258E+1	-4.173102188E+1	-4.175838089E+1
-4.196628189E+1	-4.196526718E+1	-4.199709320E+1
-4.255377960E+1	-4.253537369E+1	-4.256542969E+1
-4.307704544E+1	-4.302337265E+1	-4.305522156E+1
-4.336341095E+1	-4.331326294E+1	-4.334560394E+1
-4.385320282E+1	-4.382617187E+1	-4.384401703E+1
-4.450342560E+1	-4.446442795E+1	-4.445150757E+1
-4.524271393E+1	-4.521976089E+1	-4.518309402E+1
-4.572305679E+1	-4.572214890E+1	-4.573000336E+1
-4.631242371E+1	-4.627383041E+1	-4.631718445E+1
-4.648812866E+1	-4.646355438E+1	-4.643885422E+1
-4.658654404E+1	-4.659745789E+1	-4.663183975E+1
-4.679533005E+1	-4.676754379E+1	-4.678430939E+1
-4.681101227E+1	-4.675260162E+1	-4.675383759E+1
-4.687040329E+1	-4.678131485E+1	-4.680729675E+1
-4.682749939E+1	-4.679854584E+1	-4.677715302E+1
-4.692480087E+1	-4.692700958E+1	-4.689758301E+1
-4.692875671E+1	-4.696284103E+1	-4.691922760E+1
-4.699022293E+1	-4.700719833E+1	-4.695175552E+1
-4.710310364E+1	-4.712241745E+1	-4.705221939E+1
-4.732017517E+1	-4.737580490E+1	-4.731822205E+1
-4.730080032E+1	-4.741134644E+1	-4.737242508E+1
-4.744532013E+1	-4.750592804E+1	-4.744064331E+1
-4.761264801E+1	-4.768631744E+1	-4.756932068E+1
-4.771245956E+1	-4.778115082E+1	-4.766444778E+1
-4.783203506E+1	-4.788865662E+1	-4.775339508E+1
-4.785787964E+1	-4.790353012E+1	-4.780252075E+1
-4.790956879E+1	-4.796480179E+1	-4.786862946E+1
-4.804471970E+1	-4.806829071E+1	-4.792758560E+1
-4.818746185E+1	-4.816239548E+1	-4.809648132E+1
-4.837607193E+1	-4.834701538E+1	-4.820335770E+1
-4.838577271E+1	-4.840051270E+1	-4.831095505E+1
-4.843167114E+1	-4.844974518E+1	-4.834573364E+1
-4.847318268E+1	-4.847480392E+1	-4.841673279E+1
-4.850425720E+1	-4.846136093E+1	-4.849365616E+1
-4.847418213E+1	-4.841449356E+1	-4.846327209E+1
-4.838407516E+1	-4.831007385E+1	-4.835968018E+1
-4.841917038E+1	-4.837088776E+1	-4.842148209E+1
-4.855714417E+1	-4.852621841E+1	-4.850847244E+1
-4.845513916E+1	-4.844005585E+1	-4.848527145E+1
-4.834445190E+1	-4.831854630E+1	-4.836128235E+1
-4.832752228E+1	-4.830125427E+1	-4.835681152E+1
-4.844758224E+1	-4.841126633E+1	-4.844765091E+1
-4.852237701E+1	-4.838829422E+1	-4.848602676E+1
-4.859061813E+1	-4.848842239E+1	-4.857652664E+1
-4.868011093E+1	-4.861872864E+1	-4.863872147E+1
-4.874626923E+1	-4.865932083E+1	-4.867012024E+1
-4.860342026E+1	-4.855779648E+1	-4.854279709E+1
-4.860849762E+1	-4.857059097E+1	-4.857927322E+1
-4.830749130E+1	-4.831795120E+1	-4.827109146E+1
-4.855212784E+1	-4.854448700E+1	-4.852428818E+1
-4.850941849E+1	-4.852931976E+1	-4.854624557E+1
-4.859940338E+1	-4.861988831E+1	-4.860110474E+1
-4.873769760E+1	-4.877079391E+1	-4.875546646E+1
-4.845892715E+1	-4.846550369E+1	-4.843143082E+1
-4.844883728E+1	-4.849701691E+1	-4.843789673E+1
-4.822665787E+1	-4.824464417E+1	-4.821297455E+1
-4.837549591E+1	-4.839192200E+1	-4.829393387E+1
-4.827589035E+1	-4.822761154E+1	-4.818851089E+1
-4.857873535E+1	-4.851510620E+1	-4.847177505E+1
-4.852693939E+1	-4.849031830E+1	-4.850285339E+1
-4.872622681E+1	-4.864481735E+1	-4.863734055E+1
-4.898601151E+1	-4.884281158E+1	-4.885857010E+1
-4.864373398E+1	-4.851362610E+1	-4.847553253E+1
-4.923539734E+1	-4.909569168E+1	-4.908317566E+1
-4.896994781E+1	-4.883333969E+1	-4.879738998E+1
-4.932856369E+1	-4.920581055E+1	-4.917280197E+1
-4.953273392E+1	-4.941129684E+1	-4.933453751E+1
-4.954124451E+1	-4.946273422E+1	-4.935275269E+1
-4.979366302E+1	-4.968684769E+1	-4.962591553E+1
-4.945153427E+1	-4.940112305E+1	-4.928353119E+1
-5.033902740E+1	-5.020588684E+1	-5.015666962E+1
-4.954209137E+1	-4.942860031E+1	-4.937841797E+1
-5.057707977E+1	-5.047673035E+1	-5.039597702E+1
-4.979211426E+1	-4.971939850E+1	-4.967890930E+1
-5.036382675E+1	-5.030702591E+1	-5.024448013E+1
-5.055204773E+1	-5.052826691E+1	-5.044780731E+1
-5.021288300E+1	-5.018683624E+1	-5.015386963E+1
-5.184348297E+1	-5.187245178E+1	-5.178688431E+1
-4.976582718E+1	-4.974880600E+1	-4.970919037E+1
-5.285974884E+1	-5.286928558E+1	-5.277843857E+1
-4.969694519E+1	-4.971844101E+1	-4.966206741E+1
-5.333652115E+1	-5.345977402E+1	-5.328134537E+1
-5.050035477E+1	-5.064478302E+1	-5.051763535E+1
-5.178120041E+1	-5.196947861E+1	-5.193900299E+1
-5.212622833E+1	-5.226741409E+1	-5.212718964E+1
-4.922354507E+1	-4.935897827E+1	-4.933069229E+1
-5.396556854E+1	-5.382886505E+1	-5.373933029E+1
-4.662471008E+1	-4.666786575E+1	-4.669062805E+1
-5.248251724E+1	-5.243803406E+1	-5.228282166E+1
-4.434521866E+1	-4.440265274E+1	-4.441373444E+1
-4.946887589E+1	-4.938966751E+1	-4.932690811E+1
-4.352035141E+1	-4.357345963E+1	-4.354764938E+1
-4.853989410E+1	-4.849088287E+1	-4.849218750E+1
-4.459386826E+1	-4.467744827E+1	-4.466402817E+1
-4.991408539E+1	-4.972652817E+1	-4.978286362E+1
-4.652154541E+1	-4.653345108E+1	-4.648315811E+1
-5.294552231E+1	-5.277559280E+1	-5.281533432E+1
-4.817487335E+1	-4.805136490E+1	-4.804814529E+1
-5.552608490E+1	-5.528624725E+1	-5.525886917E+1
-4.904335022E+1	-4.896211624E+1	-4.895404053E+1
-5.398210144E+1	-5.386114883E+1	-5.387869644E+1
-4.951366425E+1	-4.952192688E+1	-4.957917404E+1
-5.189217377E+1	-5.189290237E+1	-5.184001541E+1
-5.031648636E+1	-5.025790405E+1	-5.031278229E+1
-5.031188583E+1	-5.023265076E+1	-5.025546265E+1
-5.055701447E+1	-5.041938019E+1	-5.044179916E+1
-4.915980911E+1	-4.902498245E+1	-4.912142181E+1
-5.031557846E+1	-5.023710251E+1	-5.026498795E+1
-4.858889771E+1	-4.857007599E+1	-4.862079620E+1
-4.976753235E+1	-4.978947449E+1	-4.984245300E+1
-4.873376846E+1	-4.877422333E+1	-4.878606033E+1
-4.924567032E+1	-4.928120422E+1	-4.924593735E+1
-4.866803741E+1	-4.860913467E+1	-4.860240936E+1
-4.871058273E+1	-4.868128204E+1	-4.867184448E+1
-4.880975723E+1	-4.872459793E+1	-4.870619583E+1
-4.844176102E+1	-4.838798523E+1	-4.832271576E+1
-4.873274994E+1	-4.873652649E+1	-4.870514679E+1
-4.801953888E+1	-4.807703018E+1	-4.811941528E+1
-4.844969177E+1	-4.840343094E+1	-4.847010040E+1
-4.789423752E+1	-4.785313416E+1	-4.792540741E+1
-4.790575409E+1	-4.792362976E+1	-4.796712875E+1
-4.766184998E+1	-4.768196487E+1	-4.761991882E+1
-4.761903381E+1	-4.757588196E+1	-4.756008530E+1
-4.792262650E+1	-4.785090637E+1	-4.774587631E+1
-4.778301239E+1	-4.765749359E+1	-4.759970093E+1
-4.785953522E+1	-4.769710159E+1	-4.765074158E+1
-4.766488266E+1	-4.751399231E+1	-4.744863510E+1
-4.764196396E+1	-4.746783447E+1	-4.739965057E+1
-4.742192459E+1	-4.734194946E+1	-4.722997665E+1
-4.744632721E+1	-4.740897369E+1	-4.721949768E+1
-4.734289551E+1	-4.737475586E+1	-4.718135452E+1
-4.744441223E+1	-4.749205780E+1	-4.729105759E+1
-4.746106720E+1	-4.747200775E+1	-4.730723190E+1
-4.726364136E+1	-4.722890472E+1	-4.717232895E+1
-4.707300186E+1	-4.711701965E+1	-4.702529144E+1
-4.686246490E+1	-4.689382553E+1	-4.681723022E+1
-4.680723572E+1	-4.684711456E+1	-4.677773285E+1
-4.675882721E+1	-4.674390030E+1	-4.672378922E+1
-4.654933929E+1	-4.650561905E+1	-4.645164871E+1
-4.616797638E+1	-4.611294174E+1	-4.601985168E+1
-4.603582382E+1	-4.604637909E+1	-4.586913300E+1
-4.602858734E+1	-4.611675644E+1	-4.588045502E+1
-4.595820236E+1	-4.604497910E+1	-4.580712128E+1
-4.577789688E+1	-4.588854218E+1	-4.570100784E+1
-4.563154602E+1	-4.576933670E+1	-4.556806183E+1
-4.555780411E+1	-4.561950302E+1	-4.546728134E+1
-4.538309860E+1	-4.538476944E+1	-4.526780319E+1
-4.505318069E+1	-4.504183578E+1	-4.498472214E+1
-4.492234039E+1	-4.491876984E+1	-4.490866089E+1
-4.492025375E+1	-4.491503143E+1	-4.489040756E+1
-4.480395508E+1	-4.474196243E+1	-4.482590866E+1
-4.479379654E+1	-4.471222687E+1	-4.484414673E+1
-4.475682449E+1	-4.466328812E+1	-4.488410187E+1
-4.436724472E+1	-4.431130981E+1	-4.453037643E+1
-4.407580948E+1	-4.404244614E+1	-4.416555786E+1
-4.363800049E+1	-4.359727097E+1	-4.373192596E+1
-4.348443604E+1	-4.340395355E+1	-4.358417511E+1
-4.335009766E+1	-4.322846603E+1	-4.338796616E+1
-4.306803513E+1	-4.292315674E+1	-4.304462433E+1
-4.264313126E+1	-4.248113632E+1	-4.260157394E+1
-4.230110550E+1	-4.219180298E+1	-4.221628571E+1
-4.201552582E+1	-4.193574524E+1	-4.193754578E+1
-4.186884689E+1	-4.176278687E+1	-4.177473450E+1
-4.164025116E+1	-4.153862762E+1	-4.152727509E+1
-4.166067886E+1	-4.163053894E+1	-4.158185196E+1
-4.161165237E+1	-4.158708572E+1	-4.154266357E+1
-4.173968124E+1	-4.171528625E+1	-4.164939880E+1
-4.184986496E+1	-4.176538849E+1	-4.166273499E+1
-4.184318161E+1	-4.181180573E+1	-4.166124725E+1
-4.193298721E+1	-4.190323257E+1	-4.177882004E+1
-4.193027878E+1	-4.188500977E+1	-4.177552414E+1
-4.212572861E+1	-4.208787537E+1	-4.196834946E+1
-4.228225708E+1	-4.223122787E+1	-4.212829208E+1
-4.273158646E+1	-4.266694260E+1	-4.254320908E+1
-4.299657059E+1	-4.294030762E+1	-4.280390167E+1
-4.341441345E+1	-4.337044144E+1	-4.323050690E+1
-4.394563293E+1	-4.394208908E+1	-4.381032944E+1
-4.431492615E+1	-4.430672073E+1	-4.414975357E+1
-4.511681747E+1	-4.511648178E+1	-4.494713593E+1
-4.552683640E+1	-4.549435043E+1	-4.532633209E+1
-4.636483383E+1	-4.637232208E+1	-4.620873260E+1
-4.652056885E+1	-4.647645950E+1	-4.635118866E+1
-4.736960983E+1	-4.731285477E+1	-4.720584106E+1
-4.748669052E+1	-4.748261642E+1	-4.737261200E+1
-4.798316193E+1	-4.793192291E+1	-4.789218521E+1
-4.837859726E+1	-4.830704880E+1	-4.827082443E+1
-4.864465714E+1	-4.845713806E+1	-4.852227402E+1
-4.929932022E+1	-4.911296082E+1	-4.915382385E+1
-4.903558350E+1	-4.895623398E+1	-4.900009537E+1
-5.011602783E+1	-5.017997360E+1	-5.007320786E+1
-4.957171631E+1	-4.959842682E+1	-4.954945755E+1
-5.105105972E+1	-5.109522629E+1	-5.099826431E+1
-5.068986130E+1	-5.074859238E+1	-5.067100143E+1
-5.192008591E+1	-5.211206818E+1	-5.193737793E+1
-5.127371979E+1	-5.140345764E+1	-5.133919907E+1
-5.218457031E+1	-5.235971069E+1	-5.227177811E+1
-5.216556168E+1	-5.231040192E+1	-5.215225220E+1
-5.290868378E+1	-5.305834579E+1	-5.292696762E+1
-5.328314209E+1	-5.346194839E+1	-5.330658340E+1
-5.377190399E+1	-5.395999146E+1	-5.389766312E+1
-5.420444489E+1	-5.433449554E+1	-5.428978348E+1
-5.443716049E+1	-5.452568817E+1	-5.454296875E+1
-5.485943985E+1	-5.508638763E+1	-5.502009964E+1
-5.544303894E+1	-5.544083023E+1	-5.557166672E+1
-5.612903976E+1	-5.601828003E+1	-5.625867081E+1
-5.662456512E+1	-5.655329132E+1	-5.664198685E+1
-5.708370209E+1	-5.699844742E+1	-5.707532501E+1
-5.784607315E+1	-5.773266983E+1	-5.783232498E+1
-5.819203949E+1	-5.810933304E+1	-5.813257980E+1
-5.848709106E+1	-5.831598282E+1	-5.849693680E+1
-5.883652115E+1	-5.871143723E+1	-5.887634277E+1
-5.954033661E+1	-5.926960373E+1	-5.947734833E+1
-6.009387207E+1	-5.977695084E+1	-5.990382385E+1
-6.079305649E+1	-6.042658234E+1	-6.064432907E+1
-6.096517944E+1	-6.071884918E+1	-6.086708069E+1
-6.091030121E+1	-6.077579117E+1	-6.072077942E+1
-6.162332916E+1	-6.129307556E+1	-6.143408585E+1
-6.144278717E+1	-6.136544800E+1	-6.161912537E+1
-6.190499496E+1	-6.163381577E+1	-6.165449905E+1
-6.210803986E+1	-6.215472412E+1	-6.222196579E+1
-6.258845139E+1	-6.275907516E+1	-6.269491577E+1
-6.257901764E+1	-6.287286377E+1	-6.292755508E+1
-6.229076767E+1	-6.227067566E+1	-6.227756500E+1
-6.215653610E+1	-6.222634888E+1	-6.230411148E+1
-6.223062134E+1	-6.214832306E+1	-6.218006897E+1
-6.215940475E+1	-6.201835632E+1	-6.207606888E+1
-6.181893158E+1	-6.171124268E+1	-6.159371567E+1
-6.220880890E+1	-6.195092010E+1	-6.212160492E+1
-6.183292770E+1	-6.160792923E+1	-6.171580124E+1
-6.117739868E+1	-6.084550095E+1	-6.097114182E+1
-6.139071274E+1	-6.116062164E+1	-6.124944305E+1
-6.089237213E+1	-6.066573334E+1	-6.057836151E+1
-6.028521729E+1	-6.019715500E+1	-6.023109436E+1
-6.008176041E+1	-5.988581848E+1	-6.005141830E+1
-5.957096100E+1	-5.953066635E+1	-5.967470932E+1
-5.941650772E+1	-5.935853195E+1	-5.953752136E+1
-5.923846436E+1	-5.906784439E+1	-5.917275620E+1
-5.891542435E+1	-5.875086212E+1	-5.881475067E+1
-5.843656921E+1	-5.836724472E+1	-5.827931976E+1
-5.802741623E+1	-5.791641617E+1	-5.789778519E+1
-5.783127594E+1	-5.774300766E+1	-5.773158646E+1
-5.746011353E+1	-5.731737518E+1	-5.730836105E+1
-5.725290680E+1	-5.724354172E+1	-5.703006744E+1
-5.705375671E+1	-5.692076492E+1	-5.692549133E+1
-5.664853287E+1	-5.660955048E+1	-5.649053574E+1
-5.656684875E+1	-5.654569244E+1	-5.647893906E+1
-5.641714096E+1	-5.643523407E+1	-5.632984543E+1
-5.611796570E+1	-5.614980316E+1	-5.599796295E+1
-5.605716324E+1	-5.598099518E+1	-5.590544510E+1
-5.572506714E+1	-5.571437073E+1	-5.553151321E+1
-5.564699936E+1	-5.569439697E+1	-5.559009552E+1
-5.560705948E+1	-5.539356232E+1	-5.550231171E+1
-5.524511337E+1	-5.519262314E+1	-5.513156509E+1
-5.524301910E+1	-5.514953613E+1	-5.509944534E+1
-5.485108948E+1	-5.491646576E+1	-5.472978210E+1
-5.507941818E+1	-5.511897278E+1	-5.496768951E+1
-5.481996918E+1	-5.481962967E+1	-5.467364883E+1
-5.484403229E+1	-5.475799561E+1	-5.478246689E+1
-5.488316345E+1	-5.489390945E+1	-5.464541626E+1
-5.459325027E+1	-5.458627701E+1	-5.446990967E+1
-5.490491867E+1	-5.477474976E+1	-5.473935318E+1
-5.449318314E+1	-5.440221405E+1	-5.429372025E+1
-5.496909714E+1	-5.495092010E+1	-5.482032776E+1
-5.460037613E+1	-5.451612473E+1	-5.434712601E+1
-5.490335083E+1	-5.488348007E+1	-5.475595093E+1
-5.481835175E+1	-5.467010880E+1	-5.453381729E+1
-5.455027771E+1	-5.446278381E+1	-5.437290955E+1
-5.494910812E+1	-5.491371918E+1	-5.473834229E+1
-5.437038803E+1	-5.418111420E+1	-5.414421082E+1
-5.498999023E+1	-5.497521210E+1	-5.480414963E+1
-5.438014603E+1	-5.435051346E+1	-5.429747772E+1
-5.524760437E+1	-5.517506027E+1	-5.503836060E+1
-5.452264404E+1	-5.449340439E+1	-5.433416748E+1
-5.490927505E+1	-5.495648193E+1	-5.475667953E+1
-5.471657944E+1	-5.467169952E+1	-5.448379135E+1
-5.437389755E+1	-5.431923676E+1	-5.422299194E+1
-5.515669250E+1	-5.509168625E+1	-5.496069717E+1
-5.412937546E+1	-5.403004074E+1	-5.401574326E+1
-5.574671555E+1	-5.570128632E+1	-5.551531982E+1
-5.403143311E+1	-5.394604492E+1	-5.396816254E+1
-5.602513504E+1	-5.589095688E+1	-5.573588181E+1
-5.411286163E+1	-5.404360199E+1	-5.397764587E+1
-5.572794724E+1	-5.540033340E+1	-5.549467087E+1
-5.475270844E+1	-5.456310272E+1	-5.456826782E+1
-5.490766525E+1	-5.480525208E+1	-5.486869431E+1
-5.549234390E+1	-5.544107437E+1	-5.536996841E+1
-5.409899902E+1	-5.406433487E+1	-5.400895691E+1
-5.584480286E+1	-5.581615067E+1	-5.567785263E+1
-5.277296066E+1	-5.277318192E+1	-5.270019531E+1
-5.706877899E+1	-5.688840103E+1	-5.665813828E+1
-5.185367203E+1	-5.183434296E+1	-5.178084564E+1
-5.781815720E+1	-5.761204910E+1	-5.753492355E+1
-5.132118225E+1	-5.125667953E+1	-5.123925400E+1
-5.745498657E+1	-5.726322556E+1	-5.712844086E+1
-5.155220032E+1	-5.153376007E+1	-5.146836472E+1
-5.625677872E+1	-5.624129486E+1	-5.596688843E+1
-5.219608688E+1	-5.215431976E+1	-5.210288239E+1
-5.518387222E+1	-5.528268433E+1	-5.507985687E+1
-5.268934631E+1	-5.264542389E+1	-5.249036026E+1
-5.448068619E+1	-5.445023346E+1	-5.433395386E+1
-5.295578766E+1	-5.284601212E+1	-5.274178314E+1
-5.380600357E+1	-5.375472641E+1	-5.353809357E+1
-5.315357208E+1	-5.306464767E+1	-5.288092804E+1
-5.342659378E+1	-5.329110336E+1	-5.315985870E+1
-5.327428818E+1	-5.317917633E+1	-5.305226135E+1
-5.313440704E+1	-5.305952072E+1	-5.292010498E+1
-5.318811417E+1	-5.308740997E+1	-5.294779968E+1
-5.290775681E+1	-5.279698563E+1	-5.276209259E+1
-5.288586044E+1	-5.290119171E+1	-5.279107285E+1
-5.259301376E+1	-5.256259918E+1	-5.246702957E+1
-5.270840073E+1	-5.272346497E+1	-5.265742874E+1
-5.248628998E+1	-5.244518280E+1	-5.228519440E+1
-5.252283096E+1	-5.252892685E+1	-5.242943192E+1
-5.236643982E+1	-5.236777115E+1	-5.224363327E+1
-5.218133163E+1	-5.215391159E+1	-5.206798935E+1
-5.212542725E+1	-5.200141525E+1	-5.197025299E+1
-5.191151047E+1	-5.189291382E+1	-5.181946182E+1
-5.184210968E+1	-5.171764374E+1	-5.169474030E+1
-5.176884460E+1	-5.169231796E+1	-5.166312408E+1
-5.178908539E+1	-5.167606735E+1	-5.159412003E+1
-5.165565491E+1	-5.158683777E+1	-5.150781250E+1
-5.170883942E+1	-5.160931396E+1	-5.148321533E+1
-5.159526443E+1	-5.159238052E+1	-5.138299942E+1
-5.162931824E+1	-5.156003571E+1	-5.149833298E+1
-5.155517197E+1	-5.156800079E+1	-5.149433899E+1
-5.172877121E+1	-5.169049835E+1	-5.160441208E+1
-5.167111206E+1	-5.165582657E+1	-5.157068253E+1
-5.177277756E+1	-5.168332672E+1	-5.157974625E+1
-5.180900574E+1	-5.169135284E+1	-5.157188034E+1
-5.173693466E+1	-5.168479156E+1	-5.157711792E+1
-5.183271408E+1	-5.170471573E+1	-5.158346176E+1
-5.177413559E+1	-5.168185806E+1	-5.159404755E+1
-5.189287567E+1	-5.173746872E+1	-5.162524033E+1
-5.188164520E+1	-5.179915237E+1	-5.166353607E+1
-5.175991821E+1	-5.166941833E+1	-5.159101868E+1
-5.178079605E+1	-5.159669113E+1	-5.152989960E+1
-5.160372162E+1	-5.159265137E+1	-5.145881271E+1
-5.168802643E+1	-5.166497803E+1	-5.151313782E+1
-5.155321121E+1	-5.151522827E+1	-5.142312241E+1
-5.161698914E+1	-5.162818146E+1	-5.151095200E+1
-5.153286362E+1	-5.150765610E+1	-5.137549210E+1
-5.143254089E+1	-5.145215225E+1	-5.136877823E+1
-5.130036163E+1	-5.127813339E+1	-5.113806534E+1
-5.131781006E+1	-5.130105209E+1	-5.117168427E+1
-5.135921097E+1	-5.128086090E+1	-5.116848373E+1
-5.124400330E+1	-5.111016464E+1	-5.107443619E+1
-5.137705612E+1	-5.129857635E+1	-5.120665359E+1
-5.109016418E+1	-5.101692200E+1	-5.090563202E+1
-5.112026215E+1	-5.100667572E+1	-5.099971390E+1
-5.094955063E+1	-5.084245300E+1	-5.072960663E+1
-5.108393097E+1	-5.098557663E+1	-5.090582275E+1
-5.077316666E+1	-5.069391251E+1	-5.062678146E+1
-5.083951187E+1	-5.069659042E+1	-5.063878632E+1
-5.101298904E+1	-5.087432861E+1	-5.084523010E+1
-5.082146072E+1	-5.068273163E+1	-5.056001282E+1
-5.115955734E+1	-5.099510574E+1	-5.090584564E+1
-5.060753250E+1	-5.050522995E+1	-5.039511490E+1
-5.124056625E+1	-5.116461945E+1	-5.104434586E+1
-5.049178696E+1	-5.042542267E+1	-5.036167908E+1
-5.110684967E+1	-5.106123352E+1	-5.096670151E+1
-5.063068771E+1	-5.060918808E+1	-5.044876480E+1
-5.078740692E+1	-5.080065918E+1	-5.064113617E+1
-5.066265869E+1	-5.065560150E+1	-5.057979202E+1
-5.036442184E+1	-5.037695694E+1	-5.027153397E+1
-5.113976669E+1	-5.113460159E+1	-5.097154999E+1
-5.014935303E+1	-5.015176010E+1	-5.006716919E+1
-5.162933350E+1	-5.158882904E+1	-5.144574356E+1
-5.009116745E+1	-5.000486374E+1	-4.990950775E+1
-5.169988251E+1	-5.168603516E+1	-5.157573318E+1
-5.014585495E+1	-5.010398483E+1	-4.996763229E+1
-5.146032333E+1	-5.139847946E+1	-5.130416489E+1
-5.053280258E+1	-5.041583252E+1	-5.032594681E+1
-5.102730560E+1	-5.102423096E+1	-5.088192368E+1
-5.117169952E+1	-5.108000946E+1	-5.092559433E+1
-5.073070145E+1	-5.065569687E+1	-5.058503723E+1
-5.211406326E+1	-5.203728867E+1	-5.188520432E+1
-5.045909119E+1	-5.038903809E+1	-5.031069565E+1
-5.282888031E+1	-5.272478104E+1	-5.257680511E+1
-5.039061737E+1	-5.028506470E+1	-5.019337463E+1
-5.314096069E+1	-5.298838425E+1	-5.286978912E+1
-5.045189285E+1	-5.035407257E+1	-5.031589508E+1
-5.292515564E+1	-5.287106323E+1	-5.268352890E+1
-5.057820892E+1	-5.048101044E+1	-5.038008499E+1
-5.213313293E+1	-5.207422638E+1	-5.202694702E+1
-5.088595581E+1	-5.084473038E+1	-5.075327682E+1
-5.182753372E+1	-5.174589920E+1	-5.169121552E+1
-5.149755859E+1	-5.138059235E+1	-5.129818344E+1
-5.137651062E+1	-5.128474426E+1	-5.120152664E+1
-5.187969971E+1	-5.178168106E+1	-5.169446564E+1
-5.110171509E+1	-5.102934265E+1	-5.092082214E+1
-5.186678696E+1	-5.177739334E+1	-5.170816803E+1
-5.110423279E+1	-5.101586914E+1	-5.088522720E+1
-5.174349976E+1	-5.159830475E+1	-5.151846695E+1
-5.120442200E+1	-5.108906937E+1	-5.100145721E+1
-5.141579437E+1	-5.135307312E+1	-5.127957153E+1
-5.127375412E+1	-5.122541046E+1	-5.106818771E+1
-5.120306015E+1	-5.114583206E+1	-5.104443359E+1
-5.129563904E+1	-5.130206299E+1	-5.106755447E+1
-5.097264099E+1	-5.098872375E+1	-5.083807373E+1
-5.134686279E+1	-5.121205521E+1	-5.117508698E+1
-5.108494186E+1	-5.100488663E+1	-5.088276291E+1
-5.138961029E+1	-5.128145599E+1	-5.117091751E+1
-5.109201813E+1	-5.098055649E+1	-5.092204666E+1
-5.098612595E+1	-5.095261002E+1	-5.079682541E+1
-5.099957657E+1	-5.095294952E+1	-5.079067993E+1
-5.089620590E+1	-5.082717896E+1	-5.073323441E+1
-5.103155136E+1	-5.095156097E+1	-5.083811951E+1
-5.075127029E+1	-5.069460678E+1	-5.059825897E+1
-5.075627518E+1	-5.072195053E+1	-5.056537247E+1
-5.057545853E+1	-5.050436020E+1	-5.037505341E+1
-5.056400681E+1	-5.053063965E+1	-5.043280411E+1
-5.042592239E+1	-5.033435059E+1	-5.028638077E+1
-5.043601608E+1	-5.037997818E+1	-5.028643417E+1
-5.039291000E+1	-5.038193512E+1	-5.021913910E+1
-5.028842926E+1	-5.022503662E+1	-5.009737396E+1
-5.026684189E+1	-5.023101807E+1	-5.008544540E+1
-5.024905396E+1	-5.020126724E+1	-5.004307556E+1
-5.036056519E+1	-5.022896576E+1	-5.013314819E+1
-5.028249359E+1	-5.017954254E+1	-5.008601761E+1
-5.034631729E+1	-5.022538757E+1	-5.014329910E+1
-5.044835663E+1	-5.029687119E+1	-5.021098328E+1
-5.053063965E+1	-5.043445206E+1	-5.035805130E+1
-5.077617645E+1	-5.065725327E+1	-5.052861786E+1
-5.093800735E+1	-5.078768158E+1	-5.079644012E+1
-5.100570679E+1	-5.087019730E+1	-5.079446030E+1
-5.101046753E+1	-5.095480728E+1	-5.088042068E+1
-5.110202026E+1	-5.104236603E+1	-5.093694687E+1
-5.124374008E+1	-5.115154648E+1	-5.106302261E+1
-5.148295593E+1	-5.140327835E+1	-5.132889557E+1
-5.162507248E+1	-5.161456299E+1	-5.144054413E+1
-5.192211533E+1	-5.182284546E+1	-5.162679672E+1
-5.201228333E+1	-5.188752747E+1	-5.175771332E+1
-5.215750885E+1	-5.205913162E+1	-5.191838455E+1
-5.226557541E+1	-5.211634064E+1	-5.198555756E+1
-5.241909027E+1	-5.228250504E+1	-5.210656738E+1
-5.241152191E+1	-5.233444595E+1	-5.215892029E+1
-5.257546997E+1	-5.247879791E+1	-5.233899689E+1
-5.271492386E+1	-5.263774109E+1	-5.254636002E+1
-5.277647018E+1	-5.271610641E+1	-5.265113068E+1
-5.304941177E+1	-5.293818283E+1	-5.283546448E+1
-5.323414612E+1	-5.309591293E+1	-5.299613953E+1
-5.335171127E+1	-5.314378738E+1	-5.309782791E+1
-5.338129807E+1	-5.325363541E+1	-5.321308136E+1
-5.349380875E+1	-5.336633682E+1	-5.330897522E+1
-5.356542206E+1	-5.344239426E+1	-5.332495499E+1
-5.350531769E+1	-5.338019180E+1	-5.333766937E+1
-5.370457840E+1	-5.365768814E+1	-5.351787949E+1
-5.379174423E+1	-5.373904037E+1	-5.361950684E+1
-5.394974136E+1	-5.381280518E+1	-5.372285461E+1
-5.410651016E+1	-5.398109818E+1	-5.380569077E+1
-5.424070358E+1	-5.410182953E+1	-5.400658035E+1
-5.418628693E+1	-5.410938644E+1	-5.397880936E+1
-5.423348236E+1	-5.410772705E+1	-5.403265762E+1
-5.437242126E+1	-5.429944611E+1	-5.415787888E+1
-5.437898636E+1	-5.431624222E+1	-5.411038971E+1
-5.439366150E+1	-5.431116486E+1	-5.419132996E+1
-5.401207733E+1	-5.406752396E+1	-5.402143860E+1
-5.411806488E+1	-5.407473373E+1	-5.387721634E+1
-5.384903717E+1	-5.376466751E+1	-5.359200668E+1
-5.369060898E+1	-5.366269302E+1	-5.350633621E+1
-5.356868744E+1	-5.355223465E+1	-5.337902069E+1
-5.342152786E+1	-5.334645081E+1	-5.319757080E+1
-5.330053329E+1	-5.321308899E+1	-5.307288361E+1
-5.286248016E+1	-5.287258148E+1	-5.271374893E+1
-5.290377045E+1	-5.282440948E+1	-5.265140533E+1
-5.272784805E+1	-5.260884094E+1	-5.249877548E+1
-5.277458954E+1	-5.265644073E+1	-5.254369736E+1
-5.255389404E+1	-5.247695541E+1	-5.233324432E+1
-5.258582687E+1	-5.247083664E+1	-5.238722610E+1
-5.245477676E+1	-5.239080811E+1	-5.229101944E+1
-5.252999115E+1	-5.243729782E+1	-5.232664108E+1
-5.253243637E+1	-5.241788864E+1	-5.228248215E+1
-5.242791367E+1	-5.229757309E+1	-5.221002960E+1
-5.239746857E+1	-5.220491028E+1	-5.207490921E+1
-5.210976028E+1	-5.199946213E+1	-5.189624786E+1
-5.198326874E+1	-5.183871841E+1	-5.171596909E+1
-5.194474411E+1	-5.178203583E+1	-5.168368912E+1
-5.188214493E+1	-5.173165131E+1	-5.159346390E+1
-5.175451660E+1	-5.165247345E+1	-5.148964310E+1
-5.162822342E+1	-5.150677490E+1	-5.130531311E+1
-5.152605820E+1	-5.139649963E+1	-5.125812912E+1
-5.135651398E+1	-5.128646469E+1	-5.110142899E+1
-5.131521988E+1	-5.123512650E+1	-5.104690170E+1
-5.119674301E+1	-5.112856674E+1	-5.097604370E+1
-5.116990280E+1	-5.101265335E+1	-5.091845322E+1
-5.108450699E+1	-5.101679993E+1	-5.091229630E+1
-5.103030014E+1	-5.097063446E+1	-5.085573959E+1
-5.095399857E+1	-5.084135818E+1	-5.080841446E+1
-5.100362778E+1	-5.092737198E+1	-5.082271194E+1
-5.091135406E+1	-5.081127167E+1	-5.073491287E+1
-5.098516464E+1	-5.086441422E+1	-5.078378296E+1
-5.082614517E+1	-5.069934845E+1	-5.060335922E+1
-5.087500381E+1	-5.076828003E+1	-5.063893127E+1
-5.070566177E+1	-5.060890961E+1	-5.049135971E+1
-5.082286072E+1	-5.072638321E+1	-5.062083054E+1
-5.078887177E+1	-5.072735596E+1	-5.058522797E+1
-5.075663757E+1	-5.075358582E+1	-5.055974579E+1
-5.086219025E+1	-5.082418442E+1	-5.062929916E+1
-5.087802505E+1	-5.079551697E+1	-5.067708588E+1
-5.086281204E+1	-5.079909134E+1	-5.063614273E+1
-5.071030045E+1	-5.067217636E+1	-5.051394272E+1
-5.069185257E+1	-5.066357040E+1	-5.051724243E+1
-5.060307693E+1	-5.054039001E+1	-5.042721939E+1
-5.073936462E+1	-5.066316605E+1	-5.059159088E+1
-5.071710205E+1	-5.064960861E+1	-5.053313446E+1
-5.071184540E+1	-5.059872818E+1	-5.051745224E+1
-5.074481964E+1	-5.064216995E+1	-5.056943893E+1
-5.075284958E+1	-5.059981537E+1	-5.057221603E+1
-5.079940033E+1	-5.069999313E+1	-5.059392166E+1
-5.075297928E+1	-5.066756058E+1	-5.057762146E+1
-5.080239105E+1	-5.073255539E+1	-5.061136246E+1
-5.068740082E+1	-5.061464691E+1	-5.053714752E+1
-5.073824692E+1	-5.066155624E+1	-5.058409500E+1
-5.077748489E+1	-5.068919373E+1	-5.059840393E+1
-5.071729279E+1	-5.067780685E+1	-5.053802109E+1
-5.075676346E+1	-5.075979233E+1	-5.063643265E+1
-5.071295547E+1	-5.065833282E+1	-5.054689789E+1
-5.062326050E+1	-5.060198212E+1	-5.048736191E+1
-5.062438202E+1	-5.057314301E+1	-5.041446304E+1
-5.059785461E+1	-5.051742172E+1	-5.038768387E+1
-5.058401108E+1	-5.052813721E+1	-5.038798141E+1
-5.067149734E+1	-5.055152893E+1	-5.043083191E+1
-5.067610168E+1	-5.056326675E+1	-5.046939468E+1
-5.064950180E+1	-5.049138260E+1	-5.042084122E+1
-5.073856735E+1	-5.060650635E+1	-5.050699615E+1
-5.079627609E+1	-5.070958710E+1	-5.059975815E+1
-5.084835052E+1	-5.075989914E+1	-5.071203995E+1
-5.103208160E+1	-5.099164200E+1	-5.086327744E+1
-5.111249542E+1	-5.106959915E+1	-5.095577621E+1
-5.129827118E+1	-5.120686722E+1	-5.111019897E+1
-5.142295074E+1	-5.138282776E+1	-5.129880905E+1
-5.148332596E+1	-5.146141052E+1	-5.139954376E+1
-5.166440582E+1	-5.160324478E+1	-5.149946976E+1
-5.158357620E+1	-5.149339676E+1	-5.136692810E+1
-5.171829224E+1	-5.163895416E+1	-5.153415680E+1
-5.160147095E+1	-5.150997543E+1	-5.142988586E+1
-5.189394379E+1	-5.175159454E+1	-5.171595383E+1
-5.172293472E+1	-5.164745712E+1	-5.153895569E+1
-5.173244858E+1	-5.174095154E+1	-5.160872650E+1
-5.161733246E+1	-5.159162903E+1	-5.147706985E+1
-5.143632126E+1	-5.140643692E+1	-5.124149704E+1
-5.134259796E+1	-5.130411148E+1	-5.116193008E+1
-5.117756271E+1	-5.115867233E+1	-5.097838593E+1
-5.134454727E+1	-5.132192993E+1	-5.117272186E+1
-5.116398621E+1	-5.108976746E+1	-5.095328140E+1
-5.141276169E+1	-5.139174652E+1	-5.123786926E+1
-5.123575592E+1	-5.115604019E+1	-5.105445480E+1
-5.136995316E+1	-5.135326004E+1	-5.119003677E+1
-5.131131363E+1	-5.122117996E+1	-5.114947510E+1
-5.117400360E+1	-5.111983871E+1	-5.099039841E+1
-5.122069931E+1	-5.117631149E+1	-5.110519028E+1
-5.110110855E+1	-5.100521088E+1	-5.089659500E+1
-5.131996536E+1	-5.119878769E+1	-5.116923523E+1
-5.114253998E+1	-5.103505707E+1	-5.097180557E+1
-5.129823685E+1	-5.119650269E+1	-5.118157578E+1
-5.118354034E+1	-5.112156677E+1	-5.103600693E+1
-5.127366257E+1	-5.116615295E+1	-5.112604141E+1
-5.140208817E+1	-5.137257004E+1	-5.130875015E+1
-5.120741653E+1	-5.114417267E+1	-5.113103104E+1
-5.151018524E+1	-5.142097855E+1	-5.137891388E+1
-5.124372101E+1	-5.120955658E+1	-5.115361404E+1
-5.146794128E+1	-5.143840408E+1	-5.142957687E+1
-5.148676682E+1	-5.140757751E+1	-5.143588638E+1
-5.152676392E+1	-5.149434662E+1	-5.146137619E+1
-5.182533646E+1	-5.184603119E+1	-5.181538391E+1
-5.148241425E+1	-5.149331284E+1	-5.144947815E+1
-5.243006516E+1	-5.237923813E+1	-5.234870911E+1
-5.154442215E+1	-5.151618195E+1	-5.149585724E+1
-5.300571060E+1	-5.300828552E+1	-5.293676758E+1
-5.187282944E+1	-5.182160187E+1	-5.174391556E+1
-5.345049667E+1	-5.342546082E+1	-5.337550735E+1
-5.232738113E+1	-5.227230453E+1	-5.222737503E+1
-5.386553574E+1	-5.387819672E+1	-5.380074692E+1
-5.290596390E+1	-5.284104156E+1	-5.276935577E+1
-5.421126556E+1	-5.414837646E+1	-5.405992508E+1
-5.376230621E+1	-5.371179962E+1	-5.357389832E+1
-5.433755875E+1	-5.435353088E+1	-5.423453140E+1
-5.456260681E+1	-5.443629456E+1	-5.433751297E+1
-5.447848129E+1	-5.439547348E+1	-5.429508591E+1
-5.503097916E+1	-5.500488281E+1	-5.487462234E+1
-5.464371109E+1	-5.464141464E+1	-5.451802444E+1
-5.531535721E+1	-5.537333679E+1	-5.515166855E+1
-5.494479752E+1	-5.491447830E+1	-5.477571106E+1
-5.551996231E+1	-5.548598862E+1	-5.544805145E+1
-5.523406982E+1	-5.526186371E+1	-5.516469193E+1
-5.545289612E+1	-5.551602173E+1	-5.544715881E+1
-5.553278732E+1	-5.543213272E+1	-5.542475128E+1
-5.557496262E+1	-5.553989410E+1	-5.548972702E+1
-5.588066864E+1	-5.580643082E+1	-5.579083252E+1
-5.573110580E+1	-5.573896790E+1	-5.564004898E+1
-5.620704651E+1	-5.630023956E+1	-5.621023941E+1
-5.624409103E+1	-5.623196030E+1	-5.618112946E+1
-5.675296783E+1	-5.674968338E+1	-5.667114639E+1
-5.682066345E+1	-5.681367493E+1	-5.674213409E+1
-5.720269394E+1	-5.717076492E+1	-5.704370117E+1
-5.742610931E+1	-5.743560028E+1	-5.734732437E+1
-5.768753815E+1	-5.764335251E+1	-5.758726501E+1
-5.809391022E+1	-5.805218506E+1	-5.796025085E+1
-5.834265518E+1	-5.825767517E+1	-5.819218445E+1
-5.869403458E+1	-5.864456558E+1	-5.867600250E+1
-5.878124619E+1	-5.870871353E+1	-5.870581436E+1
-5.907828903E+1	-5.906661606E+1	-5.908391190E+1
-5.916332245E+1	-5.911286926E+1	-5.917644119E+1
-5.931673431E+1	-5.923646927E+1	-5.935223389E+1
-5.941637802E+1	-5.929410553E+1	-5.946552658E+1
-5.962862396E+1	-5.951018143E+1	-5.970154572E+1
-5.972232056E+1	-5.967129517E+1	-5.969081879E+1
-5.993565750E+1	-5.995350266E+1	-5.989620209E+1
-6.002724457E+1	-5.995837784E+1	-6.001223755E+1
-5.992683792E+1	-5.994987106E+1	-6.007656097E+1
-6.021630478E+1	-6.024966049E+1	-6.023030472E+1
-6.014142609E+1	-6.030423737E+1	-6.024352264E+1
-6.017444611E+1	-6.034288406E+1	-6.022201920E+1
-6.041843414E+1	-6.043283081E+1	-6.042394638E+1
-6.042449570E+1	-6.054289627E+1	-6.053200912E+1
-6.058240128E+1	-6.081400681E+1	-6.069800949E+1
-6.088224411E+1	-6.087678909E+1	-6.099246597E+1
-6.086937332E+1	-6.097820282E+1	-6.089240265E+1
-6.096239471E+1	-6.107167816E+1	-6.113986206E+1
-6.105375290E+1	-6.104206467E+1	-6.113857651E+1
-6.101820755E+1	-6.085895920E+1	-6.098641205E+1
-6.091894150E+1	-6.093060684E+1	-6.093008041E+1
-6.101529312E+1	-6.088872528E+1	-6.086367798E+1
-6.095919037E+1	-6.101759338E+1	-6.089684677E+1
-6.098956680E+1	-6.098519516E+1	-6.089154816E+1
-6.113446426E+1	-6.110951996E+1	-6.100592041E+1
-6.107963181E+1	-6.115873718E+1	-6.113125229E+1
-6.121003723E+1	-6.116819382E+1	-6.118630219E+1
-6.108129883E+1	-6.106525421E+1	-6.107430267E+1
-6.097928619E+1	-6.094353485E+1	-6.104985809E+1
-6.106753540E+1	-6.111236954E+1	-6.108917618E+1
-6.091185760E+1	-6.094062042E+1	-6.082559967E+1
-6.110027313E+1	-6.095528412E+1	-6.103800583E+1
-6.085921478E+1	-6.089727402E+1	-6.092156982E+1
-6.096426392E+1	-6.120504761E+1	-6.125726318E+1
-6.103987503E+1	-6.095036697E+1	-6.089019012E+1
-6.101651764E+1	-6.111387634E+1	-6.106065750E+1
-6.095431900E+1	-6.100718307E+1	-6.092691803E+1
-6.101324463E+1	-6.097752380E+1	-6.105487061E+1
-6.127607727E+1	-6.123448563E+1	-6.123497391E+1
-6.086016083E+1	-6.092848206E+1	-6.083855820E+1
-6.168494034E+1	-6.178179169E+1	-6.170212936E+1
-6.062011337E+1	-6.062368393E+1	-6.063569260E+1
-6.227770996E+1	-6.199451447E+1	-6.215401840E+1
-6.029311752E+1	-6.033230591E+1	-6.032472229E+1
-6.238043213E+1	-6.242624664E+1	-6.248507690E+1
-6.027804184E+1	-6.033705902E+1	-6.032522583E+1
-6.238663864E+1	-6.241524506E+1	-6.241364670E+1
-6.037194824E+1	-6.033924103E+1	-6.038661957E+1
-6.207172394E+1	-6.202608871E+1	-6.224629211E+1
-6.050543594E+1	-6.057897186E+1	-6.076104736E+1
-6.151632309E+1	-6.147584534E+1	-6.168406296E+1
-6.082403564E+1	-6.089232635E+1	-6.089602661E+1
-6.074040222E+1	-6.077952957E+1	-6.076692200E+1
-6.199862289E+1	-6.192544174E+1	-6.197909927E+1
-6.033161926E+1	-6.020112228E+1	-6.039628220E+1
-6.304104996E+1	-6.292707443E+1	-6.299438477E+1
-6.005365753E+1	-5.996140289E+1	-6.012512589E+1
-6.361378860E+1	-6.361438751E+1	-6.359930420E+1
-6.004665756E+1	-6.003341293E+1	-6.006911087E+1
-6.344402695E+1	-6.353857040E+1	-6.354617691E+1
-6.036241150E+1	-6.045508575E+1	-6.043284607E+1
-6.315202332E+1	-6.308287048E+1	-6.331919479E+1
-6.106240082E+1	-6.111772156E+1	-6.117786789E+1
-6.228461456E+1	-6.241980743E+1	-6.240623093E+1
-6.182931900E+1	-6.179095840E+1	-6.189398575E+1
-6.185777283E+1	-6.194102478E+1	-6.195348740E+1
-6.246096802E+1	-6.249777222E+1	-6.246428299E+1
-6.161059189E+1	-6.184015656E+1	-6.183639145E+1
-6.281280136E+1	-6.289978409E+1	-6.284289932E+1
-6.166514587E+1	-6.157804489E+1	-6.158166504E+1
-6.287090683E+1	-6.294645691E+1	-6.305172729E+1
-6.190288162E+1	-6.198598480E+1	-6.209278488E+1
-6.263002777E+1	-6.275590515E+1	-6.269898987E+1
-6.240055847E+1	-6.249316025E+1	-6.261779404E+1
-6.252251053E+1	-6.247466278E+1	-6.256753540E+1
-6.277279282E+1	-6.266116333E+1	-6.275437546E+1
-6.249678802E+1	-6.253145981E+1	-6.242309570E+1
-6.293674850E+1	-6.310202408E+1	-6.319399643E+1
-6.249801636E+1	-6.260553741E+1	-6.267655945E+1
-6.324023819E+1	-6.333745575E+1	-6.335263443E+1
-6.293389511E+1	-6.297091675E+1	-6.287652588E+1
-6.328891373E+1	-6.319075394E+1	-6.337502670E+1
-6.323216248E+1	-6.311835861E+1	-6.322756958E+1
-6.304570007E+1	-6.312111282E+1	-6.322353363E+1
-6.327886963E+1	-6.328937531E+1	-6.349011612E+1
-6.300607300E+1	-6.309683228E+1	-6.313692856E+1
-6.324036789E+1	-6.316281128E+1	-6.321799469E+1
-6.256530762E+1	-6.271308136E+1	-6.272418976E+1
-6.281485367E+1	-6.280940247E+1	-6.290768433E+1
-6.249651337E+1	-6.258441925E+1	-6.271060562E+1
-6.261904907E+1	-6.258735657E+1	-6.261646652E+1
-6.246020508E+1	-6.240550613E+1	-6.252143097E+1
-6.221455383E+1	-6.232767868E+1	-6.230773544E+1
-6.234547806E+1	-6.228213120E+1	-6.242593002E+1
-6.208483887E+1	-6.204898071E+1	-6.203212357E+1
-6.217742920E+1	-6.217762375E+1	-6.215740585E+1
-6.192761993E+1	-6.190136337E+1	-6.206452942E+1
-6.201747513E+1	-6.185121536E+1	-6.180028152E+1
-6.177249146E+1	-6.186490250E+1	-6.187387085E+1
-6.170683289E+1	-6.163629532E+1	-6.173509598E+1
-6.161447906E+1	-6.171503067E+1	-6.169026947E+1
-6.155278015E+1	-6.153177261E+1	-6.166332245E+1
-6.157037735E+1	-6.168159103E+1	-6.165560150E+1
-6.159954071E+1	-6.163116455E+1	-6.166032791E+1
-6.167427063E+1	-6.169538498E+1	-6.170146179E+1
-6.170919800E+1	-6.187732315E+1	-6.177985001E+1
-6.178488159E+1	-6.189981079E+1	-6.187793732E+1
-6.186196518E+1	-6.206060791E+1	-6.212697601E+1
-6.191580582E+1	-6.198445892E+1	-6.197832489E+1
-6.213357544E+1	-6.217058945E+1	-6.215071487E+1
-6.223501205E+1	-6.215065002E+1	-6.238082504E+1
-6.218981934E+1	-6.217410660E+1	-6.224081039E+1
-6.232906723E+1	-6.241702271E+1	-6.244808578E+1
-6.216882706E+1	-6.235681915E+1	-6.233290482E+1
-6.234052658E+1	-6.226018143E+1	-6.217294312E+1
-6.217879105E+1	-6.217531967E+1	-6.209574127E+1
-6.188443375E+1	-6.202100372E+1	-6.207199097E+1
-6.195808029E+1	-6.202695084E+1	-6.197485733E+1
-6.194723129E+1	-6.188529587E+1	-6.193155670E+1
-6.197756577E+1	-6.203915787E+1	-6.211018372E+1
-6.178941727E+1	-6.168281937E+1	-6.197693634E+1
-6.204753113E+1	-6.196718979E+1	-6.205567932E+1
-6.174350739E+1	-6.169837189E+1	-6.163856888E+1
-6.169339371E+1	-6.170134354E+1	-6.172400665E+1
-6.172484589E+1	-6.177688599E+1	-6.181842041E+1
-6.155083084E+1	-6.159903717E+1	-6.158800888E+1
-6.175165176E+1	-6.181655884E+1	-6.179969406E+1
-6.143636703E+1	-6.131674576E+1	-6.141932297E+1
-6.186861420E+1	-6.187218094E+1	-6.195983887E+1
-6.120934296E+1	-6.130983353E+1	-6.119194412E+1
-6.202552414E+1	-6.212538147E+1	-6.211175156E+1
-6.125740433E+1	-6.138134766E+1	-6.126380920E+1
-6.184770966E+1	-6.186611176E+1	-6.189343643E+1
-6.132349014E+1	-6.145827866E+1	-6.152832794E+1
-6.147874069E+1	-6.152059174E+1	-6.149732208E+1
-6.159849930E+1	-6.163554382E+1	-6.150105667E+1
-6.096236420E+1	-6.116414261E+1	-6.117396545E+1
-6.168106842E+1	-6.180573654E+1	-6.165227890E+1
-6.044761658E+1	-6.061421585E+1	-6.062463379E+1
-6.188645172E+1	-6.188134003E+1	-6.195215607E+1
-6.030020142E+1	-6.033541870E+1	-6.037563705E+1
-6.177006912E+1	-6.181579971E+1	-6.186916351E+1
-6.038302994E+1	-6.042417145E+1	-6.041517639E+1
-6.149399948E+1	-6.157088852E+1	-6.157866287E+1
-6.029139328E+1	-6.027358246E+1	-6.037963486E+1
-6.091439056E+1	-6.096779251E+1	-6.100611496E+1
-6.043025970E+1	-6.037078857E+1	-6.053823090E+1
-6.036330032E+1	-6.046356964E+1	-6.056980133E+1
-6.067428589E+1	-6.064504242E+1	-6.072434998E+1
-6.011162186E+1	-6.033811569E+1	-6.019254684E+1
-6.093116760E+1	-6.096821213E+1	-6.095383072E+1
-5.989977646E+1	-5.998944473E+1	-6.002397919E+1
-6.079899597E+1	-6.085910034E+1	-6.088953400E+1
-5.984564972E+1	-5.985022736E+1	-5.974028397E+1
-6.060130692E+1	-6.075651550E+1	-6.075691223E+1
-5.974831772E+1	-5.976014709E+1	-5.984795761E+1
-6.035976410E+1	-6.035580444E+1	-6.036632538E+1
-5.980366898E+1	-5.977087784E+1	-5.978647232E+1
-6.012419510E+1	-6.012783432E+1	-6.014783478E+1
-5.976272964E+1	-5.980035019E+1	-5.976985168E+1
-5.996034241E+1	-6.005590439E+1	-5.994727707E+1
-5.980218506E+1	-5.984321594E+1	-5.989919662E+1
-5.994286346E+1	-5.983662415E+1	-5.994316101E+1
-5.990604401E+1	-5.986848831E+1	-5.992873001E+1
-5.977038574E+1	-5.969986343E+1	-5.983235931E+1
-5.983436584E+1	-5.969315338E+1	-5.978548813E+1
-5.963833237E+1	-5.955675125E+1	-5.960778427E+1
-5.971519470E+1	-5.974624252E+1	-5.971968842E+1
-5.951293945E+1	-5.952377319E+1	-5.965898514E+1
-5.962265015E+1	-5.956186676E+1	-5.957518387E+1
-5.943239212E+1	-5.949200821E+1	-5.956096268E+1
-5.955556870E+1	-5.954430389E+1	-5.948813629E+1
-5.933590317E+1	-5.935160065E+1	-5.929972839E+1
-5.930586243E+1	-5.938034058E+1	-5.944099808E+1
-5.916430283E+1	-5.920058441E+1	-5.913366699E+1
-5.927633667E+1	-5.912243652E+1	-5.917760086E+1
-5.918404388E+1	-5.916975021E+1	-5.919948196E+1
-5.901265335E+1	-5.913603592E+1	-5.910128403E+1
-5.913225555E+1	-5.913095474E+1	-5.911560440E+1
-5.927830505E+1	-5.925289154E+1	-5.921289825E+1
-5.919476318E+1	-5.916490555E+1	-5.920169449E+1
-5.928490448E+1	-5.926514053E+1	-5.919818497E+1
-5.927077484E+1	-5.923870468E+1	-5.924989319E+1
-5.928883743E+1	-5.924424744E+1	-5.925130081E+1
-5.927519989E+1	-5.929914093E+1	-5.925139999E+1
-5.933373642E+1	-5.930501556E+1	-5.939318466E+1
-5.935429382E+1	-5.936009216E+1	-5.933620453E+1
-5.954661179E+1	-5.946683121E+1	-5.941696548E+1
-5.953705978E+1	-5.958223343E+1	-5.954761124E+1
-5.954796600E+1	-5.965995789E+1	-5.961103821E+1
-5.965844345E+1	-5.976155853E+1	-5.964888382E+1
-5.978501511E+1	-5.981298447E+1	-5.990390396E+1
-5.992053986E+1	-5.983895111E+1	-5.980687332E+1
-5.986613083E+1	-5.992333221E+1	-5.994980240E+1
-5.994669342E+1	-6.003373718E+1	-6.006753922E+1
-6.000488663E+1	-6.004862976E+1	-5.999596024E+1
-6.017280197E+1	-6.018336487E+1	-6.011063385E+1
-6.011719131E+1	-6.017197418E+1	-6.016503525E+1
-6.029229355E+1	-6.034577179E+1	-6.035971451E+1
-6.020164871E+1	-6.027353668E+1	-6.019478226E+1
-6.058908081E+1	-6.057240295E+1	-6.053359985E+1
-6.025391769E+1	-6.035253143E+1	-6.029799652E+1
-6.067848206E+1	-6.064834976E+1	-6.068678284E+1
-6.046817398E+1	-6.054829407E+1	-6.050671387E+1
-6.057355881E+1	-6.077344894E+1	-6.060482407E+1
-6.055945206E+1	-6.057727051E+1	-6.074951172E+1
-6.061930847E+1	-6.059709930E+1	-6.065955734E+1
-6.090938568E+1	-6.083514786E+1	-6.103628540E+1
-6.061759186E+1	-6.072830963E+1	-6.073705673E+1
-6.124477386E+1	-6.136183929E+1	-6.132087326E+1
-6.073747635E+1	-6.069886780E+1	-6.066079330E+1
-6.146096420E+1	-6.143960953E+1	-6.146802902E+1
-6.070280457E+1	-6.080336380E+1	-6.072146606E+1
-6.123180389E+1	-6.140267181E+1	-6.129283142E+1
-6.080887985E+1	-6.096697617E+1	-6.100050354E+1
-6.132090378E+1	-6.122647095E+1	-6.127611542E+1
-6.116394043E+1	-6.127135468E+1	-6.127899170E+1
-6.084735489E+1	-6.084637070E+1	-6.098403549E+1
-6.148060226E+1	-6.165453720E+1	-6.156890869E+1
-6.053948975E+1	-6.070820999E+1	-6.059527588E+1
-6.191619110E+1	-6.205163956E+1	-6.194533539E+1
-6.027586746E+1	-6.028170395E+1	-6.038943100E+1
-6.200078201E+1	-6.189016342E+1	-6.198796463E+1
-6.014204025E+1	-6.022079468E+1	-6.023257446E+1
-6.172206497E+1	-6.175705719E+1	-6.178823853E+1
-6.034153366E+1	-6.029211426E+1	-6.044598770E+1
-6.124584198E+1	-6.121864700E+1	-6.140319061E+1
-6.068024063E+1	-6.062196350E+1	-6.066870880E+1
-6.038424301E+1	-6.051087570E+1	-6.056815338E+1
-6.113780975E+1	-6.114282990E+1	-6.120488739E+1
-5.988418579E+1	-5.983675003E+1	-5.981734848E+1
-6.133504868E+1	-6.142630005E+1	-6.131245422E+1
-5.920967102E+1	-5.915172577E+1	-5.937529755E+1
-6.150857544E+1	-6.137993240E+1	-6.141830826E+1
-5.905820465E+1	-5.910713196E+1	-5.907887268E+1
-6.134941483E+1	-6.136475754E+1	-6.132091141E+1
-5.907619476E+1	-5.911746216E+1	-5.907920074E+1
-6.080654526E+1	-6.074092865E+1	-6.086773682E+1
-5.919786072E+1	-5.923934555E+1	-5.927075577E+1
-6.018904495E+1	-6.024061966E+1	-6.017329788E+1
-5.946943665E+1	-5.943692398E+1	-5.947032928E+1
-5.977952957E+1	-5.965744781E+1	-5.983864975E+1
-5.967374420E+1	-5.974905777E+1	-5.970975113E+1
-5.930694199E+1	-5.935104752E+1	-5.942811966E+1
-5.971981812E+1	-5.971067429E+1	-5.978356934E+1
