1.464103333364032449e-05
1.462803273481319135e-05
1.461541932535732633e-05
1.460339980469244895e-05
1.459216813000421572e-05
1.458190292093577627e-05
1.457276504539743356e-05
1.456489541703298503e-05
1.455841303231533520e-05
1.455341327231712590e-05
1.454996649097714549e-05
1.454811691948364709e-05
1.454788182162574654e-05
1.454925113643732689e-05
1.455218731019292034e-05
1.455662545174544976e-05
1.456247393255981827e-05
1.456961534262213996e-05
1.457790764322429146e-05
1.458718560189626296e-05
1.459726265736438208e-05
1.460793307729291496e-05
1.461897420186684763e-05
1.463014887788376460e-05
1.464120825209199071e-05
1.465189474208163962e-05
1.466194493446320665e-05
1.467109254009956498e-05
1.467907160186018440e-05
1.468561973481190761e-05
1.469048111219917078e-05
1.469340935926070697e-05
1.469417058381947005e-05
1.469254629240241364e-05
1.468833587678378728e-05
1.468135887240496353e-05
1.467145725728442721e-05
1.465849751594101794e-05
1.464237221049577725e-05
1.462300075923290389e-05
1.460033137328060082e-05
1.457434112683882589e-05
1.454503645564463556e-05
1.451245333681062206e-05
1.447665626084175251e-05
1.443773859575133791e-05
1.439582108691596272e-05
1.435104998061252080e-05
1.430359650760625608e-05
1.425365426424154469e-05
1.420143724550841585e-05
1.414717766652358487e-05
1.409112258706384971e-05
1.403353235076552150e-05
1.397467711584435834e-05
1.391483323197676717e-05
1.385428142343839939e-05
1.379330287709934160e-05
1.373217636596932770e-05
1.367117543089498824e-05
1.361056453806942078e-05
1.355059754965996129e-05
1.349151437383265611e-05
1.343353774862022498e-05
1.337687228691862527e-05
1.332170148645611153e-05
1.326818612817671474e-05
1.321646296570152012e-05
1.316664251171638829e-05
1.311880952125154993e-05
1.307302165363702183e-05
1.302930841569107264e-05
1.298767265021600512e-05
1.294808989287385756e-05
1.291050927002119388e-05
1.287485471694271021e-05
1.284102520008139425e-05
1.280889778934613473e-05
1.277832868288918277e-05
1.274915442331541580e-05
1.272119570889280444e-05
1.269425874546367633e-05
1.266813806483435361e-05
1.264261947479677340e-05
1.261748171210288618e-05
1.259250090575250018e-05
1.256745258617050785e-05
1.254211363658977006e-05
1.251626674586625370e-05
1.248970195505791295e-05
1.246221949750239195e-05
1.243363250602064709e-05
1.240376837412137854e-05
1.237247107435275155e-05
1.233960506440291000e-05
1.230505269482881651e-05
1.226872030126292729e-05
1.223053504405136123e-05
1.219044744919389416e-05
1.214843371465287576e-05
1.210449159114831165e-05
1.205864515718497956e-05
1.201094008496542760e-05
1.196144476656775043e-05
1.191025120819071811e-05
1.185747003891690080e-05
1.180323087889670837e-05
1.174768251696440110e-05
1.169098721167840716e-05
1.163332047217986216e-05
1.157487071378914151e-05
1.151583244169663820e-05
1.145640886050461953e-05
1.139680488961180950e-05
1.133722650078961052e-05
1.127788007076516887e-05
1.121896536835453858e-05
1.116067819321489281e-05
1.110320350647769658e-05
1.104671507873484629e-05
1.099137529430181211e-05
1.093732934216347927e-05
1.088470537714443656e-05
1.083361490471915277e-05
1.078414759698630981e-05
1.073637214738794204e-05
1.069033739413534471e-05
1.064606724394146133e-05
1.060356556502058706e-05
1.056281164786934158e-05
1.052376240741742169e-05
1.048635486833456813e-05
1.045050240235983841e-05
1.041610097777717194e-05
1.038302587314713946e-05
1.035113512481922636e-05
1.032027319518081227e-05
1.029026891756326609e-05
1.026093949189172800e-05
1.023209463364271691e-05
1.020353489446618868e-05
1.017505598689432661e-05
1.014645318069156022e-05
1.011751909250041385e-05
1.008805141405742647e-05
1.005785065371169266e-05
1.002672445301505574e-05
9.994491830019923900e-06
9.960980636743838566e-06
9.926034885276578852e-06
9.889511902441357644e-06
9.851285979946918550e-06
9.811251829588801449e-06
9.769321807427874262e-06
9.725428927798150352e-06
9.679529634215568995e-06
9.631600318383565234e-06
9.581639600852358621e-06
9.529670344566242794e-06
9.475734774989599506e-06
9.419899314211442357e-06
9.362249226405778299e-06
9.302889667651991125e-06
9.241946485430617512e-06
9.179560257985139443e-06
9.115889978200954441e-06
9.051106757629329695e-06
8.985393925627594097e-06
8.918946956593295689e-06
8.851967502638155653e-06
8.784663165170812705e-06
8.717247161259876088e-06
8.649932250111506661e-06
8.582930396872534735e-06
8.516452403917895657e-06
8.450701343758859930e-06
8.385875433668187628e-06
8.322161664734068799e-06
8.259735775194652145e-06
8.198762305144738575e-06
8.139388717049371002e-06
8.081748825169174114e-06
8.025957302764405113e-06
7.972110460626145935e-06
7.920287185022684175e-06
7.870544733050804007e-06
7.822920132516616263e-06
7.777431761848584477e-06
7.734075859115976579e-06
7.692828567328595667e-06
7.653648158418451504e-06
7.616471646165109277e-06
7.581220329234738971e-06
7.547796805124641030e-06
7.516087965827863098e-06
7.485968124067959970e-06
7.457296534452697685e-06
7.429923654123540862e-06
7.403688896355082462e-06
7.378424201821096338e-06
7.353957081389635872e-06
7.330111414316873786e-06
7.306708271737864695e-06
7.283569572602114404e-06
7.260519434101116429e-06
7.237386041063366558e-06
7.214002317872713000e-06
7.190212145259906667e-06
7.165865194894777680e-06
7.140822916788717274e-06
7.114958746099193193e-06
7.088158170043870215e-06
7.060324208914161704e-06
7.031371560237358422e-06
7.001231729698445784e-06
6.969852388986705761e-06
6.937197661932277635e-06
6.903247125559650747e-06
6.868000100146205592e-06
6.831468789528213042e-06
6.793682213685508447e-06
6.754684478890335511e-06
6.714532912436541936e-06
6.673301406469450579e-06
6.631072890030496197e-06
6.587942419130898661e-06
6.544014780669689004e-06
6.499402037328027547e-06
6.454226214415071114e-06
6.408611481447073700e-06
6.362686754392953935e-06
6.316583041511495675e-06
6.270430825582543986e-06
6.224362520885606465e-06
6.178504836209946833e-06
6.132981332377906315e-06
6.087909971490289396e-06
6.043401767967522301e-06
5.999558567872531458e-06
5.956475804124108495e-06
5.914235637947164577e-06
5.872909986747066688e-06
5.832558813721282707e-06
5.793228604687210397e-06
5.754955712328843840e-06
5.717760425034902451e-06
5.681650642406120591e-06
5.646620982024299208e-06
5.612652991121050226e-06
5.579714602476104882e-06
5.547764291562334814e-06
5.516746258714033457e-06
5.486594868712135043e-06
5.457234644224338286e-06
5.428580396609288199e-06
5.400541893792237997e-06
5.373019723375721502e-06
5.345910121449933426e-06
5.319105402355439098e-06
5.292494451334882978e-06
5.265967576057632306e-06
5.239412682337233698e-06
5.212720129673974526e-06
5.185783212031767180e-06
5.158498622260271320e-06
5.130771094397357167e-06
5.102509500189574451e-06
5.073631347263414018e-06
5.044062935989502648e-06
5.013740260774576788e-06
4.982608978025359013e-06
4.950628346043938772e-06
4.917766833849682489e-06
4.884005805372411528e-06
4.849338954246369647e-06
4.813771629633768551e-06
4.777323980333742142e-06
4.740026026655845440e-06
4.701920537548534402e-06
4.663061796656090748e-06
4.623515036804076291e-06
4.583355000172828023e-06
4.542668157971397015e-06
4.501547268657274652e-06
4.460093414544947024e-06
4.418414164868124962e-06
4.376621710468689515e-06
4.334834544452456557e-06
4.293171882239347899e-06
4.251755284693302922e-06
4.210706643745084738e-06
4.170146208652584687e-06
4.130194056141496328e-06
4.090964713582079019e-06
4.052568710575349840e-06
4.015110733362421440e-06
3.978687883657981868e-06
3.943391284276537994e-06
3.909301220776401171e-06
3.876488943800729345e-06
3.845015288657716857e-06
3.814930066214148673e-06
3.786270951786825254e-06
3.759065603140954741e-06
3.733327682688014947e-06
3.709059239299436139e-06
3.686250097759166301e-06
3.664877401416941301e-06
3.644908281283044004e-06
3.626296637466626947e-06
3.608986054340365478e-06
3.592909814431215332e-06
3.577991619320474144e-06
3.564145824350727645e-06
3.551280671149725851e-06
3.539295769203652919e-06
3.528085475701099420e-06
3.517539411149755549e-06
3.507543030672335267e-06
3.497981084642320120e-06
3.488735376570862672e-06
3.479688251627029435e-06
3.470723214297881798e-06
3.461725537909024350e-06
3.452585658161198893e-06
3.443196891373828429e-06
3.433458735896955116e-06
3.423277289900933040e-06
3.412565607005725536e-06
3.401246737883378034e-06
3.389251141498799069e-06
3.376519543803736904e-06
3.363002919433880271e-06
3.348662921023377558e-06
3.333471658693583436e-06
3.317414061444960667e-06
3.300484726391235905e-06
3.282690055269104442e-06
3.264047572649856583e-06
3.244585150671102881e-06
3.224342741360801859e-06
3.203368764006125623e-06
3.181721640233409781e-06
3.159468608850234349e-06
3.136684980567205567e-06
3.113452814867588386e-06
3.089862028795800325e-06
3.066006433503192517e-06
3.041984739574502285e-06
3.017899007537013213e-06
2.993853092752642061e-06
2.969953467798770934e-06
2.946305232254891681e-06
2.923012935514690914e-06
2.900179001429203184e-06
2.877902199563995238e-06
2.856278444655382238e-06
2.835397038233242427e-06
2.815341568660574717e-06
2.796188563016550311e-06
2.778006227919543789e-06
2.760855472220861247e-06
2.744786590073002614e-06
2.729840457975700860e-06
2.716047606452171197e-06
2.703427831259536059e-06
2.691989477961030521e-06
2.681730954658593037e-06
2.672638087181962825e-06
2.664685839893190804e-06
2.657838003800754975e-06
2.652046994725875666e-06
2.647255835338221138e-06
2.643396056256904305e-06
2.640389865162131987e-06
2.638150311301317848e-06
2.636581948563108815e-06
2.635581160518310967e-06
2.635038615200554712e-06
2.634837655741071737e-06
2.634856870320408846e-06
2.634970644233092452e-06
2.635049752060026923e-06
2.634964031503294949e-06
2.634580973241137211e-06
2.633768429437170457e-06
2.632395273460658543e-06
2.630332058868522249e-06
2.627453706001542271e-06
2.623638088514909482e-06
2.618768674428111943e-06
2.612735091129969492e-06
2.605433655495182106e-06
2.596769867518100751e-06
2.586656824121915380e-06
2.575017602603436034e-06
2.561785563818144482e-06
2.546904989997781427e-06
2.530331261826975149e-06
2.512032902876703208e-06
2.491989652335087687e-06
2.470194355531445452e-06
2.446652819685948738e-06
2.421383607536855149e-06
2.394419598598737991e-06
2.365805754043650768e-06
2.335600518783660168e-06
2.303875276557840835e-06
2.270714097712405446e-06
2.236213068857122218e-06
2.200481247031470019e-06
2.163638126189402015e-06
2.125814457821557448e-06
2.087151286198872117e-06
2.047798955743550748e-06
2.007917609378564546e-06
1.967674517371481563e-06
1.927244191916680920e-06
1.886808624149623106e-06
1.846553171298201433e-06
1.806669863872502854e-06
1.767351914917179413e-06
1.728796551254446955e-06
1.691202258938952051e-06
1.654766231913774511e-06
1.619686835608388111e-06
1.586158517991516576e-06
1.554374161941875088e-06
1.524522484854501243e-06
1.496785631090405393e-06
1.471341284466878463e-06
1.448358028526079009e-06
1.427997844280960554e-06
1.410411650038185084e-06
1.395741332052565214e-06
1.384117517153525914e-06
1.375657481558300213e-06
1.370467171845683277e-06
1.368637161629683370e-06
1.370244751511387932e-06
1.375352080942793005e-06
1.384004311970521960e-06
1.396231905160476829e-06
1.412046909194480676e-06
1.431445399364386383e-06
1.454405955328561224e-06
1.480888135073122163e-06
1.510835273801974977e-06
1.544170986315456847e-06
1.580802203317333924e-06
1.620618010902708525e-06
1.663488407944112896e-06
1.709267863983161395e-06
1.757791891464469719e-06
1.808880896480688554e-06
1.862339341997641577e-06
1.917954756662424538e-06
1.975502220302556338e-06
2.034740851681793162e-06
2.095418611439897822e-06
2.157271712468559102e-06
2.220023817304176968e-06
2.283391517244012892e-06
2.347080579262179044e-06
2.410791726497728542e-06
2.474220176993784674e-06
2.537054931044949832e-06
2.598985180066137226e-06
2.659696163450067440e-06
2.718876585863472591e-06
2.776214280014198724e-06
2.831403139764679494e-06
2.884142563685681611e-06
2.934136636388844782e-06
2.981101464521330511e-06
3.024760275434844090e-06
3.064850834131043017e-06
3.101124587854660672e-06
3.133345575259975983e-06
3.161297988910560020e-06
3.184780633110330628e-06
3.203614419550076769e-06
3.217641022602449491e-06
3.226721355364914522e-06
3.230742907474549091e-06
3.229613548084970936e-06
3.223268643588908958e-06
3.211669073078153650e-06
3.194799147698820257e-06
3.172673264954341568e-06
3.145329125334868828e-06
3.112834033391223105e-06
3.075282199854294907e-06
3.032792052202261270e-06
2.985511813503812672e-06
2.933612296787369098e-06
2.877292828550733827e-06
2.816773941978761068e-06
2.752301985191724845e-06
2.684145509892037580e-06
2.612591833084691544e-06
2.537950722937198609e-06
2.460547056882086567e-06
2.380724052972948981e-06
2.298839233889104472e-06
2.215260677627799823e-06
2.130369337638585353e-06
2.044552025716347424e-06
1.958203355071796782e-06
1.871721592873686095e-06
1.785504893596771936e-06
1.699952475592890350e-06
1.615458311093671152e-06
1.532412065685683304e-06
1.451195218605890280e-06
1.372177624730298155e-06
1.295717943746823352e-06
1.222158385640156212e-06
1.151825082536798937e-06
1.085024862181185607e-06
1.022042480048771583e-06
9.631408051438357657e-07
9.085568752409180051e-07
8.585022132810291193e-07
8.131605769869328613e-07
7.726861347696145835e-07
7.372039310520487744e-07
7.068073591862471556e-07
6.815589187461499623e-07
6.614891375992057402e-07
6.465958402319238980e-07
6.368453389911034226e-07
6.321712535562336932e-07
6.324762622330951581e-07
6.376313984882731103e-07
6.474780398973315688e-07
6.618284685494398781e-07
6.804666042747478095e-07
7.031506461627414003e-07
7.296133134287660468e-07
7.595648938083189041e-07
7.926947168397571931e-07
8.286726551488997274e-07
8.671528133396801893e-07
9.077742562644231607e-07
9.501650124123608932e-07
9.939440649958065455e-07
1.038723232517983832e-06
1.084111660142565039e-06
1.129716510566733148e-06
1.175147610027579919e-06
1.220019468330295698e-06
1.263953077120113114e-06
1.306580780097588851e-06
1.347546417028416836e-06
1.386510150311004406e-06
1.423150013473082753e-06
1.457163170925725926e-06
1.488270644283684918e-06
1.516216499446049680e-06
1.540772714819600988e-06
1.561737906826794241e-06
1.578941533741167201e-06
1.592244102367028349e-06
1.601537083364448617e-06
1.606746578086703761e-06
1.607830806551205238e-06
1.604783319724921948e-06
1.597631982406186745e-06
1.586437726059622034e-06
1.571297007639714371e-06
1.552338114867069224e-06
1.529723108790595473e-06
1.503645598485114735e-06
1.474328386426058276e-06
1.442024572788561316e-06
1.407012937071555078e-06
1.369598555804943385e-06
1.330109595762383178e-06
1.288894098331012891e-06
1.246319826644384295e-06
1.202769138844170412e-06
1.158638467063061075e-06
1.114334528106477085e-06
1.070270642277005146e-06
1.026865655658265194e-06
9.845388005806372620e-07
9.437084385697451410e-07
9.047881901656174302e-07
8.681832637324594199e-07
8.342889695665970744e-07
8.034860532296121357e-07
7.761392586896149134e-07
7.525938940002661619e-07
7.331726428193614348e-07
7.181742881624577115e-07
7.078699063396314408e-07
7.025020363525426544e-07
7.022812907317125153e-07
7.073857026047532644e-07
7.179586118103843152e-07
7.341067716645322742e-07
7.559003840500139627e-07
7.833708213732231709e-07
8.165111939915440574e-07
8.552754654037332050e-07
8.995777080316793066e-07
9.492936378901923037e-07
1.004259373525665017e-06
1.064273593373155862e-06
1.129097881252854325e-06
1.198457094831746801e-06
1.272042632781623706e-06
1.349511954997929868e-06
1.430492467969104790e-06
1.514582888254497661e-06
1.601354494110944930e-06
1.690356100376341759e-06
1.781113909507249212e-06
1.873137004555818667e-06
1.965919338987400016e-06
2.058941486367732819e-06
2.151677038740765898e-06
2.243592276182203920e-06
2.334153432969640631e-06
2.422826149129658513e-06
2.509082553541061315e-06
2.592403266825294841e-06
2.672279038371592297e-06
2.748218252334090480e-06
2.819745507343806743e-06
2.886409120127567034e-06
2.947782497089081927e-06
3.003465111451065255e-06
3.053089991452683469e-06
3.096321066601536413e-06
3.132860400146142014e-06
3.162448481691133563e-06
3.184864156480968800e-06
3.199931397806623890e-06
3.207515239284681956e-06
3.207528071981423691e-06
3.199928566195170923e-06
3.184720317654332195e-06
3.161957300250238175e-06
3.131738417102059356e-06
3.094212326007493685e-06
3.049574901929724433e-06
2.998066555984522543e-06
2.939975951879059179e-06
2.875633420620164219e-06
2.805413989727910565e-06
2.729733518654158598e-06
2.649044847460095289e-06
2.563839615570870289e-06
2.474640963241599242e-06
2.382004706830336386e-06
2.286514484688707737e-06
2.188777073816597637e-06
2.089422437298830078e-06
1.989096252682504527e-06
1.888459866567422396e-06
1.788182916276190503e-06
1.688942351088388563e-06
1.591417050559432371e-06
1.496282789056504623e-06
1.404210538749818703e-06
1.315859717741592867e-06
1.231876328243377035e-06
1.152887909531148190e-06
1.079498902506014133e-06
1.012288522285163918e-06
9.518051176574443879e-07
8.985641679265050679e-07
8.530441379860998150e-07
8.156827458666579203e-07
7.868752117661165329e-07
7.669700539995293960e-07
7.562677467309017237e-07
7.550179270591988065e-07
7.634169479757470473e-07
7.816072965388886681e-07
8.096749361324200308e-07
8.476493703654094719e-07
8.955024619078600495e-07
9.531474699614378351e-07
1.020440296802528843e-06
1.097178244334996148e-06
1.183102302375449298e-06
1.277896380435823941e-06
1.381190247848170186e-06
1.492560588623881993e-06
1.611532026649392707e-06
1.737581571076379138e-06
1.870138692521022310e-06
2.008590588022442856e-06
2.152284478888327859e-06
2.300529684007312792e-06
2.452604372768016429e-06
2.607755869973758549e-06
2.765208098018121164e-06
2.924164578600240512e-06
3.083811031764044376e-06
3.243324072849166208e-06
3.401871047952971458e-06
3.558619183182540609e-06
3.712738611794761726e-06
3.863404864146477408e-06
4.009808850782524448e-06
4.151155548838012324e-06
4.286674126401576972e-06
4.415620275018708081e-06
4.537277936225085624e-06
4.650969709621066731e-06
4.756053834282347540e-06
4.851934398781544306e-06
4.938062327757460509e-06
5.013935773452072954e-06
5.079110011073625160e-06
5.133192376810916010e-06
5.175851649764894589e-06
5.206817216627955121e-06
5.225877735487628010e-06
5.232889647533915934e-06
5.227770018317725055e-06
5.210505308991298443e-06
5.181143434285490808e-06
5.139800698019460685e-06
5.086658114561247667e-06
5.021957483520504691e-06
4.946006910603282730e-06
4.859171219143815066e-06
4.761876577332610508e-06
4.654605004381569943e-06
4.537888870328685910e-06
4.412313970006433794e-06
4.278508948474308431e-06
4.137147548169717302e-06
3.988941820729887147e-06
3.834635588285918110e-06
3.675005235623044405e-06
3.510849005220632719e-06
3.342987160305088583e-06
3.172254654510603043e-06
2.999494288501182054e-06
2.825555735122458244e-06
2.651285639052657526e-06
2.477526309910341495e-06
2.305108724452828952e-06
2.134846202589544641e-06
1.967532443069285453e-06
1.803933307318920411e-06
1.644785176545133170e-06
1.490787617426908479e-06
1.342601428489964260e-06
1.200843528723469830e-06
1.066082649185635213e-06
9.388375057457807563e-07
8.195720385221414502e-07
7.086940563417343021e-07
6.065522499662375291e-07
5.134339886046871593e-07
4.295645953986548742e-07
3.551054140864113850e-07
2.901537837074547809e-07
2.347424882234043793e-07
1.888398786989751049e-07
1.523508337651947566e-07
1.251175310772178943e-07
1.069212031837180352e-07
9.748397019109358260e-08
9.647116010114440486e-08
1.034941902617233748e-07
1.181135571149807678e-07
1.398424582773384752e-07
1.681505895255995074e-07
2.024681982951084895e-07
2.421907287957067945e-07
2.866832488608663187e-07
3.352856363498193449e-07
3.873176163678558056e-07
4.420838121094550892e-07
4.988796250029772090e-07
5.569961396573544190e-07
6.157262332942508438e-07
6.743699353195527601e-07
7.322395815272733110e-07
7.886661179571288905e-07
8.430034929427942368e-07
8.946349748378656174e-07
9.429770832796302430e-07
9.874855035254807143e-07
1.027659292567467663e-06
1.063044670291891863e-06
1.093240315965427817e-06
1.117899629166145674e-06
1.136735383492410726e-06
1.149522146337980799e-06
1.156098227996311344e-06
1.156369200885759857e-06
1.150307994295393222e-06
1.137957515466493118e-06
1.119430795803778189e-06
1.094910692182129366e-06
1.064651023822313614e-06
1.028974361516528605e-06
9.882721521436651712e-07
9.430024710484072749e-07
8.936874234395292342e-07
8.409116764836512291e-07
7.853181654267989987e-07
7.276056662622087268e-07
6.685244172432740980e-07
6.088715258611917896e-07
5.494871194199691630e-07
4.912484958533730964e-07
4.350656072160227731e-07
3.818747848833492273e-07
3.326334892174636242e-07
2.883140110892509719e-07
2.498971570115904197e-07
2.183662618179981717e-07
1.947003979439074442e-07
1.798681788808566307e-07
1.748211295840405121e-07
1.804871397480263313e-07
1.977642607867055800e-07
2.275141608992427939e-07
2.705561801852696325e-07
3.276612903168827860e-07
3.995461687625434990e-07
4.868680737771048346e-07
5.902191572820581727e-07
7.101220645604461042e-07
8.470252824529399828e-07
1.001298550159100614e-06
1.173230089503110502e-06
1.363022118737427194e-06
1.570789206738685870e-06
1.796555555543655508e-06
2.040252208661619590e-06
2.301717720302652318e-06
2.580694871520043339e-06
2.876832738667381169e-06
3.189686112034933916e-06
3.518714632725936043e-06
3.863287640772595674e-06
4.222681738945384340e-06
4.596087153004779184e-06
4.982608319761533180e-06
5.381269528405226537e-06
5.791012096191441257e-06
6.210708514710823976e-06
6.639160764669716207e-06
7.075107051656201175e-06
7.517229702330606447e-06
7.964151766221990887e-06
8.414456960998563978e-06
8.866687152031902796e-06
9.319351325983631849e-06
9.770935594248419584e-06
1.021989832501726501e-05
1.066469524085669275e-05
1.110377505844420974e-05
1.153559338857356188e-05
1.195860607660525900e-05
1.237129761934542890e-05
1.277217467326335547e-05
1.315977675204749921e-05
1.353268748752834027e-05
1.388952511016784253e-05
1.422897369555199573e-05
1.454977338186100467e-05
1.485073057159449431e-05
1.513072836315802110e-05
1.538871375393979063e-05
1.562373005212064732e-05
1.583490343304253277e-05
1.602145169642797351e-05
1.618269291450262639e-05
1.631802930912481094e-05
1.642697913518518070e-05
1.650915962414040028e-05
1.656429357055407573e-05
1.659221550289206106e-05
1.659285258840429513e-05
1.656625445369480244e-05
1.651257300129384408e-05
1.643206641207919282e-05
1.632510248993640235e-05
1.619213732936724187e-05
1.603374185978571350e-05
1.585057941896321368e-05
1.564340711640663595e-05
1.541307638442546355e-05
1.516051045269741321e-05
1.488672683854344815e-05
1.459281386656449618e-05
1.427992969279624992e-05
1.394930046023814075e-05
1.360219782052254405e-05
1.323995708258604879e-05
1.286395404038346805e-05
1.247560226055850703e-05
1.207634954102062857e-05
1.166765677598207850e-05
1.125101195444124942e-05
1.082790867441964049e-05
1.039984250743081967e-05
9.968306654403084896e-06
9.534773357960316386e-06
9.100704347726105181e-06
8.667532276775906957e-06
8.236657066504076251e-06
7.809441719559930670e-06
7.387197252188731604e-06
6.971190464947810795e-06
6.562629251670456203e-06
6.162659786848816706e-06
5.772363382435174546e-06
5.392745570356619481e-06
5.024742202700818889e-06
4.669209189903027220e-06
4.326921225946096249e-06
3.998570375958609138e-06
3.684759525570887388e-06
3.386007774951717639e-06
3.102744709192883627e-06
2.835311088486251305e-06
2.583959555357724128e-06
2.348852233313864161e-06
2.130066189735926584e-06
1.927591883419288369e-06
1.741336390987708002e-06
1.571123895871402347e-06
1.416701564316172077e-06
1.277740803453018161e-06
1.153841499282259488e-06
1.044536389263680812e-06
9.492943499000946899e-07
8.675269372888859267e-07
7.985922296178726753e-07
7.418004562509817898e-07
6.964197263897974656e-07
6.616810064009656800e-07
6.367851558783207832e-07
6.209081506387876524e-07
6.132073634132105572e-07
6.128278488504341994e-07
6.189078198779591831e-07
6.305857093312322167e-07
6.470055363804038477e-07
6.673229741135624064e-07
6.907112882621132694e-07
7.163661923955410984e-07
7.435122750050885629e-07
7.714073996591868592e-07
7.993477072857229153e-07
8.266723478218145733e-07
8.527668055443328952e-07
8.770679870158176603e-07
8.990668129826922546e-07
9.183114541668798926e-07
9.344101772788773071e-07
9.470325528828122775e-07
9.559126106548782618e-07
9.608491486153128547e-07
9.617067691391890392e-07
9.584164563394350968e-07
9.509744618394427718e-07
9.394431828283565080e-07
9.239491260418391570e-07
9.046816541095871537e-07
8.818912738397865570e-07
8.558863825408547578e-07
8.270318689709800870e-07
7.957450627009092250e-07
7.624924647407584614e-07
7.277860970530020385e-07
6.921786246570979647e-07
6.562600594662327989e-07
6.206523397324247871e-07
5.860046431555641528e-07
5.529884655825991287e-07
5.222918609087199986e-07
4.946149752678429362e-07
4.706640876447972762e-07
4.511463337019810421e-07
4.367643923623167535e-07
4.282106717638229647e-07
4.261626532691807587e-07
4.312772548017152282e-07
4.441859980204253497e-07
4.654897077651062435e-07
4.957544883223408797e-07
5.355068839940777391e-07
5.852298397646163818e-07
6.453590123074156454e-07
7.162786442888916611e-07
7.983192794586231267e-07
8.917543818676731134e-07
9.967980606455139450e-07
1.113603320806706124e-06
1.242259427661550778e-06
1.382792237163093466e-06
1.535162468045431191e-06
1.699265624993401514e-06
1.874932560362658629e-06
2.061928292670257422e-06
2.259955515441372833e-06
2.468654340276863029e-06
2.687604498063773868e-06
2.916328212527701726e-06
3.154290088445523725e-06
3.400903971133463618e-06
3.655533630557770140e-06
3.917496960304964217e-06
4.186070801744343645e-06
4.460491234545643454e-06
4.739963556228925771e-06
5.023663120026329929e-06
5.310740948555793928e-06
5.600329855884283728e-06
5.891544306157263356e-06
6.183492935441707839e-06
6.475278635308799595e-06
6.766004804203467643e-06
7.054781943193797776e-06
7.340726228447934459e-06
7.622973761539140400e-06
7.900679028509305834e-06
8.173020958202876606e-06
8.439209142994148958e-06
8.698480401770329216e-06
8.950113853831219939e-06
9.193427073118384070e-06
9.427781214777198902e-06
9.652586134629008801e-06
9.867294478574951605e-06
1.007141673569087996e-05
1.026451471595485247e-05
1.044620522290247012e-05
1.061616358833895860e-05
1.077411516629911874e-05
1.091984971155132745e-05
1.105321218240391427e-05
1.117410473518383517e-05
1.128248850575612185e-05
1.137837275171866523e-05
1.146182817911510917e-05
1.153297544496129750e-05
1.159198557144604035e-05
1.163908013354105491e-05
1.167451861913694117e-05
1.169861063153192846e-05
1.171170277574970424e-05
1.171417787722809042e-05
1.170645401516568241e-05
1.168897090227191020e-05
1.166220116368552833e-05
1.162663648634285034e-05
1.158278867890407902e-05
1.153117591735189350e-05
1.147233356155598684e-05
1.140680038809873008e-05
1.133511719101098041e-05
1.125782535247003095e-05
1.117545371016448955e-05
1.108852921660871335e-05
1.099756405002130308e-05
1.090305477595284580e-05
1.080548156802865786e-05
1.070529643040957493e-05
1.060293414168851986e-05
1.049880091556682365e-05
1.039327461961518354e-05
1.028670511539781341e-05
1.017940431879321512e-05
1.007165773785950378e-05
9.963715070336152466e-06
9.855791746011047916e-06
9.748070609959384565e-06
9.640693997864085426e-06
9.533775965856699337e-06
9.427394891242726543e-06
9.321596333380702316e-06
9.216396005672684115e-06
9.111773737307924078e-06
9.007686248790097347e-06
8.904061522544181380e-06
8.800802715489534521e-06
8.697792107296158537e-06
8.594886566014647153e-06
8.491930496185986035e-06
8.388751516901855394e-06
8.285164954779625668e-06
8.180978264224616231e-06
8.075987451895990347e-06
7.969989660161802038e-06
7.862779566093373645e-06
7.754153871262252704e-06
7.643915596577882324e-06
7.531870870826525688e-06
7.417840542842152604e-06
7.301656709735064817e-06
7.183166616807219142e-06
7.062236248282422916e-06
6.938746948841285615e-06
6.812605497043565167e-06
6.683740277387501002e-06
6.552104106870983425e-06
6.417676666798738769e-06
6.280460584608190414e-06
6.140489542902081071e-06
5.997823801783108886e-06
5.852551657278680571e-06
5.704790463956281375e-06
5.554682023985549998e-06
5.402398526967126220e-06
5.248137367762197847e-06
5.092122126859352117e-06
4.934597456444726422e-06
4.775833313859685195e-06
4.616119339830916984e-06
4.455763884060563317e-06
4.295092654656832123e-06
4.134443226011838621e-06
3.974167397997323060e-06
3.814625355220274350e-06
3.656183778748326987e-06
3.499213682255487762e-06
3.344084978714394175e-06
3.191167464726365235e-06
3.040825261452368759e-06
2.893414550441967982e-06
2.749281165473046146e-06
2.608755747920923019e-06
2.472154010186997405e-06
2.339772014780114744e-06
2.211884148243247153e-06
2.088741093020645047e-06
1.970566098994265355e-06
1.857555231765241041e-06
1.749874001705715022e-06
1.647656162251001405e-06
1.551002635086449646e-06
1.459979326683658044e-06
1.374618002912909467e-06
1.294914639697536859e-06
1.220829500732891333e-06
1.152287435470156665e-06
1.089177486849023212e-06
1.031354856877140224e-06
9.786411330486443222e-07
9.308258808457275781e-07
8.876684958689048736e-07
8.488996060445544473e-07
8.142243241641077728e-07
7.833242384908862152e-07
7.558604755568656340e-07
7.314769968754047308e-07
7.098035280887438035e-07
6.904599706672191291e-07
6.730597677255023755e-07
6.572140917798739388e-07
6.425361744677136202e-07
6.286452341962398294e-07
6.151715896193096374e-07
6.017607630623773838e-07
5.880781722322736349e-07
5.738138159410090785e-07
5.586864603665071909e-07
5.424487184195115944e-07
5.248910734426228486e-07
5.058462515878865516e-07
4.851934060028650222e-07
4.628616968438716232e-07
4.388344304780676672e-07
4.131521103050684398e-07
3.859155816888656528e-07
3.572888038026785342e-07
3.275009496984017359e-07
2.968486863938045820e-07
2.656974125211923285e-07
2.344823330688156418e-07
2.037090112805442751e-07
1.739532394266117597e-07
1.458607163221184379e-07
1.201458222562387812e-07
9.759002577152606168e-08
7.903960011891517044e-08
6.540292500854456329e-08
5.764703372771669064e-08
5.679366995718920079e-08
6.391476092461521267e-08
8.012727891946220787e-08
1.065876425411073045e-07
1.444854973702280586e-07
1.950370309529036526e-07
2.594778360322511267e-07
3.390551368909379518e-07
4.350199496536608450e-07
5.486185358450846967e-07
6.810836797510018702e-07
8.336257757141135270e-07
1.007423080029421008e-06
1.203612935555218895e-06
1.423281765135183302e-06
1.667455534964578862e-06
1.937090402181803094e-06
2.233062034196304524e-06
2.556157762649320709e-06
2.907066311610846237e-06
3.286369069025701862e-06
3.694531988185021160e-06
4.131895258064058287e-06
4.598668606538546463e-06
5.094922108729393903e-06
5.620580070529093139e-06
6.175415997287126907e-06
6.759043931578960795e-06
7.370919170780401838e-06
8.010331414054431201e-06
8.676402953329589489e-06
9.368088338080884849e-06
1.008416847740447416e-05
1.082325870486181993e-05
1.158380517179442899e-05
1.236408860807378514e-05
1.316222980077806207e-05
1.397618708192372347e-05
1.480377295322058101e-05
1.564265403762455232e-05
1.649036093550028812e-05
1.734429983214599749e-05
1.820175330635227144e-05
1.905990567856548077e-05
1.991584606192872258e-05
2.076658388127229803e-05
2.160906592621627100e-05
2.244017961416188393e-05
2.325678597782559803e-05
2.405572452923813851e-05
2.483383296813755422e-05
2.558796795464455910e-05
2.631500917956571889e-05
2.701189765092582929e-05
2.767564035107699543e-05
2.830333546683035342e-05
2.889217550538147197e-05
2.943948742155563577e-05
2.994273532233199760e-05
3.039954116973619849e-05
3.080770523107364428e-05
3.116520574076972114e-05
3.147023777199180162e-05
3.172121116270487212e-05
3.191676729381975316e-05
3.205579480107606597e-05
3.213742337181093087e-05
3.216105731375432764e-05
3.212636642217399916e-05
3.203329582171364514e-05
3.188207403953291123e-05
3.167319911306302593e-05
3.140746336334258816e-05
3.108593575309864245e-05
3.070996264354620921e-05
3.028116632964174775e-05
2.980142271142160952e-05
2.927287502212342366e-05
2.869790751878000350e-05
2.807913641342722570e-05
2.741939849305990634e-05
2.672172106920207282e-05
2.598932421823323550e-05
2.522558725198378637e-05
2.443403087064556842e-05
2.361829734260746533e-05
2.278211510368661528e-05
2.192929119566757777e-05
2.106367365738481053e-05
2.018912785568444020e-05
1.930951160717882625e-05
1.842863839442291019e-05
1.755026380542527853e-05
1.667804848836992719e-05
1.581553333026001457e-05
1.496611453828701771e-05
1.413301069125460706e-05
1.331924871268392911e-05
1.252763305920013598e-05
1.176072560722171526e-05
1.102082675340724366e-05
1.030995215924273271e-05
9.629824778377765255e-06
8.981856254399832854e-06
8.367137763680271414e-06
7.786433378893780968e-06
7.240172190837778123e-06
6.728452887194355017e-06
6.251042760334021569e-06
5.807385158558888673e-06
5.396610532052561583e-06
5.017548530951318262e-06
4.668750470877688967e-06
4.348509856169020475e-06
4.054890472732105062e-06
3.785758698803918257e-06
3.538818213477205871e-06
3.311653438155316900e-06
3.101773162214141731e-06
2.906660790568959141e-06
2.723828813062416046e-06
2.550876077788100570e-06
2.385552213588325637e-06
2.225823030664545458e-06
2.069941511403247181e-06
1.916521014929975245e-06
1.764614135130757258e-06
1.613792426095194181e-06
1.464230158073707345e-06
1.316790542318911963e-06
1.173113501087071170e-06
1.035706754247751240e-06
9.080369733387428766e-07
7.946228137032077498e-07
7.011285931970965304e-07
6.344579125111581531e-07
6.028478857996606502e-07
6.159620249517795839e-07
6.849824734516648152e-07
8.227007289730043973e-07
1.043605990481663986e-06
1.363971780872745164e-06
1.801938904476548090e-06
2.377595324437270052e-06
3.113052368305489533e-06
4.032515121519576829e-06
5.162350681368289120e-06
6.531148541930202936e-06
8.169776454210908278e-06
1.011143084566751644e-05
1.239167602493139122e-05
1.504848526346493004e-05
1.812226602407361278e-05
2.165588156416573733e-05
2.569466613241078577e-05
3.028642020091741445e-05
3.548141957779859265e-05
4.133239393390131754e-05
4.789450680485936318e-05
5.522532940234409291e-05
6.338478040538632493e-05
7.243510420398563009e-05
8.244079297645835844e-05
9.346852187763037814e-05
1.055870797340132598e-04
1.188672438418924909e-04
1.333817358372543446e-04
1.492050798075277116e-04
1.664134944255460445e-04
1.850847839534989516e-04
2.052981406696361213e-04
2.271340951705495663e-04
2.506743052835681113e-04
2.760014122165769016e-04
3.031989006469942871e-04
3.323508234651158938e-04
3.635417718321807363e-04
3.968565916126008783e-04
4.323802157127925759e-04
4.701975070233780328e-04
5.103929017905580552e-04
5.530504327190709961e-04
5.982533709443494351e-04
6.460841045884191999e-04
6.966237150275512210e-04
7.499520709517102377e-04
8.061474096638102582e-04
8.652861704527054941e-04
9.274428536831814387e-04
9.926895108218021166e-04
1.061095967043744091e-03
1.132729324943357232e-03
1.207653827493489034e-03
1.285930756103314089e-03
1.367617831175145645e-03
1.452769610134045956e-03
1.541436910376297546e-03
1.633666723446397387e-03
1.729502173748071869e-03
1.828981825025088534e-03
1.932140300968222943e-03
2.039007622167990537e-03
2.149609191847525087e-03
2.263965835070734945e-03
2.382093004574117184e-03
2.504001668646212674e-03
2.629697554254329349e-03
2.759181221801273402e-03
2.892448201273910887e-03
3.029488088568078538e-03
3.170285740226012547e-03
3.314820412092227102e-03
3.463065936346557561e-03
3.614990966346678242e-03
3.770557952293396818e-03
3.929724674930067455e-03
4.092443266398311692e-03
4.258660497571789376e-03
4.428318137732387659e-03
4.601351796435354351e-03
4.777692818863072885e-03
4.957267173340538548e-03
5.139995851156188567e-03
5.325795341101918767e-03
5.514576323012783388e-03
5.706245936697496891e-03
5.900706519147351330e-03
6.097856113024931017e-03
6.297589049953993337e-03
6.499794480682172595e-03
6.704359018044826930e-03
6.911165306517890426e-03
7.120092629837631443e-03
7.331017591212558512e-03
7.543812465590943837e-03
7.758348205664287664e-03
7.974492827268401043e-03
8.192112101608082717e-03
8.411070315719986271e-03
8.631228434060540453e-03
8.852447445832242051e-03
9.074586551949426205e-03
9.297503923479773918e-03
9.521057522103431106e-03
9.745103061243456238e-03
9.969497663665857420e-03
1.019409783933956058e-02
1.041876028929942903e-02
1.064334276383160569e-02
1.086770181764526097e-02
1.109169673931820373e-02
1.131518731434959929e-02
1.153803530958693452e-02
1.176010206330425217e-02
1.198125260099909377e-02
1.220135322661522470e-02
1.242027235458330152e-02
1.263788138015409582e-02
1.285405206806336693e-02
1.306866086008866279e-02
1.328158625745268565e-02
1.349270964184627088e-02
1.370191612554215108e-02
1.390909175078305741e-02
1.411412794310380747e-02
1.431691869874749529e-02
1.451736138028309267e-02
1.471535753251176394e-02
1.491080991220639779e-02
1.510362704318372190e-02
1.529372023051583235e-02
1.548100432152493822e-02
1.566539847904972402e-02
1.584682306861438794e-02
1.602520427513668203e-02
1.620047097340871628e-02
1.637255545108495455e-02
1.654139413696518318e-02
1.670692437954627782e-02
1.686908909043338678e-02
1.702783350742335597e-02
1.718310588196782576e-02
1.733485816609882033e-02
1.748304272204995874e-02
1.762761696313409551e-02
1.776854005120655916e-02
1.790577355630986606e-02
1.803928211103163551e-02
1.816903009493625945e-02
1.829498624907267834e-02
1.841712035310267420e-02
1.853540386877091523e-02
1.864981057421390490e-02
1.876031326886553816e-02
1.886688834212130184e-02
1.896951247658713868e-02
1.906816328914365602e-02
1.916281995952310788e-02
1.925346000084861980e-02
1.934006376572400612e-02
1.942261122067915138e-02
1.950108259857565376e-02
1.957545903535662379e-02
1.964571944836028886e-02
1.971184496389800922e-02
1.977381580405715086e-02
1.983161196195025108e-02
1.988521385789883064e-02
1.993459936228226745e-02
1.997974812748119430e-02
2.002063862201594602e-02
2.005724954031309556e-02
2.008955696276460562e-02
2.011753859694785998e-02
2.014117094951628842e-02
2.016043005691214168e-02
2.017529218925957768e-02
2.018573120167881443e-02
2.019172264103237177e-02
2.019324110733074218e-02
2.019026101224778366e-02
2.018275730532249554e-02
2.017070302980234972e-02
2.015407326745590616e-02
2.013284270004881901e-02
2.010698638494634247e-02
2.007648049211227179e-02
2.004130006855906615e-02
2.000142278981861810e-02
1.995682672313982275e-02
1.990749110330376076e-02
1.985339706300181736e-02
1.979452560162870203e-02
1.973086110931179110e-02
1.966238932574706361e-02
1.958909809462825238e-02
1.951097806566724074e-02
1.942802085666810868e-02
1.934022231534059458e-02
1.924758066174422910e-02
1.915009719707345265e-02
1.904777695343454896e-02
1.894062703337836065e-02
1.882865957659633077e-02
1.871189007017558595e-02
1.859033798726673903e-02
1.846402736107457046e-02
1.833298528354890961e-02
1.819724454870723721e-02
1.805684211343857454e-02
1.791181964389913783e-02
1.776222399302547494e-02
1.760810583986055847e-02
1.744952198855310305e-02
1.728653396313990093e-02
1.711920844414963755e-02
1.694761763402914331e-02
1.677183802033664628e-02
1.659195231899610393e-02
1.640804818895319483e-02
1.622021854794036128e-02
1.602856181698283228e-02
1.583318079394436390e-02
1.563418424065995266e-02
1.543168570704407140e-02
1.522580372260193965e-02
1.501666191894221805e-02
1.480438800430268313e-02
1.458911500586525072e-02
1.437098019715050794e-02
1.415012516987067780e-02
1.392669584132157773e-02
1.370084152490089364e-02
1.347271585027284314e-02
1.324247579206553477e-02
1.301028163425953926e-02
1.277629687668382572e-02
1.254068740056246689e-02
1.230362209933156224e-02
1.206527201019897376e-02
1.182581030631769427e-02
1.158541153982851034e-02
1.134425207036625187e-02
1.110250928173968192e-02
1.086036140325324743e-02
1.061798728872139462e-02
1.037556575999996206e-02
1.013327582397459403e-02
9.891296000271894429e-03
9.649804098208435849e-03
9.408976961220723995e-03
9.168989915692591849e-03
8.930016825313918591e-03
8.692229534948654052e-03
8.455797630214170052e-03
8.220888174393564674e-03
7.987665266931263247e-03
7.756289984374311643e-03
7.526919944248896058e-03
7.299709073263382919e-03
7.074807362196115779e-03
6.852360536778501036e-03
6.632509931940892486e-03
6.415392177150897046e-03
6.201138996333386590e-03
5.989877002831868642e-03
5.781727482766415779e-03
5.576806244343563736e-03
5.375223422878805911e-03
5.177083331084217192e-03
4.982484311364355871e-03
4.791518628431183646e-03
4.604272328503299615e-03
4.420825158510462323e-03
4.241250479851545012e-03
4.065615189464608786e-03
3.893979714835403647e-03
3.726397909609187667e-03
3.562917077606210601e-03
3.403577956980586867e-03
3.248414715190153877e-03
3.097455035877622314e-03
2.950720068404263582e-03
2.808224543619811716e-03
2.669976829045350285e-03
2.535978996550438888e-03
2.406226987219449009e-03
2.280710623249475062e-03
2.159413799209122711e-03
2.042314602889725925e-03
1.929385448633275969e-03
1.820593303486546348e-03
1.715899761409867127e-03
1.615261291272387500e-03
1.518629412786090321e-03
1.425950883423609920e-03
1.337167967132767317e-03
1.252218563432256401e-03
1.171036491823003629e-03
1.093551695317765719e-03
1.019690528963416434e-03
9.493759235472096518e-04
8.825276841324485293e-04
8.190627261760881871e-04
7.588953172772896095e-04
7.019373725702835690e-04
6.480986466354098779e-04
5.972870313705077022e-04
5.494088001338276114e-04
5.043688537674352688e-04
4.620710038972764781e-04
4.224181743423235436e-04
3.853126794911006605e-04
3.506564580588137237e-04
3.183513049529586390e-04
2.882991255782658838e-04
2.604021279251855455e-04
2.345630653150045141e-04
2.106854430675276872e-04
1.886737198805730543e-04
1.684335193553688831e-04
1.498717958143577333e-04
1.328970289548418184e-04
1.174193898506325655e-04
1.033508989812476704e-04
9.060558518965831812e-05
7.909961182915557234e-05
6.875141529377539504e-05
5.948182102425874008e-05
5.121414981601469781e-05
4.387431902172796009e-05
3.739092040572219804e-05
3.169529938089431632e-05
2.672161664151897180e-05
2.240689946421282666e-05
1.869108481564922888e-05
1.551704573437630194e-05
1.283061301116038347e-05
1.058058323356007049e-05
8.718716964039344866e-06
7.199728096435715580e-06
5.981261064368547444e-06
5.023861233084154167e-06
4.290934986226081072e-06
3.748701394585286186e-06
3.366136260057609759e-06
3.114907350125045998e-06
2.969303514400954833e-06
2.906156473035218136e-06
2.904756394759219474e-06
2.946762188593612495e-06
3.016105749196761742e-06
3.098892423522454824e-06
3.183296962218513187e-06
3.259455925381371059e-06
3.319357635750212095e-06
3.356728699972829629e-06
3.366919695370358679e-06
3.346789053487771837e-06
3.294586178490517860e-06
3.209834901729375446e-06
3.093216124564725259e-06
2.946452386846703818e-06
2.772193179690793314e-06
2.573902053068369292e-06
2.355746414284078092e-06
2.122489043848947419e-06
1.879383627994918083e-06
1.632073194615407097e-06
1.386492756951083495e-06
1.148775446762812029e-06
9.251637273169343981e-07
7.219249640369411741e-07
5.452719740452341788e-07
4.012888251013709325e-07
2.958617135380297401e-07
2.346155481149750242e-07
2.228559727709235676e-07
2.655170682197175040e-07
3.671147393697498876e-07
5.317059130062773467e-07
7.628531866774599637e-07
1.063595548615213600e-06
1.436424470195320037e-06
1.883265089857414528e-06
2.405464025741998252e-06
3.003780430123656956e-06
3.678384450789582867e-06
4.428859085918478255e-06
5.254205654264763859e-06
6.152857706994623029e-06
7.122692944802943435e-06
8.161055904109187431e-06
9.264779792379586985e-06
1.043020992637599401e-05
1.165323893585160351e-05
1.292933147790382033e-05
1.425356563272668910e-05
1.562066697804093929e-05
1.702504206449734954e-05
1.846082680338320729e-05
1.992192382743849618e-05
2.140203798824197654e-05
2.289473223860682689e-05
2.439345387207112690e-05
2.589159201488068433e-05
2.738251392152565253e-05
2.885959761439294856e-05
3.031629188840261421e-05
3.174613279079876028e-05
3.314280268604160576e-05
3.450015844286358425e-05
3.581225477664811107e-05
3.707340243383521394e-05
3.827816910031758553e-05
3.942143468942868590e-05
4.049840642654389962e-05
4.150462864613884881e-05
4.243603461695782416e-05
4.328892888553964249e-05
4.406003500168097150e-05
4.474649502004395956e-05
4.534586403781659620e-05
4.585615284768179332e-05
4.627579170767759977e-05
4.660366847948796507e-05
4.683911263282090648e-05
4.698187528203762756e-05
4.703216162265077540e-05
4.699057881873726632e-05
4.685816421863579155e-05
4.663635619292283213e-05
4.632696248945786135e-05
4.593218297411981693e-05
4.545454638012098598e-05
4.489692966411298360e-05
4.426251964858826974e-05
4.355477391667282280e-05
4.277743555872690355e-05
4.193446470747465835e-05
4.103005106179570679e-05
4.006857117918504802e-05
3.905454675479300684e-05
3.799265377623543079e-05
3.688765500312960323e-05
3.574440815940695018e-05
3.456782380426975796e-05
3.336282569622466720e-05
3.213435696885210915e-05
3.088731908035494963e-05
2.962657818322361625e-05
2.835692788688026720e-05
2.708305562100745198e-05
2.580954822878611180e-05
2.454084160698982332e-05
2.328122739382073905e-05
2.203482380689402177e-05
2.080555069345299500e-05
1.959713640921461464e-05
1.841308066133582737e-05
1.725666303927770288e-05
1.613092370087885682e-05
1.503864836796347044e-05
1.398237765652799756e-05
1.296438381476432342e-05
1.198668189704147054e-05
1.105102061733809774e-05
1.015887714880994048e-05
9.311469329696779189e-06
8.509745322674484608e-06
7.754397524187188085e-06
7.045862615942193895e-06
6.384324846658181591e-06
5.769730869230394721e-06
5.201790040784558531e-06
4.679990563877257463e-06
4.203606793059941397e-06
3.771708843536319902e-06
3.383179294582299705e-06
3.036721024169212731e-06
2.730874651980857832e-06
2.464030579260556339e-06
2.234442338544926576e-06
2.040244063273917570e-06
1.879462442380230007e-06
1.750034297296664586e-06
1.649820660836258739e-06
1.576621244325025658e-06
1.528191427422652251e-06
1.502255085213815698e-06
1.496521072611945710e-06
1.508696836427911318e-06
1.536501669363974339e-06
1.577681997232475995e-06
1.630022375263245578e-06
1.691359745414515479e-06
1.759594541087318777e-06
1.832700927937253517e-06
1.908739325592055136e-06
1.985863659789828902e-06
2.062332465870494979e-06
2.136516085224777566e-06
2.206902755411340729e-06
2.272107565179108124e-06
2.330874944732222449e-06
2.382085978192580762e-06
2.424761001438657975e-06
2.458061098368662979e-06
2.481293019983299848e-06
2.493906767765555201e-06
2.495498820735197526e-06
2.485810134504276942e-06
2.464723242975644860e-06
2.432263047902053545e-06
2.388590095955507431e-06
2.333999798969377457e-06
2.268916431794640983e-06
2.193886567459883358e-06
2.109576039490878568e-06
2.016760059083614398e-06
1.916318889131464162e-06
1.809228893284850685e-06
1.696553408289934464e-06
1.579436273158328292e-06
1.459091738978654485e-06
1.336794425257598660e-06
1.213871754101340041e-06
1.091692066788032530e-06
9.716564847707075075e-07
8.551880633497422181e-07
7.437213006201405041e-07
6.386932701495740149e-07
5.415323750395462133e-07
4.536494621964410717e-07
3.764276194461596050e-07
3.112125082831986210e-07
2.593036697799984098e-07
2.219450485036463284e-07
2.003168596685847553e-07
1.955272406958663635e-07
2.086044530177160996e-07
2.404899466830111787e-07
2.920313256691539014e-07
3.639765214427796310e-07
4.569681727251773925e-07
5.715383919592884051e-07
7.081051307248647718e-07
8.669676978621618531e-07
1.048304690611546409e-06
1.252171529287310621e-06
1.478498050684180730e-06
1.727089504330278676e-06
1.997624148955922926e-06
2.289656126048631291e-06
2.602616070686803039e-06
2.935811327040313287e-06
3.288432531397447859e-06
3.659552278568842315e-06
4.048133707165634566e-06
4.453033605227056717e-06
4.873004598924883457e-06
5.306707773635370933e-06
5.752710994378563442e-06
6.209503446404926234e-06
6.675500220051323663e-06
7.149045461419641431e-06
7.628430902188686079e-06
8.111892199765740200e-06
8.597629100869921218e-06
9.083810186247434057e-06
9.568575744433786175e-06
1.005006149589195651e-05
1.052639133081327468e-05
1.099570221027142556e-05
1.145614762705739534e-05
1.190589890938482652e-05
1.234317291282910024e-05
1.276621978922614547e-05
1.317335128423775097e-05
1.356294155244316610e-05
1.393342573372613375e-05
1.428333001819939531e-05
1.461125355713682056e-05
1.491589852086025971e-05
1.519606719235264403e-05
1.545065697439659282e-05
1.567869105996799622e-05
1.587929424028919570e-05
1.605172299383161849e-05
1.619535823971155321e-05
1.630969638942165239e-05
1.639437890131941752e-05
1.644916246785634893e-05
1.647394752620589314e-05
1.646876661875387585e-05
1.643377163623720662e-05
1.636926079011761178e-05
1.627564436952991819e-05
1.615347037522687630e-05
1.600340902784927905e-05
1.582623688089294651e-05
1.562286016753591689e-05
1.539427790408803598e-05
1.514160380153582683e-05
1.486604799386780937e-05
1.456889914822109704e-05
1.425154366716480630e-05
1.391542828986592540e-05
1.356207795941329312e-05
1.319307623160165916e-05
1.281004680554602414e-05
1.241466860930300048e-05
1.200864015260453722e-05
1.159369354515127187e-05
1.117157523076109218e-05
1.074402845767728941e-05
1.031280476569453821e-05
9.879632155490556691e-06
9.446225890107045459e-06
9.014271152079466720e-06
8.585407853450929426e-06
8.161239410138808708e-06
7.743306337599859050e-06
7.333094768243515844e-06
6.932022358949172284e-06
6.541426525966183522e-06
6.162571593766177572e-06
5.796628771287233936e-06
5.444683450095848173e-06
5.107725240856521731e-06
4.786640258628088664e-06
4.482217753765777466e-06
4.195136664150883553e-06
3.925972718458185223e-06
3.675192924432763680e-06
3.443151998586281543e-06
3.230099439060199878e-06
3.036172098575951113e-06
2.861401926202938332e-06
2.705714654283597001e-06
2.568929945563357141e-06
2.450769589276727794e-06
2.350854904853168548e-06
2.268715656300820384e-06
2.203792174779453020e-06
2.155438363277098862e-06
2.122931340244163820e-06
2.105472051975424026e-06
2.102195539902073977e-06
2.112175364160463479e-06
2.134428320916985669e-06
2.167925481424062839e-06
2.211594213499647162e-06
2.264329629613850579e-06
2.324999989788112529e-06
2.392451882680905338e-06
2.465521540474593558e-06
2.543040192161705943e-06
2.623838949489714978e-06
2.706761149533950153e-06
2.790663195428314305e-06
2.874426816128601871e-06
2.956963387743767436e-06
3.037217517700279223e-06
3.114179266217896832e-06
3.186882687332557330e-06
3.254417641604420755e-06
3.315932158530833709e-06
3.370633984228212699e-06
3.417801847624946568e-06
3.456781141375737222e-06
3.486994493673962157e-06
3.507941633536555189e-06
3.519198548757644224e-06
3.520427007346674096e-06
3.511367394417767713e-06
3.491847330326206496e-06
3.461778927422976429e-06
3.421155596009142691e-06
3.370059186905700674e-06
3.308650512266753362e-06
3.237175477313898113e-06
3.155960016936046108e-06
3.065404929470351360e-06
2.965990250695035908e-06
2.858264359717183864e-06
2.742847348010761172e-06
2.620424242476072318e-06
2.491738495110197918e-06
2.357593504061592671e-06
2.218841392318517054e-06
2.076383643074873261e-06
1.931163415518733342e-06
1.784158446498238793e-06
1.636379969291536868e-06
1.488862235673192313e-06
1.342660771169205391e-06
1.198844654437536617e-06
1.058489588702845955e-06
9.226748015564778174e-07
7.924741735017445705e-07
6.689527804117419653e-07
5.531599404480183894e-07
4.461231003379262785e-07
3.488435987825812783e-07
2.622899058150072942e-07
1.873933936894605848e-07
1.250427769968679651e-07
7.607925758081158551e-08
4.129227124415489831e-08
2.141488900552524343e-08
1.711996481762466697e-08
2.901633644307552760e-08
5.764541688133261797e-08
1.034781939752864746e-07
1.669123623020206573e-07
2.482701132686198484e-07
3.477961637753303198e-07
4.656557079128770998e-07
6.019339822666075736e-07
7.566342506739052671e-07
9.296785118183943886e-07
1.120907117821327635e-06
1.330077741985627251e-06
1.556868747382735965e-06
1.800876792976839767e-06
2.061621626494414166e-06
2.338546780752687035e-06
2.631019000319177879e-06
2.938336455903489907e-06
3.259724522748736588e-06
3.594345603680658715e-06
3.941300176314688481e-06
4.299625975457408994e-06
4.668311791694307768e-06
5.046289917944833094e-06
5.432451623103801804e-06
5.825647690081794327e-06
6.224686585557147596e-06
6.628354191752774579e-06
7.035401532860950187e-06
7.444566120392575814e-06
7.854571083971602239e-06
8.264121581768933583e-06
8.671930375591662362e-06
9.076699725767337751e-06
9.477148393274147261e-06
9.872008527387983234e-06
1.026001967718722407e-05
1.063995967645197639e-05
1.101062000729428416e-05
1.137083781700322794e-05
1.171948988495866461e-05
1.205548377890442731e-05
1.237779311624856299e-05
1.268542620306208327e-05
1.297746205290011463e-05
1.325304099649351279e-05
1.351135276962349673e-05
1.375167490710671229e-05
1.397333501406307247e-05
1.417574950275425220e-05
1.435841070994185598e-05
1.452087198300468565e-05
1.466278777872147552e-05
1.478387046116704794e-05
1.488393033271585321e-05
1.496285945512256431e-05
1.502061408838311055e-05
1.505725502978463378e-05
1.507290029994563654e-05
1.506776505116039112e-05
1.504214261309297864e-05
1.499638490297280101e-05
1.493094165379404411e-05
1.484631069469226869e-05
1.474307647027253361e-05
1.462188911218701643e-05
1.448344364796308804e-05
1.432851129407489784e-05
1.415791781533558719e-05
1.397252246649806005e-05
1.377325328541052359e-05
1.356105745684135052e-05
1.333693568531527743e-05
1.310192023590346535e-05
1.285705421836790776e-05
1.260342363630894942e-05
1.234211016418598894e-05
1.207422229779437232e-05
1.180087416960888769e-05
1.152316611585526448e-05
1.124221335627886556e-05
1.095910267457462375e-05
1.067492032337649957e-05
1.039073260494077789e-05
1.010756851583533525e-05
9.826445300610311861e-06
9.548330082743839965e-06
9.274164840970825554e-06
9.004849531323901114e-06
8.741227369591231453e-06
8.484107793689983306e-06
8.234233557499742181e-06
7.992303350019039807e-06
7.758957934566176130e-06
7.534768335129491286e-06
7.320256924717396299e-06
7.115869933905162291e-06
6.921998427557270893e-06
6.738967590804444705e-06
6.567027770399875486e-06
6.406374464693078666e-06
6.257125682023455586e-06
6.119342012347929313e-06
5.993018843766782403e-06
5.878079915995731044e-06
5.774396924683499258e-06
5.681770755681046962e-06
5.599951298533167328e-06
5.528632077948186567e-06
5.467445742488522512e-06
5.415983830588971977e-06
5.373780653803225384e-06
5.340333317822518098e-06
5.315098039171661737e-06
5.297486848050374994e-06
5.286887826569822606e-06
5.282650343647115614e-06
5.284105509170087942e-06
5.290563342873351969e-06
5.301309931965581233e-06
5.315628181505300078e-06
5.332783216064620247e-06
5.352043230825443848e-06
5.372676695623733132e-06
5.393949275504182233e-06
5.415144867704609713e-06
5.435550255231709002e-06
5.454476071641455673e-06
5.471253349492997420e-06
5.485229669548766773e-06
5.495790033587054522e-06
5.502340235982969216e-06
5.504327458421186543e-06
5.501235683806755580e-06
5.492580759191000761e-06
5.477930496045005590e-06
5.456886657240782236e-06
5.429104567823953397e-06
5.394287177184663910e-06
5.352178966139202573e-06
5.302584594006855542e-06
5.245349814953226377e-06
5.180379445456567979e-06
5.107630128870611001e-06
5.027103251127418052e-06
4.938861474042700686e-06
4.843009236813443103e-06
4.739708464294715706e-06
4.629170330199859355e-06
4.511647535665347227e-06
4.387448177645130231e-06
4.256916711884069475e-06
4.120446913633410179e-06
3.978473117071687681e-06
3.831462332494764459e-06
3.679925085601820677e-06
3.524397790185783876e-06
3.365452671431731586e-06
3.203689059215559870e-06
3.039725860699451101e-06
2.874209251744506957e-06
2.707797325348591828e-06
2.541166937658028705e-06
2.375005643906040181e-06
2.210005003739769836e-06
2.046865285582280948e-06
1.886283036040973236e-06
1.728955085786919340e-06
1.575571643691245956e-06
1.426810803208156604e-06
1.283340706521811387e-06
1.145810353677233624e-06
1.014851282047512305e-06
8.910721915610174013e-07
7.750548608769350591e-07
6.673544814929618521e-07
5.684936379873958771e-07
4.789624223485175757e-07
3.992147728564547447e-07
3.296658220545631079e-07
2.706913234788628559e-07
2.226243362331208280e-07
1.857547267345842116e-07
1.603271910419025958e-07
1.465398670910251065e-07
1.445439136053705853e-07
1.544420722864294559e-07
1.762886212182900515e-07
2.100888405818706047e-07
2.557985516125436141e-07
3.133249499500822429e-07
3.825259395282769897e-07
4.632116173770467300e-07
5.551447587132671034e-07
6.580408128041102035e-07
7.715710316259866774e-07
8.953613029846522463e-07
1.028996158428404968e-06
1.172019714508824659e-06
1.323935574198994741e-06
1.484212350371046834e-06
1.652284574121832764e-06
1.827552262631623498e-06
2.009389439750700418e-06
2.197139484680584806e-06
2.390124738630363560e-06
2.587646827778857956e-06
2.788985230915981743e-06
2.993409813217807242e-06
3.200172538067457271e-06
3.408521095624768570e-06
3.617698006771038285e-06
3.826937702031710707e-06
4.035483155002920290e-06
4.242573167385997585e-06
4.447460009433594758e-06
4.649406765149986439e-06
4.847682557673584654e-06
5.041583010288408926e-06
5.230412695196055865e-06
5.413506426363687300e-06
5.590224459259504810e-06
5.759945662840451023e-06
5.922091205395396445e-06
6.076102186896547352e-06
6.221463913185171063e-06
6.357698761794379029e-06
6.484357291702735264e-06
6.601044285104813141e-06
6.707392018268130812e-06
6.803086606720033952e-06
6.887858573036135394e-06
6.961472083969876254e-06
7.023752306656128647e-06
7.074555169076976978e-06
7.113794724552885827e-06
7.141431684505235762e-06
7.157461157770335064e-06
7.161940218027394717e-06
7.154955320474832930e-06
7.136649603630054486e-06
7.107209854848966584e-06
7.066853277887039024e-06
7.015854220644331593e-06
6.954510615277315347e-06
6.883170215063740571e-06
6.802216618756362094e-06
6.712055691451607439e-06
6.613140556901700872e-06
6.505938491644391976e-06
6.390955269805476385e-06
6.268720964342010764e-06
6.139776679836687143e-06
6.004697148081243701e-06
5.864059425602838418e-06
5.718464763958675854e-06
5.568524919190451546e-06
5.414849817529556524e-06
5.258067374582152321e-06
5.098795129320321400e-06
4.937659338853184794e-06
4.775282459353709784e-06
4.612272260081219064e-06
4.449238779496251047e-06
4.286769703061513311e-06
4.125446664765890792e-06
3.965834421593024316e-06
3.808471770143362362e-06
3.653885823035616676e-06
3.502571541915059997e-06
3.355005481045869735e-06
3.211636981316195373e-06
3.072881047380089317e-06
2.939130346328510842e-06
2.810738888938329200e-06
2.688033648057851518e-06
2.571307873073920063e-06
2.460815879317042647e-06
2.356783318822486651e-06
2.259394612183642102e-06
2.168803000118783846e-06
2.085125854941476836e-06
2.008441144753170127e-06
1.938796594247406998e-06
1.876200152123684228e-06
1.820629082138380219e-06
1.772026953334671589e-06
1.730301393262257123e-06
1.695332746467836079e-06
1.666966653083352210e-06
1.645022759238053103e-06
1.629292926315363892e-06
1.619539797538549226e-06
1.615505482867480760e-06
1.616905242482732643e-06
1.623436306673531355e-06
1.634776771187809139e-06
1.650584478340899996e-06
1.670506125391608974e-06
1.694171094020873837e-06
1.721200732857810636e-06
1.751207405459035456e-06
1.783793228896320918e-06
1.818559837614300631e-06
1.855101561377532199e-06
1.893015358297360805e-06
1.931899547915544604e-06
1.971352046018592999e-06
2.010980837735648688e-06
2.050395952586854942e-06
2.089220061632475769e-06
2.127086545565409882e-06
2.163636996453699936e-06
2.198532281772078045e-06
2.231443057966749779e-06
2.262060880580566001e-06
2.290095405603643172e-06
2.315271075668209774e-06
2.337338508040387780e-06
2.356063586405780054e-06
2.371238793916730907e-06
2.382679502890055066e-06
2.390219903641499440e-06
2.393722777075503232e-06
2.393075277064749321e-06
2.388184482826059241e-06
2.378988490880727890e-06
2.365443954579645644e-06
2.347536940740447119e-06
2.325278018271461444e-06
2.298697374952273946e-06
2.267855143681022050e-06
2.232828701201672896e-06
2.193722654723587714e-06
2.150663504971367399e-06
2.103794612880220990e-06
2.053285336006820369e-06
1.999318742344977542e-06
1.942100324972298867e-06
1.881852560679693120e-06
1.818810027636094332e-06
1.753227011292465912e-06
1.685366265231844684e-06
1.615506147152236799e-06
1.543935405294673393e-06
1.470948725975299365e-06
1.396852600808808600e-06
1.321955662518950512e-06
1.246574077173338878e-06
1.171026863561700397e-06
1.095632096823620220e-06
1.020710997258056425e-06
9.465802020663166857e-07
8.735554220351998950e-07
8.019475403329925549e-07
7.320596241267991559e-07
6.641893809934030410e-07
5.986235196592693039e-07
5.356398642924246589e-07
4.755043966925417622e-07
4.184691408296544433e-07
3.647733133199331890e-07
3.146397015207133366e-07
2.682756018839501319e-07
2.258708714735029120e-07
1.875966591154682091e-07
1.536057276017947751e-07
1.240305601285900828e-07
9.898362703918864604e-08
7.855640742004771439e-08
6.281885253848049093e-08
5.181945748548197531e-08
4.558461934586392272e-08
4.411881853872331183e-08
4.740446769171219690e-08
5.540191515965095176e-08
6.804987650237798467e-08
8.526542931777498215e-08
1.069447074384451299e-07
1.329633416876363189e-07
1.631767501992157161e-07
1.974214980300595430e-07
2.355152393830472197e-07
2.772584608206205620e-07
3.224352066566885450e-07
3.708133650257734660e-07
4.221474103399888935e-07
4.761776032544342514e-07
5.326331893667805124e-07
5.912330604218728230e-07
6.516857364254431277e-07
7.136937746789078249e-07
7.769516140545662435e-07
8.411504552579097212e-07
9.059785055887488253e-07
9.711203819520529978e-07
1.036263264911324519e-06
1.101092921479111881e-06
1.165300286695595385e-06
1.228580978825439756e-06
1.290633906840776700e-06
1.351169036758135773e-06
1.409901332575702043e-06
1.466558855317093772e-06
1.520881316444370537e-06
1.572617762812236877e-06
1.621535634561262816e-06
1.667412605406289306e-06
1.710045842106549963e-06
1.749249479396819199e-06
1.784851366946021694e-06
1.816702958075872598e-06
1.844669280427779004e-06
1.868638878160949801e-06
1.888520228334789249e-06
1.904237654689902112e-06
1.915741510857920867e-06
1.922996739524543129e-06
1.925992964476035648e-06
1.924740007679216173e-06
1.919263187108980915e-06
1.909613252544192095e-06
1.895854165796453215e-06
1.878072822151709267e-06
1.856373948749416708e-06
1.830875090976336309e-06
1.801715817905738401e-06
1.769045453861393278e-06
1.733031980536809814e-06
1.693856681505166935e-06
1.651709169193412682e-06
1.606795485827929438e-06
1.559326523374862915e-06
1.509525772433064871e-06
1.457624110823471487e-06
1.403855221852548721e-06
1.348462354879423813e-06
1.291688085196746202e-06
1.233780713245659215e-06
1.174989571501762989e-06
1.115561133521909831e-06
1.055744344221877353e-06
9.957822057815515748e-07
9.359167704784392166e-07
8.763852634633948874e-07
8.174170885052243900e-07
7.592377728184403764e-07
7.020626437930633233e-07
6.461004841473518671e-07
5.915506519050677327e-07
5.386010679142267720e-07
4.874309304382283273e-07
4.382065026212462776e-07
3.910835991649742888e-07
3.462057488963862838e-07
3.037031209951085885e-07
2.636940305027873837e-07
2.262836922281335386e-07
1.915636407465902700e-07
1.596129872984739962e-07
1.304970576030547969e-07
1.042685293768239057e-07
8.096703482833496354e-08
6.061922472168044906e-08
4.323949831231992146e-08
2.882982477011881289e-08
1.738042082204733382e-08
8.869959484850175180e-09
3.266007491388768587e-09
5.255410424754796454e-10
5.953806280968685275e-10
3.412719383812513398e-09
8.905654352953377543e-09
1.699371296806077745e-08
2.758846174873274547e-08
4.059397978706604802e-08
5.590754274484788478e-08
7.342019699424011467e-08
9.301711926889828527e-08
1.145786059448551475e-07
1.379800730203198130e-07
1.630931803970338110e-07
1.897862107528737708e-07
2.179240663134916725e-07
2.473698928121661623e-07
2.779842051645480205e-07
3.096267002072701739e-07
3.421562669448396255e-07
3.754305002271842765e-07
4.093081633556659686e-07
4.436471760326668897e-07
4.783073081065677314e-07
5.131497194479874132e-07
5.480359458113774497e-07
5.828313346075749399e-07
6.174017727639298884e-07
6.516173772948633610e-07
6.853515269177804835e-07
7.184793370935801893e-07
7.508821145522740611e-07
7.824428297245465326e-07
8.130508238066097943e-07
8.426003409726271317e-07
8.709885498631641305e-07
8.981209587541035124e-07
9.239057395869703481e-07
9.482593628037642386e-07
9.711046662187832027e-07
9.923684982974433379e-07
1.011987928070252753e-06
1.029903602216740717e-06
1.046066111314180637e-06
1.060433643179764115e-06
1.072969324514732011e-06
1.083647963557762423e-06
1.092448670535713887e-06
1.099361669292010782e-06
1.104385587544837093e-06
1.107524566858678750e-06
1.108795209711789699e-06
1.108218721953389871e-06
1.105827830079091714e-06
1.101663767476585138e-06
1.095773217533005747e-06
1.088215116480396435e-06
1.079052588836088787e-06
1.068359627285831257e-06
1.056217848922320088e-06
1.042713338902987397e-06
1.027942995929976680e-06
1.012006529676125709e-06
9.950126138420258343e-07
9.770755105178897377e-07
9.583118932669778442e-07
9.388465130742608306e-07
9.188045085981866743e-07
8.983168490920591054e-07
8.775169530068514877e-07
8.565375851151187060e-07
8.355157551488050144e-07
8.145855530890522852e-07
7.938828413405944310e-07
7.735420153244352518e-07
7.536930804872774844e-07
7.344658509512382415e-07
7.159834589229620726e-07
6.983664094646799152e-07
6.817296341504315689e-07
6.661798505108931488e-07
6.518192744882956307e-07
6.387398648600870985e-07
6.270269892184582213e-07
6.167568972054791736e-07
6.079944395791864012e-07
6.007966161053097400e-07
5.952075083068325571e-07
5.912618936493415981e-07
5.889832090960891822e-07
5.883816576774858634e-07
5.894579588635625733e-07
5.921988088588454962e-07
5.965808016058219518e-07
6.025688716942907873e-07
6.101147486731861250e-07
6.191612482206444273e-07
6.296379975026132097e-07
6.414659699690540006e-07
6.545563029536799393e-07
6.688089866539684554e-07
6.841179353929296782e-07
7.003666476279419766e-07
7.174335457880862646e-07
7.351909782398014413e-07
7.535039680176620779e-07
7.722361535310019434e-07
7.912450373588325287e-07
8.103881660345666307e-07
8.295220698998181019e-07
8.485008635869373607e-07
8.671821280956653870e-07
8.854256888829370163e-07
9.030920290981525604e-07
9.200493888265753942e-07
9.361677789129303480e-07
9.513261773031435478e-07
9.654108537596170139e-07
9.783133382667570543e-07
9.899378815826827774e-07
1.000194529806180683e-06
1.009006563903189306e-06
1.016308212104783109e-06
1.022042078482693880e-06
1.026166598675585833e-06
1.028648245600006776e-06
1.029468853738066011e-06
1.028622677559880498e-06
1.026113291732030908e-06
1.021960690320636952e-06
1.016192862632475321e-06
1.008852682062040159e-06
9.999944034234058104e-07
9.896801592194964648e-07
9.779864370693491586e-07
9.649953964127366031e-07
9.508011042177728574e-07
9.355056862331970231e-07
9.192156374103345206e-07
9.020475491592729093e-07
8.841196026983608680e-07
8.655570752708885020e-07
8.464884411952046331e-07
8.270417656920309699e-07
8.073497078985478855e-07
7.875416078437770875e-07
7.677483330947806216e-07
7.480986443934227031e-07
7.287159361775498630e-07
7.097226769729966440e-07
6.912334046838475926e-07
6.733591008945588609e-07
6.562040858366199029e-07
6.398633041097945096e-07
6.244264507897067371e-07
6.099720227819538488e-07
5.965714708938120224e-07
5.842867791321583836e-07
5.731683828391142980e-07
5.632592497269842958e-07
5.545899371488894147e-07
5.471827699527806625e-07
5.410501135532876159e-07
5.361928779683756510e-07
5.326047787204948664e-07
5.302681622520153299e-07
5.291583972884963680e-07
5.292427029523067025e-07
5.304790663305101612e-07
5.328208166537962750e-07
5.362128429818626405e-07
5.405962904987872611e-07
5.459076886470644299e-07
5.520780211276659428e-07
5.590376380837328232e-07
5.667124295475669836e-07
5.750288171060629558e-07
5.839128698461113988e-07
5.932892349173315085e-07
6.030863205861604851e-07
6.132320156199867151e-07
6.236588928890066243e-07
6.343030157142080567e-07
6.451024712279295149e-07
6.560027104932531542e-07
6.669515073352552043e-07
6.779042669345174932e-07
6.888223069305763334e-07
6.996708257545142841e-07
7.104242991290285904e-07
7.210605233509883418e-07
7.315659566577107870e-07
7.419333862477300595e-07
7.521592864808142132e-07
7.622492403708258186e-07
7.722110728630245340e-07
7.820602356119623075e-07
7.918169095084672242e-07
8.015028317977852568e-07
8.111468153449138754e-07
8.207771073295307658e-07
8.304269332999446340e-07
8.401311985309224724e-07
8.499229570326791228e-07
8.598392070357133814e-07
8.699126796341967179e-07
8.801777511462353996e-07
8.906669660194248211e-07
9.014073606928556679e-07
9.124267848104542585e-07
9.237453198837777758e-07
9.353818168044651728e-07
9.473504530877949368e-07
9.596571012287717646e-07
9.723064333865720005e-07
9.852930997695044143e-07
9.986091284685061321e-07
1.012240654536330787e-06
1.026164443524625204e-06
1.040355971377737389e-06
1.054780381684628705e-06
1.069400894281313559e-06
1.084175725168178036e-06
1.099054764158461661e-06
1.113988691629748245e-06
1.128919619443169988e-06
1.143790510644912090e-06
1.158542182085788474e-06
1.173110022637692117e-06
1.187434044773957183e-06
1.201449032523719450e-06
1.215094812593992279e-06
1.228313133459213038e-06
1.241044230033490193e-06
1.253237554581048494e-06
1.264841232884866108e-06
1.275812891973699305e-06
1.286116170623520284e-06
1.295716911887286470e-06
1.304594220216671841e-06
1.312729072185812504e-06
1.320115339735112920e-06
1.326755721531202677e-06
1.332657384997052604e-06
1.337841427147574271e-06
1.342338397337260035e-06
1.346183561427756828e-06
1.349427767673032455e-06
1.352124643596603919e-06
1.354341292734748530e-06
1.356153129676415258e-06
1.357638520113300084e-06
1.358889275106139559e-06
1.359997112933950606e-06
1.361063990520685136e-06
1.362196369735652263e-06
1.363499348598411325e-06
1.365086842587125952e-06
1.367067527822179360e-06
1.369554947835950080e-06
1.372661451004915789e-06
1.376492024986507665e-06
1.381154458318738684e-06
1.386744990118368974e-06
1.393358553253594223e-06
1.401082680521944326e-06
1.409991292805737355e-06
1.420155321505901863e-06
1.431628218724351299e-06
1.444456851390133175e-06
1.458675646634671058e-06
1.474300549412578942e-06
1.491340671019332744e-06
1.509783676725561439e-06
1.529607884064529667e-06
1.550776807144611690e-06
1.573233397378959312e-06
1.596913231979026877e-06
1.621729629781615833e-06
1.647587408374012870e-06
1.674377818578814050e-06
1.701973038227703839e-06
1.730241226057404708e-06
1.759031071086226647e-06
1.788187438636027349e-06
1.817546504306451111e-06
1.846930325191403237e-06
1.876163793101465423e-06
1.905058248275740708e-06
1.933428937884542773e-06
1.961090015253792294e-06
1.987848908795524674e-06
2.013524876894689879e-06
2.037931348181503707e-06
2.060894795894572992e-06
2.082249208072904906e-06
2.101829946422414839e-06
2.119493310959946964e-06
2.135097415260633461e-06
2.148521822181354005e-06
2.159661139543060357e-06
2.168418124875339050e-06
2.174723483905874489e-06
2.178515327119522058e-06
2.179758781799314662e-06
2.178438522357900592e-06
2.174551023270121141e-06
2.168123791209586923e-06
2.159193727367144122e-06
2.147825964270611522e-06
2.134105367840124671e-06
2.118128036605972609e-06
2.100019314927926480e-06
2.079911635154006838e-06
2.057962023018831256e-06
2.034342854314654073e-06
2.009232893837272545e-06
1.982833726918705108e-06
1.955347807815578837e-06
1.926994392534552669e-06
1.898000032061380016e-06
1.868589585385466280e-06
1.839001072817448165e-06
1.809464661421908406e-06
1.780217146183411709e-06
1.751492757020355225e-06
1.723514623024288770e-06
1.696508407831823499e-06
1.670682801977414318e-06
1.646242997076276186e-06
1.623382341800654072e-06
1.602274658427025171e-06
1.583087283538781207e-06
1.565963333484452654e-06
1.551034825592644037e-06
1.538415539379643659e-06
1.528194400946676051e-06
1.520448660820362840e-06
1.515227811853612378e-06
1.512567059670093876e-06
1.512481466006820123e-06
1.514960360259286410e-06
1.519981319882821098e-06
1.527495233471140642e-06
1.537440705383973215e-06
1.549739242928763165e-06
1.564290387198756031e-06
1.580986946189087886e-06
1.599700396622737847e-06
1.620296565109579703e-06
1.642631347070250426e-06
1.666546036928798703e-06
1.691883966335417762e-06
1.718475295446047761e-06
1.746154019275234750e-06
1.774753543784673185e-06
1.804101593576059666e-06
1.834038116474088071e-06
1.864398560810987205e-06
1.895031999389771523e-06
1.925795880664498336e-06
1.956549929426434066e-06
1.987174981873440459e-06
2.017554066601720760e-06
2.047591297784719036e-06
2.077205271610404077e-06
2.106321546257109308e-06
2.134889249383970150e-06
2.162873518626498543e-06
2.190247038266477376e-06
2.217009622658414886e-06
2.243165227170018292e-06
2.268741455654117497e-06
2.293780395689378192e-06
2.318328635445352248e-06
2.342457117092920570e-06
2.366235814080016662e-06
2.389753566147342109e-06
2.413107567448264926e-06
2.436392160437792811e-06
2.459719157295058280e-06
2.483190651485063445e-06
2.506919492370595617e-06
2.531017918790201675e-06
2.555585609650714780e-06
2.580730968151339184e-06
2.606542610430180225e-06
2.633111051021853661e-06
2.660517062415309611e-06
2.688819508999930468e-06
2.718078275688110442e-06
2.748324880051079954e-06
2.779586060607353406e-06
2.811872360022822274e-06
2.845166168349115616e-06
2.879446976607992264e-06
2.914661331701905113e-06
2.950748941086980912e-06
2.987631746533335307e-06
3.025202382793069559e-06
3.063352219691427245e-06
3.101940599481893452e-06
3.140823787453482444e-06
3.179844490027589828e-06
3.218820658614563668e-06
3.257576384675178687e-06
3.295910121297141957e-06
3.333626374132270444e-06
3.370525313346332275e-06
3.406391599625799616e-06
3.441027707157212269e-06
3.474220717834562714e-06
3.505776165511412449e-06
3.535507188248254447e-06
3.563222900105866934e-06
3.588763264721116408e-06
3.611964108411689066e-06
3.632692132516676344e-06
3.650833017408769280e-06
3.666278859866972548e-06
3.678963435257342879e-06
3.688825299680493695e-06
3.695842789347282176e-06
3.700020642144978861e-06
3.701376174581769769e-06
3.699973749440494936e-06
3.695886168979644279e-06
3.689228561044306523e-06
3.680143394226158433e-06
3.668785343377858658e-06
3.655354053701823399e-06
3.640054369801571902e-06
3.623128370175582606e-06
3.604839036989187445e-06
3.585454079903436224e-06
3.565276610068053219e-06
3.544604994225707202e-06
3.523762870357068676e-06
3.503082083985230486e-06
3.482886013252235524e-06
3.463518419112514314e-06
3.445303769096152091e-06
3.428575713210264468e-06
3.413660108612214401e-06
3.400858528511578077e-06
3.390476176037458717e-06
3.382783345467195075e-06
3.378043395195311894e-06
3.376496677530162053e-06
3.378344866631365896e-06
3.383779249159927138e-06
3.392943601786087901e-06
3.405963017342418230e-06
3.422929318322098387e-06
3.443886601184400940e-06
3.468861326341988752e-06
3.497826372484637679e-06
3.530732058851837278e-06
3.567493196972468817e-06
3.607975871114197243e-06
3.652030501854322867e-06
3.699456317238333202e-06
3.750035559788940058e-06
3.803521824287793480e-06
3.859627671441353685e-06
3.918061287002387451e-06
3.978490225661191074e-06
4.040579179653697545e-06
4.103978795011845183e-06
4.168313362186794006e-06
4.233220975270963233e-06
4.298315269797784978e-06
4.363226418039247177e-06
4.427589341348662427e-06
4.491030541093107137e-06
4.553210969917324149e-06
4.613784653117353771e-06
4.672441955115533792e-06
4.728896099028508678e-06
4.782868256795242414e-06
4.834131866428427771e-06
4.882467475192285919e-06
4.927706964619382377e-06
4.969717569601415975e-06
5.008384640069368989e-06
5.043656011360836330e-06
5.075493037111531356e-06
5.103914470968815675e-06
5.128977687458146139e-06
5.150758995673321208e-06
5.169396936136166379e-06
5.185040130608965022e-06
5.197889900648737479e-06
5.208179006258833610e-06
5.216149919565865703e-06
5.222096512082482793e-06
5.226309871547926304e-06
5.229119387707085914e-06
5.230869881975436028e-06
5.231898697835630695e-06
5.232569681289397399e-06
5.233249921287374844e-06
5.234286654778141309e-06
5.236047120801924386e-06
5.238864013864240151e-06
5.243075345017675530e-06
5.249001566197170656e-06
5.256923059084638409e-06
5.267120272055787911e-06
5.279820455682567123e-06
5.295238322687754783e-06
5.313554672319890613e-06
5.334895375415996731e-06
5.359373190535633392e-06
5.387036319759767778e-06
5.417911186588975004e-06
5.451983207574435960e-06
5.489177735296522642e-06
5.529404704053751935e-06
5.572508867208161405e-06
5.618315625159090037e-06
5.666613939867922413e-06
5.717139115976240603e-06
5.769620793810149886e-06
5.823734115658181885e-06
5.879148818909115400e-06
5.935513629548140813e-06
5.992440204348680420e-06
6.049554137493057490e-06
6.106445921309995130e-06
6.162722667921009043e-06
6.217992833948921013e-06
6.271850268940694940e-06
6.323927072465981282e-06
6.373843173576455558e-06
6.421259303283370751e-06
6.465860736466514493e-06
6.507340305133936585e-06
6.545451381777582999e-06
6.579955218582463553e-06
6.610673387752116340e-06
6.637469435846538874e-06
6.660229960573202055e-06
6.678915882988625017e-06
6.693507280676447811e-06
6.704053580657559794e-06
6.710652560869091210e-06
6.713429101169127457e-06
6.712583297852924678e-06
6.708333234873505972e-06
6.700961759604394185e-06
6.690792995368003270e-06
6.678169028229952245e-06
6.663494223376607505e-06
6.647177008578902227e-06
6.629672951052332293e-06
6.611459664956028660e-06
6.593012307861642662e-06
6.574844464964201815e-06
6.557450390806239983e-06
6.541345094287047446e-06
6.527039032078993090e-06
6.515013688649577690e-06
6.505760319158463965e-06
6.499724097502400926e-06
6.497342724961097798e-06
6.499022443925877466e-06
6.505115042670872878e-06
6.515956321536868339e-06
6.531813216591816370e-06
6.552922836151819447e-06
6.579471056238540041e-06
6.611571994638331007e-06
6.649308110936638870e-06
6.692680710111749064e-06
6.741651154530845525e-06
6.796122676509673830e-06
6.855922776200385452e-06
6.920846354788611489e-06
6.990609227948352642e-06
7.064892587562026910e-06
7.143327852984365461e-06
7.225481719963075582e-06
7.310902788890102152e-06
7.399077046107585019e-06
7.489475638386278331e-06
7.581541806319020976e-06
7.674677647127916685e-06
7.768293593002178321e-06
7.861764437918998042e-06
7.954479418797606366e-06
8.045829751280095306e-06
8.135195756787232327e-06
8.221997579408500291e-06
8.305650360756313473e-06
8.385614795207551244e-06
8.461383672997326298e-06
8.532467984617806301e-06
8.598446710529719953e-06
8.658920181943394436e-06
8.713558926306455007e-06
8.762087956067159835e-06
8.804270822226094230e-06
8.839956323121840736e-06
8.869029828267169769e-06
8.891458449790825387e-06
8.907272512533881967e-06
8.916547192091202762e-06
8.919444556740305894e-06
8.916163483546860627e-06
8.906979910929338913e-06
8.892225797949271146e-06
8.872268771420854314e-06
8.847548866691320776e-06
8.818528405627126205e-06
8.785727089013257673e-06
8.749699559703920848e-06
8.711014179927333351e-06
8.670284890689742161e-06
8.628122853129551384e-06
8.585167131483848800e-06
8.542062492380672508e-06
8.499438842339514914e-06
8.457934763194282200e-06
8.418176291863465179e-06
8.380757508363762426e-06
8.346267420671985975e-06
8.315248032521326105e-06
8.288221087289937317e-06
8.265669683517561423e-06
8.248021811169750571e-06
8.235676285567058947e-06
8.228966277290086624e-06
8.228185617107570721e-06
8.233574204581872941e-06
8.245305240257028777e-06
8.263511443863873508e-06
8.288254200070651654e-06
8.319550367572140252e-06
8.357361618834779047e-06
8.401585346171057614e-06
8.452081607056849275e-06
8.508647233541888344e-06
8.571043242385390382e-06
8.638987432968257699e-06
8.712148219719691378e-06
8.790171855170252142e-06
8.872660279916480539e-06
8.959198392138116145e-06
9.049348658076016992e-06
9.142646649192775018e-06
9.238627380897596316e-06
9.336805491757734315e-06
9.436701058623204520e-06
9.537834795900665047e-06
9.639723985034878573e-06
9.741906442182007188e-06
9.843921850877312846e-06
9.945334663593429958e-06
1.004572872010271652e-05
1.014470256626062254e-05
1.024188970091069642e-05
1.033694046804967840e-05
1.042954088239287814e-05
1.051940609204315474e-05
1.060627468973647352e-05
1.068992440847136065e-05
1.077015473512442622e-05
1.084680110575011729e-05
1.091972738267327371e-05
1.098881947292976101e-05
1.105399634286767178e-05
1.111519422561019197e-05
1.117237632492803306e-05
1.122552514027663637e-05
1.127463630185933937e-05
1.131972540713964837e-05
1.136081515531150796e-05
1.139794123385308810e-05
1.143114570511646090e-05
1.146047226071766938e-05
1.148596973552427170e-05
1.150768358161730110e-05
1.152565881334874128e-05
1.153993565515483476e-05
1.155054731998247861e-05
1.155752102570576249e-05
1.156087489624844167e-05
