2.994210052E+1
2.977699852E+1
2.958336067E+1
2.937586594E+1
2.918343163E+1
2.901222038E+1
2.884944153E+1
2.860289574E+1
2.845781136E+1
2.827704048E+1
2.808801079E+1
2.781165504E+1
2.757753944E+1
2.739066887E+1
2.722787857E+1
2.704540825E+1
2.683703232E+1
2.666019249E+1
2.649042511E+1
2.628933907E+1
2.605993652E+1
2.580998039E+1
2.558523369E+1
2.542670059E+1
2.521195793E+1
2.501456261E+1
2.485041618E+1
2.462636948E+1
2.442245293E+1
2.422522926E+1
2.403532600E+1
2.384522438E+1
2.365737343E+1
2.346286011E+1
2.326327896E+1
2.308422661E+1
2.287736702E+1
2.267127419E+1
2.246730804E+1
2.229542351E+1
2.210462189E+1
2.181070137E+1
2.162870979E+1
2.143551445E+1
2.122099304E+1
2.106295013E+1
2.084773827E+1
2.066634178E+1
2.049456787E+1
2.021858025E+1
1.997293854E+1
1.981012154E+1
1.960858917E+1
1.938394737E+1
1.917988396E+1
1.900207138E+1
1.880847359E+1
1.859519386E+1
1.842414665E+1
1.822496414E+1
1.802216530E+1
1.785955620E+1
1.766608810E+1
1.748218536E+1
1.726503372E+1
1.706355858E+1
1.680342865E+1
1.657449341E+1
1.641912079E+1
1.621323776E+1
1.603929710E+1
1.585042477E+1
1.560844135E+1
1.542687035E+1
1.525474739E+1
1.509798145E+1
1.483404160E+1
1.468509579E+1
1.438289928E+1
1.417336655E+1
1.398590755E+1
1.377149296E+1
1.360373974E+1
1.339772224E+1
1.317582798E+1
1.300580406E+1
1.279168129E+1
1.264062977E+1
1.242402935E+1
1.222154045E+1
1.201371002E+1
1.183060360E+1
1.162161732E+1
1.148734379E+1
1.126817226E+1
1.106634808E+1
1.083708000E+1
1.068841553E+1
1.048143291E+1
1.017891312E+1
1.000737381E+1
9.777454376E+0
9.605314255E+0
9.389883995E+0
9.244038582E+0
9.008023262E+0
8.783953667E+0
8.609969139E+0
8.404228210E+0
8.188042641E+0
8.002286911E+0
7.819655418E+0
7.588317394E+0
7.383415222E+0
7.206328869E+0
7.028253555E+0
6.825737953E+0
6.609797478E+0
6.408782482E+0
6.222807884E+0
6.021801472E+0
5.837993622E+0
5.639593124E+0
5.433341980E+0
5.239728928E+0
5.064393997E+0
4.848510265E+0
4.647197247E+0
4.454047680E+0
4.289097309E+0
4.050043583E+0
3.873657703E+0
3.672443390E+0
3.468661308E+0
3.291066647E+0
3.002928495E+0
2.791045427E+0
2.596402884E+0
2.398944139E+0
2.192005157E+0
2.008168221E+0
1.802096367E+0
1.589960575E+0
1.393763542E+0
1.217522502E+0
1.023504138E+0
8.249652386E-1
6.244086623E-1
4.171099961E-1
1.952613294E-1
2.701234818E-2
-1.822644323E-1
-3.990780413E-1
-5.415070057E-1
-7.625998259E-1
-9.647654295E-1
-1.141495228E+0
-1.372124672E+0
-1.575357914E+0
-1.760455370E+0
-1.982537508E+0
-2.161772966E+0
-2.331927776E+0
-2.556015730E+0
-2.776543379E+0
-2.911561966E+0
-3.128764153E+0
-3.334262371E+0
-3.502728462E+0
-3.739927769E+0
-3.927364349E+0
-4.134902000E+0
-4.357520580E+0
-4.537152290E+0
-4.758841038E+0
-4.957395077E+0
-5.151512623E+0
-5.359679222E+0
-5.595474720E+0
-5.779910088E+0
-5.981522083E+0
-6.166182995E+0
-6.362224579E+0
-6.541824341E+0
-6.772800446E+0
-6.978415012E+0
-7.185365677E+0
-7.361694336E+0
-7.545837879E+0
-7.726596832E+0
-7.948262691E+0
-8.155526161E+0
-8.360005379E+0
-8.546938896E+0
-8.766356468E+0
-8.919592857E+0
-9.126163483E+0
-9.368612289E+0
-9.563665390E+0
-9.770196915E+0
-9.992474556E+0
-1.017094898E+1
-1.040250111E+1
-1.057931995E+1
-1.078890610E+1
-1.096619511E+1
-1.118239594E+1
-1.141611385E+1
-1.159788990E+1
-1.180605984E+1
-1.205011082E+1
-1.222130871E+1
-1.242806339E+1
-1.261896706E+1
-1.282422829E+1
-1.304655933E+1
-1.325751400E+1
-1.343384647E+1
-1.361984730E+1
-1.382600975E+1
-1.406622314E+1
-1.427530193E+1
-1.447013187E+1
-1.468239307E+1
-1.486172771E+1
-1.509502983E+1
-1.529040241E+1
-1.546044731E+1
-1.564833355E+1
-1.585837364E+1
-1.606959724E+1
-1.625847816E+1
-1.644351768E+1
-1.667426109E+1
-1.686399460E+1
-1.705476189E+1
-1.724909401E+1
-1.742461777E+1
-1.763744736E+1
-1.784149742E+1
-1.803623009E+1
-1.823577309E+1
-1.843907547E+1
-1.864274406E+1
-1.880952835E+1
-1.901221085E+1
-1.920160484E+1
-1.942053795E+1
-1.960873604E+1
-1.981899643E+1
-1.998934746E+1
-2.021858025E+1
-2.040822411E+1
-2.059613991E+1
-2.076547241E+1
-2.100050926E+1
-2.118800735E+1
-2.137845612E+1
-2.156151772E+1
-2.175866127E+1
-2.196364403E+1
-2.217799187E+1
-2.237894630E+1
-2.256258774E+1
-2.278689003E+1
-2.297344208E+1
-2.316958427E+1
-2.335918236E+1
-2.355626106E+1
-2.374424744E+1
-2.396510696E+1
-2.412729263E+1
-2.434728050E+1
-2.452496910E+1
-2.472399139E+1
-2.492724800E+1
-2.511031151E+1
-2.531770134E+1
-2.555381012E+1
-2.572991371E+1
-2.591961670E+1
-2.620230484E+1
-2.639873314E+1
-2.661233330E+1
-2.681227875E+1
-2.703557968E+1
-2.718235016E+1
-2.740503311E+1
-2.758678436E+1
-2.778911018E+1
-2.796402740E+1
-2.814353371E+1
-2.836205864E+1
-2.856611443E+1
-2.877639389E+1
-2.896862030E+1
-2.916398621E+1
-2.934389877E+1
-2.953072357E+1
-2.974824905E+1
-2.990784264E+1
