-7.429280132E-2
-5.520639941E-2
-4.687755927E-2
-3.825072199E-2
7.414810359E-3
-3.471025825E-2
-8.108760230E-3
1.704484411E-2
2.104052901E-2
1.973933354E-2
5.195347220E-2
-5.402295664E-2
-2.718003094E-2
-2.503549121E-2
-1.534230541E-2
-1.054998301E-2
-3.396036569E-3
1.725535095E-2
1.302284654E-2
3.433601558E-2
4.409827664E-2
-5.246980861E-2
-5.923892185E-2
-4.516587406E-2
-3.156778589E-2
-1.100191567E-2
2.075766027E-2
-3.479581559E-3
2.396723442E-2
3.565694764E-2
2.382908948E-2
4.951290786E-2
3.437877446E-2
5.408485606E-2
6.326361746E-2
7.402972877E-2
1.094100252E-1
-5.627800897E-2
-5.061274394E-2
-9.483038634E-2
-5.775550753E-2
6.803949177E-2
7.359161228E-2
8.173231035E-2
-9.119782597E-2
-1.002910659E-1
-1.189222410E-1
-8.135136217E-2
-8.283872157E-2
5.855743308E-3
3.791397810E-2
4.009202588E-3
3.629701957E-2
2.036624961E-2
5.111078918E-2
6.038690731E-2
4.030980915E-2
3.465309367E-2
6.490096450E-2
8.423405141E-2
-7.903249562E-2
-5.913695693E-2
-9.364957362E-2
-8.028040826E-2
-7.090824097E-2
-5.605698004E-2
6.860720366E-2
5.185479671E-2
8.505832404E-2
8.764623851E-2
-8.471486717E-2
-9.572108835E-2
-9.325684607E-2
-5.937443674E-2
-6.483183056E-2
-2.107269876E-2
-1.268399786E-2
-4.350353032E-2
9.775254875E-2
-1.153495461E-1
-9.486524761E-2
-6.432134658E-2
-5.643983930E-2
-3.950784355E-2
-4.554873705E-2
-4.629998282E-2
-3.310317174E-2
6.512261927E-3
1.063425094E-2
-6.828615442E-3
2.008206584E-2
2.144772932E-2
3.711733967E-2
6.443653256E-2
8.640754223E-2
-1.251881123E-1
-8.406887203E-2
-9.581187367E-2
-4.960757121E-2
3.392158076E-2
6.377475709E-2
5.557813868E-2
9.538956918E-3
-1.230133176E-1
-8.575029671E-2
-2.382770926E-2
-5.357694253E-2
-1.083091600E-3
3.920990974E-2
3.809356689E-2
3.830736130E-2
5.153377727E-2
5.475847796E-2
9.309179336E-2
8.041861653E-2
-7.899368554E-2
-8.417412639E-2
-4.621775448E-2
1.781776198E-3
2.280414570E-3
3.309267107E-3
4.660725594E-2
3.973749280E-2
-1.121676043E-1
6.527264416E-2
-9.779655933E-2
-9.335683286E-2
-5.727199838E-2
-3.487603366E-2
-2.012541704E-2
1.687668118E-4
4.344109818E-2
5.785424635E-2
7.003601640E-2
6.932292879E-2
-9.010651149E-3
7.881214842E-3
3.995194659E-2
4.518633336E-2
5.327703431E-2
9.992405772E-2
9.003286064E-2
-7.448685914E-2
-7.023133337E-2
-2.314619161E-2
-1.073483471E-2
8.042383939E-3
4.519620165E-2
3.294206411E-2
5.995076522E-2
1.079009548E-1
-9.839124233E-2
-8.402150869E-2
-6.220443919E-2
-5.389007181E-2
-3.567924723E-2
-2.261272632E-3
1.178151369E-2
3.780477494E-2
3.871653602E-2
9.744468331E-2
-5.927247182E-2
-7.887329906E-2
-7.587160170E-2
-4.866686836E-2
-5.679243803E-2
-4.921023920E-2
-2.614262700E-2
1.236040797E-2
2.476452850E-2
-8.389655501E-3
4.363450408E-2
6.456284225E-2
7.275550812E-2
-1.255821586E-1
1.165981814E-1
-9.183657914E-2
-5.626748502E-2
-3.737119958E-2
-4.573029652E-2
1.574558439E-3
3.977169842E-2
3.382290527E-2
5.941989273E-2
6.009022519E-2
-9.493169188E-2
-7.657416910E-2
-4.611973464E-2
-5.829361454E-2
4.640723579E-3
5.038055591E-3
2.262327820E-2
2.074516192E-2
6.561997533E-2
9.003878385E-2
-1.247684136E-1
-8.191775531E-2
-6.392861903E-2
-5.073641613E-2
-2.324420959E-2
-2.954691835E-2
8.968614973E-3
1.241040323E-2
7.174638659E-2
6.824013591E-2
7.616111636E-2
-7.575911283E-2
1.017738879E-1
-4.076233506E-2
-3.121189773E-2
-2.925681323E-2
1.114074490E-3
1.718496345E-2
3.332558274E-2
4.276221618E-2
9.016640484E-2
-1.016994864E-1
-6.483972073E-2
-4.755052552E-2
-6.823217124E-2
1.184729673E-2
4.044203460E-2
5.504200608E-2
6.282550097E-2
1.052143574E-1
-4.140174761E-2
-2.880290896E-2
-4.130175710E-2
3.251579031E-2
3.368015587E-2
5.128445476E-2
5.399144441E-2
9.569155425E-2
-4.947534576E-2
-3.237099946E-2
-2.345340140E-2
-3.236182965E-3
2.774320170E-2
2.416721545E-2
4.656120762E-2
9.125445783E-2
-7.561438531E-2
-7.791417837E-2
-1.247612201E-2
-5.931329448E-3
4.200594849E-4
2.286992967E-3
2.283247001E-2
3.038769588E-2
7.966868579E-2
-8.049815148E-2
-6.844202429E-2
-5.900802091E-2
-3.973874450E-2
-2.487234958E-2
1.523247454E-3
9.705388919E-3
5.291588604E-2
4.837156832E-2
8.806593716E-2
1.200156286E-1
-7.185157388E-2
-5.364141241E-2
-1.116242725E-2
-1.226232573E-2
-1.122097392E-2
4.624873400E-2
6.925122440E-2
9.004536271E-2
-1.017376408E-1
-6.422464550E-2
-5.328946933E-2
-2.728068084E-2
-2.152068354E-2
-1.770524494E-2
3.699235246E-2
4.137615860E-2
4.659541324E-2
-7.493352890E-2
-6.496141851E-2
-6.515153497E-2
4.160968959E-2
5.328229815E-2
5.403880775E-2
3.676145151E-2
9.799002856E-2
-7.584923506E-2
-7.788720727E-2
-6.986820698E-2
-6.597715430E-3
1.540025976E-2
1.875455678E-2
2.312520705E-2
2.527106181E-2
6.417077035E-2
3.801528364E-2
8.392027020E-2
-7.855622470E-2
-6.518508494E-2
-6.353655457E-2
2.774448134E-3
