-4.268155899E-4	-2.835358027E-4	-2.471916014E-5
-3.782612839E-5	1.689345663E-4	1.533073664E-4
3.267863067E-4	3.159037442E-4	2.562867303E-4
5.747485920E-5	2.982853912E-4	1.951396262E-4
9.960240277E-5	2.044836001E-4	1.219692858E-4
-1.051668296E-4	-5.366587357E-5	-6.748729356E-5
1.447602262E-4	1.089977886E-4	7.057184848E-5
2.892148623E-4	2.926029556E-4	2.725527156E-4
3.130686819E-4	2.884420101E-4	3.102722112E-4
1.777068537E-4	1.698792330E-4	1.801842591E-4
1.833997812E-4	2.154748072E-4	2.066176094E-4
3.409737474E-5	-4.935288871E-6	6.151777779E-5
2.438689553E-4	2.591843368E-4	1.988191652E-4
1.843505161E-4	2.603438625E-4	2.499399707E-4
2.549805504E-4	1.800548198E-4	2.043097629E-4
4.312111996E-4	3.495527199E-4	4.873503058E-4
3.991592384E-4	3.152886929E-4	3.080297902E-4
6.163903163E-4	6.868414348E-4	6.417351542E-4
1.503906242E-4	1.868653635E-4	2.018996456E-4
2.517836401E-4	3.550672554E-4	3.176993632E-4
5.540694110E-4	4.930798896E-4	5.489008036E-4
3.719053639E-4	3.770745534E-4	3.604155499E-4
2.676124568E-4	2.693321439E-4	2.387968270E-4
3.544024075E-4	3.434731043E-4	2.476874506E-4
4.613401252E-4	5.472720368E-4	5.144819734E-4
3.921640455E-4	3.714008781E-4	4.549550067E-4
8.164605242E-4	8.508930914E-4	7.854952128E-4
4.405950313E-4	4.775032576E-4	4.249615013E-4
4.570410238E-4	4.352640535E-4	4.222403513E-4
4.788983497E-4	4.669390328E-4	4.867378157E-4
5.531742936E-4	5.744966911E-4	5.840006634E-4
8.676723228E-4	9.068027721E-4	8.697333396E-4
-9.316462092E-5	-7.372142863E-5	-6.913457764E-5
7.281473954E-4	6.730961613E-4	6.996886805E-4
5.330679123E-4	4.598626110E-4	5.120488931E-4
6.241520168E-4	6.100697210E-4	6.419046549E-4
3.632404259E-4	4.453245201E-4	3.867183113E-4
5.741725327E-4	5.733106518E-4	5.252338597E-4
7.048730622E-4	6.668704445E-4	6.807693862E-4
6.837529945E-4	6.876972038E-4	6.369125913E-4
8.090293850E-4	8.283833158E-4	8.314262959E-4
5.477142986E-4	5.259439931E-4	5.475925864E-4
7.582725375E-4	7.545533590E-4	7.278404664E-4
7.453546277E-4	7.284804014E-4	7.246335153E-4
8.318985347E-4	8.083796711E-4	8.305019583E-4
1.157036866E-3	1.162897097E-3	1.159415930E-3
6.640734500E-4	6.359326653E-4	5.919469404E-4
7.921787910E-4	8.023182163E-4	8.012392791E-4
8.612188976E-4	9.213028825E-4	9.164583171E-4
7.103321841E-4	6.989454268E-4	6.977599696E-4
7.124537951E-4	6.781580742E-4	7.151810569E-4
7.386190118E-4	7.573472103E-4	7.502178196E-4
8.609036449E-4	8.839693619E-4	8.897563675E-4
8.829562576E-4	8.941746200E-4	8.839077200E-4
8.834842010E-4	8.883784176E-4	9.078639559E-4
8.500904660E-4	8.625100018E-4	8.339353953E-4
7.148980512E-4	6.887298659E-4	7.513420423E-4
6.341633270E-4	6.240546936E-4	6.405530730E-4
6.666489644E-4	6.663436652E-4	6.738338270E-4
8.579278365E-4	8.557058754E-4	9.019841091E-4
5.968534388E-4	5.911814515E-4	5.729847471E-4
7.074123132E-4	6.802174030E-4	7.177980733E-4
8.086028392E-4	8.203454199E-4	8.242666954E-4
8.294814616E-4	8.155190735E-4	8.642263710E-4
8.821057272E-4	8.565815515E-4	8.694214048E-4
8.034828934E-4	7.903437945E-4	8.076545782E-4
1.003964455E-3	1.018011360E-3	1.005730475E-3
8.522364078E-4	8.413559408E-4	8.176337578E-4
1.005410799E-3	1.035728841E-3	1.039979979E-3
9.063417674E-4	9.145453223E-4	8.920801920E-4
6.776868249E-4	6.904753973E-4	7.027848624E-4
1.054523862E-3	1.082277042E-3	1.076813787E-3
8.436445496E-4	8.375142934E-4	8.342416841E-4
1.225982676E-3	1.243380364E-3	1.243158011E-3
5.067230086E-4	5.159647553E-4	4.903872614E-4
1.210983144E-3	1.199539285E-3	1.209200243E-3
6.264048861E-4	6.048186333E-4	5.889427266E-4
1.203189837E-3	1.223962987E-3	1.211497234E-3
7.353973924E-4	7.250902709E-4	7.139284862E-4
1.094858395E-3	1.064012991E-3	1.086784643E-3
7.342809695E-4	7.205510628E-4	7.494041929E-4
7.725218311E-4	7.871726411E-4	7.979765069E-4
1.080196816E-3	1.066724188E-3	1.072874176E-3
6.874044193E-4	6.731390604E-4	6.814145599E-4
1.291244640E-3	1.314311870E-3	1.298683230E-3
5.617668503E-4	5.615377449E-4	5.597607233E-4
1.331020496E-3	1.349725644E-3	1.340069459E-3
6.243548123E-4	6.156255258E-4	6.301238318E-4
1.041871496E-3	1.019143034E-3	1.040769857E-3
6.157195312E-4	6.357877282E-4	6.349225296E-4
1.107432414E-3	1.114114886E-3	1.110910671E-3
8.677196456E-4	8.860878297E-4	8.632745594E-4
9.702385287E-4	9.667327395E-4	9.544643690E-4
9.252802702E-4	9.180831257E-4	9.308358422E-4
7.228025352E-4	6.956628058E-4	7.177744410E-4
1.071586739E-3	1.042116317E-3	1.051429426E-3
9.305242565E-4	9.296148783E-4	9.103429038E-4
1.437559142E-3	1.463362132E-3	1.456254395E-3
1.223381027E-3	1.224003965E-3	1.191425370E-3
1.428221236E-3	1.424084883E-3	1.418872620E-3
1.094334060E-3	1.096700900E-3	1.097004511E-3
1.300058910E-3	1.288061496E-3	1.287722611E-3
1.130985678E-3	1.120167202E-3	1.108809724E-3
1.113925944E-3	1.119454508E-3	1.131024677E-3
1.077869791E-3	1.057788380E-3	1.069008256E-3
9.353003697E-4	9.359669639E-4	9.494657279E-4
1.006073784E-3	1.011497690E-3	1.002332545E-3
9.669098654E-4	9.732082253E-4	9.951379616E-4
1.112655504E-3	1.117147738E-3	1.099352841E-3
1.084127580E-3	1.078622416E-3	1.080792979E-3
1.222967403E-3	1.250213594E-3	1.227738219E-3
1.056191279E-3	1.077414607E-3	1.064851065E-3
1.203258755E-3	1.209881157E-3	1.174308127E-3
1.118296990E-3	1.144570997E-3	1.124038594E-3
1.248411136E-3	1.253701281E-3	1.256259391E-3
1.485778252E-3	1.470383606E-3	1.483154716E-3
1.099908375E-3	1.105334377E-3	1.109522767E-3
1.767963986E-3	1.765889698E-3	1.764293294E-3
1.006316277E-3	1.022192184E-3	1.011198037E-3
1.987426542E-3	1.986159012E-3	1.994152321E-3
9.458969580E-4	9.678190690E-4	9.597315802E-4
2.329975832E-3	2.348300070E-3	2.330500865E-3
8.724243962E-4	8.845378179E-4	8.667431539E-4
1.961426809E-3	1.979209017E-3	1.953073428E-3
1.082238159E-3	1.097319066E-3	1.103628078E-3
1.139563043E-3	1.139585976E-3	1.134993159E-3
1.795809367E-3	1.778727281E-3	1.791062648E-3
9.234907920E-4	9.218917112E-4	9.156142478E-4
2.385888016E-3	2.379990416E-3	2.386449836E-3
3.248143476E-4	3.183194203E-4	2.967238834E-4
2.774268156E-3	2.793136984E-3	2.780945040E-3
-1.529378060E-4	-1.524928375E-4	-1.427372626E-4
2.688720590E-3	2.691607922E-3	2.707934706E-3
3.089487727E-4	3.099594906E-4	3.132884449E-4
2.065290697E-3	2.050151583E-3	2.052639378E-3
1.164173242E-3	1.148098381E-3	1.163108740E-3
1.573901973E-3	1.551072812E-3	1.565424143E-3
1.941709081E-3	1.920655253E-3	1.914716908E-3
8.368042181E-4	8.250658284E-4	8.298262837E-4
2.380215796E-3	2.397571458E-3	2.382138744E-3
5.237229634E-4	5.216330756E-4	5.191279924E-4
2.755054506E-3	2.747572726E-3	2.764225705E-3
8.234754205E-4	8.006067364E-4	8.292389102E-4
2.387520391E-3	2.379253041E-3	2.388666617E-3
1.234061201E-3	1.233785762E-3	1.231456758E-3
2.041548491E-3	2.040814841E-3	2.036422258E-3
1.707436750E-3	1.727265306E-3	1.725769485E-3
1.809637295E-3	1.801702427E-3	1.797950827E-3
1.908944105E-3	1.907718135E-3	1.906789839E-3
1.466665417E-3	1.456841594E-3	1.460862812E-3
1.759991166E-3	1.748266863E-3	1.762385131E-3
1.554583549E-3	1.554790302E-3	1.551559544E-3
1.746044029E-3	1.767294831E-3	1.751516596E-3
1.817393932E-3	1.833076938E-3	1.812031027E-3
1.821439480E-3	1.815115800E-3	1.808756497E-3
1.854728558E-3	1.836145879E-3	1.834480208E-3
1.743236557E-3	1.736953505E-3	1.729072770E-3
1.589491381E-3	1.581664314E-3	1.604754361E-3
1.727124443E-3	1.751943491E-3	1.759929117E-3
1.692578080E-3	1.690751291E-3	1.689786208E-3
1.657499350E-3	1.633796142E-3	1.639365335E-3
2.119448967E-3	2.126498614E-3	2.138376702E-3
1.200748957E-3	1.185207861E-3	1.182610984E-3
2.692618873E-3	2.701080404E-3	2.696667332E-3
5.701790797E-4	5.842762184E-4	5.677945446E-4
3.183871275E-3	3.183455672E-3	3.173612291E-3
2.781567455E-4	3.005281033E-4	2.835727064E-4
3.198805964E-3	3.201203654E-3	3.207380418E-3
9.378598188E-4	9.397522663E-4	9.296779172E-4
2.106697299E-3	2.093330259E-3	2.087795874E-3
2.254508436E-3	2.267347416E-3	2.260718727E-3
5.204904010E-4	5.215711426E-4	5.276023876E-4
4.278194159E-3	4.260915332E-3	4.260542337E-3
-1.167203300E-3	-1.154679572E-3	-1.156653510E-3
5.886616651E-3	5.863929167E-3	5.894911010E-3
-2.696535550E-3	-2.684212988E-3	-2.693440299E-3
6.188745145E-3	6.195819005E-3	6.204520352E-3
-2.214246662E-3	-2.219067654E-3	-2.222557319E-3
5.158426240E-3	5.150239449E-3	5.158783868E-3
-6.509751984E-5	-6.918053259E-5	-7.550662122E-5
2.759488299E-3	2.754296642E-3	2.774391090E-3
2.509417944E-3	2.511550905E-3	2.531616017E-3
-1.482727530E-4	-1.616667723E-4	-1.629641047E-4
5.296350922E-3	5.290038418E-3	5.313269328E-3
-2.246117452E-3	-2.264509443E-3	-2.253251616E-3
6.565156858E-3	6.577506661E-3	6.557162385E-3
-2.640735125E-3	-2.616738202E-3	-2.642550739E-3
6.090700626E-3	6.081806030E-3	6.089613307E-3
-1.355571207E-3	-1.340296352E-3	-1.348274644E-3
4.263985436E-3	4.286228679E-3	4.264737479E-3
4.225846787E-4	4.286173498E-4	4.311908269E-4
2.265706891E-3	2.274806611E-3	2.274222672E-3
2.445183694E-3	2.439760137E-3	2.452939516E-3
8.416967466E-4	8.352734149E-4	8.358171908E-4
3.300367855E-3	3.287476953E-3	3.282586113E-3
6.206777762E-4	6.358558312E-4	6.218581111E-4
2.989973640E-3	2.996343886E-3	2.988050459E-3
1.223453204E-3	1.232704613E-3	1.232145238E-3
2.460546093E-3	2.486480866E-3	2.475739922E-3
1.910310122E-3	1.912691398E-3	1.932515996E-3
1.989334356E-3	1.987470780E-3	1.990885474E-3
1.989726676E-3	1.993638696E-3	1.998723252E-3
1.970502781E-3	1.957602566E-3	1.966000535E-3
1.738470164E-3	1.751293195E-3	1.742618042E-3
2.054547658E-3	2.057362814E-3	2.049014438E-3
2.060289029E-3	2.059108810E-3	2.061775653E-3
1.316061942E-3	1.319637871E-3	1.321819145E-3
3.569891211E-3	3.569910536E-3	3.573202761E-3
-6.929680821E-4	-7.064518868E-4	-7.047886029E-4
5.711713806E-3	5.717369262E-3	5.724377465E-3
-3.112164326E-3	-3.107537050E-3	-3.107852768E-3
8.012645878E-3	7.999592461E-3	8.003395051E-3
-4.104809836E-3	-4.101687577E-3	-4.096461926E-3
6.980996113E-3	6.983985659E-3	6.978640333E-3
-1.130820383E-4	-1.227881439E-4	-1.267459156E-4
4.461805802E-4	4.333276302E-4	4.498958006E-4
8.391202427E-3	8.394517936E-3	8.397468366E-3
-1.020547561E-2	-1.018761098E-2	-1.019710209E-2
2.098449320E-2	2.099334821E-2	2.099875174E-2
-2.268321440E-2	-2.267012559E-2	-2.267573401E-2
3.145627677E-2	3.145061433E-2	3.144083172E-2
-2.988069318E-2	-2.987811342E-2	-2.987645008E-2
3.545687348E-2	3.546452895E-2	3.545170650E-2
-2.961186133E-2	-2.959703095E-2	-2.960052900E-2
2.500301786E-2	2.502564155E-2	2.500690334E-2
-6.503699813E-3	-6.489807740E-3	-6.498576142E-3
-2.728056163E-3	-2.718674019E-3	-2.713751281E-3
2.037247084E-2	2.037095837E-2	2.038092352E-2
-2.674693801E-2	-2.672917955E-2	-2.671471424E-2
4.560898989E-2	4.559865594E-2	4.561443999E-2
-6.022590399E-2	-6.018028408E-2	-6.021137536E-2
7.819012552E-2	7.820332795E-2	7.818644494E-2
-7.453049719E-2	-7.448729873E-2	-7.450437546E-2
7.058127224E-2	7.057906687E-2	7.058030367E-2
-4.998166859E-2	-4.997824505E-2	-4.996956512E-2
4.118435085E-2	4.117344692E-2	4.116683081E-2
-2.127396129E-2	-2.129878476E-2	-2.128157020E-2
5.766362883E-3	5.742750131E-3	5.731462035E-3
2.497013658E-2	2.495233156E-2	2.495524846E-2
-4.801738262E-2	-4.799452797E-2	-4.801984876E-2
7.644264400E-2	7.642766833E-2	7.644664496E-2
-8.839791268E-2	-8.838052303E-2	-8.836616576E-2
1.046807840E-1	1.046332642E-1	1.046400741E-1
-9.496895224E-2	-9.492740780E-2	-9.492316097E-2
8.350566030E-2	8.345635235E-2	8.345720917E-2
-5.820741877E-2	-5.820693076E-2	-5.821240321E-2
4.306288809E-2	4.306991026E-2	4.304266348E-2
-1.692106575E-2	-1.691707037E-2	-1.687309146E-2
-1.801479375E-3	-1.828799490E-3	-1.822322840E-3
3.692175820E-2	3.691356629E-2	3.693000972E-2
-6.357899308E-2	-6.357139349E-2	-6.355374306E-2
9.374284744E-2	9.369403869E-2	9.368987381E-2
-9.259478748E-2	-9.259479493E-2	-9.259060025E-2
9.844157100E-2	9.840536118E-2	9.842721373E-2
-8.721964806E-2	-8.719217777E-2	-8.722995967E-2
8.181386441E-2	8.180560917E-2	8.179734647E-2
-6.140575558E-2	-6.139760464E-2	-6.140741333E-2
3.447011486E-2	3.444319218E-2	3.442779928E-2
-1.704146969E-3	-1.725080889E-3	-1.737093553E-3
-2.460146323E-2	-2.461235039E-2	-2.463996224E-2
4.392267764E-2	4.391584545E-2	4.391662031E-2
-5.776784942E-2	-5.778569356E-2	-5.779496953E-2
7.106155902E-2	7.103154808E-2	7.100601494E-2
-7.830083370E-2	-7.830455154E-2	-7.830461115E-2
8.183040470E-2	8.181561530E-2	8.181910962E-2
-7.026145607E-2	-7.027076185E-2	-7.025995106E-2
5.675889552E-2	5.677619576E-2	5.675338954E-2
-3.560505435E-2	-3.560046107E-2	-3.558212146E-2
2.135628462E-2	2.135203034E-2	2.133497968E-2
-2.458378440E-3	-2.449192572E-3	-2.430357737E-3
-1.043856796E-2	-1.041950751E-2	-1.043303404E-2
2.694983967E-2	2.696488425E-2	2.695176192E-2
-3.556473553E-2	-3.555998951E-2	-3.554518893E-2
4.160466045E-2	4.158100858E-2	4.159393534E-2
-3.730092943E-2	-3.729658574E-2	-3.728859872E-2
3.673236817E-2	3.674687818E-2	3.672493622E-2
-3.077614680E-2	-3.076533228E-2	-3.077569418E-2
2.758577839E-2	2.757658437E-2	2.757591009E-2
-1.543942839E-2	-1.544367708E-2	-1.541692484E-2
1.007154398E-2	1.006832812E-2	1.005799603E-2
2.660636674E-4	2.622218744E-4	2.276074956E-4
-1.132234465E-3	-1.137412619E-3	-1.166071394E-3
8.238986135E-3	8.244439960E-3	8.245552890E-3
-5.008404143E-3	-5.000466481E-3	-5.005466286E-3
1.034472603E-2	1.035485044E-2	1.034901943E-2
-4.022462759E-3	-4.013356753E-3	-4.010226112E-3
8.366807364E-3	8.359717205E-3	8.363273926E-3
-3.135596344E-4	-3.272056929E-4	-3.356312518E-4
4.686339293E-3	4.688337911E-3	4.666836932E-3
2.496779431E-3	2.483128337E-3	2.496572444E-3
2.662429353E-3	2.654460724E-3	2.642956330E-3
3.405133728E-3	3.401874099E-3	3.407171462E-3
2.456225455E-3	2.448626095E-3	2.454313217E-3
2.911083633E-3	2.916947007E-3	2.906169742E-3
3.175856080E-3	3.178212093E-3	3.170586657E-3
2.537757391E-3	2.531705890E-3	2.545580734E-3
3.326135455E-3	3.320012474E-3	3.333668690E-3
3.318313975E-3	3.324943129E-3	3.331466578E-3
2.520446898E-3	2.526457421E-3	2.521871356E-3
4.993197508E-3	4.990162328E-3	4.979349207E-3
1.024634345E-3	1.029934618E-3	1.031616121E-3
6.644352339E-3	6.636532489E-3	6.627982017E-3
4.049106210E-4	4.030409618E-4	3.995613079E-4
6.584715098E-3	6.608066615E-3	6.583105307E-3
1.484147506E-3	1.483471715E-3	1.471054973E-3
4.734182730E-3	4.726885352E-3	4.731312860E-3
4.155705683E-3	4.165770020E-3	4.170662723E-3
1.598368166E-3	1.604682533E-3	1.608101185E-3
7.461254951E-3	7.472826168E-3	7.476383355E-3
-1.351367449E-3	-1.349736471E-3	-1.342277275E-3
9.529295377E-3	9.519270621E-3	9.522562847E-3
-2.257950837E-3	-2.242793329E-3	-2.243288094E-3
9.141302668E-3	9.150640108E-3	9.142206050E-3
-8.308974211E-4	-8.271219558E-4	-8.272067062E-4
6.343674380E-3	6.356555037E-3	6.355848163E-3
2.530754078E-3	2.537530148E-3	2.532636281E-3
2.640668070E-3	2.656819997E-3	2.644502558E-3
5.966509227E-3	5.944814067E-3	5.970945116E-3
-3.892570967E-4	-3.956462315E-4	-3.874910471E-4
8.377079852E-3	8.362019435E-3	8.387044072E-3
-1.887777704E-3	-1.877226750E-3	-1.874468522E-3
8.500121534E-3	8.505444974E-3	8.506383747E-3
-9.116642759E-4	-9.102569311E-4	-9.132742998E-4
6.631639320E-3	6.627848838E-3	6.631611846E-3
1.493375166E-3	1.489149523E-3	1.488302369E-3
3.846835345E-3	3.840741236E-3	3.841782687E-3
4.160579294E-3	4.155774601E-3	4.166836385E-3
1.508184010E-3	1.520512043E-3	1.515506185E-3
5.651022773E-3	5.656908732E-3	5.653175060E-3
8.254047134E-4	8.222900215E-4	8.224147023E-4
5.736043211E-3	5.737584084E-3	5.752451718E-3
1.252536778E-3	1.253644819E-3	1.255626325E-3
4.796913359E-3	4.795184359E-3	4.788720515E-3
2.493626671E-3	2.498796908E-3	2.493337495E-3
3.536905628E-3	3.556449432E-3	3.550401190E-3
3.547822824E-3	3.549980000E-3	3.547396511E-3
2.642170293E-3	2.644565189E-3	2.648107009E-3
3.853444476E-3	3.853284288E-3	3.854912939E-3
2.500741743E-3	2.489332575E-3	2.497928217E-3
3.557885997E-3	3.560503246E-3	3.558064345E-3
2.902121749E-3	2.896752208E-3	2.902309643E-3
3.002304118E-3	3.009789623E-3	2.994065871E-3
3.279302968E-3	3.278915305E-3	3.285571467E-3
2.708385698E-3	2.715819282E-3	2.706402447E-3
3.324169433E-3	3.322049277E-3	3.318731207E-3
3.017835785E-3	3.008256899E-3	2.998551587E-3
3.004295984E-3	2.991796937E-3	2.997264965E-3
3.566578729E-3	3.570224391E-3	3.573294962E-3
2.662726678E-3	2.673652489E-3	2.672081348E-3
3.969767597E-3	3.968173172E-3	3.970018122E-3
2.578472020E-3	2.576371422E-3	2.575457795E-3
3.730584634E-3	3.725593677E-3	3.721518442E-3
3.030169290E-3	3.031657776E-3	3.034811700E-3
2.957969438E-3	2.961071674E-3	2.959772246E-3
3.939467482E-3	3.938448615E-3	3.935794812E-3
2.011345234E-3	2.016562037E-3	2.010969445E-3
4.777704366E-3	4.774165805E-3	4.770207219E-3
1.388472388E-3	1.392316073E-3	1.389109180E-3
4.983349703E-3	4.990937654E-3	4.991552792E-3
1.615338493E-3	1.619124669E-3	1.626956509E-3
4.417900462E-3	4.430326633E-3	4.433992319E-3
2.564179478E-3	2.561721252E-3	2.557083266E-3
3.327356186E-3	3.337219590E-3	3.332729451E-3
3.819065168E-3	3.820250276E-3	3.843998304E-3
2.129254397E-3	2.142995363E-3	2.132217400E-3
4.941800609E-3	4.941066261E-3	4.950204398E-3
1.458269428E-3	1.460052212E-3	1.463314053E-3
5.323698744E-3	5.332661327E-3	5.337949842E-3
1.476035337E-3	1.479500788E-3	1.483913977E-3
4.893261008E-3	4.910777789E-3	4.906625487E-3
2.225639066E-3	2.228308003E-3	2.223200398E-3
4.079279024E-3	4.088353831E-3	4.073909018E-3
3.307994222E-3	3.316382878E-3	3.320732154E-3
3.247343237E-3	3.252910450E-3	3.254692536E-3
4.076133016E-3	4.085935187E-3	4.082849715E-3
2.754896879E-3	2.758168150E-3	2.757241484E-3
4.438191652E-3	4.462109879E-3	4.436214454E-3
2.720193472E-3	2.714236500E-3	2.724395134E-3
4.276053980E-3	4.274121020E-3	4.267331213E-3
3.198029473E-3	3.205521498E-3	3.199793166E-3
4.022650421E-3	4.031705670E-3	4.019822925E-3
3.528830828E-3	3.537477693E-3	3.531744936E-3
3.664604621E-3	3.660547314E-3	3.668801626E-3
3.815005068E-3	3.826034255E-3	3.825288033E-3
3.656001063E-3	3.664085409E-3	3.663884243E-3
3.833518131E-3	3.835743759E-3	3.834018949E-3
3.856981173E-3	3.869922832E-3	3.878577845E-3
3.899805946E-3	3.893979127E-3	3.903972218E-3
3.776490688E-3	3.776016179E-3	3.782540327E-3
3.743899055E-3	3.743100446E-3	3.747109557E-3
3.871302819E-3	3.879947355E-3	3.884084057E-3
3.996432293E-3	4.001309164E-3	3.987696953E-3
3.772323253E-3	3.782957559E-3	3.773632692E-3
4.071835428E-3	4.080933053E-3	4.083749373E-3
3.771650838E-3	3.782094689E-3	3.773177741E-3
4.037386738E-3	4.036832135E-3	4.039455205E-3
3.660729388E-3	3.676864551E-3	3.671959275E-3
4.008165561E-3	4.008246120E-3	4.014489241E-3
4.087508656E-3	4.098549951E-3	4.102766514E-3
3.685050877E-3	3.684652271E-3	3.688217606E-3
4.330374766E-3	4.331326112E-3	4.336077720E-3
3.484501736E-3	3.479649778E-3	3.486938775E-3
4.590971861E-3	4.599226639E-3	4.604022950E-3
3.179840976E-3	3.172581317E-3	3.185359295E-3
4.660267383E-3	4.663660657E-3	4.675745498E-3
3.514515702E-3	3.517512698E-3	3.515991149E-3
4.534750711E-3	4.535393789E-3	4.535458982E-3
3.752024379E-3	3.748389194E-3	3.752037184E-3
4.069115035E-3	4.090311006E-3	4.086743575E-3
4.484030418E-3	4.486014601E-3	4.483547527E-3
3.556730459E-3	3.564956831E-3	3.555850359E-3
4.892835394E-3	4.889213014E-3	4.894382786E-3
3.500325838E-3	3.504001070E-3	3.504551016E-3
5.235344637E-3	5.238105543E-3	5.233328789E-3
3.240805818E-3	3.254479263E-3	3.244322725E-3
5.072548520E-3	5.083813332E-3	5.077684298E-3
3.805513261E-3	3.797992133E-3	3.800000297E-3
4.636319354E-3	4.641402513E-3	4.638552666E-3
4.117344972E-3	4.124315921E-3	4.115431104E-3
4.378773738E-3	4.387378227E-3	4.387242254E-3
4.635141697E-3	4.646623041E-3	4.636097699E-3
3.846234176E-3	3.845141735E-3	3.843099810E-3
4.794058390E-3	4.791610409E-3	4.791978747E-3
4.076517653E-3	4.080291372E-3	4.097089171E-3
4.884122871E-3	4.879906308E-3	4.894421902E-3
4.002619069E-3	4.018600099E-3	4.005118273E-3
4.705564119E-3	4.712678026E-3	4.713492468E-3
4.430124536E-3	4.434939474E-3	4.437363707E-3
4.425283056E-3	4.426841624E-3	4.429203924E-3
4.427488428E-3	4.429569934E-3	4.421893042E-3
4.572029226E-3	4.557655193E-3	4.567276686E-3
4.664369859E-3	4.664906766E-3	4.666544963E-3
4.293034784E-3	4.302019253E-3	4.297503270E-3
4.551156890E-3	4.546624608E-3	4.548390396E-3
4.667434376E-3	4.658884834E-3	4.681525752E-3
4.587437026E-3	4.574703984E-3	4.581668414E-3
4.539055284E-3	4.533811007E-3	4.543816205E-3
4.677061923E-3	4.686626606E-3	4.690872971E-3
4.693280905E-3	4.698252771E-3	4.698956851E-3
4.472641274E-3	4.493398592E-3	4.489143845E-3
4.457635339E-3	4.467724822E-3	4.447181709E-3
4.937454127E-3	4.936251324E-3	4.935937468E-3
4.582741298E-3	4.563100636E-3	4.570505582E-3
4.655425902E-3	4.660460167E-3	4.659388680E-3
4.694424570E-3	4.701170139E-3	4.701979458E-3
4.825392738E-3	4.825629294E-3	4.833070096E-3
4.767824430E-3	4.763268866E-3	4.774388392E-3
4.448146559E-3	4.450426903E-3	4.442377947E-3
5.318053998E-3	5.326415412E-3	5.316242110E-3
4.385389853E-3	4.387909081E-3	4.386366345E-3
5.224040709E-3	5.224083550E-3	5.224002525E-3
4.348373041E-3	4.342979286E-3	4.351118114E-3
5.553488620E-3	5.560168996E-3	5.568069872E-3
4.557294771E-3	4.549810197E-3	4.539033864E-3
5.303854123E-3	5.301387049E-3	5.309541710E-3
5.122139119E-3	5.125162192E-3	5.120221525E-3
5.101672839E-3	5.128262099E-3	5.113519263E-3
5.329877604E-3	5.352077074E-3	5.338683724E-3
4.740355536E-3	4.754170775E-3	4.748351406E-3
5.704071373E-3	5.720556248E-3	5.712272599E-3
4.659532569E-3	4.660873208E-3	4.665167071E-3
5.760286469E-3	5.759483203E-3	5.763751920E-3
4.748837557E-3	4.746831022E-3	4.764270037E-3
5.716881715E-3	5.724620540E-3	5.732364953E-3
4.946744535E-3	4.960696213E-3	4.962871782E-3
5.535843782E-3	5.542588420E-3	5.538674537E-3
5.537630524E-3	5.530038849E-3	5.543387495E-3
5.540562794E-3	5.552103277E-3	5.552001297E-3
5.849528126E-3	5.867107306E-3	5.873461720E-3
5.552786868E-3	5.556371063E-3	5.563706160E-3
6.185146049E-3	6.185942329E-3	6.175830960E-3
5.667980295E-3	5.663715303E-3	5.661112256E-3
6.155589130E-3	6.154206581E-3	6.154316943E-3
5.830010399E-3	5.850938614E-3	5.836013705E-3
6.173360627E-3	6.177722476E-3	6.182131357E-3
5.989811849E-3	5.991259124E-3	6.011330057E-3
6.097439677E-3	6.109218113E-3	6.122689694E-3
6.274947431E-3	6.266777869E-3	6.265267730E-3
6.178895012E-3	6.166838109E-3	6.180203054E-3
6.440527737E-3	6.433434784E-3	6.439515855E-3
6.396509241E-3	6.402881350E-3	6.409949623E-3
6.599217188E-3	6.591698620E-3	6.605230737E-3
6.550003309E-3	6.552474108E-3	6.565630902E-3
6.678891368E-3	6.681058090E-3	6.680154707E-3
6.731973495E-3	6.739836186E-3	6.732744165E-3
6.745072082E-3	6.773562636E-3	6.746807136E-3
6.787543185E-3	6.820367184E-3	6.804530043E-3
6.816356443E-3	6.834346335E-3	6.830836646E-3
6.997743621E-3	7.010567933E-3	7.009059656E-3
7.056154776E-3	7.055401336E-3	7.046352141E-3
7.057082839E-3	7.080715615E-3	7.070944179E-3
7.182527333E-3	7.178422064E-3	7.184777409E-3
7.133994717E-3	7.133603562E-3	7.142401300E-3
7.247725967E-3	7.269927301E-3	7.266611326E-3
7.261800580E-3	7.282285951E-3	7.273970637E-3
7.304856554E-3	7.334094495E-3	7.323855534E-3
7.365159690E-3	7.383938879E-3	7.392425556E-3
7.427124772E-3	7.447820157E-3	7.438479457E-3
7.609160617E-3	7.629730739E-3	7.634226698E-3
7.537027355E-3	7.565839682E-3	7.560541388E-3
7.677426096E-3	7.694545202E-3	7.674026303E-3
7.551213726E-3	7.577114739E-3	7.542283740E-3
7.756003644E-3	7.766203489E-3	7.755441591E-3
7.740991190E-3	7.746658754E-3	7.727648597E-3
7.940202951E-3	7.959593087E-3	7.929352112E-3
7.981708273E-3	7.991122082E-3	7.975736633E-3
8.070865646E-3	8.091578260E-3	8.060419001E-3
8.120362647E-3	8.126616478E-3	8.120716549E-3
8.074843325E-3	8.078757674E-3	8.062034845E-3
8.273305371E-3	8.279787377E-3	8.287115954E-3
8.346864954E-3	8.368633687E-3	8.371002972E-3
8.629112504E-3	8.674215525E-3	8.679335937E-3
8.693682030E-3	8.724934421E-3	8.744376712E-3
9.114127606E-3	9.154384956E-3	9.192703292E-3
9.417138994E-3	9.465468116E-3	9.467107244E-3
9.828331880E-3	9.875131771E-3	9.869082831E-3
1.003450342E-2	1.007563435E-2	1.003884431E-2
1.031273510E-2	1.035025157E-2	1.034746692E-2
1.032512914E-2	1.035708282E-2	1.034746040E-2
1.004384365E-2	1.006393228E-2	1.007264946E-2
9.901869111E-3	9.920944460E-3	9.913315997E-3
9.764042683E-3	9.791336954E-3	9.793903679E-3
9.851252660E-3	9.844816290E-3	9.869437665E-3
9.756428190E-3	9.737135842E-3	9.775458835E-3
9.726650082E-3	9.684412740E-3	9.737825021E-3
9.646714665E-3	9.642295539E-3	9.703782387E-3
9.670514613E-3	9.664886631E-3	9.743533097E-3
9.615969844E-3	9.608131833E-3	9.648264386E-3
9.286787361E-3	9.296305478E-3	9.332025424E-3
8.955722675E-3	8.986419067E-3	8.972709067E-3
8.560524322E-3	8.556680754E-3	8.558676578E-3
7.811398245E-3	7.835193537E-3	7.775203325E-3
6.813742686E-3	6.810007151E-3	6.785141304E-3
6.228244863E-3	6.224562414E-3	6.212423090E-3
6.014567800E-3	5.981831346E-3	5.992697086E-3
5.940787029E-3	5.874297582E-3	5.915706512E-3
5.742745008E-3	5.696759094E-3	5.685167387E-3
5.498412997E-3	5.441196728E-3	5.427723750E-3
5.160635803E-3	5.102309864E-3	5.055097863E-3
4.950698931E-3	4.908982664E-3	4.845648073E-3
4.192999098E-3	4.208434839E-3	4.126791842E-3
3.361091251E-3	3.428241936E-3	3.350688610E-3
2.629746916E-3	2.706044819E-3	2.622175729E-3
1.967493910E-3	1.991055207E-3	1.962088747E-3
1.341451192E-3	1.365335193E-3	1.293341396E-3
5.119480193E-4	5.595127004E-4	5.095941015E-4
-6.632285658E-4	-5.998753477E-4	-6.466286723E-4
-2.367706038E-3	-2.248354489E-3	-2.213479951E-3
-4.305786453E-3	-4.170809872E-3	-4.138055257E-3
-6.468474399E-3	-6.386168767E-3	-6.318238564E-3
-7.517696358E-3	-7.435075473E-3	-7.391713094E-3
-7.745733950E-3	-7.657939568E-3	-7.601834368E-3
-8.229075931E-3	-8.135750890E-3	-8.103584871E-3
-9.225532413E-3	-9.116796777E-3	-9.110841900E-3
-1.004083455E-2	-9.989202023E-3	-1.001550537E-2
-1.033528801E-2	-1.029148512E-2	-1.033084281E-2
-1.021726243E-2	-1.020899881E-2	-1.022293512E-2
-1.053068880E-2	-1.056256611E-2	-1.057811826E-2
-1.123121195E-2	-1.130806934E-2	-1.128423586E-2
-1.181174908E-2	-1.192383096E-2	-1.188441925E-2
-1.222632919E-2	-1.232622471E-2	-1.233248319E-2
-1.249295846E-2	-1.256853901E-2	-1.257054135E-2
-1.294129062E-2	-1.298872568E-2	-1.298868842E-2
-1.325034723E-2	-1.327044982E-2	-1.329367701E-2
-1.319422107E-2	-1.321454905E-2	-1.322723366E-2
-1.289056428E-2	-1.294644177E-2	-1.289889589E-2
-1.241278648E-2	-1.246026065E-2	-1.243213937E-2
-1.184552629E-2	-1.189213339E-2	-1.184293069E-2
-1.126549672E-2	-1.131204981E-2	-1.129456609E-2
-1.047055330E-2	-1.050418057E-2	-1.049366686E-2
-9.654461406E-3	-9.674124420E-3	-9.618653916E-3
-8.805790916E-3	-8.853203617E-3	-8.824083023E-3
-7.932411507E-3	-7.936190814E-3	-7.901375182E-3
-7.195592858E-3	-7.175167091E-3	-7.138732821E-3
-6.355792750E-3	-6.344261579E-3	-6.304194685E-3
-5.482189357E-3	-5.474018864E-3	-5.469913594E-3
-4.571661353E-3	-4.578709602E-3	-4.605587572E-3
-3.919210285E-3	-3.918734379E-3	-3.958666231E-3
-3.320496297E-3	-3.315049224E-3	-3.367237281E-3
-2.756370930E-3	-2.760539530E-3	-2.776778303E-3
-2.320663771E-3	-2.318459563E-3	-2.372818068E-3
-1.722329529E-3	-1.730513643E-3	-1.748363953E-3
-1.339787734E-3	-1.342833624E-3	-1.368628815E-3
-8.788403356E-4	-8.618128486E-4	-9.011722286E-4
-4.688987683E-4	-4.738457210E-4	-4.914649762E-4
-1.752034732E-4	-1.670100464E-4	-1.762805186E-4
1.117891079E-4	1.370242971E-4	1.125643394E-4
3.368156322E-4	3.384821466E-4	3.371321945E-4
7.167332224E-4	7.034112350E-4	6.816208479E-4
1.062070252E-3	1.073361142E-3	1.059411908E-3
1.496469486E-3	1.531539485E-3	1.494094380E-3
1.887500170E-3	1.889030100E-3	1.882833196E-3
2.301198896E-3	2.319803694E-3	2.301232191E-3
2.554866252E-3	2.573534613E-3	2.554207807E-3
2.819313668E-3	2.836139407E-3	2.838136628E-3
3.176168306E-3	3.184299450E-3	3.206090303E-3
3.446423681E-3	3.464151872E-3	3.468137234E-3
3.544451436E-3	3.559543286E-3	3.583595157E-3
3.795930883E-3	3.822207917E-3	3.858934855E-3
4.029491916E-3	4.034054466E-3	4.072897136E-3
4.130561836E-3	4.124511033E-3	4.183217417E-3
4.250370897E-3	4.236158449E-3	4.283978604E-3
4.292178899E-3	4.268769640E-3	4.302969668E-3
4.439904355E-3	4.451079760E-3	4.444540478E-3
4.640720785E-3	4.609929398E-3	4.616456106E-3
4.779535811E-3	4.789802711E-3	4.773374181E-3
4.896393977E-3	4.889040720E-3	4.890095908E-3
4.957525991E-3	4.963325337E-3	4.946217872E-3
5.016816314E-3	5.005256273E-3	5.009328015E-3
5.076357163E-3	5.070372019E-3	5.094246473E-3
5.180485547E-3	5.169909913E-3	5.187017843E-3
5.182353780E-3	5.166855641E-3	5.201144610E-3
5.144386087E-3	5.151975434E-3	5.160971545E-3
5.151289050E-3	5.170615856E-3	5.202209111E-3
5.115971901E-3	5.129097495E-3	5.148626398E-3
5.071189255E-3	5.075136665E-3	5.104345270E-3
4.999622703E-3	5.029199179E-3	5.033353809E-3
5.037211347E-3	5.072863307E-3	5.097027868E-3
5.053588189E-3	5.079073831E-3	5.100040697E-3
5.083892494E-3	5.070360843E-3	5.096038803E-3
5.146428477E-3	5.167309195E-3	5.154964048E-3
5.160737783E-3	5.171110388E-3	5.157429259E-3
5.350630265E-3	5.356955342E-3	5.330875050E-3
5.319050513E-3	5.314571783E-3	5.270045251E-3
5.351982545E-3	5.371885374E-3	5.303815007E-3
5.407588556E-3	5.405780394E-3	5.335918162E-3
5.432661157E-3	5.452471785E-3	5.383226555E-3
5.581561476E-3	5.593287293E-3	5.542991683E-3
5.508982111E-3	5.520359147E-3	5.473255645E-3
5.751277320E-3	5.745886359E-3	5.679698195E-3
5.637585185E-3	5.643296521E-3	5.595320370E-3
6.044752896E-3	6.029443350E-3	5.986406002E-3
5.935629364E-3	5.935893394E-3	5.888073705E-3
6.223245990E-3	6.209026091E-3	6.132974755E-3
6.195383146E-3	6.202647462E-3	6.159448065E-3
6.250685081E-3	6.256356370E-3	6.236311980E-3
6.571043283E-3	6.581889465E-3	6.576257758E-3
6.594990846E-3	6.595237181E-3	6.606415380E-3
7.106142584E-3	7.112501189E-3	7.140287664E-3
7.092191838E-3	7.090651896E-3	7.126697339E-3
7.554234471E-3	7.567334455E-3	7.617477328E-3
7.396912202E-3	7.418325637E-3	7.464550436E-3
7.754095364E-3	7.751800120E-3	7.837739773E-3
7.678180002E-3	7.664604578E-3	7.734253537E-3
7.782761473E-3	7.797085680E-3	7.874852046E-3
7.894223556E-3	7.906894200E-3	7.991255261E-3
7.782057859E-3	7.804985158E-3	7.895234041E-3
8.003949188E-3	8.020054549E-3	8.115373552E-3
7.664291188E-3	7.704169955E-3	7.795731537E-3
7.870957255E-3	7.918659598E-3	7.990214042E-3
7.801534608E-3	7.844506763E-3	7.912639529E-3
8.150038309E-3	8.191479370E-3	8.277499117E-3
8.348912932E-3	8.408283815E-3	8.471277542E-3
8.294751868E-3	8.324945346E-3	8.373076096E-3
8.550087921E-3	8.577251807E-3	8.591646329E-3
8.374699391E-3	8.382834494E-3	8.393219672E-3
8.648634888E-3	8.664327674E-3	8.653482422E-3
8.631262928E-3	8.658894338E-3	8.636954241E-3
8.759847842E-3	8.750320412E-3	8.724622428E-3
8.818677627E-3	8.827259764E-3	8.755424991E-3
8.638377301E-3	8.642925881E-3	8.575796150E-3
9.140398353E-3	9.127479978E-3	9.036044590E-3
8.677395992E-3	8.665456437E-3	8.550221100E-3
9.048903361E-3	9.038190357E-3	8.918325417E-3
8.696704172E-3	8.695627563E-3	8.571043611E-3
8.966670372E-3	8.934594691E-3	8.833112195E-3
9.119477123E-3	9.094466455E-3	8.988658898E-3
8.912003599E-3	8.890116587E-3	8.727233857E-3
9.692220017E-3	9.672049433E-3	9.539813735E-3
8.674601093E-3	8.656980470E-3	8.518720977E-3
1.021405961E-2	1.018836908E-2	1.003413647E-2
8.708817884E-3	8.677434176E-3	8.591684513E-3
1.048062090E-2	1.048417110E-2	1.040960010E-2
9.146761149E-3	9.171322919E-3	9.104510769E-3
1.045177691E-2	1.045258250E-2	1.047061384E-2
1.005535666E-2	1.004493516E-2	1.004783064E-2
1.009454951E-2	1.012729947E-2	1.014920697E-2
1.113472972E-2	1.116393600E-2	1.123284735E-2
9.513139725E-3	9.553155862E-3	9.661342949E-3
1.237800345E-2	1.240706909E-2	1.252405066E-2
8.936048485E-3	8.990040049E-3	9.096574970E-3
1.305481233E-2	1.310257241E-2	1.325750723E-2
8.433281444E-3	8.478160948E-3	8.680293337E-3
1.267066225E-2	1.272093970E-2	1.295257267E-2
8.431348018E-3	8.514797315E-3	8.751181886E-3
1.155521162E-2	1.160794124E-2	1.184747182E-2
9.229071438E-3	9.284384549E-3	9.504631162E-3
1.014639530E-2	1.019694842E-2	1.038331166E-2
9.998681024E-3	1.001497731E-2	1.018242817E-2
7.686516736E-3	7.738733664E-3	7.867190056E-3
8.725178428E-3	8.776712231E-3	8.849164471E-3
3.389372258E-3	3.433190053E-3	3.546303371E-3
5.558757577E-3	5.607944448E-3	5.574401934E-3
-1.983640948E-3	-1.927714096E-3	-2.044430934E-3
-9.083086625E-4	-7.876139134E-4	-9.255604818E-4
-9.557485580E-3	-9.480751120E-3	-9.678801522E-3
-1.228739787E-2	-1.230009180E-2	-1.257121656E-2
-2.096925303E-2	-2.108657174E-2	-2.141176909E-2
-2.786969766E-2	-2.797947824E-2	-2.833485417E-2
-3.645062819E-2	-3.654678911E-2	-3.691304475E-2
-4.694472998E-2	-4.695999995E-2	-4.747534171E-2
-5.480199307E-2	-5.477126315E-2	-5.525166169E-2
-6.726405770E-2	-6.738143414E-2	-6.773311645E-2
-7.353921235E-2	-7.365290076E-2	-7.389582694E-2
-8.559892327E-2	-8.570540696E-2	-8.582602441E-2
-9.160438925E-2	-9.174989164E-2	-9.168667346E-2
-1.007051021E-1	-1.008911207E-1	-1.005486697E-1
-1.053319424E-1	-1.053775996E-1	-1.049781442E-1
-1.085815877E-1	-1.085264459E-1	-1.081163064E-1
-1.097223237E-1	-1.096256673E-1	-1.091748327E-1
-1.073319837E-1	-1.073490605E-1	-1.067729518E-1
-1.063923165E-1	-1.064217836E-1	-1.059075892E-1
-1.004387066E-1	-1.004973799E-1	-1.000737175E-1
-9.777382761E-2	-9.781346470E-2	-9.750130773E-2
-8.968566358E-2	-8.958949894E-2	-8.954718709E-2
-8.418569714E-2	-8.411788195E-2	-8.423178643E-2
-7.569454610E-2	-7.563308626E-2	-7.580153644E-2
-6.841629744E-2	-6.837452948E-2	-6.860173494E-2
-6.046305224E-2	-6.040204316E-2	-6.062327325E-2
-5.191729963E-2	-5.192321911E-2	-5.206552148E-2
-4.465013742E-2	-4.476746917E-2	-4.480609298E-2
-3.589178622E-2	-3.606319427E-2	-3.603015095E-2
-3.044104017E-2	-3.050662577E-2	-3.051847406E-2
-2.309991233E-2	-2.320106700E-2	-2.319205366E-2
-1.811450347E-2	-1.815295219E-2	-1.818871498E-2
-1.226732507E-2	-1.229965687E-2	-1.235372666E-2
-8.378564380E-3	-8.414343931E-3	-8.566679433E-3
-4.885342903E-3	-4.980601370E-3	-5.062857643E-3
-2.050020965E-3	-2.107940614E-3	-2.136604860E-3
-7.044381346E-5	-1.379569294E-4	-1.104616458E-4
3.253650153E-3	3.157361178E-3	3.318366827E-3
5.710590631E-3	5.627659149E-3	5.710341968E-3
8.756135590E-3	8.606053889E-3	8.746593259E-3
1.053253375E-2	1.042066887E-2	1.049555838E-2
1.230708044E-2	1.217945013E-2	1.222570240E-2
1.351857185E-2	1.346308086E-2	1.345821377E-2
1.428319048E-2	1.420729887E-2	1.420745812E-2
1.497046556E-2	1.489759237E-2	1.487033442E-2
1.464338601E-2	1.461444423E-2	1.454962604E-2
1.482107397E-2	1.477796771E-2	1.471548621E-2
1.449704729E-2	1.448506396E-2	1.441849582E-2
1.426047087E-2	1.426509675E-2	1.426241640E-2
1.389975194E-2	1.392046735E-2	1.392448228E-2
1.320213731E-2	1.319644228E-2	1.316759549E-2
1.307441667E-2	1.309611555E-2	1.308986731E-2
1.246763021E-2	1.246798038E-2	1.251055952E-2
1.262330171E-2	1.257392671E-2	1.265339274E-2
1.212390047E-2	1.206412073E-2	1.214543544E-2
1.197509095E-2	1.190350018E-2	1.200666558E-2
1.157335192E-2	1.155958790E-2	1.159910113E-2
1.099843252E-2	1.100480184E-2	1.102772821E-2
1.086285524E-2	1.090303063E-2	1.086644270E-2
1.015332434E-2	1.018514391E-2	1.014841627E-2
1.023610681E-2	1.025495771E-2	1.023392379E-2
9.509186260E-3	9.525813162E-3	9.516777471E-3
9.501886554E-3	9.506183676E-3	9.522620589E-3
8.924318478E-3	8.941288106E-3	8.958931081E-3
8.724104613E-3	8.715275675E-3	8.738541976E-3
8.293696679E-3	8.314038627E-3	8.312455378E-3
7.837804034E-3	7.859718986E-3	7.869341411E-3
7.534315810E-3	7.560514379E-3	7.578740362E-3
6.877962966E-3	6.884432398E-3	6.897951476E-3
6.684072781E-3	6.707828492E-3	6.697787903E-3
6.058453582E-3	6.067461334E-3	6.056852639E-3
6.086355075E-3	6.094051059E-3	6.083000917E-3
5.814929958E-3	5.860558245E-3	5.844824482E-3
5.811618175E-3	5.849384237E-3	5.815974902E-3
5.875319242E-3	5.915344227E-3	5.881644320E-3
5.716987420E-3	5.721432157E-3	5.687762517E-3
5.946097896E-3	5.932654254E-3	5.923450924E-3
5.727957934E-3	5.705370568E-3	5.701544695E-3
5.898389034E-3	5.898832809E-3	5.861660931E-3
5.724266637E-3	5.702217110E-3	5.718620494E-3
5.674462765E-3	5.682978779E-3	5.669182166E-3
5.654703360E-3	5.664255004E-3	5.662350450E-3
5.483119283E-3	5.471172277E-3	5.463670008E-3
5.546549801E-3	5.536302458E-3	5.524244159E-3
5.278391764E-3	5.261083134E-3	5.239203107E-3
5.395182408E-3	5.381810013E-3	5.360263400E-3
5.091242958E-3	5.078170914E-3	5.061381496E-3
5.023634527E-3	5.036346149E-3	5.006469786E-3
4.811956082E-3	4.825972486E-3	4.790134728E-3
4.700701684E-3	4.712058697E-3	4.688567016E-3
4.519260023E-3	4.542933311E-3	4.527854733E-3
4.306337796E-3	4.304756410E-3	4.325796850E-3
4.313064273E-3	4.311040044E-3	4.327509087E-3
4.007260781E-3	3.999109846E-3	4.036326893E-3
4.012365825E-3	4.008267075E-3	4.052143544E-3
3.775154008E-3	3.765210509E-3	3.823655192E-3
3.837445751E-3	3.828708548E-3	3.888830775E-3
3.743252251E-3	3.749342635E-3	3.771754680E-3
3.622842953E-3	3.602414625E-3	3.609464504E-3
3.555393778E-3	3.545383923E-3	3.583021695E-3
3.305297345E-3	3.340238938E-3	3.338658949E-3
3.328687744E-3	3.320724936E-3	3.317916766E-3
2.971326001E-3	2.969929483E-3	2.940395847E-3
2.849768614E-3	2.864478622E-3	2.826005686E-3
2.608851064E-3	2.611340024E-3	2.604421228E-3
2.524101874E-3	2.507209778E-3	2.490653889E-3
2.355006989E-3	2.357112477E-3	2.328522969E-3
2.158420859E-3	2.160442993E-3	2.135312883E-3
2.147592604E-3	2.136077266E-3	2.124741906E-3
2.001491841E-3	2.024261048E-3	2.029935829E-3
1.899341936E-3	1.917514135E-3	1.910423976E-3
1.642444753E-3	1.657253248E-3	1.625919831E-3
1.503353938E-3	1.528691384E-3	1.531226560E-3
1.334984088E-3	1.363084535E-3	1.368469908E-3
1.227643341E-3	1.223941217E-3	1.258102711E-3
1.086404547E-3	1.089876983E-3	1.100035035E-3
9.427819750E-4	9.408886544E-4	9.586262750E-4
7.249294431E-4	7.373575936E-4	7.427566452E-4
5.745809758E-4	5.991214421E-4	5.585266044E-4
3.648932907E-4	3.604627564E-4	3.051281383E-4
2.724100486E-4	2.830048616E-4	2.291223936E-4
1.562346879E-4	1.576767390E-4	1.099381334E-4
2.903260247E-5	2.779413626E-5	1.004508249E-5
-7.264935266E-5	-6.461088196E-5	-8.558505215E-5
-1.643626019E-4	-1.559207594E-4	-1.528311113E-4
-2.891620388E-4	-2.933129726E-4	-2.728032996E-4
-3.515443241E-4	-3.520876926E-4	-3.368009639E-4
-4.445517261E-4	-4.438052129E-4	-3.984729701E-4
-4.352445831E-4	-4.327482893E-4	-3.675791959E-4
-3.685033589E-4	-4.006701056E-4	-3.043061297E-4
-4.747699713E-4	-4.779076262E-4	-4.115768825E-4
-5.006039864E-4	-4.832241102E-4	-4.557225329E-4
-5.291077541E-4	-5.201336462E-4	-5.157652195E-4
-5.938864779E-4	-6.069825031E-4	-5.996685941E-4
-6.077841972E-4	-6.116270670E-4	-6.011072546E-4
-6.802946446E-4	-6.861034781E-4	-6.774232024E-4
-7.243074942E-4	-7.177308435E-4	-7.531123119E-4
-7.880926132E-4	-7.607593434E-4	-7.874811999E-4
-8.050996112E-4	-7.995628985E-4	-8.074915968E-4
-8.155162213E-4	-8.205237682E-4	-8.452520124E-4
-7.088176208E-4	-7.305712788E-4	-7.796981372E-4
-7.436748710E-4	-7.447018870E-4	-7.940182695E-4
-7.401411422E-4	-7.635384100E-4	-7.820739411E-4
-7.677408867E-4	-7.742674788E-4	-7.815929130E-4
-7.229442708E-4	-7.603955455E-4	-7.605295978E-4
-5.620131269E-4	-5.865519634E-4	-6.080041640E-4
-4.737647250E-4	-5.196573911E-4	-5.126893520E-4
-4.292703816E-4	-4.427440581E-4	-4.736646370E-4
-3.969587851E-4	-3.825947351E-4	-4.277867265E-4
-3.449312062E-4	-3.264431143E-4	-3.690662561E-4
-2.746411192E-4	-2.685725049E-4	-3.004373866E-4
-2.444623969E-4	-2.262906637E-4	-2.429740125E-4
-1.451054268E-4	-1.567390718E-4	-1.520819496E-4
-9.869855421E-5	-7.314163668E-5	-9.428994963E-5
-2.056083758E-5	4.468123734E-6	-6.354447578E-6
8.430558955E-5	1.415104925E-4	1.222938299E-4
2.525557356E-4	2.944463049E-4	3.303622070E-4
3.946732322E-4	4.364564084E-4	4.737036361E-4
5.122512230E-4	5.115179229E-4	5.502479617E-4
5.918637617E-4	5.888454616E-4	6.293435581E-4
5.703142961E-4	5.683026393E-4	6.016195402E-4
6.293224287E-4	6.470916560E-4	6.638466730E-4
6.143248174E-4	6.215766771E-4	6.276748027E-4
6.213891902E-4	6.260910886E-4	6.339999964E-4
6.792510394E-4	6.582238129E-4	6.782616256E-4
6.440081634E-4	6.339457468E-4	6.744912826E-4
7.470034179E-4	7.500309730E-4	7.659809780E-4
6.700176746E-4	6.993550342E-4	6.967288209E-4
6.262720563E-4	6.696908968E-4	6.768744788E-4
5.893342895E-4	5.903681740E-4	5.992908846E-4
3.981146438E-4	3.851011861E-4	4.162996192E-4
3.091075050E-4	2.894977806E-4	2.845614217E-4
2.269458346E-4	2.219963790E-4	2.004397102E-4
2.487897000E-4	2.576154366E-4	2.389183646E-4
9.787173622E-5	9.148084791E-5	7.468114927E-5
-1.690349018E-5	-1.998441985E-5	-2.638058868E-5
-1.159196981E-4	-1.171610274E-4	-1.451402932E-4
-1.878711337E-4	-2.062422573E-4	-2.289301920E-4
-2.045247238E-4	-2.334470191E-4	-1.941305236E-4
-3.116629960E-4	-3.501473402E-4	-3.236272896E-4
-3.762922424E-4	-4.046055838E-4	-3.811335482E-4
-4.615328799E-4	-5.034591886E-4	-5.004171398E-4
-4.929662682E-4	-5.209183437E-4	-5.406105774E-4
-6.116195582E-4	-6.393896765E-4	-6.299276138E-4
-8.045473369E-4	-8.211210370E-4	-8.555734530E-4
-8.276661392E-4	-8.455794887E-4	-8.927014424E-4
-8.780562202E-4	-8.726504166E-4	-9.118424496E-4
-9.499478620E-4	-9.284683038E-4	-9.692034801E-4
-1.001901575E-3	-9.667041595E-4	-1.012843451E-3
-1.109310077E-3	-1.069645630E-3	-1.101368456E-3
-1.208600006E-3	-1.142932568E-3	-1.122310758E-3
-1.217490644E-3	-1.210404676E-3	-1.169456402E-3
-1.122519257E-3	-1.138746622E-3	-1.108894590E-3
-1.099350280E-3	-1.135321683E-3	-1.093261759E-3
-1.082112663E-3	-1.105984673E-3	-1.084555988E-3
-1.090112841E-3	-1.081923139E-3	-1.081767259E-3
-1.072739833E-3	-1.083912211E-3	-1.056874520E-3
-1.124913106E-3	-1.125649316E-3	-1.126091578E-3
-1.172392629E-3	-1.169227995E-3	-1.200082363E-3
-1.270593726E-3	-1.236013719E-3	-1.301406184E-3
-1.449647825E-3	-1.406210708E-3	-1.438181615E-3
-1.648405567E-3	-1.613605302E-3	-1.627064659E-3
-1.880405238E-3	-1.858342439E-3	-1.881055883E-3
-1.960626105E-3	-1.959446119E-3	-2.026011935E-3
-2.076007891E-3	-2.058620099E-3	-2.135934774E-3
-2.294515958E-3	-2.205221681E-3	-2.298301086E-3
-2.491282532E-3	-2.410073299E-3	-2.488259226E-3
-2.704257844E-3	-2.609286224E-3	-2.673659706E-3
-2.749886829E-3	-2.664074069E-3	-2.722120844E-3
-3.035561880E-3	-3.054298228E-3	-2.994376933E-3
-3.269624896E-3	-3.349079518E-3	-3.274910385E-3
-3.436769126E-3	-3.500172636E-3	-3.403850598E-3
-3.654018277E-3	-3.736475948E-3	-3.576140851E-3
-3.658278147E-3	-3.748475108E-3	-3.584905993E-3
-3.896728624E-3	-3.936234396E-3	-3.781736130E-3
-4.032369237E-3	-4.080501851E-3	-3.917201422E-3
-4.434947390E-3	-4.485059064E-3	-4.327067174E-3
-4.969110712E-3	-5.027877633E-3	-4.918391351E-3
-5.561287515E-3	-5.663223565E-3	-5.535557400E-3
-6.145123392E-3	-6.237357389E-3	-6.087563001E-3
-6.419474259E-3	-6.440881174E-3	-6.397374440E-3
-7.149691228E-3	-7.159947883E-3	-7.228979841E-3
-7.779692300E-3	-7.787978742E-3	-7.951543666E-3
-8.862170391E-3	-8.816893212E-3	-8.990166709E-3
-9.606679901E-3	-9.577129036E-3	-9.709703736E-3
-1.038826350E-2	-1.032047905E-2	-1.045957673E-2
-1.088274829E-2	-1.083209738E-2	-1.095981989E-2
-1.117924694E-2	-1.115548890E-2	-1.126908977E-2
-1.146128029E-2	-1.142752822E-2	-1.153471135E-2
-1.146573201E-2	-1.143761259E-2	-1.145476848E-2
-1.178851072E-2	-1.175142918E-2	-1.175208297E-2
-1.160104852E-2	-1.161520835E-2	-1.155681908E-2
-1.164983679E-2	-1.166634448E-2	-1.163610816E-2
-1.129652280E-2	-1.130770333E-2	-1.130213961E-2
-1.095404476E-2	-1.092033274E-2	-1.098254323E-2
-1.047529653E-2	-1.043292694E-2	-1.049951836E-2
-9.777654894E-3	-9.772210382E-3	-9.827097878E-3
-9.264504537E-3	-9.232766926E-3	-9.296495467E-3
-8.313507773E-3	-8.354441263E-3	-8.351953700E-3
-7.883987390E-3	-7.926414721E-3	-7.931789383E-3
-6.941494066E-3	-6.995997857E-3	-6.957356818E-3
-6.450982299E-3	-6.457008421E-3	-6.428205874E-3
-5.842437036E-3	-5.853643641E-3	-5.799506791E-3
-5.430590827E-3	-5.461586639E-3	-5.428238772E-3
-5.091882311E-3	-5.121953320E-3	-5.073678680E-3
-4.611473531E-3	-4.642547108E-3	-4.565353971E-3
-4.546798766E-3	-4.541899543E-3	-4.474450834E-3
-3.977311775E-3	-3.955274355E-3	-3.890383290E-3
-3.977326211E-3	-3.995604347E-3	-3.898594528E-3
-3.388226964E-3	-3.413131461E-3	-3.318823874E-3
-3.309937660E-3	-3.332954366E-3	-3.249291098E-3
-2.977427328E-3	-2.983219922E-3	-2.914293902E-3
-2.675614785E-3	-2.690979512E-3	-2.657315927E-3
-2.547096694E-3	-2.568018390E-3	-2.552744234E-3
-2.010288415E-3	-2.040381311E-3	-2.032574033E-3
-2.182074590E-3	-2.183635486E-3	-2.191973384E-3
-1.641781768E-3	-1.634911867E-3	-1.671344624E-3
-1.754501485E-3	-1.748599345E-3	-1.762079191E-3
-1.361258677E-3	-1.358409878E-3	-1.378479414E-3
-1.252938295E-3	-1.262883074E-3	-1.277418691E-3
-1.062612166E-3	-1.087002340E-3	-1.102106180E-3
-7.461893838E-4	-7.651019841E-4	-7.915793103E-4
-8.827285492E-4	-8.968201000E-4	-9.301221580E-4
-4.608609015E-4	-4.649513576E-4	-4.945817054E-4
-6.759400130E-4	-6.729184533E-4	-7.362265605E-4
-2.467965242E-4	-2.511047351E-4	-2.914717188E-4
-3.821003484E-4	-3.619267372E-4	-3.905898775E-4
-1.578208612E-4	-1.362901821E-4	-1.674249797E-4
8.275937944E-6	-4.748819151E-7	-1.022423203E-5
-7.846343215E-5	-8.600480942E-5	-1.103261966E-4
2.658434387E-4	2.726561215E-4	2.650819370E-4
-2.001544090E-6	2.551415673E-5	-4.151097528E-6
4.809253442E-4	5.086522433E-4	4.881443456E-4
2.477606467E-4	2.507272584E-4	2.678990131E-4
6.072467659E-4	6.059519364E-4	6.255600601E-4
6.425480242E-4	6.402757135E-4	6.372158532E-4
6.324501010E-4	6.244573160E-4	6.084277411E-4
9.649324347E-4	9.636580944E-4	9.396814858E-4
7.114899345E-4	7.319197757E-4	6.975199212E-4
1.237909542E-3	1.239993959E-3	1.219315454E-3
8.142674924E-4	8.052291814E-4	8.014978957E-4
1.237632707E-3	1.225283369E-3	1.230985159E-3
1.009667409E-3	1.007995103E-3	1.020920463E-3
1.153515535E-3	1.164072542E-3	1.182888751E-3
1.239493024E-3	1.234718715E-3	1.267194049E-3
1.021050964E-3	1.023159712E-3	1.054495922E-3
1.444225782E-3	1.454240293E-3	1.461305539E-3
1.005472266E-3	1.001957688E-3	1.012286521E-3
1.537363627E-3	1.534544397E-3	1.558093005E-3
1.118019340E-3	1.122725196E-3	1.135639846E-3
1.465091598E-3	1.454817830E-3	1.481476473E-3
1.318098279E-3	1.308637438E-3	1.334807486E-3
1.301296405E-3	1.297716168E-3	1.307053491E-3
1.490253955E-3	1.489000628E-3	1.516774646E-3
1.111551421E-3	1.112396829E-3	1.126506599E-3
1.598086092E-3	1.592915738E-3	1.621828647E-3
1.119706081E-3	1.087703393E-3	1.124742790E-3
1.571577624E-3	1.561308629E-3	1.580509241E-3
1.227589557E-3	1.234683674E-3	1.231550821E-3
1.438343781E-3	1.447876683E-3	1.456771279E-3
1.412365818E-3	1.420005341E-3	1.421221299E-3
1.231165137E-3	1.240500831E-3	1.225761720E-3
1.555538038E-3	1.568295062E-3	1.569189248E-3
1.113838283E-3	1.120028901E-3	1.126225223E-3
1.521885395E-3	1.529112109E-3	1.538037672E-3
1.087702229E-3	1.079753623E-3	1.092627179E-3
1.346380683E-3	1.344572520E-3	1.358681358E-3
1.210292685E-3	1.209895359E-3	1.203433145E-3
1.126169693E-3	1.119185588E-3	1.127262949E-3
1.301410142E-3	1.318376395E-3	1.303183846E-3
9.203973459E-4	9.247261332E-4	9.189228294E-4
1.341397874E-3	1.336695394E-3	1.324942801E-3
7.813652046E-4	7.850909024E-4	7.760097506E-4
1.168588875E-3	1.172370394E-3	1.146663679E-3
8.116216632E-4	8.100898121E-4	7.940750220E-4
8.058876265E-4	8.361833170E-4	7.868764224E-4
9.129761602E-4	9.072405519E-4	8.775502793E-4
4.683838924E-4	4.599723616E-4	4.340894520E-4
9.111373220E-4	9.214518941E-4	8.737387252E-4
1.704187453E-4	1.762081956E-4	1.626050798E-4
7.766571362E-4	7.736123516E-4	7.670633495E-4
8.913752390E-5	8.059688116E-5	7.741835725E-5
4.594530328E-4	4.526499542E-4	4.518886271E-4
2.255179716E-4	2.053378121E-4	2.091827919E-4
5.445426359E-5	6.949326780E-5	5.373972090E-5
4.092773597E-4	4.230152990E-4	4.278413253E-4
-2.894587815E-4	-3.030753869E-4	-2.764424135E-4
4.992614849E-4	5.159300636E-4	5.038609379E-4
-4.548328870E-4	-4.511300067E-4	-4.470184213E-4
3.377681132E-4	3.257594653E-4	3.383264411E-4
-3.822982544E-4	-3.677544591E-4	-3.405232274E-4
-2.713081813E-5	-1.874404734E-5	-1.891146167E-5
-7.581595855E-5	-8.468369924E-5	-7.155386993E-5
-4.287146439E-4	-4.454092123E-4	-4.305557231E-4
1.732067467E-4	1.673219231E-4	1.991295721E-4
-7.178778178E-4	-7.184171118E-4	-7.052505971E-4
2.389542933E-4	2.312185097E-4	2.447809675E-4
-7.054901216E-4	-7.005856023E-4	-6.846438046E-4
-6.400421989E-5	-4.655311204E-5	-3.989988545E-5
-4.666451132E-4	-4.552455212E-4	-4.550928716E-4
-4.972630413E-4	-4.911863944E-4	-4.962355597E-4
-7.061044744E-5	-5.602609235E-5	-6.537110312E-5
-8.546805475E-4	-8.376334445E-4	-8.458204684E-4
2.059086110E-4	2.006801224E-4	2.153575333E-4
-8.930786280E-4	-8.912179619E-4	-8.841123199E-4
1.546636486E-4	1.887731487E-4	1.639391412E-4
-6.403302541E-4	-6.482442259E-4	-6.572156562E-4
-2.104556916E-4	-2.070105693E-4	-2.209806989E-4
-1.645512530E-4	-1.384125644E-4	-1.391099941E-4
-6.785442238E-4	-6.813707878E-4	-7.020873018E-4
3.444003814E-4	3.566563828E-4	3.423606104E-4
-1.078065252E-3	-1.092243474E-3	-1.087445649E-3
5.320333876E-4	5.424550036E-4	5.316504394E-4
-1.100861235E-3	-1.092781662E-3	-1.108127530E-3
3.308086889E-4	3.376989334E-4	3.187989641E-4
-7.588149747E-4	-7.397900335E-4	-7.641697302E-4
-2.773751912E-4	-2.833641483E-4	-3.043787729E-4
-1.695980027E-4	-1.491257426E-4	-1.775078999E-4
-9.716216591E-4	-9.726891294E-4	-1.000155229E-3
3.881786542E-4	3.782759595E-4	3.751649347E-4
-1.390092191E-3	-1.409190241E-3	-1.398522290E-3
5.202779430E-4	5.263584899E-4	5.114520900E-4
-1.413344871E-3	-1.431636978E-3	-1.418338506E-3
1.712451776E-4	1.910192077E-4	1.683329319E-4
-9.959057206E-4	-1.003819052E-3	-9.979584720E-4
-5.333052832E-4	-5.268645473E-4	-5.282983184E-4
-3.416119143E-4	-3.428856435E-4	-3.510066599E-4
-1.205848879E-3	-1.202860265E-3	-1.188727096E-3
1.544098486E-4	1.654389926E-4	1.630043262E-4
-1.586470986E-3	-1.576355775E-3	-1.584841055E-3
2.528809127E-4	2.407944703E-4	2.566302719E-4
-1.541492762E-3	-1.547324820E-3	-1.532189664E-3
-1.371105755E-4	-1.406430674E-4	-1.378517773E-4
-1.114516519E-3	-1.095713931E-3	-1.110636280E-3
-9.724211413E-4	-9.590518312E-4	-9.599559708E-4
-4.369385424E-4	-4.398425226E-4	-4.095198819E-4
-1.715148916E-3	-1.697885687E-3	-1.692201593E-3
-1.157265651E-4	-1.067832709E-4	-1.033629378E-4
-2.111682668E-3	-2.113309456E-3	-2.085384913E-3
-1.333423716E-4	-1.672788349E-4	-1.427571842E-4
-2.081105253E-3	-2.083791420E-3	-2.054840326E-3
-6.813033251E-4	-6.894092658E-4	-6.753463531E-4
-1.680216752E-3	-1.684206421E-3	-1.650307560E-3
-1.609397703E-3	-1.603364130E-3	-1.583018573E-3
-1.065242337E-3	-1.029234845E-3	-1.025106292E-3
-2.348289592E-3	-2.343159867E-3	-2.347579692E-3
-7.336441195E-4	-7.294826792E-4	-7.090904401E-4
-2.693376737E-3	-2.655590186E-3	-2.670174232E-3
-7.708860794E-4	-7.543789688E-4	-7.671208587E-4
-2.537407912E-3	-2.526842989E-3	-2.526747761E-3
-1.208269969E-3	-1.203885535E-3	-1.196434023E-3
-2.026104135E-3	-2.001621528E-3	-2.015167847E-3
-2.029645024E-3	-2.040266991E-3	-2.032025019E-3
-1.335948356E-3	-1.337728580E-3	-1.354823005E-3
-2.573593752E-3	-2.573086414E-3	-2.597883809E-3
-1.003674348E-3	-1.002157922E-3	-1.018562471E-3
-2.863378497E-3	-2.860909328E-3	-2.881983761E-3
-1.061611227E-3	-1.074054744E-3	-1.080657239E-3
-2.703615464E-3	-2.696615644E-3	-2.737728413E-3
-1.544602448E-3	-1.555857365E-3	-1.569304499E-3
-2.181880642E-3	-2.194623696E-3	-2.206594450E-3
-2.262612106E-3	-2.256682841E-3	-2.269011689E-3
-1.646917081E-3	-1.655569882E-3	-1.661167131E-3
-2.851031488E-3	-2.833754756E-3	-2.854416845E-3
-1.383696217E-3	-1.399586326E-3	-1.404240727E-3
-3.106204094E-3	-3.116910113E-3	-3.140367568E-3
-1.565647894E-3	-1.564363716E-3	-1.563386992E-3
-3.039571224E-3	-3.047801321E-3	-3.056122223E-3
-2.013995312E-3	-2.032815479E-3	-2.041703323E-3
-2.621498192E-3	-2.641135827E-3	-2.645678585E-3
-2.651457442E-3	-2.650594572E-3	-2.657626756E-3
-2.272623824E-3	-2.282268368E-3	-2.264218638E-3
-3.115556203E-3	-3.140334040E-3	-3.119177185E-3
-2.124180784E-3	-2.136819530E-3	-2.127797808E-3
-3.438752145E-3	-3.447012743E-3	-3.441436682E-3
-2.276553540E-3	-2.272224519E-3	-2.255388768E-3
-3.347531194E-3	-3.348676022E-3	-3.332162742E-3
-2.672191709E-3	-2.656122670E-3	-2.630072646E-3
-3.057901049E-3	-3.056175774E-3	-3.029589308E-3
-3.038592869E-3	-3.029117826E-3	-2.999561839E-3
-2.773887245E-3	-2.795618959E-3	-2.759272000E-3
-3.412049729E-3	-3.418941516E-3	-3.373360494E-3
-2.698879689E-3	-2.695424249E-3	-2.667923924E-3
-3.559158882E-3	-3.557744436E-3	-3.546025604E-3
-2.860002918E-3	-2.846795600E-3	-2.840123838E-3
-3.526917193E-3	-3.509155009E-3	-3.507492365E-3
-3.164791269E-3	-3.138656262E-3	-3.142716596E-3
-3.299117787E-3	-3.298372729E-3	-3.287669038E-3
-3.433076199E-3	-3.432950005E-3	-3.437011968E-3
-3.126190044E-3	-3.131494625E-3	-3.124379786E-3
-3.606346902E-3	-3.619049909E-3	-3.606561339E-3
-3.073250642E-3	-3.078964772E-3	-3.083388088E-3
-3.655990353E-3	-3.664100310E-3	-3.673227504E-3
-3.218551865E-3	-3.208443988E-3	-3.236006945E-3
-3.565682331E-3	-3.569489578E-3	-3.573207185E-3
-3.408590797E-3	-3.410174279E-3	-3.447369207E-3
-3.416108433E-3	-3.411698854E-3	-3.437142586E-3
-3.543307073E-3	-3.519304795E-3	-3.546449356E-3
-3.171009710E-3	-3.171994817E-3	-3.192074364E-3
-3.540255828E-3	-3.545603482E-3	-3.564386163E-3
-3.172272118E-3	-3.171251388E-3	-3.196881851E-3
-3.507710993E-3	-3.516270546E-3	-3.541804152E-3
-3.223342123E-3	-3.237687284E-3	-3.255166346E-3
-3.437549574E-3	-3.442008048E-3	-3.450793913E-3
-3.432730446E-3	-3.430697834E-3	-3.457090817E-3
-3.432028228E-3	-3.446900053E-3	-3.466349095E-3
-3.592701862E-3	-3.601463046E-3	-3.616060363E-3
-3.379453439E-3	-3.395305481E-3	-3.416509600E-3
-3.650237573E-3	-3.650002414E-3	-3.640467767E-3
-3.425113158E-3	-3.450648161E-3	-3.463989357E-3
-3.667180194E-3	-3.678824287E-3	-3.689252306E-3
-3.631935455E-3	-3.629790619E-3	-3.610427491E-3
-3.738884348E-3	-3.741219174E-3	-3.745450871E-3
-3.842255799E-3	-3.837094177E-3	-3.813717049E-3
-3.790619550E-3	-3.782276530E-3	-3.740289249E-3
-3.971183673E-3	-3.970881458E-3	-3.937036730E-3
-3.841329599E-3	-3.844385268E-3	-3.805920947E-3
-4.042024724E-3	-4.039432388E-3	-3.995344974E-3
-3.900235752E-3	-3.929653671E-3	-3.879803466E-3
-4.045735113E-3	-4.047963768E-3	-4.031788558E-3
-4.044903442E-3	-4.048859235E-3	-4.024694674E-3
-4.055194557E-3	-4.051915836E-3	-4.055140074E-3
-4.161840770E-3	-4.158458207E-3	-4.151020199E-3
-4.042980727E-3	-4.046853632E-3	-4.049633630E-3
-4.249797203E-3	-4.253338557E-3	-4.257577006E-3
-4.146541469E-3	-4.150189925E-3	-4.162225872E-3
-4.335788079E-3	-4.331147764E-3	-4.323705100E-3
-4.266503733E-3	-4.270493519E-3	-4.255635664E-3
-4.360405263E-3	-4.382819869E-3	-4.359916784E-3
-4.502323456E-3	-4.497493617E-3	-4.483928904E-3
-4.533690400E-3	-4.554140382E-3	-4.526312929E-3
-4.728779662E-3	-4.732793197E-3	-4.731112625E-3
-4.651891533E-3	-4.659667611E-3	-4.656260367E-3
-4.845379386E-3	-4.853575025E-3	-4.851111211E-3
-4.823942669E-3	-4.819349851E-3	-4.829362966E-3
-4.951117095E-3	-4.953391850E-3	-4.971471615E-3
-5.010627676E-3	-5.018621217E-3	-5.038719159E-3
-5.091886036E-3	-5.111243110E-3	-5.133907776E-3
-5.202987231E-3	-5.218388513E-3	-5.239225458E-3
-5.148813128E-3	-5.158835556E-3	-5.211551674E-3
-5.280730315E-3	-5.285161082E-3	-5.327844992E-3
-5.203455687E-3	-5.213648546E-3	-5.244205240E-3
-5.252817646E-3	-5.274145864E-3	-5.297643133E-3
-5.205471534E-3	-5.215437617E-3	-5.220018793E-3
-5.120598711E-3	-5.126469769E-3	-5.177038256E-3
-5.088624079E-3	-5.103139207E-3	-5.108570214E-3
-4.986858461E-3	-4.987749737E-3	-4.990825895E-3
-5.031441804E-3	-5.028244108E-3	-5.022111814E-3
-4.959906917E-3	-4.943251144E-3	-4.950594157E-3
-4.943728447E-3	-4.958674312E-3	-4.921010695E-3
-4.833850078E-3	-4.833972547E-3	-4.814720247E-3
-4.706159700E-3	-4.722119309E-3	-4.704203922E-3
-4.648594651E-3	-4.652383272E-3	-4.633249249E-3
-4.536392633E-3	-4.542707931E-3	-4.515631590E-3
-4.518432543E-3	-4.524865653E-3	-4.497554619E-3
-4.419964738E-3	-4.451506305E-3	-4.396364558E-3
-4.434539005E-3	-4.454283975E-3	-4.424426705E-3
-4.356054589E-3	-4.362639505E-3	-4.333373625E-3
-4.306729883E-3	-4.317114595E-3	-4.307914060E-3
-4.224624019E-3	-4.239107948E-3	-4.225616343E-3
-4.129051231E-3	-4.133908078E-3	-4.144586623E-3
-4.094644915E-3	-4.086811095E-3	-4.100931808E-3
-4.032124765E-3	-4.038410261E-3	-4.030226264E-3
-4.051731899E-3	-4.049514420E-3	-4.057802726E-3
-3.985682037E-3	-3.992247395E-3	-3.997002263E-3
-3.962162416E-3	-3.963690717E-3	-3.970224410E-3
-3.880564822E-3	-3.879017197E-3	-3.894727677E-3
-3.846125910E-3	-3.866918618E-3	-3.878585994E-3
-3.846145701E-3	-3.849778557E-3	-3.855798859E-3
-3.820428159E-3	-3.827898297E-3	-3.825810039E-3
-3.850205103E-3	-3.851199290E-3	-3.842992708E-3
-3.759857966E-3	-3.783853957E-3	-3.761897795E-3
-3.759452142E-3	-3.756567603E-3	-3.753557103E-3
-3.700882196E-3	-3.700155066E-3	-3.710580757E-3
-3.731670789E-3	-3.733472200E-3	-3.729836550E-3
-3.708671313E-3	-3.722428344E-3	-3.719012020E-3
-3.708300181E-3	-3.716885345E-3	-3.718111664E-3
-3.757498227E-3	-3.754371777E-3	-3.771168645E-3
-3.764770692E-3	-3.773995209E-3	-3.773364471E-3
-3.821544116E-3	-3.838664852E-3	-3.824083600E-3
-3.860301804E-3	-3.893892746E-3	-3.887668485E-3
-3.982685972E-3	-4.015671555E-3	-3.989505116E-3
-4.040671978E-3	-4.062389024E-3	-4.059207626E-3
-4.158450291E-3	-4.169313237E-3	-4.171736073E-3
-4.182504490E-3	-4.191415384E-3	-4.214927088E-3
-4.236089997E-3	-4.237101413E-3	-4.252164625E-3
-4.283756483E-3	-4.293394275E-3	-4.315375350E-3
-4.341748543E-3	-4.350787029E-3	-4.389346577E-3
-4.415430594E-3	-4.416359589E-3	-4.445782863E-3
-4.459320568E-3	-4.464288242E-3	-4.500988871E-3
-4.520592745E-3	-4.499401897E-3	-4.525449593E-3
-4.466643557E-3	-4.455921240E-3	-4.486985039E-3
-4.475791939E-3	-4.469437990E-3	-4.497460090E-3
-4.456263036E-3	-4.457039293E-3	-4.480871838E-3
-4.528644960E-3	-4.537410568E-3	-4.558171611E-3
-4.616660532E-3	-4.634100012E-3	-4.629574250E-3
-4.743954632E-3	-4.749026150E-3	-4.726687446E-3
-4.827004857E-3	-4.831527360E-3	-4.812355153E-3
-4.825681448E-3	-4.825119395E-3	-4.803606775E-3
-4.873383325E-3	-4.871040583E-3	-4.816168454E-3
-4.860649351E-3	-4.880371969E-3	-4.865576047E-3
-5.015732720E-3	-5.025487393E-3	-4.971872550E-3
-5.053552799E-3	-5.070402287E-3	-5.024150480E-3
-5.136161577E-3	-5.153093021E-3	-5.117327906E-3
-5.157425534E-3	-5.173374899E-3	-5.138006061E-3
-5.145926494E-3	-5.152096506E-3	-5.116943270E-3
-5.226789974E-3	-5.224651191E-3	-5.213666242E-3
-5.199627951E-3	-5.201186053E-3	-5.188852549E-3
-5.255538970E-3	-5.250704940E-3	-5.257413257E-3
-5.224606488E-3	-5.202844739E-3	-5.221336149E-3
-5.188676063E-3	-5.186313763E-3	-5.184755195E-3
-5.147708114E-3	-5.159717984E-3	-5.153738428E-3
-5.090000574E-3	-5.103626288E-3	-5.114838481E-3
-5.104738288E-3	-5.128988996E-3	-5.136716180E-3
-5.083024036E-3	-5.117188208E-3	-5.115382373E-3
-5.105791148E-3	-5.151681136E-3	-5.156302825E-3
-5.038238131E-3	-5.059063435E-3	-5.056063179E-3
-4.943731707E-3	-4.948869348E-3	-4.945522640E-3
-4.859829787E-3	-4.878314212E-3	-4.875783343E-3
-4.770508036E-3	-4.800713155E-3	-4.773092922E-3
-4.768744577E-3	-4.797254223E-3	-4.774839152E-3
-4.760185722E-3	-4.791053012E-3	-4.786703736E-3
-4.763160367E-3	-4.779984709E-3	-4.772375338E-3
-4.648800474E-3	-4.675383214E-3	-4.663713742E-3
-4.496142268E-3	-4.508462269E-3	-4.519949667E-3
-4.405487329E-3	-4.416216630E-3	-4.420292098E-3
-4.325930960E-3	-4.317009356E-3	-4.350633360E-3
-4.298096988E-3	-4.292008467E-3	-4.326865543E-3
-4.209256265E-3	-4.206631798E-3	-4.260146525E-3
-4.095381126E-3	-4.086119123E-3	-4.130247980E-3
-3.980437759E-3	-3.973466344E-3	-3.999880981E-3
-3.791276598E-3	-3.790151561E-3	-3.817754565E-3
-3.713460639E-3	-3.708119737E-3	-3.748451592E-3
-3.645026824E-3	-3.631238826E-3	-3.672820516E-3
-3.568742890E-3	-3.549613059E-3	-3.598850686E-3
-3.485848662E-3	-3.470370779E-3	-3.515487304E-3
-3.382231575E-3	-3.397365799E-3	-3.417336382E-3
-3.311230335E-3	-3.305833088E-3	-3.313529538E-3
-3.176960396E-3	-3.177089151E-3	-3.189784475E-3
-3.121256595E-3	-3.120309208E-3	-3.129265504E-3
-3.014815506E-3	-3.003008896E-3	-2.973726718E-3
-2.878027735E-3	-2.851772122E-3	-2.829210134E-3
-2.714326140E-3	-2.684643958E-3	-2.630926901E-3
-2.466327045E-3	-2.457085997E-3	-2.422373742E-3
-2.334952122E-3	-2.336128848E-3	-2.282554517E-3
-2.156240167E-3	-2.181170275E-3	-2.118613804E-3
-2.028134186E-3	-2.039451152E-3	-1.964580966E-3
-1.887901453E-3	-1.924493932E-3	-1.851620153E-3
-1.736367121E-3	-1.771555864E-3	-1.692275633E-3
-1.535660820E-3	-1.573424437E-3	-1.506238477E-3
-1.303780009E-3	-1.368569443E-3	-1.277562580E-3
-1.214300399E-3	-1.260760590E-3	-1.174716512E-3
-1.139688655E-3	-1.157767605E-3	-1.088356483E-3
-1.073696767E-3	-1.098503824E-3	-1.049197163E-3
-1.039252034E-3	-1.083600568E-3	-1.051737345E-3
-9.859803831E-4	-1.031902852E-3	-1.021473086E-3
-8.526211022E-4	-8.899367531E-4	-8.860495873E-4
-6.855566171E-4	-7.084577810E-4	-7.246771711E-4
-6.411747891E-4	-6.749926251E-4	-6.983289495E-4
-6.765073049E-4	-6.997986929E-4	-7.398782182E-4
-6.653221790E-4	-6.919614389E-4	-7.437787135E-4
-6.526545621E-4	-6.670573493E-4	-7.299687131E-4
-5.693671410E-4	-6.037973217E-4	-6.569700781E-4
-4.206217127E-4	-4.378879385E-4	-4.915077006E-4
-2.386880224E-4	-2.494101354E-4	-2.963402949E-4
-1.244324085E-4	-1.318322029E-4	-2.062406711E-4
-3.370435297E-5	-3.024966463E-5	-8.091657946E-5
1.215494194E-4	1.097657660E-4	7.376442227E-5
2.898057865E-4	2.949259942E-4	2.566803596E-4
4.222117423E-4	4.526697157E-4	4.218649119E-4
5.778669729E-4	5.964194424E-4	5.566867767E-4
7.336695562E-4	7.806232898E-4	7.358370349E-4
8.545697783E-4	9.321501129E-4	8.593557286E-4
9.733100887E-4	1.062988769E-3	1.005587983E-3
1.184154768E-3	1.239394420E-3	1.196829369E-3
1.400281326E-3	1.455430058E-3	1.431609388E-3
1.640007016E-3	1.674478757E-3	1.644624863E-3
1.838426222E-3	1.856223214E-3	1.848252490E-3
1.951712184E-3	1.975676743E-3	1.992343692E-3
2.029001247E-3	2.040129388E-3	2.060428727E-3
2.076393226E-3	2.082923660E-3	2.107102424E-3
2.247427823E-3	2.257031621E-3	2.285213210E-3
2.508127596E-3	2.484705765E-3	2.546936506E-3
2.705313498E-3	2.656978089E-3	2.755736001E-3
2.832916100E-3	2.773582703E-3	2.887851326E-3
2.920341212E-3	2.844218398E-3	2.953777323E-3
2.996592084E-3	2.925083973E-3	3.036363283E-3
3.057766240E-3	2.990725450E-3	3.075717483E-3
3.119985806E-3	3.043053905E-3	3.136687214E-3
3.223257838E-3	3.147358308E-3	3.219143022E-3
3.338677809E-3	3.281681798E-3	3.314239671E-3
3.324833699E-3	3.293268150E-3	3.305155551E-3
3.301497316E-3	3.257127479E-3	3.259371268E-3
3.278105753E-3	3.262914484E-3	3.274902469E-3
3.251987975E-3	3.258008976E-3	3.234845819E-3
3.230927046E-3	3.235695884E-3	3.208879149E-3
3.173400648E-3	3.178232349E-3	3.144370392E-3
3.110130783E-3	3.117933404E-3	3.079639282E-3
3.004427068E-3	3.023605561E-3	2.989542205E-3
2.948622685E-3	2.960315440E-3	2.910950221E-3
2.932097297E-3	2.936640987E-3	2.915395191E-3
2.939377213E-3	2.962285420E-3	2.929657232E-3
2.952258103E-3	2.974464791E-3	2.941812621E-3
2.929045353E-3	2.947848290E-3	2.916600322E-3
2.929075621E-3	2.954885829E-3	2.907536225E-3
2.854161430E-3	2.884669229E-3	2.839972731E-3
2.811354818E-3	2.842698479E-3	2.802307485E-3
2.815810032E-3	2.856802195E-3	2.815084532E-3
2.858262276E-3	2.894892590E-3	2.858409192E-3
2.901596716E-3	2.916714177E-3	2.907081740E-3
2.884499962E-3	2.912521362E-3	2.879907843E-3
2.868234413E-3	2.886184026E-3	2.871076344E-3
2.798809670E-3	2.811319428E-3	2.787413076E-3
2.687226748E-3	2.719363431E-3	2.703604521E-3
2.608178649E-3	2.614722820E-3	2.609024988E-3
2.539636102E-3	2.550827339E-3	2.539848210E-3
2.491957042E-3	2.496476285E-3	2.491923748E-3
2.378745470E-3	2.389751608E-3	2.388378140E-3
2.285894239E-3	2.307512565E-3	2.308317926E-3
2.181419870E-3	2.178847091E-3	2.206257312E-3
2.101248363E-3	2.098464407E-3	2.122661797E-3
2.023315988E-3	1.997117652E-3	2.033412224E-3
1.969762612E-3	1.954994630E-3	1.983680064E-3
1.882097218E-3	1.857034746E-3	1.889816602E-3
1.812200644E-3	1.814367948E-3	1.828556298E-3
1.734834863E-3	1.721331035E-3	1.767224749E-3
1.728285803E-3	1.717261155E-3	1.745470101E-3
1.717398176E-3	1.707087387E-3	1.732008182E-3
1.707814517E-3	1.676758984E-3	1.723743626E-3
1.712475554E-3	1.701728441E-3	1.727666357E-3
1.637413399E-3	1.612366643E-3	1.639577793E-3
1.633135718E-3	1.609057654E-3	1.625344972E-3
1.518153120E-3	1.489192713E-3	1.528916531E-3
1.568723121E-3	1.523119514E-3	1.546760555E-3
1.506568515E-3	1.484581619E-3	1.493399381E-3
1.517663361E-3	1.491287025E-3	1.495326171E-3
1.500835293E-3	1.478383434E-3	1.476927195E-3
1.433469821E-3	1.418879605E-3	1.420954126E-3
1.462686923E-3	1.437905245E-3	1.433223602E-3
1.355726388E-3	1.331812004E-3	1.322933589E-3
1.429393771E-3	1.420259476E-3	1.397431479E-3
1.306757797E-3	1.297346200E-3	1.277833129E-3
1.393722603E-3	1.390810707E-3	1.384565257E-3
1.338234986E-3	1.342629897E-3	1.319934730E-3
1.370285521E-3	1.362243900E-3	1.356748049E-3
1.375863212E-3	1.379742636E-3	1.372204046E-3
1.336796675E-3	1.341355150E-3	1.326138503E-3
1.439913642E-3	1.437644591E-3	1.429949421E-3
1.269234112E-3	1.282896730E-3	1.266337000E-3
1.417654217E-3	1.439134241E-3	1.427698880E-3
1.207660418E-3	1.210351940E-3	1.214069314E-3
1.403025701E-3	1.429815195E-3	1.406412455E-3
1.266757143E-3	1.281002304E-3	1.265139785E-3
1.368685858E-3	1.390525955E-3	1.377110253E-3
1.388868201E-3	1.411231235E-3	1.410415862E-3
1.330663683E-3	1.345961471E-3	1.336024376E-3
1.466504065E-3	1.486625522E-3	1.483757631E-3
1.219169819E-3	1.244464656E-3	1.230778755E-3
1.471990719E-3	1.497578807E-3	1.489982824E-3
1.145697082E-3	1.153138583E-3	1.142169465E-3
1.464337460E-3	1.482238527E-3	1.483890112E-3
1.205001841E-3	1.202142797E-3	1.219190657E-3
1.430789707E-3	1.429193071E-3	1.434188802E-3
1.309712417E-3	1.312228967E-3	1.315061701E-3
1.285454142E-3	1.282623969E-3	1.294367132E-3
1.424154150E-3	1.424681861E-3	1.422457513E-3
1.135560218E-3	1.129009877E-3	1.144532696E-3
1.511540031E-3	1.503280364E-3	1.512122923E-3
1.027680933E-3	1.042734017E-3	1.025861944E-3
1.503441832E-3	1.512123854E-3	1.505711232E-3
1.064994605E-3	1.058963593E-3	1.052155276E-3
1.472866745E-3	1.458300161E-3	1.459211810E-3
1.216784469E-3	1.206364133E-3	1.218451303E-3
1.311215339E-3	1.303943922E-3	1.299855765E-3
1.382665592E-3	1.377235865E-3	1.378739951E-3
1.061576186E-3	1.053546905E-3	1.066330005E-3
1.521484228E-3	1.512597664E-3	1.516125631E-3
9.569274844E-4	9.378424147E-4	9.535235004E-4
1.586436527E-3	1.582772704E-3	1.586165512E-3
9.495082777E-4	9.310506284E-4	9.455894469E-4
1.553218928E-3	1.540456433E-3	1.546260668E-3
1.115415245E-3	1.083267620E-3	1.089013298E-3
1.370440586E-3	1.353349071E-3	1.391549013E-3
1.294022775E-3	1.281011966E-3	1.295720576E-3
1.065622200E-3	1.054517576E-3	1.058753813E-3
1.406730036E-3	1.388360979E-3	1.399273984E-3
8.755295421E-4	8.700428880E-4	8.687769878E-4
1.494909870E-3	1.495462260E-3	1.483990345E-3
8.285155054E-4	8.207221981E-4	8.064137655E-4
1.475968980E-3	1.485338551E-3	1.469040290E-3
8.908723830E-4	8.887487347E-4	8.898276137E-4
1.271893969E-3	1.281848992E-3	1.254681731E-3
1.085045165E-3	1.092251274E-3	1.073189196E-3
9.752130136E-4	9.869467467E-4	9.707107092E-4
1.232077018E-3	1.231092960E-3	1.222305582E-3
8.170903893E-4	8.196903509E-4	8.067988674E-4
1.319340081E-3	1.339718583E-3	1.313046319E-3
6.995911244E-4	7.201121771E-4	7.033899892E-4
1.311810804E-3	1.323795179E-3	1.317206072E-3
7.654040237E-4	7.856605807E-4	7.645708974E-4
1.126653398E-3	1.138890977E-3	1.132018864E-3
9.345419239E-4	9.488657233E-4	9.357326198E-4
8.764475933E-4	8.877313812E-4	8.723555948E-4
1.023482531E-3	1.040332252E-3	1.033016364E-3
6.946448702E-4	7.152983453E-4	7.076046895E-4
1.143055037E-3	1.156031969E-3	1.165239140E-3
6.306260475E-4	6.326542934E-4	6.390691269E-4
1.166501315E-3	1.172838151E-3	1.172918128E-3
6.965960492E-4	7.178222295E-4	7.177725201E-4
1.010908629E-3	1.019004150E-3	1.014242531E-3
9.018459823E-4	9.086486534E-4	9.026604821E-4
8.867480792E-4	8.791640867E-4	8.899031091E-4
1.070453669E-3	1.072329120E-3	1.073515392E-3
8.139120764E-4	8.161279256E-4	8.196503040E-4
1.244771993E-3	1.244975836E-3	1.245454652E-3
8.074861835E-4	7.926008548E-4	8.084877045E-4
1.284020604E-3	1.270178123E-3	1.264928724E-3
9.521094617E-4	9.427038603E-4	9.427735931E-4
1.174206031E-3	1.155342208E-3	1.174033037E-3
1.112784143E-3	1.088595949E-3	1.098544220E-3
1.083045383E-3	1.056273351E-3	1.079047332E-3
1.261749887E-3	1.235057367E-3	1.245105639E-3
1.000697608E-3	9.807865135E-4	1.012268476E-3
1.414909842E-3	1.394414692E-3	1.405808027E-3
1.038802555E-3	1.011111424E-3	1.028184197E-3
1.368289348E-3	1.356789144E-3	1.373576117E-3
1.097576343E-3	1.109527773E-3	1.113084261E-3
1.215150580E-3	1.217847574E-3	1.210085000E-3
1.155235688E-3	1.151158707E-3	1.147275092E-3
1.061567222E-3	1.064141281E-3	1.053258544E-3
1.218076097E-3	1.219281578E-3	1.212667907E-3
9.472686797E-4	9.575935546E-4	9.341413388E-4
1.251962152E-3	1.252231421E-3	1.245198539E-3
9.491248638E-4	9.457151755E-4	9.395498200E-4
1.177837607E-3	1.185371540E-3	1.192990923E-3
1.032077707E-3	1.024470315E-3	1.018408104E-3
1.079318346E-3	1.079349080E-3	1.081770170E-3
1.101503847E-3	1.112128957E-3	1.097668777E-3
1.018458745E-3	1.022102660E-3	1.025019679E-3
1.227373723E-3	1.242037048E-3	1.218818943E-3
1.001874916E-3	1.020014752E-3	1.014077920E-3
1.269072411E-3	1.275737653E-3	1.286166837E-3
1.064827782E-3	1.080106827E-3	1.063222648E-3
1.217430225E-3	1.225872082E-3	1.204023603E-3
1.124532311E-3	1.131482190E-3	1.128744800E-3
1.150211552E-3	1.155791688E-3	1.153807621E-3
1.202143729E-3	1.209437847E-3	1.211755094E-3
1.069209073E-3	1.088162884E-3	1.088174526E-3
1.264944789E-3	1.265473198E-3	1.277017640E-3
1.070847618E-3	1.059364295E-3	1.082371338E-3
1.255068113E-3	1.258254051E-3	1.252487767E-3
1.116380212E-3	1.103715273E-3	1.122786081E-3
1.180395600E-3	1.176817575E-3	1.187140704E-3
1.143176225E-3	1.132252859E-3	1.153503661E-3
1.121900859E-3	1.115008956E-3	1.120654284E-3
1.203307416E-3	1.195524004E-3	1.194271259E-3
1.059449045E-3	1.051029656E-3	1.075862092E-3
1.248745946E-3	1.222119899E-3	1.235997537E-3
1.092056977E-3	1.092520077E-3	1.104176394E-3
1.248767367E-3	1.241939724E-3	1.245540101E-3
1.178301289E-3	1.170416130E-3	1.181550440E-3
1.215425320E-3	1.217110199E-3	1.211274648E-3
1.230566297E-3	1.233926043E-3	1.215718221E-3
1.154268743E-3	1.149734831E-3	1.145459013E-3
1.278835000E-3	1.277957810E-3	1.271414687E-3
1.161054359E-3	1.151743578E-3	1.145779737E-3
1.313690911E-3	1.303743455E-3	1.294093439E-3
1.224761014E-3	1.212156028E-3	1.214824268E-3
1.316995011E-3	1.314725727E-3	1.332157641E-3
1.308895531E-3	1.307780272E-3	1.320009702E-3
1.298291842E-3	1.293768990E-3	1.302196644E-3
1.369736390E-3	1.358001959E-3	1.361463568E-3
1.269556698E-3	1.283746213E-3	1.277322881E-3
1.410489669E-3	1.402121386E-3	1.400622190E-3
1.319429604E-3	1.316415146E-3	1.310015796E-3
1.430982724E-3	1.431414043E-3	1.422889531E-3
1.376845757E-3	1.380408881E-3	1.377137378E-3
1.422625734E-3	1.426417381E-3	1.425890252E-3
1.452849596E-3	1.455239137E-3	1.450288924E-3
1.429848606E-3	1.425541937E-3	1.416203333E-3
1.494200435E-3	1.514344243E-3	1.496587414E-3
1.406527124E-3	1.424207701E-3	1.405628864E-3
1.503589214E-3	1.528368215E-3	1.510520582E-3
1.445494010E-3	1.457548467E-3	1.448324416E-3
1.506994246E-3	1.511435141E-3	1.515837619E-3
1.485975925E-3	1.475071069E-3	1.479220460E-3
1.495121745E-3	1.508484827E-3	1.492064563E-3
1.545019681E-3	1.555045019E-3	1.542581129E-3
1.501058112E-3	1.503172680E-3	1.500947517E-3
1.602659118E-3	1.608965802E-3	1.603499521E-3
1.523433835E-3	1.536355587E-3	1.527046785E-3
1.629147911E-3	1.636151341E-3	1.616250142E-3
1.585889258E-3	1.579364180E-3	1.587129198E-3
1.639424590E-3	1.631120569E-3	1.640351838E-3
1.648144098E-3	1.645443146E-3	1.651788247E-3
1.637801062E-3	1.633289037E-3	1.651960425E-3
1.694211503E-3	1.698487904E-3	1.691584243E-3
1.671348931E-3	1.645652810E-3	1.655823900E-3
1.740607666E-3	1.740134321E-3	1.740291947E-3
1.695023850E-3	1.679536537E-3	1.679861918E-3
1.747948118E-3	1.736634295E-3	1.736662933E-3
1.693724422E-3	1.688686316E-3	1.679325127E-3
1.711717458E-3	1.696918858E-3	1.691293204E-3
1.701890724E-3	1.695361920E-3	1.696826774E-3
1.664252370E-3	1.649312675E-3	1.656086766E-3
1.684740768E-3	1.688831020E-3	1.681476249E-3
1.625818433E-3	1.607185346E-3	1.623797114E-3
1.652381150E-3	1.649500919E-3	1.641963259E-3
1.585412072E-3	1.573405112E-3	1.574823633E-3
1.587714418E-3	1.603835844E-3	1.596120885E-3
1.563473023E-3	1.566526596E-3	1.560098724E-3
1.531369169E-3	1.531333430E-3	1.522468519E-3
1.539053745E-3	1.541463309E-3	1.538516255E-3
1.470425515E-3	1.480301376E-3	1.474947669E-3
1.475549536E-3	1.492997631E-3	1.488769194E-3
1.409561606E-3	1.423767186E-3	1.421711990E-3
1.419619657E-3	1.424389775E-3	1.430631964E-3
1.376767410E-3	1.370671089E-3	1.378235640E-3
1.376295113E-3	1.377471141E-3	1.370233367E-3
1.365384320E-3	1.350843580E-3	1.356929541E-3
1.333888504E-3	1.331443549E-3	1.332419342E-3
1.335031935E-3	1.336803427E-3	1.339255716E-3
1.285573235E-3	1.279344084E-3	1.281591249E-3
1.290888060E-3	1.290998305E-3	1.311535598E-3
1.251038164E-3	1.253222697E-3	1.259210752E-3
1.251826179E-3	1.264114049E-3	1.257533324E-3
1.235307427E-3	1.219073427E-3	1.231022296E-3
1.211643568E-3	1.214943826E-3	1.208824804E-3
1.215380966E-3	1.213031705E-3	1.202742918E-3
1.163000707E-3	1.176251564E-3	1.174032805E-3
1.180829946E-3	1.194291399E-3	1.181101310E-3
1.143697882E-3	1.148418407E-3	1.152104232E-3
1.139620086E-3	1.145700342E-3	1.148145064E-3
1.120445319E-3	1.126412186E-3	1.135890023E-3
1.108929748E-3	1.101852045E-3	1.110010315E-3
1.115323161E-3	1.120954286E-3	1.105594216E-3
1.089428551E-3	1.091055223E-3	1.089588972E-3
1.111110672E-3	1.107775373E-3	1.101251342E-3
1.076381304E-3	1.082484727E-3	1.076744753E-3
1.095572137E-3	1.085470547E-3	1.099162968E-3
1.097939094E-3	1.086648204E-3	1.089910977E-3
1.095408574E-3	1.091784099E-3	1.092375955E-3
1.090164296E-3	1.086633303E-3	1.087474404E-3
1.096788677E-3	1.102341921E-3	1.102178590E-3
1.124522765E-3	1.124082599E-3	1.126602059E-3
1.116038766E-3	1.121224952E-3	1.123000053E-3
1.140985521E-3	1.157719176E-3	1.145909890E-3
1.163204084E-3	1.158602769E-3	1.155016711E-3
1.172136050E-3	1.161696040E-3	1.170646981E-3
1.188469119E-3	1.175176702E-3	1.181476982E-3
1.199931721E-3	1.206049696E-3	1.205635723E-3
1.247500419E-3	1.238152501E-3	1.233783900E-3
1.255231444E-3	1.261636266E-3	1.242972328E-3
1.294219517E-3	1.295899274E-3	1.296813251E-3
1.330179744E-3	1.312291017E-3	1.313900808E-3
1.338701928E-3	1.354015898E-3	1.339709968E-3
1.350803417E-3	1.354042790E-3	1.366041717E-3
1.379865687E-3	1.381891430E-3	1.390432590E-3
1.407436561E-3	1.403579721E-3	1.406623167E-3
1.419079956E-3	1.422343194E-3	1.416914281E-3
1.435874612E-3	1.452102442E-3	1.442342415E-3
1.456755563E-3	1.472162548E-3	1.461358741E-3
1.474801451E-3	1.476267586E-3	1.477898448E-3
1.480414765E-3	1.489856862E-3	1.488877810E-3
1.508256304E-3	1.500837039E-3	1.502319588E-3
1.526168315E-3	1.517539844E-3	1.528528170E-3
1.527628163E-3	1.515475335E-3	1.533628092E-3
1.556754345E-3	1.545373001E-3	1.559730968E-3
