800000000.000000
800093760.000000
800187520.000000
800281280.000000
800374976.000000
800468736.000000
800562496.000000
800656256.000000
800750016.000000
800843776.000000
800937472.000000
801031232.000000
801124992.000000
801218752.000000
801312512.000000
801406272.000000
801500032.000000
801593728.000000
801687488.000000
801781248.000000
801875008.000000
801968768.000000
802062528.000000
802156224.000000
802249984.000000
802343744.000000
802437504.000000
802531264.000000
802625024.000000
802718720.000000
802812480.000000
802906240.000000
803000000.000000
803093760.000000
803187520.000000
803281280.000000
803374976.000000
803468736.000000
803562496.000000
803656256.000000
803750016.000000
803843776.000000
803937472.000000
804031232.000000
804124992.000000
804218752.000000
804312512.000000
804406272.000000
804499968.000000
804593728.000000
804687488.000000
804781248.000000
804875008.000000
804968768.000000
805062528.000000
805156224.000000
805249984.000000
805343744.000000
805437504.000000
805531264.000000
805625024.000000
805718720.000000
805812480.000000
805906240.000000
806000000.000000
806093760.000000
806187520.000000
806281280.000000
806374976.000000
806468736.000000
806562496.000000
806656256.000000
806750016.000000
806843776.000000
806937472.000000
807031232.000000
807124992.000000
807218752.000000
807312512.000000
807406272.000000
807500032.000000
807593728.000000
807687488.000000
807781248.000000
807875008.000000
807968768.000000
808062528.000000
808156224.000000
808249984.000000
808343744.000000
808437504.000000
808531264.000000
808625024.000000
808718720.000000
808812480.000000
808906240.000000
809000000.000000
809093760.000000
809187520.000000
809281280.000000
809374976.000000
809468736.000000
809562496.000000
809656256.000000
809750016.000000
809843776.000000
809937472.000000
810031232.000000
810124992.000000
810218752.000000
810312512.000000
810406272.000000
810499968.000000
810593728.000000
810687488.000000
810781248.000000
810875008.000000
810968768.000000
811062528.000000
811156224.000000
811249984.000000
811343744.000000
811437504.000000
811531264.000000
811625024.000000
811718720.000000
811812480.000000
811906240.000000
812000000.000000
812093760.000000
812187520.000000
812281280.000000
812374976.000000
812468736.000000
812562496.000000
812656256.000000
812750016.000000
812843776.000000
812937472.000000
813031232.000000
813124992.000000
813218752.000000
813312512.000000
813406272.000000
813500032.000000
813593728.000000
813687488.000000
813781248.000000
813875008.000000
813968768.000000
814062528.000000
814156224.000000
814249984.000000
814343744.000000
814437504.000000
814531264.000000
814625024.000000
814718720.000000
814812480.000000
814906240.000000
815000000.000000
815093760.000000
815187520.000000
815281280.000000
815374976.000000
815468736.000000
815562496.000000
815656256.000000
815750016.000000
815843776.000000
815937472.000000
816031232.000000
816124992.000000
816218752.000000
816312512.000000
816406272.000000
816499968.000000
816593728.000000
816687488.000000
816781248.000000
816875008.000000
816968768.000000
817062528.000000
817156224.000000
817249984.000000
817343744.000000
817437504.000000
817531264.000000
817625024.000000
817718720.000000
817812480.000000
817906240.000000
818000000.000000
818093760.000000
818187520.000000
818281280.000000
818374976.000000
818468736.000000
818562496.000000
818656256.000000
818750016.000000
818843776.000000
818937472.000000
819031232.000000
819124992.000000
819218752.000000
819312512.000000
819406272.000000
819500032.000000
819593728.000000
819687488.000000
819781248.000000
819875008.000000
819968768.000000
820062528.000000
820156224.000000
820249984.000000
820343744.000000
820437504.000000
820531264.000000
820625024.000000
820718720.000000
820812480.000000
820906240.000000
821000000.000000
821093760.000000
821187520.000000
821281280.000000
821374976.000000
821468736.000000
821562496.000000
821656256.000000
821750016.000000
821843776.000000
821937472.000000
822031232.000000
822124992.000000
822218752.000000
822312512.000000
822406272.000000
822499968.000000
822593728.000000
822687488.000000
822781248.000000
822875008.000000
822968768.000000
823062528.000000
823156224.000000
823249984.000000
823343744.000000
823437504.000000
823531264.000000
823625024.000000
823718720.000000
823812480.000000
823906240.000000
824000000.000000
824093760.000000
824187520.000000
824281280.000000
824374976.000000
824468736.000000
824562496.000000
824656256.000000
824750016.000000
824843776.000000
824937472.000000
825031232.000000
825124992.000000
825218752.000000
825312512.000000
825406272.000000
825500032.000000
825593728.000000
825687488.000000
825781248.000000
825875008.000000
825968768.000000
826062528.000000
826156224.000000
826249984.000000
826343744.000000
826437504.000000
826531264.000000
826625024.000000
826718720.000000
826812480.000000
826906240.000000
827000000.000000
827093760.000000
827187520.000000
827281280.000000
827374976.000000
827468736.000000
827562496.000000
827656256.000000
827750016.000000
827843776.000000
827937472.000000
828031232.000000
828124992.000000
828218752.000000
828312512.000000
828406272.000000
828499968.000000
828593728.000000
828687488.000000
828781248.000000
828875008.000000
828968768.000000
829062528.000000
829156224.000000
829249984.000000
829343744.000000
829437504.000000
829531264.000000
829625024.000000
829718720.000000
829812480.000000
829906240.000000
830000000.000000
830093760.000000
830187520.000000
830281280.000000
830374976.000000
830468736.000000
830562496.000000
830656256.000000
830750016.000000
830843776.000000
830937472.000000
831031232.000000
831124992.000000
831218752.000000
831312512.000000
831406272.000000
831500032.000000
831593728.000000
831687488.000000
831781248.000000
831875008.000000
831968768.000000
832062528.000000
832156224.000000
832249984.000000
832343744.000000
832437504.000000
832531264.000000
832625024.000000
832718720.000000
832812480.000000
832906240.000000
833000000.000000
833093760.000000
833187520.000000
833281280.000000
833374976.000000
833468736.000000
833562496.000000
833656256.000000
833750016.000000
833843776.000000
833937472.000000
834031232.000000
834124992.000000
834218752.000000
834312512.000000
834406272.000000
834499968.000000
834593728.000000
834687488.000000
834781248.000000
834875008.000000
834968768.000000
835062528.000000
835156224.000000
835249984.000000
835343744.000000
835437504.000000
835531264.000000
835625024.000000
835718720.000000
835812480.000000
835906240.000000
836000000.000000
836093760.000000
836187520.000000
836281280.000000
836374976.000000
836468736.000000
836562496.000000
836656256.000000
836750016.000000
836843776.000000
836937472.000000
837031232.000000
837124992.000000
837218752.000000
837312512.000000
837406272.000000
837500032.000000
837593728.000000
837687488.000000
837781248.000000
837875008.000000
837968768.000000
838062528.000000
838156224.000000
838249984.000000
838343744.000000
838437504.000000
838531264.000000
838625024.000000
838718720.000000
838812480.000000
838906240.000000
839000000.000000
839093760.000000
839187520.000000
839281280.000000
839374976.000000
839468736.000000
839562496.000000
839656256.000000
839750016.000000
839843776.000000
839937472.000000
840031232.000000
840124992.000000
840218752.000000
840312512.000000
840406272.000000
840499968.000000
840593728.000000
840687488.000000
840781248.000000
840875008.000000
840968768.000000
841062528.000000
841156224.000000
841249984.000000
841343744.000000
841437504.000000
841531264.000000
841625024.000000
841718720.000000
841812480.000000
841906240.000000
842000000.000000
842093760.000000
842187520.000000
842281280.000000
842374976.000000
842468736.000000
842562496.000000
842656256.000000
842750016.000000
842843776.000000
842937472.000000
843031232.000000
843124992.000000
843218752.000000
843312512.000000
843406272.000000
843500032.000000
843593728.000000
843687488.000000
843781248.000000
843875008.000000
843968768.000000
844062528.000000
844156224.000000
844249984.000000
844343744.000000
844437504.000000
844531264.000000
844625024.000000
844718720.000000
844812480.000000
844906240.000000
845000000.000000
845093760.000000
845187520.000000
845281280.000000
845374976.000000
845468736.000000
845562496.000000
845656256.000000
845750016.000000
845843776.000000
845937472.000000
846031232.000000
846124992.000000
846218752.000000
846312512.000000
846406272.000000
846499968.000000
846593728.000000
846687488.000000
846781248.000000
846875008.000000
846968768.000000
847062528.000000
847156224.000000
847249984.000000
847343744.000000
847437504.000000
847531264.000000
847625024.000000
847718720.000000
847812480.000000
847906240.000000
848000000.000000
848093760.000000
848187520.000000
848281280.000000
848374976.000000
848468736.000000
848562496.000000
848656256.000000
848750016.000000
848843776.000000
848937472.000000
849031232.000000
849124992.000000
849218752.000000
849312512.000000
849406272.000000
849500032.000000
849593728.000000
849687488.000000
849781248.000000
849875008.000000
849968768.000000
850062528.000000
850156224.000000
850249984.000000
850343744.000000
850437504.000000
850531264.000000
850625024.000000
850718720.000000
850812480.000000
850906240.000000
851000000.000000
851093760.000000
851187520.000000
851281280.000000
851374976.000000
851468736.000000
851562496.000000
851656256.000000
851750016.000000
851843776.000000
851937472.000000
852031232.000000
852124992.000000
852218752.000000
852312512.000000
852406272.000000
852499968.000000
852593728.000000
852687488.000000
852781248.000000
852875008.000000
852968768.000000
853062528.000000
853156224.000000
853249984.000000
853343744.000000
853437504.000000
853531264.000000
853625024.000000
853718720.000000
853812480.000000
853906240.000000
854000000.000000
854093760.000000
854187520.000000
854281280.000000
854374976.000000
854468736.000000
854562496.000000
854656256.000000
854750016.000000
854843776.000000
854937472.000000
855031232.000000
855124992.000000
855218752.000000
855312512.000000
855406272.000000
855500032.000000
855593728.000000
855687488.000000
855781248.000000
855875008.000000
855968768.000000
856062528.000000
856156224.000000
856249984.000000
856343744.000000
856437504.000000
856531264.000000
856625024.000000
856718720.000000
856812480.000000
856906240.000000
857000000.000000
857093760.000000
857187520.000000
857281280.000000
857374976.000000
857468736.000000
857562496.000000
857656256.000000
857750016.000000
857843776.000000
857937472.000000
858031232.000000
858124992.000000
858218752.000000
858312512.000000
858406272.000000
858499968.000000
858593728.000000
858687488.000000
858781248.000000
858875008.000000
858968768.000000
859062528.000000
859156224.000000
859249984.000000
859343744.000000
859437504.000000
859531264.000000
859625024.000000
859718720.000000
859812480.000000
859906240.000000
860000000.000000
860093760.000000
860187520.000000
860281280.000000
860374976.000000
860468736.000000
860562496.000000
860656256.000000
860750016.000000
860843776.000000
860937472.000000
861031232.000000
861124992.000000
861218752.000000
861312512.000000
861406272.000000
861500032.000000
861593728.000000
861687488.000000
861781248.000000
861875008.000000
861968768.000000
862062528.000000
862156224.000000
862249984.000000
862343744.000000
862437504.000000
862531264.000000
862625024.000000
862718720.000000
862812480.000000
862906240.000000
863000000.000000
863093760.000000
863187520.000000
863281280.000000
863374976.000000
863468736.000000
863562496.000000
863656256.000000
863750016.000000
863843776.000000
863937472.000000
864031232.000000
864124992.000000
864218752.000000
864312512.000000
864406272.000000
864499968.000000
864593728.000000
864687488.000000
864781248.000000
864875008.000000
864968768.000000
865062528.000000
865156224.000000
865249984.000000
865343744.000000
865437504.000000
865531264.000000
865625024.000000
865718720.000000
865812480.000000
865906240.000000
866000000.000000
866093760.000000
866187520.000000
866281280.000000
866374976.000000
866468736.000000
866562496.000000
866656256.000000
866750016.000000
866843776.000000
866937472.000000
867031232.000000
867124992.000000
867218752.000000
867312512.000000
867406272.000000
867500032.000000
867593728.000000
867687488.000000
867781248.000000
867875008.000000
867968768.000000
868062528.000000
868156224.000000
868249984.000000
868343744.000000
868437504.000000
868531264.000000
868625024.000000
868718720.000000
868812480.000000
868906240.000000
869000000.000000
869093760.000000
869187520.000000
869281280.000000
869374976.000000
869468736.000000
869562496.000000
869656256.000000
869750016.000000
869843776.000000
869937472.000000
870031232.000000
870124992.000000
870218752.000000
870312512.000000
870406272.000000
870499968.000000
870593728.000000
870687488.000000
870781248.000000
870875008.000000
870968768.000000
871062528.000000
871156224.000000
871249984.000000
871343744.000000
871437504.000000
871531264.000000
871625024.000000
871718720.000000
871812480.000000
871906240.000000
872000000.000000
872093760.000000
872187520.000000
872281280.000000
872374976.000000
872468736.000000
872562496.000000
872656256.000000
872750016.000000
872843776.000000
872937472.000000
873031232.000000
873124992.000000
873218752.000000
873312512.000000
873406272.000000
873500032.000000
873593728.000000
873687488.000000
873781248.000000
873875008.000000
873968768.000000
874062528.000000
874156224.000000
874249984.000000
874343744.000000
874437504.000000
874531264.000000
874625024.000000
874718720.000000
874812480.000000
874906240.000000
875000000.000000
875093760.000000
875187520.000000
875281280.000000
875374976.000000
875468736.000000
875562496.000000
875656256.000000
875750016.000000
875843776.000000
875937472.000000
876031232.000000
876124992.000000
876218752.000000
876312512.000000
876406272.000000
876499968.000000
876593728.000000
876687488.000000
876781248.000000
876875008.000000
876968768.000000
877062528.000000
877156224.000000
877249984.000000
877343744.000000
877437504.000000
877531264.000000
877625024.000000
877718720.000000
877812480.000000
877906240.000000
878000000.000000
878093760.000000
878187520.000000
878281280.000000
878374976.000000
878468736.000000
878562496.000000
878656256.000000
878750016.000000
878843776.000000
878937472.000000
879031232.000000
879124992.000000
879218752.000000
879312512.000000
879406272.000000
879500032.000000
879593728.000000
879687488.000000
879781248.000000
879875008.000000
879968768.000000
880062528.000000
880156224.000000
880249984.000000
880343744.000000
880437504.000000
880531264.000000
880625024.000000
880718720.000000
880812480.000000
880906240.000000
881000000.000000
881093760.000000
881187520.000000
881281280.000000
881374976.000000
881468736.000000
881562496.000000
881656256.000000
881750016.000000
881843776.000000
881937472.000000
882031232.000000
882124992.000000
882218752.000000
882312512.000000
882406272.000000
882499968.000000
882593728.000000
882687488.000000
882781248.000000
882875008.000000
882968768.000000
883062528.000000
883156224.000000
883249984.000000
883343744.000000
883437504.000000
883531264.000000
883625024.000000
883718720.000000
883812480.000000
883906240.000000
884000000.000000
884093760.000000
884187520.000000
884281280.000000
884374976.000000
884468736.000000
884562496.000000
884656256.000000
884750016.000000
884843776.000000
884937472.000000
885031232.000000
885124992.000000
885218752.000000
885312512.000000
885406272.000000
885500032.000000
885593728.000000
885687488.000000
885781248.000000
885875008.000000
885968768.000000
886062528.000000
886156224.000000
886249984.000000
886343744.000000
886437504.000000
886531264.000000
886625024.000000
886718720.000000
886812480.000000
886906240.000000
887000000.000000
887093760.000000
887187520.000000
887281280.000000
887374976.000000
887468736.000000
887562496.000000
887656256.000000
887750016.000000
887843776.000000
887937472.000000
888031232.000000
888124992.000000
888218752.000000
888312512.000000
888406272.000000
888499968.000000
888593728.000000
888687488.000000
888781248.000000
888875008.000000
888968768.000000
889062528.000000
889156224.000000
889249984.000000
889343744.000000
889437504.000000
889531264.000000
889625024.000000
889718720.000000
889812480.000000
889906240.000000
890000000.000000
890093760.000000
890187520.000000
890281280.000000
890374976.000000
890468736.000000
890562496.000000
890656256.000000
890750016.000000
890843776.000000
890937472.000000
891031232.000000
891124992.000000
891218752.000000
891312512.000000
891406272.000000
891500032.000000
891593728.000000
891687488.000000
891781248.000000
891875008.000000
891968768.000000
892062528.000000
892156224.000000
892249984.000000
892343744.000000
892437504.000000
892531264.000000
892625024.000000
892718720.000000
892812480.000000
892906240.000000
893000000.000000
893093760.000000
893187520.000000
893281280.000000
893374976.000000
893468736.000000
893562496.000000
893656256.000000
893750016.000000
893843776.000000
893937472.000000
894031232.000000
894124992.000000
894218752.000000
894312512.000000
894406272.000000
894499968.000000
894593728.000000
894687488.000000
894781248.000000
894875008.000000
894968768.000000
895062528.000000
895156224.000000
895249984.000000
895343744.000000
895437504.000000
895531264.000000
895625024.000000
895718720.000000
895812480.000000
895906240.000000
896000000.000000
896093760.000000
896187520.000000
896281280.000000
896374976.000000
896468736.000000
896562496.000000
896656256.000000
896750016.000000
896843776.000000
896937472.000000
897031232.000000
897124992.000000
897218752.000000
897312512.000000
897406272.000000
897500032.000000
897593728.000000
897687488.000000
897781248.000000
897875008.000000
897968768.000000
898062528.000000
898156224.000000
898249984.000000
898343744.000000
898437504.000000
898531264.000000
898625024.000000
898718720.000000
898812480.000000
898906240.000000
899000000.000000
899093760.000000
899187520.000000
899281280.000000
899374976.000000
899468736.000000
899562496.000000
899656256.000000
899750016.000000
899843776.000000
899937472.000000
900031232.000000
900124992.000000
900218752.000000
900312512.000000
900406272.000000
900499968.000000
900593728.000000
900687488.000000
900781248.000000
900875008.000000
900968768.000000
901062528.000000
901156224.000000
901249984.000000
901343744.000000
901437504.000000
901531264.000000
901625024.000000
901718720.000000
901812480.000000
901906240.000000
902000000.000000
902093760.000000
902187520.000000
902281280.000000
902374976.000000
902468736.000000
902562496.000000
902656256.000000
902750016.000000
902843776.000000
902937472.000000
903031232.000000
903124992.000000
903218752.000000
903312512.000000
903406272.000000
903500032.000000
903593728.000000
903687488.000000
903781248.000000
903875008.000000
903968768.000000
904062528.000000
904156224.000000
904249984.000000
904343744.000000
904437504.000000
904531264.000000
904625024.000000
904718720.000000
904812480.000000
904906240.000000
905000000.000000
905093760.000000
905187520.000000
905281280.000000
905374976.000000
905468736.000000
905562496.000000
905656256.000000
905750016.000000
905843776.000000
905937472.000000
906031232.000000
906124992.000000
906218752.000000
906312512.000000
906406272.000000
906499968.000000
906593728.000000
906687488.000000
906781248.000000
906875008.000000
906968768.000000
907062528.000000
907156224.000000
907249984.000000
907343744.000000
907437504.000000
907531264.000000
907625024.000000
907718720.000000
907812480.000000
907906240.000000
908000000.000000
908093760.000000
908187520.000000
908281280.000000
908374976.000000
908468736.000000
908562496.000000
908656256.000000
908750016.000000
908843776.000000
908937472.000000
909031232.000000
909124992.000000
909218752.000000
909312512.000000
909406272.000000
909500032.000000
909593728.000000
909687488.000000
909781248.000000
909875008.000000
909968768.000000
910062528.000000
910156224.000000
910249984.000000
910343744.000000
910437504.000000
910531264.000000
910625024.000000
910718720.000000
910812480.000000
910906240.000000
911000000.000000
911093760.000000
911187520.000000
911281280.000000
911374976.000000
911468736.000000
911562496.000000
911656256.000000
911750016.000000
911843776.000000
911937472.000000
912031232.000000
912124992.000000
912218752.000000
912312512.000000
912406272.000000
912499968.000000
912593728.000000
912687488.000000
912781248.000000
912875008.000000
912968768.000000
913062528.000000
913156224.000000
913249984.000000
913343744.000000
913437504.000000
913531264.000000
913625024.000000
913718720.000000
913812480.000000
913906240.000000
914000000.000000
914093760.000000
914187520.000000
914281280.000000
914374976.000000
914468736.000000
914562496.000000
914656256.000000
914750016.000000
914843776.000000
914937472.000000
915031232.000000
915124992.000000
915218752.000000
915312512.000000
915406272.000000
915500032.000000
915593728.000000
915687488.000000
915781248.000000
915875008.000000
915968768.000000
916062528.000000
916156224.000000
916249984.000000
916343744.000000
916437504.000000
916531264.000000
916625024.000000
916718720.000000
916812480.000000
916906240.000000
917000000.000000
917093760.000000
917187520.000000
917281280.000000
917374976.000000
917468736.000000
917562496.000000
917656256.000000
917750016.000000
917843776.000000
917937472.000000
918031232.000000
918124992.000000
918218752.000000
918312512.000000
918406272.000000
918499968.000000
918593728.000000
918687488.000000
918781248.000000
918875008.000000
918968768.000000
919062528.000000
919156224.000000
919249984.000000
919343744.000000
919437504.000000
919531264.000000
919625024.000000
919718720.000000
919812480.000000
919906240.000000
920000000.000000
920093760.000000
920187520.000000
920281280.000000
920374976.000000
920468736.000000
920562496.000000
920656256.000000
920750016.000000
920843776.000000
920937472.000000
921031232.000000
921124992.000000
921218752.000000
921312512.000000
921406272.000000
921500032.000000
921593728.000000
921687488.000000
921781248.000000
921875008.000000
921968768.000000
922062528.000000
922156224.000000
922249984.000000
922343744.000000
922437504.000000
922531264.000000
922625024.000000
922718720.000000
922812480.000000
922906240.000000
923000000.000000
923093760.000000
923187520.000000
923281280.000000
923374976.000000
923468736.000000
923562496.000000
923656256.000000
923750016.000000
923843776.000000
923937472.000000
924031232.000000
924124992.000000
924218752.000000
924312512.000000
924406272.000000
924499968.000000
924593728.000000
924687488.000000
924781248.000000
924875008.000000
924968768.000000
925062528.000000
925156224.000000
925249984.000000
925343744.000000
925437504.000000
925531264.000000
925625024.000000
925718720.000000
925812480.000000
925906240.000000
926000000.000000
926093760.000000
926187520.000000
926281280.000000
926374976.000000
926468736.000000
926562496.000000
926656256.000000
926750016.000000
926843776.000000
926937472.000000
927031232.000000
927124992.000000
927218752.000000
927312512.000000
927406272.000000
927500032.000000
927593728.000000
927687488.000000
927781248.000000
927875008.000000
927968768.000000
928062528.000000
928156224.000000
928249984.000000
928343744.000000
928437504.000000
928531264.000000
928625024.000000
928718720.000000
928812480.000000
928906240.000000
929000000.000000
929093760.000000
929187520.000000
929281280.000000
929374976.000000
929468736.000000
929562496.000000
929656256.000000
929750016.000000
929843776.000000
929937472.000000
930031232.000000
930124992.000000
930218752.000000
930312512.000000
930406272.000000
930499968.000000
930593728.000000
930687488.000000
930781248.000000
930875008.000000
930968768.000000
931062528.000000
931156224.000000
931249984.000000
931343744.000000
931437504.000000
931531264.000000
931625024.000000
931718720.000000
931812480.000000
931906240.000000
932000000.000000
932093760.000000
932187520.000000
932281280.000000
932374976.000000
932468736.000000
932562496.000000
932656256.000000
932750016.000000
932843776.000000
932937472.000000
933031232.000000
933124992.000000
933218752.000000
933312512.000000
933406272.000000
933500032.000000
933593728.000000
933687488.000000
933781248.000000
933875008.000000
933968768.000000
934062528.000000
934156224.000000
934249984.000000
934343744.000000
934437504.000000
934531264.000000
934625024.000000
934718720.000000
934812480.000000
934906240.000000
935000000.000000
935093760.000000
935187520.000000
935281280.000000
935374976.000000
935468736.000000
935562496.000000
935656256.000000
935750016.000000
935843776.000000
935937472.000000
936031232.000000
936124992.000000
936218752.000000
936312512.000000
936406272.000000
936499968.000000
936593728.000000
936687488.000000
936781248.000000
936875008.000000
936968768.000000
937062528.000000
937156224.000000
937249984.000000
937343744.000000
937437504.000000
937531264.000000
937625024.000000
937718720.000000
937812480.000000
937906240.000000
938000000.000000
938093760.000000
938187520.000000
938281280.000000
938374976.000000
938468736.000000
938562496.000000
938656256.000000
938750016.000000
938843776.000000
938937472.000000
939031232.000000
939124992.000000
939218752.000000
939312512.000000
939406272.000000
939500032.000000
939593728.000000
939687488.000000
939781248.000000
939875008.000000
939968768.000000
940062528.000000
940156224.000000
940249984.000000
940343744.000000
940437504.000000
940531264.000000
940625024.000000
940718720.000000
940812480.000000
940906240.000000
941000000.000000
941093760.000000
941187520.000000
941281280.000000
941374976.000000
941468736.000000
941562496.000000
941656256.000000
941750016.000000
941843776.000000
941937472.000000
942031232.000000
942124992.000000
942218752.000000
942312512.000000
942406272.000000
942499968.000000
942593728.000000
942687488.000000
942781248.000000
942875008.000000
942968768.000000
943062528.000000
943156224.000000
943249984.000000
943343744.000000
943437504.000000
943531264.000000
943625024.000000
943718720.000000
943812480.000000
943906240.000000
944000000.000000
944093760.000000
944187520.000000
944281280.000000
944374976.000000
944468736.000000
944562496.000000
944656256.000000
944750016.000000
944843776.000000
944937472.000000
945031232.000000
945124992.000000
945218752.000000
945312512.000000
945406272.000000
945500032.000000
945593728.000000
945687488.000000
945781248.000000
945875008.000000
945968768.000000
946062528.000000
946156224.000000
946249984.000000
946343744.000000
946437504.000000
946531264.000000
946625024.000000
946718720.000000
946812480.000000
946906240.000000
947000000.000000
947093760.000000
947187520.000000
947281280.000000
947374976.000000
947468736.000000
947562496.000000
947656256.000000
947750016.000000
947843776.000000
947937472.000000
948031232.000000
948124992.000000
948218752.000000
948312512.000000
948406272.000000
948499968.000000
948593728.000000
948687488.000000
948781248.000000
948875008.000000
948968768.000000
949062528.000000
949156224.000000
949249984.000000
949343744.000000
949437504.000000
949531264.000000
949625024.000000
949718720.000000
949812480.000000
949906240.000000
950000000.000000
950093760.000000
950187520.000000
950281280.000000
950374976.000000
950468736.000000
950562496.000000
950656256.000000
950750016.000000
950843776.000000
950937472.000000
951031232.000000
951124992.000000
951218752.000000
951312512.000000
951406272.000000
951500032.000000
951593728.000000
951687488.000000
951781248.000000
951875008.000000
951968768.000000
952062528.000000
952156224.000000
952249984.000000
952343744.000000
952437504.000000
952531264.000000
952625024.000000
952718720.000000
952812480.000000
952906240.000000
953000000.000000
953093760.000000
953187520.000000
953281280.000000
953374976.000000
953468736.000000
953562496.000000
953656256.000000
953750016.000000
953843776.000000
953937472.000000
954031232.000000
954124992.000000
954218752.000000
954312512.000000
954406272.000000
954499968.000000
954593728.000000
954687488.000000
954781248.000000
954875008.000000
954968768.000000
955062528.000000
955156224.000000
955249984.000000
955343744.000000
955437504.000000
955531264.000000
955625024.000000
955718720.000000
955812480.000000
955906240.000000
956000000.000000
956093760.000000
956187520.000000
956281280.000000
956374976.000000
956468736.000000
956562496.000000
956656256.000000
956750016.000000
956843776.000000
956937472.000000
957031232.000000
957124992.000000
957218752.000000
957312512.000000
957406272.000000
957500032.000000
957593728.000000
957687488.000000
957781248.000000
957875008.000000
957968768.000000
958062528.000000
958156224.000000
958249984.000000
958343744.000000
958437504.000000
958531264.000000
958625024.000000
958718720.000000
958812480.000000
958906240.000000
959000000.000000
959093760.000000
959187520.000000
959281280.000000
959374976.000000
959468736.000000
959562496.000000
959656256.000000
959750016.000000
959843776.000000
959937472.000000
960031232.000000
960124992.000000
960218752.000000
960312512.000000
960406272.000000
960499968.000000
960593728.000000
960687488.000000
960781248.000000
960875008.000000
960968768.000000
961062528.000000
961156224.000000
961249984.000000
961343744.000000
961437504.000000
961531264.000000
961625024.000000
961718720.000000
961812480.000000
961906240.000000
962000000.000000
962093760.000000
962187520.000000
962281280.000000
962374976.000000
962468736.000000
962562496.000000
962656256.000000
962750016.000000
962843776.000000
962937472.000000
963031232.000000
963124992.000000
963218752.000000
963312512.000000
963406272.000000
963500032.000000
963593728.000000
963687488.000000
963781248.000000
963875008.000000
963968768.000000
964062528.000000
964156224.000000
964249984.000000
964343744.000000
964437504.000000
964531264.000000
964625024.000000
964718720.000000
964812480.000000
964906240.000000
965000000.000000
965093760.000000
965187520.000000
965281280.000000
965374976.000000
965468736.000000
965562496.000000
965656256.000000
965750016.000000
965843776.000000
965937472.000000
966031232.000000
966124992.000000
966218752.000000
966312512.000000
966406272.000000
966499968.000000
966593728.000000
966687488.000000
966781248.000000
966875008.000000
966968768.000000
967062528.000000
967156224.000000
967249984.000000
967343744.000000
967437504.000000
967531264.000000
967625024.000000
967718720.000000
967812480.000000
967906240.000000
968000000.000000
968093760.000000
968187520.000000
968281280.000000
968374976.000000
968468736.000000
968562496.000000
968656256.000000
968750016.000000
968843776.000000
968937472.000000
969031232.000000
969124992.000000
969218752.000000
969312512.000000
969406272.000000
969500032.000000
969593728.000000
969687488.000000
969781248.000000
969875008.000000
969968768.000000
970062528.000000
970156224.000000
970249984.000000
970343744.000000
970437504.000000
970531264.000000
970625024.000000
970718720.000000
970812480.000000
970906240.000000
971000000.000000
971093760.000000
971187520.000000
971281280.000000
971374976.000000
971468736.000000
971562496.000000
971656256.000000
971750016.000000
971843776.000000
971937472.000000
972031232.000000
972124992.000000
972218752.000000
972312512.000000
972406272.000000
972499968.000000
972593728.000000
972687488.000000
972781248.000000
972875008.000000
972968768.000000
973062528.000000
973156224.000000
973249984.000000
973343744.000000
973437504.000000
973531264.000000
973625024.000000
973718720.000000
973812480.000000
973906240.000000
974000000.000000
974093760.000000
974187520.000000
974281280.000000
974374976.000000
974468736.000000
974562496.000000
974656256.000000
974750016.000000
974843776.000000
974937472.000000
975031232.000000
975124992.000000
975218752.000000
975312512.000000
975406272.000000
975500032.000000
975593728.000000
975687488.000000
975781248.000000
975875008.000000
975968768.000000
976062528.000000
976156224.000000
976249984.000000
976343744.000000
976437504.000000
976531264.000000
976625024.000000
976718720.000000
976812480.000000
976906240.000000
977000000.000000
977093760.000000
977187520.000000
977281280.000000
977374976.000000
977468736.000000
977562496.000000
977656256.000000
977750016.000000
977843776.000000
977937472.000000
978031232.000000
978124992.000000
978218752.000000
978312512.000000
978406272.000000
978499968.000000
978593728.000000
978687488.000000
978781248.000000
978875008.000000
978968768.000000
979062528.000000
979156224.000000
979249984.000000
979343744.000000
979437504.000000
979531264.000000
979625024.000000
979718720.000000
979812480.000000
979906240.000000
980000000.000000
980093760.000000
980187520.000000
980281280.000000
980374976.000000
980468736.000000
980562496.000000
980656256.000000
980750016.000000
980843776.000000
980937472.000000
981031232.000000
981124992.000000
981218752.000000
981312512.000000
981406272.000000
981500032.000000
981593728.000000
981687488.000000
981781248.000000
981875008.000000
981968768.000000
982062528.000000
982156224.000000
982249984.000000
982343744.000000
982437504.000000
982531264.000000
982625024.000000
982718720.000000
982812480.000000
982906240.000000
983000000.000000
983093760.000000
983187520.000000
983281280.000000
983374976.000000
983468736.000000
983562496.000000
983656256.000000
983750016.000000
983843776.000000
983937472.000000
984031232.000000
984124992.000000
984218752.000000
984312512.000000
984406272.000000
984499968.000000
984593728.000000
984687488.000000
984781248.000000
984875008.000000
984968768.000000
985062528.000000
985156224.000000
985249984.000000
985343744.000000
985437504.000000
985531264.000000
985625024.000000
985718720.000000
985812480.000000
985906240.000000
986000000.000000
986093760.000000
986187520.000000
986281280.000000
986374976.000000
986468736.000000
986562496.000000
986656256.000000
986750016.000000
986843776.000000
986937472.000000
987031232.000000
987124992.000000
987218752.000000
987312512.000000
987406272.000000
987500032.000000
987593728.000000
987687488.000000
987781248.000000
987875008.000000
987968768.000000
988062528.000000
988156224.000000
988249984.000000
988343744.000000
988437504.000000
988531264.000000
988625024.000000
988718720.000000
988812480.000000
988906240.000000
989000000.000000
989093760.000000
989187520.000000
989281280.000000
989374976.000000
989468736.000000
989562496.000000
989656256.000000
989750016.000000
989843776.000000
989937472.000000
990031232.000000
990124992.000000
990218752.000000
990312512.000000
990406272.000000
990499968.000000
990593728.000000
990687488.000000
990781248.000000
990875008.000000
990968768.000000
991062528.000000
991156224.000000
991249984.000000
991343744.000000
991437504.000000
991531264.000000
991625024.000000
991718720.000000
991812480.000000
991906240.000000
992000000.000000
992093760.000000
992187520.000000
992281280.000000
992374976.000000
992468736.000000
992562496.000000
992656256.000000
992750016.000000
992843776.000000
992937472.000000
993031232.000000
993124992.000000
993218752.000000
993312512.000000
993406272.000000
993500032.000000
993593728.000000
993687488.000000
993781248.000000
993875008.000000
993968768.000000
994062528.000000
994156224.000000
994249984.000000
994343744.000000
994437504.000000
994531264.000000
994625024.000000
994718720.000000
994812480.000000
994906240.000000
995000000.000000
995093760.000000
995187520.000000
995281280.000000
995374976.000000
995468736.000000
995562496.000000
995656256.000000
995750016.000000
995843776.000000
995937472.000000
996031232.000000
996124992.000000
996218752.000000
996312512.000000
996406272.000000
996499968.000000
996593728.000000
996687488.000000
996781248.000000
996875008.000000
996968768.000000
997062528.000000
997156224.000000
997249984.000000
997343744.000000
997437504.000000
997531264.000000
997625024.000000
997718720.000000
997812480.000000
997906240.000000
998000000.000000
998093760.000000
998187520.000000
998281280.000000
998374976.000000
998468736.000000
998562496.000000
998656256.000000
998750016.000000
998843776.000000
998937472.000000
999031232.000000
999124992.000000
999218752.000000
999312512.000000
999406272.000000
999500032.000000
999593728.000000
999687488.000000
999781248.000000
999875008.000000
999968768.000000
1000062528.000000
1000156224.000000
1000249984.000000
1000343744.000000
1000437504.000000
1000531264.000000
1000625024.000000
1000718720.000000
1000812480.000000
1000906240.000000
1001000000.000000
1001093760.000000
1001187520.000000
1001281280.000000
1001374976.000000
1001468736.000000
1001562496.000000
1001656256.000000
1001750016.000000
1001843776.000000
1001937472.000000
1002031232.000000
1002124992.000000
1002218752.000000
1002312512.000000
1002406272.000000
1002499968.000000
1002593728.000000
1002687488.000000
1002781248.000000
1002875008.000000
1002968768.000000
1003062528.000000
1003156224.000000
1003249984.000000
1003343744.000000
1003437504.000000
1003531264.000000
1003625024.000000
1003718720.000000
1003812480.000000
1003906240.000000
1004000000.000000
1004093760.000000
1004187520.000000
1004281280.000000
1004374976.000000
1004468736.000000
1004562496.000000
1004656256.000000
1004750016.000000
1004843776.000000
1004937472.000000
1005031232.000000
1005124992.000000
1005218752.000000
1005312512.000000
1005406272.000000
1005500032.000000
1005593728.000000
1005687488.000000
1005781248.000000
1005875008.000000
1005968768.000000
1006062528.000000
1006156224.000000
1006249984.000000
1006343744.000000
1006437504.000000
1006531264.000000
1006625024.000000
1006718720.000000
1006812480.000000
1006906240.000000
1007000000.000000
1007093760.000000
1007187520.000000
1007281280.000000
1007374976.000000
1007468736.000000
1007562496.000000
1007656256.000000
1007750016.000000
1007843776.000000
1007937472.000000
1008031232.000000
1008124992.000000
1008218752.000000
1008312512.000000
1008406272.000000
1008499968.000000
1008593728.000000
1008687488.000000
1008781248.000000
1008875008.000000
1008968768.000000
1009062528.000000
1009156224.000000
1009249984.000000
1009343744.000000
1009437504.000000
1009531264.000000
1009625024.000000
1009718720.000000
1009812480.000000
1009906240.000000
1010000000.000000
1010093760.000000
1010187520.000000
1010281280.000000
1010374976.000000
1010468736.000000
1010562496.000000
1010656256.000000
1010750016.000000
1010843776.000000
1010937472.000000
1011031232.000000
1011124992.000000
1011218752.000000
1011312512.000000
1011406272.000000
1011500032.000000
1011593728.000000
1011687488.000000
1011781248.000000
1011875008.000000
1011968768.000000
1012062528.000000
1012156224.000000
1012249984.000000
1012343744.000000
1012437504.000000
1012531264.000000
1012625024.000000
1012718720.000000
1012812480.000000
1012906240.000000
1013000000.000000
1013093760.000000
1013187520.000000
1013281280.000000
1013374976.000000
1013468736.000000
1013562496.000000
1013656256.000000
1013750016.000000
1013843776.000000
1013937472.000000
1014031232.000000
1014124992.000000
1014218752.000000
1014312512.000000
1014406272.000000
1014499968.000000
1014593728.000000
1014687488.000000
1014781248.000000
1014875008.000000
1014968768.000000
1015062528.000000
1015156224.000000
1015249984.000000
1015343744.000000
1015437504.000000
1015531264.000000
1015625024.000000
1015718720.000000
1015812480.000000
1015906240.000000
1016000000.000000
1016093760.000000
1016187520.000000
1016281280.000000
1016374976.000000
1016468736.000000
1016562496.000000
1016656256.000000
1016750016.000000
1016843776.000000
1016937472.000000
1017031232.000000
1017124992.000000
1017218752.000000
1017312512.000000
1017406272.000000
1017500032.000000
1017593728.000000
1017687488.000000
1017781248.000000
1017875008.000000
1017968768.000000
1018062528.000000
1018156224.000000
1018249984.000000
1018343744.000000
1018437504.000000
1018531264.000000
1018625024.000000
1018718720.000000
1018812480.000000
1018906240.000000
1019000000.000000
1019093760.000000
1019187520.000000
1019281280.000000
1019374976.000000
1019468736.000000
1019562496.000000
1019656256.000000
1019750016.000000
1019843776.000000
1019937472.000000
1020031232.000000
1020124992.000000
1020218752.000000
1020312512.000000
1020406272.000000
1020499968.000000
1020593728.000000
1020687488.000000
1020781248.000000
1020875008.000000
1020968768.000000
1021062528.000000
1021156224.000000
1021249984.000000
1021343744.000000
1021437504.000000
1021531264.000000
1021625024.000000
1021718720.000000
1021812480.000000
1021906240.000000
1022000000.000000
1022093760.000000
1022187520.000000
1022281280.000000
1022374976.000000
1022468736.000000
1022562496.000000
1022656256.000000
1022750016.000000
1022843776.000000
1022937472.000000
1023031232.000000
1023124992.000000
1023218752.000000
1023312512.000000
1023406272.000000
1023500032.000000
1023593728.000000
1023687488.000000
1023781248.000000
1023875008.000000
1023968768.000000
1024062528.000000
1024156224.000000
1024249984.000000
1024343744.000000
1024437504.000000
1024531264.000000
1024625024.000000
1024718720.000000
1024812480.000000
1024906240.000000
1025000000.000000
1025093760.000000
1025187520.000000
1025281280.000000
1025374976.000000
1025468736.000000
1025562496.000000
1025656256.000000
1025750016.000000
1025843776.000000
1025937472.000000
1026031232.000000
1026124992.000000
1026218752.000000
1026312512.000000
1026406272.000000
1026499968.000000
1026593728.000000
1026687488.000000
1026781248.000000
1026875008.000000
1026968768.000000
1027062528.000000
1027156224.000000
1027249984.000000
1027343744.000000
1027437504.000000
1027531264.000000
1027625024.000000
1027718720.000000
1027812480.000000
1027906240.000000
1028000000.000000
1028093760.000000
1028187520.000000
1028281280.000000
1028374976.000000
1028468736.000000
1028562496.000000
1028656256.000000
1028750016.000000
1028843776.000000
1028937472.000000
1029031232.000000
1029124992.000000
1029218752.000000
1029312512.000000
1029406272.000000
1029500032.000000
1029593728.000000
1029687488.000000
1029781248.000000
1029875008.000000
1029968768.000000
1030062528.000000
1030156224.000000
1030249984.000000
1030343744.000000
1030437504.000000
1030531264.000000
1030625024.000000
1030718720.000000
1030812480.000000
1030906240.000000
1031000000.000000
1031093760.000000
1031187520.000000
1031281280.000000
1031374976.000000
1031468736.000000
1031562496.000000
1031656256.000000
1031750016.000000
1031843776.000000
1031937472.000000
1032031232.000000
1032124992.000000
1032218752.000000
1032312512.000000
1032406272.000000
1032499968.000000
1032593728.000000
1032687488.000000
1032781248.000000
1032875008.000000
1032968768.000000
1033062528.000000
1033156224.000000
1033249984.000000
1033343744.000000
1033437504.000000
1033531264.000000
1033625024.000000
1033718720.000000
1033812480.000000
1033906240.000000
1034000000.000000
1034093760.000000
1034187520.000000
1034281280.000000
1034374976.000000
1034468736.000000
1034562496.000000
1034656256.000000
1034750016.000000
1034843776.000000
1034937472.000000
1035031232.000000
1035124992.000000
1035218752.000000
1035312512.000000
1035406272.000000
1035500032.000000
1035593728.000000
1035687488.000000
1035781248.000000
1035875008.000000
1035968768.000000
1036062528.000000
1036156224.000000
1036249984.000000
1036343744.000000
1036437504.000000
1036531264.000000
1036625024.000000
1036718720.000000
1036812480.000000
1036906240.000000
1037000000.000000
1037093760.000000
1037187520.000000
1037281280.000000
1037374976.000000
1037468736.000000
1037562496.000000
1037656256.000000
1037750016.000000
1037843776.000000
1037937472.000000
1038031232.000000
1038124992.000000
1038218752.000000
1038312512.000000
1038406272.000000
1038499968.000000
1038593728.000000
1038687488.000000
1038781248.000000
1038875008.000000
1038968768.000000
1039062528.000000
1039156224.000000
1039249984.000000
1039343744.000000
1039437504.000000
1039531264.000000
1039625024.000000
1039718720.000000
1039812480.000000
1039906240.000000
1040000000.000000
1040093760.000000
1040187520.000000
1040281280.000000
1040374976.000000
1040468736.000000
1040562496.000000
1040656256.000000
1040750016.000000
1040843776.000000
1040937472.000000
1041031232.000000
1041124992.000000
1041218752.000000
1041312512.000000
1041406272.000000
1041500032.000000
1041593728.000000
1041687488.000000
1041781248.000000
1041875008.000000
1041968768.000000
1042062528.000000
1042156224.000000
1042249984.000000
1042343744.000000
1042437504.000000
1042531264.000000
1042625024.000000
1042718720.000000
1042812480.000000
1042906240.000000
1043000000.000000
1043093760.000000
1043187520.000000
1043281280.000000
1043374976.000000
1043468736.000000
1043562496.000000
1043656256.000000
1043750016.000000
1043843776.000000
1043937472.000000
1044031232.000000
1044124992.000000
1044218752.000000
1044312512.000000
1044406272.000000
1044499968.000000
1044593728.000000
1044687488.000000
1044781248.000000
1044875008.000000
1044968768.000000
1045062528.000000
1045156224.000000
1045249984.000000
1045343744.000000
1045437504.000000
1045531264.000000
1045625024.000000
1045718720.000000
1045812480.000000
1045906240.000000
1046000000.000000
1046093760.000000
1046187520.000000
1046281280.000000
1046374976.000000
1046468736.000000
1046562496.000000
1046656256.000000
1046750016.000000
1046843776.000000
1046937472.000000
1047031232.000000
1047124992.000000
1047218752.000000
1047312512.000000
1047406272.000000
1047500032.000000
1047593728.000000
1047687488.000000
1047781248.000000
1047875008.000000
1047968768.000000
1048062528.000000
1048156224.000000
1048249984.000000
1048343744.000000
1048437504.000000
1048531264.000000
1048625024.000000
1048718720.000000
1048812480.000000
1048906240.000000
1049000000.000000
1049093760.000000
1049187520.000000
1049281280.000000
1049374976.000000
1049468736.000000
1049562496.000000
1049656256.000000
1049750016.000000
1049843776.000000
1049937472.000000
1050031232.000000
1050124992.000000
1050218752.000000
1050312512.000000
1050406272.000000
1050499968.000000
1050593728.000000
1050687488.000000
1050781248.000000
1050875008.000000
1050968768.000000
1051062528.000000
1051156224.000000
1051249984.000000
1051343744.000000
1051437504.000000
1051531264.000000
1051625024.000000
1051718720.000000
1051812480.000000
1051906240.000000
1052000000.000000
1052093760.000000
1052187520.000000
1052281280.000000
1052374976.000000
1052468736.000000
1052562496.000000
1052656256.000000
1052750016.000000
1052843776.000000
1052937472.000000
1053031232.000000
1053124992.000000
1053218752.000000
1053312512.000000
1053406272.000000
1053500032.000000
1053593728.000000
1053687488.000000
1053781248.000000
1053875008.000000
1053968768.000000
1054062528.000000
1054156224.000000
1054249984.000000
1054343744.000000
1054437504.000000
1054531264.000000
1054625024.000000
1054718720.000000
1054812480.000000
1054906240.000000
1055000000.000000
1055093760.000000
1055187520.000000
1055281280.000000
1055374976.000000
1055468736.000000
1055562496.000000
1055656256.000000
1055750016.000000
1055843776.000000
1055937472.000000
1056031232.000000
1056124992.000000
1056218752.000000
1056312512.000000
1056406272.000000
1056499968.000000
1056593728.000000
1056687488.000000
1056781248.000000
1056875008.000000
1056968768.000000
1057062528.000000
1057156224.000000
1057249984.000000
1057343744.000000
1057437504.000000
1057531264.000000
1057625024.000000
1057718720.000000
1057812480.000000
1057906240.000000
1058000000.000000
1058093760.000000
1058187520.000000
1058281280.000000
1058374976.000000
1058468736.000000
1058562496.000000
1058656256.000000
1058750016.000000
1058843776.000000
1058937472.000000
1059031232.000000
1059124992.000000
1059218752.000000
1059312512.000000
1059406272.000000
1059500032.000000
1059593728.000000
1059687488.000000
1059781248.000000
1059875008.000000
1059968768.000000
1060062528.000000
1060156224.000000
1060249984.000000
1060343744.000000
1060437504.000000
1060531264.000000
1060625024.000000
1060718720.000000
1060812480.000000
1060906240.000000
1061000000.000000
1061093760.000000
1061187520.000000
1061281280.000000
1061374976.000000
1061468736.000000
1061562496.000000
1061656256.000000
1061750016.000000
1061843776.000000
1061937472.000000
1062031232.000000
1062124992.000000
1062218752.000000
1062312512.000000
1062406272.000000
1062499968.000000
1062593728.000000
1062687488.000000
1062781248.000000
1062875008.000000
1062968768.000000
1063062528.000000
1063156224.000000
1063249984.000000
1063343744.000000
1063437504.000000
1063531264.000000
1063625024.000000
1063718720.000000
1063812480.000000
1063906240.000000
1064000000.000000
1064093760.000000
1064187520.000000
1064281280.000000
1064374976.000000
1064468736.000000
1064562496.000000
1064656256.000000
1064750016.000000
1064843776.000000
1064937472.000000
1065031232.000000
1065124992.000000
1065218752.000000
1065312512.000000
1065406272.000000
1065500032.000000
1065593728.000000
1065687488.000000
1065781248.000000
1065875008.000000
1065968768.000000
1066062528.000000
1066156224.000000
1066249984.000000
1066343744.000000
1066437504.000000
1066531264.000000
1066625024.000000
1066718720.000000
1066812480.000000
1066906240.000000
1067000000.000000
1067093760.000000
1067187520.000000
1067281280.000000
1067374976.000000
1067468736.000000
1067562496.000000
1067656256.000000
1067750016.000000
1067843776.000000
1067937472.000000
1068031232.000000
1068124992.000000
1068218752.000000
1068312512.000000
1068406272.000000
1068499968.000000
1068593728.000000
1068687488.000000
1068781248.000000
1068875008.000000
1068968768.000000
1069062528.000000
1069156224.000000
1069249984.000000
1069343744.000000
1069437504.000000
1069531264.000000
1069625024.000000
1069718720.000000
1069812480.000000
1069906240.000000
1070000000.000000
1070093760.000000
1070187520.000000
1070281280.000000
1070374976.000000
1070468736.000000
1070562496.000000
1070656256.000000
1070750016.000000
1070843776.000000
1070937472.000000
1071031232.000000
1071124992.000000
1071218752.000000
1071312512.000000
1071406272.000000
1071500032.000000
1071593728.000000
1071687488.000000
1071781248.000000
1071875008.000000
1071968768.000000
1072062528.000000
1072156224.000000
1072249984.000000
1072343744.000000
1072437504.000000
1072531264.000000
1072625024.000000
1072718720.000000
1072812480.000000
1072906240.000000
1073000000.000000
1073093760.000000
1073187520.000000
1073281280.000000
1073374976.000000
1073468736.000000
1073562496.000000
1073656256.000000
1073750016.000000
1073843712.000000
1073937536.000000
1074031232.000000
1074125056.000000
1074218752.000000
1074312448.000000
1074406272.000000
1074499968.000000
1074593792.000000
1074687488.000000
1074781312.000000
1074875008.000000
1074968704.000000
1075062528.000000
1075156224.000000
1075250048.000000
1075343744.000000
1075437440.000000
1075531264.000000
1075624960.000000
1075718784.000000
1075812480.000000
1075906304.000000
1076000000.000000
1076093696.000000
1076187520.000000
1076281216.000000
1076375040.000000
1076468736.000000
1076562560.000000
1076656256.000000
1076749952.000000
1076843776.000000
1076937472.000000
1077031296.000000
1077124992.000000
1077218688.000000
1077312512.000000
1077406208.000000
1077500032.000000
1077593728.000000
1077687552.000000
1077781248.000000
1077874944.000000
1077968768.000000
1078062464.000000
1078156288.000000
1078249984.000000
1078343808.000000
1078437504.000000
1078531200.000000
1078625024.000000
1078718720.000000
1078812544.000000
1078906240.000000
1079000064.000000
1079093760.000000
1079187456.000000
1079281280.000000
1079374976.000000
1079468800.000000
1079562496.000000
1079656192.000000
1079750016.000000
1079843712.000000
1079937536.000000
1080031232.000000
1080125056.000000
1080218752.000000
1080312448.000000
1080406272.000000
1080499968.000000
1080593792.000000
1080687488.000000
1080781312.000000
1080875008.000000
1080968704.000000
1081062528.000000
1081156224.000000
1081250048.000000
1081343744.000000
1081437440.000000
1081531264.000000
1081624960.000000
1081718784.000000
1081812480.000000
1081906304.000000
1082000000.000000
1082093696.000000
1082187520.000000
1082281216.000000
1082375040.000000
1082468736.000000
1082562560.000000
1082656256.000000
1082749952.000000
1082843776.000000
1082937472.000000
1083031296.000000
1083124992.000000
1083218688.000000
1083312512.000000
1083406208.000000
1083500032.000000
1083593728.000000
1083687552.000000
1083781248.000000
1083874944.000000
1083968768.000000
1084062464.000000
1084156288.000000
1084249984.000000
1084343808.000000
1084437504.000000
1084531200.000000
1084625024.000000
1084718720.000000
1084812544.000000
1084906240.000000
1084999936.000000
1085093760.000000
1085187456.000000
1085281280.000000
1085374976.000000
1085468800.000000
1085562496.000000
1085656192.000000
1085750016.000000
1085843712.000000
1085937536.000000
1086031232.000000
1086125056.000000
1086218752.000000
1086312448.000000
1086406272.000000
1086499968.000000
1086593792.000000
1086687488.000000
1086781312.000000
1086875008.000000
1086968704.000000
1087062528.000000
1087156224.000000
1087250048.000000
1087343744.000000
1087437440.000000
1087531264.000000
1087624960.000000
1087718784.000000
1087812480.000000
1087906304.000000
1088000000.000000
1088093696.000000
1088187520.000000
1088281216.000000
1088375040.000000
1088468736.000000
1088562560.000000
1088656256.000000
1088749952.000000
1088843776.000000
1088937472.000000
1089031296.000000
1089124992.000000
1089218688.000000
1089312512.000000
1089406208.000000
1089500032.000000
1089593728.000000
1089687552.000000
1089781248.000000
1089874944.000000
1089968768.000000
1090062464.000000
1090156288.000000
1090249984.000000
1090343808.000000
1090437504.000000
1090531200.000000
1090625024.000000
1090718720.000000
1090812544.000000
1090906240.000000
1091000064.000000
1091093760.000000
1091187456.000000
1091281280.000000
1091374976.000000
1091468800.000000
1091562496.000000
1091656192.000000
1091750016.000000
1091843712.000000
1091937536.000000
1092031232.000000
1092125056.000000
1092218752.000000
1092312448.000000
1092406272.000000
1092499968.000000
1092593792.000000
1092687488.000000
1092781312.000000
1092875008.000000
1092968704.000000
1093062528.000000
1093156224.000000
1093250048.000000
1093343744.000000
1093437440.000000
1093531264.000000
1093624960.000000
1093718784.000000
1093812480.000000
1093906304.000000
1094000000.000000
1094093696.000000
1094187520.000000
1094281216.000000
1094375040.000000
1094468736.000000
1094562560.000000
1094656256.000000
1094749952.000000
1094843776.000000
1094937472.000000
1095031296.000000
1095124992.000000
1095218688.000000
1095312512.000000
1095406208.000000
1095500032.000000
1095593728.000000
1095687552.000000
1095781248.000000
1095874944.000000
1095968768.000000
1096062464.000000
1096156288.000000
1096249984.000000
1096343808.000000
1096437504.000000
1096531200.000000
1096625024.000000
1096718720.000000
1096812544.000000
1096906240.000000
1096999936.000000
1097093760.000000
1097187456.000000
1097281280.000000
1097374976.000000
1097468800.000000
1097562496.000000
1097656192.000000
1097750016.000000
1097843712.000000
1097937536.000000
1098031232.000000
1098125056.000000
1098218752.000000
1098312448.000000
1098406272.000000
1098499968.000000
1098593792.000000
1098687488.000000
1098781312.000000
1098875008.000000
1098968704.000000
1099062528.000000
1099156224.000000
1099250048.000000
1099343744.000000
1099437440.000000
1099531264.000000
1099624960.000000
1099718784.000000
1099812480.000000
1099906304.000000
1100000000.000000
