1.183776129781637964e-10
1.616368163482533979e-10
2.114275200127964616e-10
2.666223469353221762e-10
3.255829038044121080e-10
3.861948663639842243e-10
4.459451234831843758e-10
5.020405548104457170e-10
5.515644346524856185e-10
5.916627988130751944e-10
6.197496904207282749e-10
6.337173360031694689e-10
6.321352931400848893e-10
6.144217382434643197e-10
5.809704628692911173e-10
5.332189948335604199e-10
4.736464782474817472e-10
4.056944096118378169e-10
3.336088009990932789e-10
2.622084642605088601e-10
1.965904079039431015e-10
1.417893130115824607e-10
1.024132043799433646e-10
8.228124870177176863e-11
8.409165467463829924e-11
1.091476211197671924e-10
1.571670138489112803e-10
2.261969487159563571e-10
3.126479174084200207e-10
4.114538881119916538e-10
5.163554789397319780e-10
6.202935307827952834e-10
7.158909562662876938e-10
7.959923609009932744e-10
8.542243854339296074e-10
8.855356949761999223e-10
8.866744769219260078e-10
8.565634297553446504e-10
7.965376267624978120e-10
7.104190687327648919e-10
6.044127952216889806e-10
4.868218580729482362e-10
3.675923463012173719e-10
2.577128830823573310e-10
1.685052335610904674e-10
1.108526461480083442e-10
9.441920406780602529e-11
1.269165503491953280e-10
2.134730441181091518e-10
3.561548708384626188e-10
5.536791327275211016e-10
8.013459962620660364e-10
1.091201471359781580e-09
1.412425803447065468e-09
1.751925263755650148e-09
2.095089618596107837e-09
2.426664766614395996e-09
2.731679754010965852e-09
2.996363125156116221e-09
3.208983070283095992e-09
3.360550612879200614e-09
3.445335894171215515e-09
3.461159757189665278e-09
3.409441049269301413e-09
3.294998873060397068e-09
3.125626171402339754e-09
2.911470604444813107e-09
2.664272365889947111e-09
2.396519536412841453e-09
2.120588543545335112e-09
1.847936123935643065e-09
1.588405723682466079e-09
1.349700810071680258e-09
1.137062143612175126e-09
9.531696640577298035e-10
7.982695143862875983e-10
6.705074887680838220e-10
5.664327157481953840e-10
4.816201649528219072e-10
4.113509190576865425e-10
3.512841766994579106e-10
2.980557376998501845e-10
2.497449284253289393e-10
2.061638272095525156e-10
1.689391081221386352e-10
1.413762088207991620e-10
1.281158788533887749e-10
1.346132525995481894e-10
1.664871048811476533e-10
2.288004625614360156e-10
3.253421487955690366e-10
4.579809615183398421e-10
6.261598667996709630e-10
8.265871457394978507e-10
1.053165573212613687e-09
1.297179802452838670e-09
1.547741068618940782e-09
1.792462619218718109e-09
2.018320048129573544e-09
2.212630772518217741e-09
2.364072523729870026e-09
2.463657612470870022e-09
2.505574201324708821e-09
2.487819369610878609e-09
2.412559515463397954e-09
2.286173863110141207e-09
2.118965312366528338e-09
1.924546363715346092e-09
1.718935461437428251e-09
1.519427352395501382e-09
1.343318475717816375e-09
1.206583722470945459e-09
1.122610720977025431e-09
1.101092217010367986e-09
1.147171754000117456e-09
1.260917762463909629e-09
1.437177307585706710e-09
1.665834143924713370e-09
1.932460607913229895e-09
2.219325276774209119e-09
2.506687172249875186e-09
2.774282158478128464e-09
3.002893478110418336e-09
3.175886601181631260e-09
3.280587631857735294e-09
3.309399153461607250e-09
3.260561221500119560e-09
3.138489986152199956e-09
2.953664630048467884e-09
2.722056505946166872e-09
2.464139654754326889e-09
2.203546888267842756e-09
1.965463871105461156e-09
1.774879063159633615e-09
1.654811072859999722e-09
1.624645061749214115e-09
1.698697408922922105e-09
1.885112104009244924e-09
2.185170431773049096e-09
2.593062722682910124e-09
3.096136425369008704e-09
3.675603518833820061e-09
4.307654499468207544e-09
4.964894880118699622e-09
5.618006896068738075e-09
6.237510780751975069e-09
6.795509424206238787e-09
7.267295449771820280e-09
7.632709198032260940e-09
7.877173484344254345e-09
7.992332006866829581e-09
7.976274443409380954e-09
7.833346137189761623e-09
7.573569931810857423e-09
7.211749526584502817e-09
6.766329876805883035e-09
6.258105142684260101e-09
5.708884433647734073e-09
5.140209133512144389e-09
4.572207799990185083e-09
4.022671347379422484e-09
3.506388726076724804e-09
3.034779097615271238e-09
2.615817485160551657e-09
2.254229321733355992e-09
1.951914680523971662e-09
1.708535335665526130e-09
1.522198266371752695e-09
1.390158644701738469e-09
1.309470159081269019e-09
1.277522603266564312e-09
1.292418134264094048e-09
1.353156549773458645e-09
1.459622609011071473e-09
1.612386511396871084e-09
1.812347004489076022e-09
2.060265706593911441e-09
2.356245685879486257e-09
2.699218609315263118e-09
3.086500202908748057e-09
3.513465472340140017e-09
3.973390945251239607e-09
4.457484041727272649e-09
4.955113691003594623e-09
5.454230411257169836e-09
5.941943845892913267e-09
6.405220734428819794e-09
6.831646279271237804e-09
7.210182638012344739e-09
7.531870590967759449e-09
7.790412952625152690e-09
7.982584864335043582e-09
8.108450413979314486e-09
8.171349869813740799e-09
8.177671898230558239e-09
8.136422635062650830e-09
8.058619073806057582e-09
7.956569545660055281e-09
7.843078810296042609e-09
7.730653758234817434e-09
7.630762216319983250e-09
7.553196660832929874e-09
7.505588513810444416e-09
7.493105284154084961e-09
7.518338804920962338e-09
7.581384489234792253e-09
7.680090933559538816e-09
7.810454477050204195e-09
7.967097881360984651e-09
8.143807728411270019e-09
8.334061938159954535e-09
8.531505409405977681e-09
8.730340187444632792e-09
8.925580603692863772e-09
9.113183616290907817e-09
9.290032754763397799e-09
9.453796065087729859e-09
9.602680521502006564e-09
9.735127415053277699e-09
9.849467873894060401e-09
9.943612903600049101e-09
1.001479743015230889e-08
1.005942157294355380e-08
1.007302326284759580e-08
1.005037167078472029e-08
9.985713031436940004e-09
9.873130280194723911e-09
9.706996959779086718e-09
9.482494971477926506e-09
9.196127197701423176e-09
8.846207795074490508e-09
8.433259125320372452e-09
7.960281728703653909e-09
7.432871282203238690e-09
6.859143291596135081e-09
6.249487070700302348e-09
5.616139545263302699e-09
4.972612421484482607e-09
4.333009138701948899e-09
3.711284387564062638e-09
3.120489713539409470e-09
2.572076405972383159e-09
2.075297227864110393e-09
1.636757075486540543e-09
1.260147758632656784e-09
9.461827529027570760e-10
6.927421530753635200e-10
4.952111410324464127e-10
3.469865642171502290e-10
2.401108217448989803e-10
1.659831144553014632e-10
1.160915667758838171e-10
8.271021107566340313e-11
5.950670106248343850e-11
4.201548998337944857e-11
2.794232066093403159e-11
1.727982844854063066e-11
1.222981992196774777e-11
1.694310935301848072e-11
3.710240805707820279e-11
7.938581007981430326e-11
1.508570836171027020e-10
2.583338493102026237e-10
4.077850149846644522e-10
6.038049181026431172e-10
8.492044961709485926e-10
1.144747053190865645e-09
1.489046030852583162e-09
1.878625396630061983e-09
2.308131002196269039e-09
2.770667926982519561e-09
3.258232073460890333e-09
3.762188573207412110e-09
4.273761466837662532e-09
4.784485916949963304e-09
5.286586680177681433e-09
5.773258082812957235e-09
6.238814110480108649e-09
6.678718639500893706e-09
7.089489679626624642e-09
7.468500335169176995e-09
7.813702306396424643e-09
8.123314719913405851e-09
8.395498286091906039e-09
8.628079064631520526e-09
8.818338670493280101e-09
8.962905432241013980e-09
9.057772897430132989e-09
9.098430834933827288e-09
9.080132645523170488e-09
8.998259719783272372e-09
8.848761574804347012e-09
8.628642124945040000e-09
8.336427791228401473e-09
7.972602752025574656e-09
7.539947264520051114e-09
7.043750558489043576e-09
6.491876683074575969e-09
5.894649897592451203e-09
5.264581061121120689e-09
4.615927861098696634e-09
3.964120171840987119e-09
3.325083870932382613e-09
2.714510096182156980e-09
2.147110003769788004e-09
1.635917009598622179e-09
1.191674763178205539e-09
8.223556598166810014e-10
5.328417459559812267e-10
3.247854857487566737e-10
1.966599867474625037e-10
1.439887752398362194e-10
1.597359067138490211e-10
2.348246658585113397e-10
3.587450022764900042e-10
5.202039032296212620e-10
7.077723850694060394e-10
9.104839141582014622e-10
1.118345074845018667e-09
1.322728922578340983e-09
1.516628608478665108e-09
1.694766727978649387e-09
1.853562370496374716e-09
1.990972266651200010e-09
2.106233297404357584e-09
2.199534281965425589e-09
2.271660115839751056e-09
2.323641200864442226e-09
2.356444664926737213e-09
2.370738825966517183e-09
2.366746580447186233e-09
2.344206912635997759e-09
2.302439769182083988e-09
2.240506954394428861e-09
2.157449191103165019e-09
2.052574673218242535e-09
1.925761886346100994e-09
1.777749736595498170e-09
1.610376476407162320e-09
1.426740216364319653e-09
1.231259590847003975e-09
1.029617245524156683e-09
8.285874051178426830e-10
6.357506513063720305e-10
4.591144045574872799e-10
3.066645253407088172e-10
1.858807647278964860e-10
1.032516871443153097e-10
6.382778796435552427e-11
7.084732957082933611e-11
1.254658211357655340e-10
2.266122230445995402e-10
3.709853067184357733e-10
5.531935576398744903e-10
7.660307304196656746e-10
1.000869014214042900e-09
1.248143924290746809e-09
1.497895198267291006e-09
1.740328859842349731e-09
1.966359625482111162e-09
2.168097067415057242e-09
2.339245060957737506e-09
2.475384139049459485e-09
2.574126836079143701e-09
2.635134589809873522e-09
2.660001761434101121e-09
2.652019388166825157e-09
2.615842947028367345e-09
2.557086079226784049e-09
2.481881071851127356e-09
2.396433625527451803e-09
2.306606704017349823e-09
2.217564144982752974e-09
2.133491572845877267e-09
2.057417625206755637e-09
1.991137143162038399e-09
1.935237226289252774e-09
1.889216046642497674e-09
1.851679838431288437e-09
1.820591997911051144e-09
1.793555503011258139e-09
1.768098481903882094e-09
1.741940156579215436e-09
1.713217596966293043e-09
1.680653406612244654e-09
1.643660311042433299e-09
1.602375905139023894e-09
1.557633150198008942e-09
1.510878122732908334e-09
1.464046594848011927e-09
1.419422854139057438e-09
1.379496911010863440e-09
1.346840524433254966e-09
1.324019566091731967e-09
1.313551778489438900e-09
1.317920710177653160e-09
1.339642875077642713e-09
1.381383073474070340e-09
1.446104995748327987e-09
1.537240880672344137e-09
1.658855819933034755e-09
1.815788143912738604e-09
2.013740133639229574e-09
2.259299903512425410e-09
2.559880594323245406e-09
2.923562326070381743e-09
3.358841065857296235e-09
3.874285237186240674e-09
4.478115477807793912e-09
5.177727304035558645e-09
5.979188226609168378e-09
6.886729460989884074e-09
7.902280388097710011e-09
9.025068617435511586e-09
1.025131931195207112e-08
1.157408845230299740e-08
1.298322735694892929e-08
1.446551652717653929e-08
1.600496470503316279e-08
1.758322549669200888e-08
1.918020773996578259e-08
2.077471952214226577e-08
2.234526650696093975e-08
2.387083751832473919e-08
2.533168072164876643e-08
2.671011060773367994e-08
2.799112714570391736e-08
2.916303328799834733e-08
3.021783637261852224e-08
3.115148237558806087e-08
3.196400920866891619e-08
3.265939178112271005e-08
3.324536912237200735e-08
3.373297097521127877e-08
3.413606245201955779e-08
3.447069481358266309e-08
3.475438925897004969e-08
3.500549213061870694e-08
3.524238120919827615e-08
3.548286078713519358e-08
3.574351853931820998e-08
3.603916866195150019e-08
3.638250469164619866e-08
3.678371094553345634e-08
3.725035276477619378e-08
3.778728102833395326e-08
3.839664730394330039e-08
3.907813065942900902e-08
3.982908548969633848e-08
4.064492625240639560e-08
4.151945257429987367e-08
4.244520389647462013e-08
4.341395068640034672e-08
4.441700464660303619e-08
4.544569868681749754e-08
4.649171953515336146e-08
4.754740099932198418e-08
4.860611023299891205e-08
4.966238612992794771e-08
5.071223215681208857e-08
5.175322122072752286e-08
5.278454228486553676e-08
5.380714176203283559e-08
5.482358793707432879e-08
5.583810661329036816e-08
5.685641276723040849e-08
5.788548447988341330e-08
5.893344781349941175e-08
6.000916989159804638e-08
6.112207050529465799e-08
6.228162750903271980e-08
6.349710515553997169e-08
6.477709155934478199e-08
6.612902041917447935e-08
6.755887903465483182e-08
6.907065921935048831e-08
7.066611988994641618e-08
7.234441381644200010e-08
7.410177176064444131e-08
7.593146889952491282e-08
7.782357701128577112e-08
7.976512665088079655e-08
8.174016947500082393e-08
8.372993966162722867e-08
8.571334945476736051e-08
8.766724090900555419e-08
8.956707262919916186e-08
9.138744712974819243e-08
9.310268269102560624e-08
9.468767080556372420e-08
9.611836211999926723e-08
9.737262054756143693e-08
9.843078091799286682e-08
9.927613774758716555e-08
9.989562159193284013e-08
1.002799687147926796e-07
1.004242110252863927e-07
1.003276053273712924e-07
9.999384543390002104e-08
9.943087231955315614e-08
9.865056421303748922e-08
9.766858550614239623e-08
9.650373321493042750e-08
9.517760546221297876e-08
9.371394028164711918e-08
9.213792155335389798e-08
9.047571985927092767e-08
8.875365857707187911e-08
8.699777804173233187e-08
8.523319195920562399e-08
8.348351024750567842e-08
8.177055955962094351e-08
8.011384077745793943e-08
7.853040796303660726e-08
7.703460873312659890e-08
7.563791770743949101e-08
7.434905493977595802e-08
7.317387111552989339e-08
7.211560156898647172e-08
7.117497375290648551e-08
7.035036530505731968e-08
6.963818381391622885e-08
6.903298771237434853e-08
6.852790062243297411e-08
6.811484382030905550e-08
6.778476843382781596e-08
6.752805644020516564e-08
6.733463781016081611e-08
6.719435568767423654e-08
6.709713067652502006e-08
6.703310124040581543e-08
6.699291233516931743e-08
6.696771304822030093e-08
6.694940503464618819e-08
6.693058189977367311e-08
6.690469982295904921e-08
6.686604351552833438e-08
6.680966254389639125e-08
6.673145110661941060e-08
6.662794035319790288e-08
6.649632377782669839e-08
6.633428713076434994e-08
6.613982081847515618e-08
6.591118951188815994e-08
6.564663969670362382e-08
6.534436256648218410e-08
6.500229567497571384e-08
6.461794334291614861e-08
6.418838803869416907e-08
6.371008650130452555e-08
6.317895286338740387e-08
6.259032179057247695e-08
6.193896256578217274e-08
6.121930060763899343e-08
6.042544932639485628e-08
5.955152065266421943e-08
5.859181459269220004e-08
5.754103981783396272e-08
5.639469663793605367e-08
5.514924235288951397e-08
5.380247613424795959e-08
5.235367239871827532e-08
5.080388325707280734e-08
4.915605089920587179e-08
4.741506590100608082e-08
4.558787867674217962e-08
4.368335598245863170e-08
4.171224187027346399e-08
3.968692881574588630e-08
3.762117307387494670e-08
3.552985190127598760e-08
3.342853196331645638e-08
3.133314949621380878e-08
2.925958294081523846e-08
2.722323747851153803e-08
2.523871845001969911e-08
2.331943123391692673e-08
2.147732836052852917e-08
1.972264497583753482e-08
1.806370620352461441e-08
1.650684947874248745e-08
1.505634497805749578e-08
1.371445056804966010e-08
1.248148464061771800e-08
1.135596038468242313e-08
1.033479559476701946e-08
9.413513500276183585e-09
8.586510181061417412e-09
7.847307332251258645e-09
7.188811164790169749e-09
6.603581998157096061e-09
6.084059682599174779e-09
5.622792165318465162e-09
5.212617992270069885e-09
4.846818786884352057e-09
4.519249826339389488e-09
4.224417811123313073e-09
3.957543823722436443e-09
3.714577679688864091e-09
3.492199123924566487e-09
3.287783873262647732e-09
3.099349412961265350e-09
2.925491078061459479e-09
2.765293210018081859e-09
2.618241895822221367e-09
2.484124568152387245e-09
2.362928124831194822e-09
2.254744121638727679e-09
2.159669996296366479e-09
2.077726578633517155e-09
2.008780951900401609e-09
1.952483384815800885e-09
1.908225004502556861e-09
1.875106592831819388e-09
1.851933730833828150e-09
1.837227543556261289e-09
1.829255498012422674e-09
1.826085155422622989e-09
1.825648093386143835e-09
1.825823471760861513e-09
1.824526529283967187e-09
1.819801302683221771e-09
1.809916243068759931e-09
1.793446556985911451e-09
1.769350524771976143e-09
1.737021373349919733e-09
1.696323088299655498e-09
1.647596750795598418e-09
1.591639976399864105e-09
1.529662995473727032e-09
1.463213850788910629e-09
1.394087199776234852e-09
1.324212763335267515e-09
1.255533786049695002e-09
1.189885585698222320e-09
1.128874730750810779e-09
1.073775441738511696e-09
1.025443428036271059e-09
9.842564917228192599e-10
9.500886169204932561e-10
9.223146466443185336e-10
8.998528872626736517e-10
8.812384181748338798e-10
8.647254841910722847e-10
8.484148312665934075e-10
8.303934783488601849e-10
8.088838628176517206e-10
7.823880491470444632e-10
7.498194953437316218e-10
7.106151159707895342e-10
6.648157258894287120e-10
6.131140125684971746e-10
5.568621921179709501e-10
4.980400009558256736e-10
4.391854073205158426e-10
3.832889897560917607e-10
3.336616830798344419e-10
2.937813334295604816e-10
2.671290311987700558e-10
2.570261406765538257e-10
2.664811729692470974e-10
2.980586693421115391e-10
3.537773247325124006e-10
4.350466268203453770e-10
5.426459109746420608e-10
6.767489269132704457e-10
8.369955244427744591e-10
1.022604901094019644e-09
1.232529313536198680e-09
1.465637420125165043e-09
1.720918597491464836e-09
1.997701516601476327e-09
2.295867450059832732e-09
2.616056783879177518e-09
2.959848496605453226e-09
3.329904470129873671e-09
3.730077078863232388e-09
4.165456815789298413e-09
4.642374795326094372e-09
5.168340276816676442e-09
5.751918036578335634e-09
6.402560497951959553e-09
7.130371596097954287e-09
7.945843616697509457e-09
8.859546434976388147e-09
9.881788404903949320e-09
1.102228218253582009e-08
1.228978112490312027e-08
1.369176082489398330e-08
1.523408909426244324e-08
1.692077145678735827e-08
1.875372195022923847e-08
2.073258863954977717e-08
2.285468777500819520e-08
2.511495524274598340e-08
2.750604162650329857e-08
3.001844835979983802e-08
3.264073684547405208e-08
3.535987666506621627e-08
3.816157001480135459e-08
4.103073350829961067e-08
4.395196067194779193e-08
4.691000449787436184e-08
4.989036232111586309e-08
5.287971881769912143e-08
5.586650253076202822e-08
5.884130221355155207e-08
6.179720703307241852e-08
6.473018313732965030e-08
6.763917410933981404e-08
7.052627669560268756e-08
7.339667816043669779e-08
7.625846533357167251e-08
7.912246490266271060e-08
8.200175440431074569e-08
8.491130240827560676e-08
8.786737860315662065e-08
9.088689490131575294e-08
9.398688565415766841e-08
9.718371623719428619e-08
1.004925757996037266e-07
1.039268358012372757e-07
1.074974663427004473e-07
1.112127484824767732e-07
1.150777892820240886e-07
1.190944979889362285e-07
1.232613481572659069e-07
1.275736112770756669e-07
1.320235023871110885e-07
1.366004379950280155e-07
1.412916640148401406e-07
1.460825919986370719e-07
1.509576012726019926e-07
1.559006255760412767e-07
1.608957434063465411e-07
1.659280613860899637e-07
1.709841100144641394e-07
1.760526382724014866e-07
1.811250169212222147e-07
1.861955211526930061e-07
1.912618405940338518e-07
1.963249383882876515e-07
2.013893026590833123e-07
2.064627084419604177e-07
2.115558304997211797e-07
2.166821241223679456e-07
2.218570065710592844e-07
2.270975401226270628e-07
2.324216425129158911e-07
2.378472274598419863e-07
2.433917524723258608e-07
2.490711034322582478e-07
2.548992091339926999e-07
2.608869679990856959e-07
2.670419311756223334e-07
2.733676047953605586e-07
2.798628323771518708e-07
2.865217995453513255e-07
2.933333996482001040e-07
3.002815055634720910e-07
3.073448622456383430e-07
3.144970945733736590e-07
3.217074156153587226e-07
3.289406089800123700e-07
3.361579883458196975e-07
3.433178824600317724e-07
3.503761814388390432e-07
3.572875753889395660e-07
3.640058924249649157e-07
3.704854092465838375e-07
3.766815214079179588e-07
3.825513663351865806e-07
3.880550799178192641e-07
3.931559574006802070e-07
3.978215578002681869e-07
4.020240134075645616e-07
4.057402082434075094e-07
4.089525541132379481e-07
4.116485540721473606e-07
4.138213247673944010e-07
4.154692677042438804e-07
4.165956188214823548e-07
4.172086344234530881e-07
4.173205797050490130e-07
4.169477555374939619e-07
4.161097326482168634e-07
4.148285564780722436e-07
4.131286744790368910e-07
4.110357706012097600e-07
4.085767932970691552e-07
4.057788620094254906e-07
4.026693106507082631e-07
3.992750707228962150e-07
3.956221351616346458e-07
3.917357900130065223e-07
3.876398760749920843e-07
3.833571551962567557e-07
3.789090491921832400e-07
3.743154493339039228e-07
3.695952257239773414e-07
3.647657916009834103e-07
3.598436642754917236e-07
3.548443910003409438e-07
3.497824947831263168e-07
3.446720207201088162e-07
3.395261577236245410e-07
3.343577410016865969e-07
3.291791282091428110e-07
3.240020651978388014e-07
3.188380809819000064e-07
3.136980175383968686e-07
3.085923623398297022e-07
3.035310067300921231e-07
2.985230042184083392e-07
2.935768270244135443e-07
2.886998512091013855e-07
2.838986463376345917e-07
2.791784809848959050e-07
2.745435691353723803e-07
2.699968463916094335e-07
2.655397818129438751e-07
2.611726614006069521e-07
2.568942241813997712e-07
2.527019903791331106e-07
2.485921728393424923e-07
2.445596282434809323e-07
2.405982417386726003e-07
2.367007187632379424e-07
2.328590028446719370e-07
2.290643029907933669e-07
2.253071442566143092e-07
2.215777986605854668e-07
2.178661570765560427e-07
2.141621544320041789e-07
2.104558195169719949e-07
2.067373282567456710e-07
2.029973866025532968e-07
1.992270894089454090e-07
1.954182702158339840e-07
1.915634995131495693e-07
1.876560803211769954e-07
1.836903369745679191e-07
1.796614298406620991e-07
1.755656129395790200e-07
1.714001778028102766e-07
1.671634008527011539e-07
1.628547553563532951e-07
1.584747079714938151e-07
1.540249109577619602e-07
1.495080964316849635e-07
1.449281425476238450e-07
1.402898751416085471e-07
1.355993255336989527e-07
1.308635111942555444e-07
1.260904405665375045e-07
1.212890959645760225e-07
1.164692108998814931e-07
1.116414190741788291e-07
1.068169983458160789e-07
1.020077958365165900e-07
9.722612913865507615e-08
9.248452186058432975e-08
8.779573652526212025e-08
8.317248800400512444e-08
7.862733367612635196e-08
7.417240809596643252e-08
6.981940903636776927e-08
6.557933942792363237e-08
6.146238753169558990e-08
5.747781385654162351e-08
5.363376711174998735e-08
4.993730172627865222e-08
4.639423504652977355e-08
4.300912158209673169e-08
3.978524515724518545e-08
3.672457422099741031e-08
3.382786512011589950e-08
3.109466076726713892e-08
2.852337334739971054e-08
2.611137902952319083e-08
2.385508711595057388e-08
2.175010181298825985e-08
1.979130941174279927e-08
1.797301266494210433e-08
1.628906339830853625e-08
1.473296940924096780e-08
1.329804806490373227e-08
1.197752209595728179e-08
1.076463297499522303e-08
9.652740992844837049e-09
8.635398155492766722e-09
7.706436675474058335e-09
6.860011692093737701e-09
6.090643374430591832e-09
5.393240849666068574e-09
4.763101561200117621e-09
4.195911278424070546e-09
3.687712378713516320e-09
3.234867756559337245e-09
2.834012929282495101e-09
2.481995819237887381e-09
2.175820222566897144e-09
1.912578890778599307e-09
1.689393293905198119e-09
1.503358604762161748e-09
1.351495627279964320e-09
1.230719414856611183e-09
1.137817912017391255e-09
1.069449315669322304e-09
1.022156426869654844e-09
9.923965866166773505e-10
9.765904686558299126e-10
9.711816720629933543e-10
9.727085755347480762e-10
9.778831460951790533e-10
9.836710308916777598e-10
9.873724389921891830e-10
9.866936412598993815e-10
9.798087976859349195e-10
9.654068313662513448e-10
9.427188617977214647e-10
9.115281136497838151e-10
8.721557882347740086e-10
8.254271406303174072e-10
7.726176621406028917e-10
7.153807913434657727e-10
6.556638713147412984e-10
5.956121038159277035e-10
5.374685776587145846e-10
4.834740802430602651e-10
4.357709834665089695e-10
3.963177827623306933e-10
3.668153947324724100e-10
3.486505176410145560e-10
3.428566926685162776e-10
3.500956495858297570e-10
3.706568965024347847e-10
4.044758534745780605e-10
4.511679500967755534e-10
5.100751857821121070e-10
5.803234510534557466e-10
6.608845279934943535e-10
7.506405805718054562e-10
8.484469621499104519e-10
9.531887407790675128e-10
1.063831378087778021e-09
1.179459133348801037e-09
1.299302941265328378e-09
1.422756321061589435e-09
1.549377491822624305e-09
1.678884131699159559e-09
1.811135154338286157e-09
1.946106961829278198e-09
2.083865144617913224e-09
2.224531509510089332e-09
2.368257369515700142e-09
2.515195392494907524e-09
2.665480614390218718e-09
2.819220748966843496e-09
2.976494112118491267e-09
3.137367716153407565e-09
3.301922519134797788e-09
3.470297161244882487e-09
3.642747045168856130e-09
3.819713354070193560e-09
4.001914687777586855e-09
4.190441094500114774e-09
4.386861565171255472e-09
4.593337467767211102e-09
4.812731904228799965e-09
5.048727798287539593e-09
5.305926794267212679e-09
5.589940724569628325e-09
5.907464912895135806e-09
6.266320214995918437e-09
6.675480794244679581e-09
7.145054260012802487e-09
7.686232379068275434e-09
8.311203720311866146e-09
9.033016665462167966e-09
9.865424162748351798e-09
1.082267309209129677e-08
1.191927254761287496e-08
1.316973911419079397e-08
1.458830998181714661e-08
1.618868076068185330e-08
1.798371651900777144e-08
1.998519296345079494e-08
2.220356633373110906e-08
2.464775346571007731e-08
2.732501044620316723e-08
3.024081432145584547e-08
3.339883794262619831e-08
3.680094309773069270e-08
4.044731525931668435e-08
4.433658243159491900e-08
4.846602681643972560e-08
5.283184868722681854e-08
5.742940364205439228e-08
6.225358631371028864e-08
6.729910201325443648e-08
7.256079210575323831e-08
7.803394555685410541e-08
8.371448360919264313e-08
8.959927789217721536e-08
9.568623129774221046e-08
1.019743801214378687e-07
1.084639323601911812e-07
1.151561049804042892e-07
1.220531385498187331e-07
1.291579955156101632e-07
1.364741192644428820e-07
1.440051511610119271e-07
1.517544412511991168e-07
1.597248636482933308e-07
1.679182942167359215e-07
1.763352546689048222e-07
1.849745874596766917e-07
1.938329528386804320e-07
2.029047952049502892e-07
2.121819525468286401e-07
2.216535431297745703e-07
2.313059429383098742e-07
2.411225842219914347e-07
2.510843641740454684e-07
2.611696240880645477e-07
2.713544724379109787e-07
2.816132037597691947e-07
2.919184760419139563e-07
3.022421864122088755e-07
3.125557764183702367e-07
3.228308914061950625e-07
3.330400810324647602e-07
3.431571388734967492e-07
3.531581761606187498e-07
3.630219343992269620e-07
3.727304199642297106e-07
3.822694882919250779e-07
3.916289238057641565e-07
4.008032657555940209e-07
4.097916830874301412e-07
4.185981437395955429e-07
4.272314635918246810e-07
4.357047511671936029e-07
4.440356518922046827e-07
4.522455318122967395e-07
4.603590058043323403e-07
4.684033713618349898e-07
4.764074489108158743e-07
4.844013763817191945e-07
4.924153581025649505e-07
5.004789135890598184e-07
5.086201614240941097e-07
5.168646124136226375e-07
5.252351391706973146e-07
5.337509695332060685e-07
5.424273568879342739e-07
5.512754121109383176e-07
5.603015128840268334e-07
5.695080526037741871e-07
5.788931907848229784e-07
5.884514698664189773e-07
5.981738404324667750e-07
6.080490492728805444e-07
6.180638911763579206e-07
6.282041445902674803e-07
6.384555531769471178e-07
6.488041409225663914e-07
6.592378216066793572e-07
6.697466136506142860e-07
6.803234154468675771e-07
6.909646636753433546e-07
7.016701263869349632e-07
7.124439506309828218e-07
7.232941094224183382e-07
7.342323707984420539e-07
7.452740936925776807e-07
7.564370851829125593e-07
7.677418137963429257e-07
7.792099632003187645e-07
7.908636216460243876e-07
8.027243913543985033e-07
8.148116257995026930e-07
8.271422585256272141e-07
8.397290250940607054e-07
8.525795332050327706e-07
8.656954232436487590e-07
8.790707740231899073e-07
8.926923761052963843e-07
9.065384520383180363e-07
9.205784273343585401e-07
9.347729261708371999e-07
9.490730668067813780e-07
9.634218317867117657e-07
9.777538315967030574e-07
9.919962118627658518e-07
1.006069789134076829e-06
1.019889398048021099e-06
1.033366371903670877e-06
1.046409203653411253e-06
1.058925286823194654e-06
1.070822731837329718e-06
1.082011165643746234e-06
1.092404575000058962e-06
1.101922014215695044e-06
1.110489229624239561e-06
1.118040137860409654e-06
1.124517042288375097e-06
1.129872767519952416e-06
1.134070410893337798e-06
1.137083901011919267e-06
1.138898291058391972e-06
1.139508707002939190e-06
1.138921200605751426e-06
1.137151207560368013e-06
1.134222877763632980e-06
1.130168227577029590e-06
1.125025097726870218e-06
1.118837142683728847e-06
1.111651648841153931e-06
1.103518620767245509e-06
1.094488671880842001e-06
1.084613056136172501e-06
1.073941760071745463e-06
1.062522778418868413e-06
1.050401550766734270e-06
1.037619623555956804e-06
1.024215450136065686e-06
1.010223448693621109e-06
9.956742291394805542e-07
9.805949839061381568e-07
9.650091490088823251e-07
9.489379939309000066e-07
9.324005249048952034e-07
9.154143694797211156e-07
8.979966886853953149e-07
8.801642965686798495e-07
8.619353864047396516e-07
8.433295808417032904e-07
8.243687272168626200e-07
8.050775738143558891e-07
7.854836126196792356e-07
7.656182295260233196e-07
7.455162629523293212e-07
7.252161401543001327e-07
7.047598393131161223e-07
6.841920839109128102e-07
6.635606459648232062e-07
6.429152670868898301e-07
6.223071020652965932e-07
6.017880507737555558e-07
5.814095019588460668e-07
5.612220938170086081e-07
5.412744025012027448e-07
5.216121852895434513e-07
5.022776506429264558e-07
4.833083735779420997e-07
4.647371857497440900e-07
4.465913146719834038e-07
4.288921121743280189e-07
4.116549243795729120e-07
3.948887823416936069e-07
3.785969722528690236e-07
3.627770640687680776e-07
3.474214601105617008e-07
3.325180715241871926e-07
3.180508389177668042e-07
3.040009136860163769e-07
2.903473370119366306e-07
2.770680395811136891e-07
2.641408259243668003e-07
2.515441044569010588e-07
2.392579926441980519e-07
2.272648773642654810e-07
2.155500783105986036e-07
2.041023557995030707e-07
1.929140939903618765e-07
1.819816584135098892e-07
1.713052456992412354e-07
1.608887476613061118e-07
1.507394578638151059e-07
1.408675271349514788e-07
1.312855609596610328e-07
1.220078851506858604e-07
1.130498868194897320e-07
1.044273228704960670e-07
9.615555004855055183e-08
8.824895802145275529e-08
8.072028592196378369e-08
7.358011624343941146e-08
6.683638657160558739e-08
6.049412732813276482e-08
5.455519148690376649e-08
4.901816270108761000e-08
4.387837182596449827e-08
3.912798689800993795e-08
3.475627213365532492e-08
3.074985979958063171e-08
2.709312914884366151e-08
2.376863440095319186e-08
2.075754915823398151e-08
1.804016560019380966e-08
1.559635309528046267e-08
1.340601827329819651e-08
1.144952816173996029e-08
9.708075928889368276e-09
8.164004682588724279e-09
6.801043078589997841e-09
5.604475363981882111e-09
4.561232015298016173e-09
3.659899601938970110e-09
2.890665205098151544e-09
2.245188679789921448e-09
1.716426323853341662e-09
1.298416785250895252e-09
9.860474905553904748e-10
7.748259919408342664e-10
6.606752114592551688e-10
6.397804272525791419e-10
7.085112709999613113e-10
8.634420368718727468e-10
1.101493226967679956e-09
1.420210593574474428e-09
1.818196664227241378e-09
2.295702537191350815e-09
2.855379707696665817e-09
3.503190892800635249e-09
4.249461104150895158e-09
5.110052804607180337e-09
6.107637083751531706e-09
7.273022668179855525e-09
8.646516385461603554e-09
1.027925756737322888e-08
1.223449423004712327e-08
1.458875542903423861e-08
1.743286808198025811e-08
2.087281048506089166e-08
2.503033621260117459e-08
3.004337397666011288e-08
3.606618650966393956e-08
4.326926111680102164e-08
5.183901174302920483e-08
6.197722563718661795e-08
7.390035287641616255e-08
8.783866844074280434e-08
1.040352939854206564e-07
1.227453036730990120e-07
1.442347606914642528e-07
1.687799277306825757e-07
1.966665222348459560e-07
2.281894028934219856e-07
2.636523267954097587e-07
3.033681225530682170e-07
3.476592394136011819e-07
3.968584453884588309e-07
4.513103301195159934e-07
5.113727564736204287e-07
5.774188588141208252e-07
6.498393898471737215e-07
7.290449125315472670e-07
8.154689763986694770e-07
9.095706281691587393e-07
1.011837330989520501e-06
1.122787888568424302e-06
1.242974516199194292e-06
1.372986020837162184e-06
1.513449297266121851e-06
1.665031040270030174e-06
1.828439034112967589e-06
2.004421728997517952e-06
2.193769354317494705e-06
2.397312172596962572e-06
2.615919056019664616e-06
2.850495454946819663e-06
3.101978905189898579e-06
3.371337192940434890e-06
3.659562522926757248e-06
3.967666709268018567e-06
4.296676033500058256e-06
4.647623122251179149e-06
5.021543530321931229e-06
5.419467188402075885e-06
5.842412232669631710e-06
6.291379188506762784e-06
6.767341708511557590e-06
7.271244934949585441e-06
7.803997223805530806e-06
8.366466029881054636e-06
8.959474890075870131e-06
9.583796092532332521e-06
1.024015444051018036e-05
1.092922193531298540e-05
1.165161840876583153e-05
1.240791358780934811e-05
1.319862308801211600e-05
1.402421920374939526e-05
1.488512879361383943e-05
1.578173867062718122e-05
1.671440213501086089e-05
1.768343664852473768e-05
1.868914025983826272e-05
1.973178994651940597e-05
2.081164897986525754e-05
2.192897477993837837e-05
2.308401444177436658e-05
2.427702365234066359e-05
2.550826146617947779e-05
2.677799611781714231e-05
2.808651085909338882e-05
2.943409387924673592e-05
3.082105747122497870e-05
3.224772664429412467e-05
3.371444173900668413e-05
3.522156118589559181e-05
3.676944496991454552e-05
3.835847462923127027e-05
3.998903609363306635e-05
4.166152487079045940e-05
4.337632569680239272e-05
4.513383543809290150e-05
4.693444322747152475e-05
4.877853219859031156e-05
5.066648266479444995e-05
5.259864983414600729e-05
5.457539388064434638e-05
5.659705944362937441e-05
5.866398145673428768e-05
6.077649297160539981e-05
6.293490325319846420e-05
6.513953771057369977e-05
6.739071820871765379e-05
6.968877431791142612e-05
7.203405655757854828e-05
7.442691469800987586e-05
7.686774755362069827e-05
7.935698277548603602e-05
8.189509200886426019e-05
8.448260751056185748e-05
8.712009775147606851e-05
8.980822445716768736e-05
9.254771814447446349e-05
9.533939349507356443e-05
9.818416539771568591e-05
1.010830173563424046e-04
1.040370618940255156e-04
1.070475071842836461e-04
1.101156683803195679e-04
1.132429789163553633e-04
1.164309473322180775e-04
1.196812176039953508e-04
1.229955229393703384e-04
1.263756897953140983e-04
1.298236415038463208e-04
1.333413405175119023e-04
1.369308468603081756e-04
1.405942568519659549e-04
1.443336983824735850e-04
1.481513258516083760e-04
1.520492467714585944e-04
1.560295786320154505e-04
1.600943723568804119e-04
1.642455995483502402e-04
1.684851399373294757e-04
1.728146934938861801e-04
1.772358384373595047e-04
1.817499416384680026e-04
1.863581411537258540e-04
1.910613301269653618e-04
1.958600584123996579e-04
2.007545975711676070e-04
2.057448436061403211e-04
2.108303014719082409e-04
2.160100728441358207e-04
2.212827548200264698e-04
2.266465213264729015e-04
2.320990271156139957e-04
2.376374240312893716e-04
2.432582648925884355e-04
2.489576065102574445e-04
2.547309225675071392e-04
2.605731181289747014e-04
2.664785515311554414e-04
2.724409543295366605e-04
2.784535709915835627e-04
2.845090912338039415e-04
2.905996946526440009e-04
2.967171036978121629e-04
3.028525258451335430e-04
3.089968345753051526e-04
3.151405238402910721e-04
3.212737835669738501e-04
3.273865822493266463e-04
3.334686280608887914e-04
3.395095848623566701e-04
3.454990410026941667e-04
3.514266054067374974e-04
3.572820073396724343e-04
3.630550629805711022e-04
3.687359096654227127e-04
3.743149724446557733e-04
3.797830622799651130e-04
3.851314736127282824e-04
3.903519378736831653e-04
3.954368547803291324e-04
4.003792382232262167e-04
4.051727974629542629e-04
4.098120141702077716e-04
4.142920673107325868e-04
4.186090440379682757e-04
4.227598522325550163e-04
4.267422721047436050e-04
4.305550018447377959e-04
4.341975466751273570e-04
4.376704003224963732e-04
4.409749206378277015e-04
4.441133479708599119e-04
4.470888174730628739e-04
4.499052137623302749e-04
4.525673222784173510e-04
4.550806723444622364e-04
4.574515261805661270e-04
4.596868630424228493e-04
4.617942075170859977e-04
4.637817567286400063e-04
4.656582012570741362e-04
4.674326947389328252e-04
4.691148210492209294e-04
4.707144098718996105e-04
4.722416520070757515e-04
4.737069141121697555e-04
4.751207046102461171e-04
4.764936407038908544e-04
4.778362696562636104e-04
4.791591895821324340e-04
4.804728775113586785e-04
4.817876703356603662e-04
4.831137502743183885e-04
4.844609902802120868e-04
4.858390969648533641e-04
4.872574680761553099e-04
4.887252023537578486e-04
4.902511152227180102e-04
4.918436175198815296e-04
4.935108868673181463e-04
4.952607577297209532e-04
4.971007882340142950e-04
4.990381609632154550e-04
5.010798703561954040e-04
5.032326291672510089e-04
5.055029180971165733e-04
5.078970353136656127e-04
5.104210052572851104e-04
5.130807652655455537e-04
5.158820690698057067e-04
5.188305260139933943e-04
5.219316346368306101e-04
5.251906710146578240e-04
5.286128476045124291e-04
5.322031862334935517e-04
5.359665213865056092e-04
5.399074943320453018e-04
5.440303992840212453e-04
5.483392973460826615e-04
5.528378439772631096e-04
5.575292461280258053e-04
5.624162111409371353e-04
5.675007489356458925e-04
5.727842458647051244e-04
5.782672550665566734e-04
5.839494219222160802e-04
5.898294074509624488e-04
5.959046706174455461e-04
6.021715326478621014e-04
6.086249638764228967e-04
6.152585160551368119e-04
6.220642623548543930e-04
6.290326042564492025e-04
6.361523742542094005e-04
6.434106672549693437e-04
6.507928289329693297e-04
6.582824609994288945e-04
6.658612995980770465e-04
6.735094015218963306e-04
6.812050612143024471e-04
6.889248922281477477e-04
6.966439295055564451e-04
7.043356052375388497e-04
7.119720376072659947e-04
7.195240455634640576e-04
7.269613279554010439e-04
7.342526595812785004e-04
7.413659544237374312e-04
7.482686377296010735e-04
7.549277337358906940e-04
7.613101102408769338e-04
7.673827299734773278e-04
7.731127589915841617e-04
7.784679724611385512e-04
7.834168651082027346e-04
7.879289069912487299e-04
7.919747941930076673e-04
7.955265478504373921e-04
7.985578950594445077e-04
8.010443487000556972e-04
8.029634489150844299e-04
8.042948206648575706e-04
8.050204993651847692e-04
8.051249569775837094e-04
8.045952528745372451e-04
8.034211649452355480e-04
8.015951677902894736e-04
7.991126602411369791e-04
7.959719033810697380e-04
7.921740732243872556e-04
7.877232904058890537e-04
7.826265047151211756e-04
7.768936082650533060e-04
7.705372775232874035e-04
7.635729204232685405e-04
7.560186005270527927e-04
7.478948291470852248e-04
7.392245645541685190e-04
7.300329662856070096e-04
7.203472465723160384e-04
7.101965030376187907e-04
6.996114381143159243e-04
6.886242655589407081e-04
6.772684058328635927e-04
6.655782738204700988e-04
6.535890569179955917e-04
6.413364037787249198e-04
6.288562833044122760e-04
6.161846716381725762e-04
6.033573296279559021e-04
5.904095829851617374e-04
5.773760391621130016e-04
5.642904595506720994e-04
5.511854991732632056e-04
5.380925348290949628e-04
5.250415071616464091e-04
5.120607223480670494e-04
4.991767926693836286e-04
4.864144781623031639e-04
4.737966104431429355e-04
4.613440359138810064e-04
4.490755335831367735e-04
4.370078509234507323e-04
4.251556642610110825e-04
4.135316086595653166e-04
4.021463249314496209e-04
3.910084869992204990e-04
3.801249221885119362e-04
3.695006693437857836e-04
3.591390888523130040e-04
3.490419817239110074e-04
3.392096880808940585e-04
3.296412524197184658e-04
3.203345333834834580e-04
3.112863469600393946e-04
3.024926090239801356e-04
2.939484541389823184e-04
2.856483980208292944e-04
2.775864491041334613e-04
2.697562381275790807e-04
2.621511395226694776e-04
2.547643674143642754e-04
2.475890979580062804e-04
2.406185464106772357e-04
2.338460520070124494e-04
2.272651511544262560e-04
2.208696267770801907e-04
2.146535730991333416e-04
2.086114229531208896e-04
2.027379800019680112e-04
1.970284278995564433e-04
1.914783502408653885e-04
1.860837206340030733e-04
1.808408948949473806e-04
1.757465949140077127e-04
1.707978786199753436e-04
1.659921186516027090e-04
1.613269614297825952e-04
1.568002898429328473e-04
1.524101824938133953e-04
1.481548662676663555e-04
1.440326777933752375e-04
1.400420150045245853e-04
1.361812947136126206e-04
1.324489115239411963e-04
1.288431963326502644e-04
1.253623841318165892e-04
1.220045794615200061e-04
1.187677293687597346e-04
1.156496007640442554e-04
1.126477613021776512e-04
1.097595686648794176e-04
1.069821619330091160e-04
1.043124599782795461e-04
1.017471648186185108e-04
9.928276960422228548e-05
9.691557225739503808e-05
9.464169252964085583e-05
9.245709354637638713e-05
9.035760659819374262e-05
8.833895930413365467e-05
8.639680521843576982e-05
8.452675592581910234e-05
8.272441380072089151e-05
8.098540497433618160e-05
7.930541318307408633e-05
7.768021043478210948e-05
7.610568836977103303e-05
7.457788644902839923e-05
7.309301740377610601e-05
7.164749134780453875e-05
7.023793307212756337e-05
6.886119897067000822e-05
6.751438838908661627e-05
6.619485083324641063e-05
6.490019129085782023e-05
6.362826729851919652e-05
6.237718646962404608e-05
6.114529837124808983e-05
5.993118310972244561e-05
5.873363961123161543e-05
5.755166655629023682e-05
5.638444640283832678e-05
5.523132557716865950e-05
5.409179375457418183e-05
5.296546555456827681e-05
5.185205687778783682e-05
5.075136730699322042e-05
4.966326017508236742e-05
4.858764738960930839e-05
4.752447006511834802e-05
4.647368671934947652e-05
4.543526052219469975e-05
4.440914852138581068e-05
4.339529587765607571e-05
4.239362607546925114e-05
4.140403899327426568e-05
4.042640772931219530e-05
3.946057700802248962e-05
3.850636602752751519e-05
3.756356648449859131e-05
3.663194770113138585e-05
3.571125959553739227e-05
3.480123636334741361e-05
3.390160369936526426e-05
3.301208044559104726e-05
3.213238651824818366e-05
3.126224801493751235e-05
3.040140242178158292e-05
2.954960669733994736e-05
2.870663945552203765e-05
2.787230875889767763e-05
2.704645671832254936e-05
2.622896374732324538e-05
2.541975507439936968e-05
2.461880118143119274e-05
2.382612306272782285e-05
2.304179393948380607e-05
2.226594014588920668e-05
2.149874358944059788e-05
2.074043811021899957e-05
1.999130988131047070e-05
1.925169417990376468e-05
1.852197116738938781e-05
1.780256294964412852e-05
1.709392514664638131e-05
1.639654227038545576e-05
1.571092014858579489e-05
1.503757794797952878e-05
1.437704191219251889e-05
1.372983502229794852e-05
1.309647082226745756e-05
1.247744555485002979e-05
1.187323089534438161e-05
1.128426905844596104e-05
1.071096533896115440e-05
1.015368499650399485e-05
9.612749409943381536e-06
9.088433319847477154e-06
8.580964442846686574e-06
8.090521256343754668e-06
7.617234437386674754e-06
7.161187632257362666e-06
6.722418903347211369e-06
6.300923714825513589e-06
5.896656040168805623e-06
5.509531831395479995e-06
5.139431390302619484e-06
4.786201698529968221e-06
4.449659357951279614e-06
4.129591603491923232e-06
3.825758663033720747e-06
3.537894933567633391e-06
3.265709885280665735e-06
3.008889262291342821e-06
2.767094858567520046e-06
2.539965342017113126e-06
2.327116304331548160e-06
2.128140885278166445e-06
1.942609612390351717e-06
1.770071326036056459e-06
1.610053903923434701e-06
1.462065336466342020e-06
1.325595445993570870e-06
1.200117396598536092e-06
1.085090181410856778e-06
9.799611703304875902e-07
8.841690506492314878e-07
7.971470174315287103e-07
7.183263814361797769e-07
6.471398106657089307e-07
5.830254132234998444e-07
5.254301922338581955e-07
4.738135104287788307e-07
4.276508302375725066e-07
3.864365649756611882e-07
3.496872626489919034e-07
3.169440343177934739e-07
2.877746517656426885e-07
2.617755000995813097e-07
2.385726747571885962e-07
2.178230232089074499e-07
1.992144766967048014e-07
1.824659752561705593e-07
1.673271518634487289e-07
1.535773505414626601e-07
1.410245449034893549e-07
1.295037656521819784e-07
1.188752745096143274e-07
1.090226245125233133e-07
9.985042707537776428e-08
9.128201600978132624e-08
8.325714230357446550e-08
7.572951161339708369e-08
6.866449882661697025e-08
6.203685777524572606e-08
5.582857330646095669e-08
5.002694315786159681e-08
4.462276590621655192e-08
3.960884036172001645e-08
3.497864646833109236e-08
3.072528334621205774e-08
2.684069128721019074e-08
2.331505988527629253e-08
2.013651241503337931e-08
1.729096163237054872e-08
1.476215032433674388e-08
1.253185855763524901e-08
1.058019939327099505e-08
8.886022916390724441e-09
7.427353945702894756e-09
6.181852732123211405e-09
5.127275368463441653e-09
4.241890070413321702e-09
3.504853918354858569e-09
2.896518175111149168e-09
2.398662683127638979e-09
1.994657700956329466e-09
1.669546620336160335e-09
1.410064643496179133e-09
1.204595000095146673e-09
1.043077456880326512e-09
9.168825585525401908e-10
8.186612536677445089e-10
7.421868085377236115e-10
6.821973877620680608e-10
6.342506733997793640e-10
5.945989093356115286e-10
5.600876410040948058e-10
5.280835026725942748e-10
4.964295319338423787e-10
4.634272132772155037e-10
4.278423082148013895e-10
3.889279761057444328e-10
3.464611095917347135e-10
3.007839101039186641e-10
2.528448282270478412e-10
2.042328696081939002e-10
1.571986167248168694e-10
1.146582511687470679e-10
8.017598550404645181e-11
5.792284308299924946e-11
5.261056187532458621e-11
6.940046075971389550e-11
1.137889696294079269e-10
1.914722609868743679e-10
3.081937368590157271e-10
4.695795148177746507e-10
6.809668313015604421e-10
9.472328440892640153e-10
1.272629713221714350e-09
1.660632773614915779e-09
2.113811364605673432e-09
2.633724264849076921e-09
3.220852309118100408e-09
3.874567742302253391e-09
4.593144973543644778e-09
5.373822441300787495e-09
6.212901472068425148e-09
7.105899572429624659e-09
8.047738319016264834e-09
9.032964357945938262e-09
1.005601070420277163e-08
1.111145798186486887e-08
1.219432356070989412e-08
1.330033342359905794e-08
1.442617469531929664e-08
1.556974057642278149e-08
1.673030402950271595e-08
1.790867443568704046e-08
1.910727400593631622e-08
2.033014649860449613e-08
2.158292919910281612e-08
2.287271148670531307e-08
2.420787664169171389e-08
2.559785311975243426e-08
2.705281151176064740e-08
2.858336395686861462e-08
3.020017378287963599e-08
3.191361733092571805e-08
3.373340357518473844e-08
3.566820350588510139e-08
3.772536413431989625e-08
3.991057748911578064e-08
4.222768745509872786e-08
4.467849555683867907e-08
4.726262196196886558e-08
4.997750820926788840e-08
5.281837059610161612e-08
5.577833691644438509e-08
5.884856443807029934e-08
6.201840371126833524e-08
6.527571474367797692e-08
6.860707117416703999e-08
7.199816023002015329e-08
7.543410461085375044e-08
7.889979410632618532e-08
8.238036611566399473e-08
8.586149103138330990e-08
8.932986603735313073e-08
9.277356280631897866e-08
9.618234781170804240e-08
9.954814837608125873e-08
1.028652327969154333e-07
1.061306082480051390e-07
1.093441930906197817e-07
1.125089138954515944e-07
1.156309319399087991e-07
1.187194810776367407e-07
1.217869233821709319e-07
1.248484973686904764e-07
1.279219492424051321e-07
1.310272693088360433e-07
1.341861185940641612e-07
1.374211455615732554e-07
1.407554736265580936e-07
1.442117319131737249e-07
1.478114282354678437e-07
1.515740344334173579e-07
1.555160585864731980e-07
1.596504443038791044e-07
1.639855861613429455e-07
1.685248899895291706e-07
1.732661519096197383e-07
1.782010652643730312e-07
1.833152401920333751e-07
1.885878867550652641e-07
1.939922192710010790e-07
1.994957024366515255e-07
2.050604645215309443e-07
2.106442927495787268e-07
2.162011766505352213e-07
2.216826035371259883e-07
2.270385410258232568e-07
2.322184623989051938e-07
2.371728714549324600e-07
2.418541129540068018e-07
2.462178530833473912e-07
2.502239995524643499e-07
2.538374871337298180e-07
2.570294489571233832e-07
2.597774330178990964e-07
2.620662367818804647e-07
2.638880169767461620e-07
2.652421911374741538e-07
2.661357123191215513e-07
2.665823115907954894e-07
2.666024202315830517e-07
2.662223682328123770e-07
2.654734442132211754e-07
2.643914252459301744e-07
2.630151525433617609e-07
2.613859178187875207e-07
2.595462372815562659e-07
2.575386224119591783e-07
2.554049460511911433e-07
2.531849914414559374e-07
2.509159283508264605e-07
2.486313043236269260e-07
2.463601485273678990e-07
2.441267590253075434e-07
2.419497868665280299e-07
2.398423046427134618e-07
2.378114716802581676e-07
2.358583630366810397e-07
2.339785019396269329e-07
2.321617294312933024e-07
2.303930362907263396e-07
2.286529869357570593e-07
2.269182672248815927e-07
2.251628656124850798e-07
2.233585326324650805e-07
2.214760904092296215e-07
2.194862356552066559e-07
2.173603442080548625e-07
2.150717639851795433e-07
2.125962684357226678e-07
2.099132010539154698e-07
2.070059924265344702e-07
2.038625568331537908e-07
2.004760436754271940e-07
1.968446885451055319e-07
1.929722473228473342e-07
1.888677779761818401e-07
1.845452850488931412e-07
1.800236862211394149e-07
1.753259638371537266e-07
1.704788952949279159e-07
1.655122453788183287e-07
1.604579191350951018e-07
1.553494913050727642e-07
1.502211112330490564e-07
1.451070253114044517e-07
1.400407295586466037e-07
1.350541942022396794e-07
1.301775056503544054e-07
1.254380565187344972e-07
1.208603369631430718e-07
1.164654687226563312e-07
1.122708473552316825e-07
1.082901686104046315e-07
1.045330921186458272e-07
1.010054211860680340e-07
9.770906457039315022e-08
9.464208060206599666e-08
9.179903517437212975e-08
8.917103402851814595e-08
8.674617875871851136e-08
8.450981867436220575e-08
8.244485340382517200e-08
8.053229359754321770e-08
7.875151775600608596e-08
7.708088502862008546e-08
7.549814778262396242e-08
7.398088394512740104e-08
7.250713588358443266e-08
7.105574054763628208e-08
6.960694439535149444e-08
6.814279080145199606e-08
6.664747421565646777e-08
6.510782817686749504e-08
6.351347226470114372e-08
6.185715999123878816e-08
6.013486071259106775e-08
5.834575945103630053e-08
5.649232953492638254e-08
5.458006318718562566e-08
5.261735560323491954e-08
5.061514125788212114e-08
4.858646409682905918e-08
4.654612658417103476e-08
4.451007969259579396e-08
4.249498959350091572e-08
4.051765435535195526e-08
3.859443698660962509e-08
3.674083784250494956e-08
3.497093718750190556e-08
3.329706198428300279e-08
3.172941113292682040e-08
3.027576828627913482e-08
2.894139081219790612e-08
2.772885028091295950e-08
2.663809346428130062e-08
2.566649854303844360e-08
2.480901363672016374e-08
2.405843017727261801e-08
2.340564269714222486e-08
2.283995626542666513e-08
2.234949315697401733e-08
2.192151327740586404e-08
2.154284110203784915e-08
2.120021705515199695e-08
2.088063228830619773e-08
2.057169902409647982e-08
2.026189047475859971e-08
1.994083402047383822e-08
1.959949621545556702e-08
1.923032156410136471e-08
1.882738214698739067e-08
1.838639018189816010e-08
1.790475225183822209e-08
1.738152082881893202e-08
1.681730768844294164e-08
1.621421434273113727e-08
1.557565104032903648e-08
1.490620735302808028e-08
1.421144900888544165e-08
1.349770223644825011e-08
1.277187185269157275e-08
1.204118892810056527e-08
1.131302350192019491e-08
1.059466125893433176e-08
9.893096064218673562e-09
9.214872390160695698e-09
8.565899314364914208e-09
7.951337193514041562e-09
7.375480528813676110e-09
6.841674286957452581e-09
6.352284464141410353e-09
5.908664679419891110e-09
5.511186337388994990e-09
5.159274602904935815e-09
4.851471794155790873e-09
4.585538561709638049e-09
4.358547198438814824e-09
4.167011342372054391e-09
4.007007298192863239e-09
3.874299263261159320e-09
3.764475826400495074e-09
3.673061081656805113e-09
3.595636042364177257e-09
3.527935668512782265e-09
3.465933019942365007e-09
3.405920820565567470e-09
3.344560996533351179e-09
3.278937620734828790e-09
3.206585194990431574e-09
3.125505504604672217e-09
3.034184931992771774e-09
2.931586776645430996e-09
2.817151886071124817e-09
2.690782082654517969e-09
2.552818346460440983e-09
2.404022609674888222e-09
2.245540447887000028e-09
2.078871281973301589e-09
1.905823684161496647e-09
1.728465272016002263e-09
1.549072526536078002e-09
1.370064472885595352e-09
1.193939603158163576e-09
1.023201834613935109e-09
8.602842975207560458e-10
7.074754664263505261e-10
5.668415822889875149e-10
4.401582728529816096e-10
3.288467398299745364e-10
2.339216061600422989e-10
1.559535769504517055e-10
9.504665318112709010e-11
5.083477355727259610e-11
2.249663037101293841e-11
8.789855265057320509e-12
8.103242678055613303e-12
1.852480392246455352e-11
3.792288317626787833e-11
6.403642957860582626e-11
9.456994407996322297e-11
1.272886830820140818e-10
1.601086954409067631e-10
1.911780033784179371e-10
2.189440655835796796e-10
2.422043621208680177e-10
2.601388438889059450e-10
2.723210230880926920e-10
2.787102330461525278e-10
2.796240485383116396e-10
2.756939504370795722e-10
2.678085281248022778e-10
2.570454913768774152e-10
2.445998604892034133e-10
2.317101970369994506e-10
2.195882561933020692e-10
2.093566968607531793e-10
2.019958679619445669e-10
1.983045533279547929e-10
1.988739636031633787e-10
2.040761976504429312e-10
2.140672768325561960e-10
2.288013676260090937e-10
2.480563105388568548e-10
2.714658119779689555e-10
2.985559408415303962e-10
3.287840641484085526e-10
3.615747196714383895e-10
3.963532771121767335e-10
4.325726648631381265e-10
4.697328014626578307e-10
5.073941413534643292e-10
5.451812191068585882e-10
5.827822400417593635e-10
6.199414963834628547e-10
6.564477620793030261e-10
6.921232049222729321e-10
7.268084407476958707e-10
7.603528707326087744e-10
7.926052020078172959e-10
8.234073230900283110e-10
8.525950134759484200e-10
8.799998293431936010e-10
9.054541100525657957e-10
9.288019770973005684e-10
9.499063290135983579e-10
9.686613150410962026e-10
9.850000867848680710e-10
9.989003048259214406e-10
1.010390903511989823e-09
1.019549861562592212e-09
1.026505202796025489e-09
1.031429756328252371e-09
1.034534643157387001e-09
1.036067067649776287e-09
1.036303264981428136e-09
1.035550663781844376e-09
1.034149856580233503e-09
1.032481416453448497e-09
1.030982160644523413e-09
1.030159866334093235e-09
1.030618301796700790e-09
1.033080263133189796e-09
1.038410666418483539e-09
1.047641364431071269e-09
1.061983935116977132e-09
1.082840463395602406e-09
1.111798673395230340e-09
1.150613230970367372e-09
1.201176415148948177e-09
1.265465562463570559e-09
1.345481974095097496e-09
1.443170643285580468e-09
1.560327581710551089e-09
1.698505174308472327e-09
1.858904479981341042e-09
2.042279112491705477e-09
2.248839985649022139e-09
2.478171827663439368e-09
2.729178156124380021e-09
3.000034866933386709e-09
3.288187136614061970e-09
3.590366099651329183e-09
3.902634817995954128e-09
4.220481385775902606e-09
4.538917508612114337e-09
4.852628249086813576e-09
5.156126160310866380e-09
5.443918020596755209e-09
5.710702849020882249e-09
5.951536357104512399e-09
6.162024285296110546e-09
6.338477774002086754e-09
6.478045950920172186e-09
6.578850197856060292e-09
6.640044482033683772e-09
6.661883866782499263e-09
6.645727390942466966e-09
6.594003435348400075e-09
6.510169168004477119e-09
6.398591908126093828e-09
6.264445371962294993e-09
6.113551140468264834e-09
5.952201541776487014e-09
5.786996722541353863e-09
5.624632903330036763e-09
5.471730238317831774e-09
5.334638134176559237e-09
5.219251928961585437e-09
5.130869029670757824e-09
5.074027796192712039e-09
5.052405634966186535e-09
5.068718951480006776e-09
5.124651288348993238e-09
5.220834231184946647e-09
5.356822871395518917e-09
5.531137028104277599e-09
5.741308229340470775e-09
5.983953357204413124e-09
6.254901388885623694e-09
6.549302873357411006e-09
6.861801568056974028e-09
7.186694766281767804e-09
7.518102963384411414e-09
7.850180814848056318e-09
8.177278156167742725e-09
8.494149759475359293e-09
8.796119481138392614e-09
9.079225200180244730e-09
9.340383939609177565e-09
9.577465954579813639e-09
9.789401172801846195e-09
9.976206161385262498e-09
1.013897011066552063e-08
1.027984902659031958e-08
1.040194747291413387e-08
1.050923524916196650e-08
1.060638024942021630e-08
1.069855013893615499e-08
1.079124220305304912e-08
1.089001932531708996e-08
1.100031639114749738e-08
1.112719579599611383e-08
1.127511217679471953e-08
1.144775127748297191e-08
1.164781389849696787e-08
1.187691789229144899e-08
1.213548560426114491e-08
1.242267426343455898e-08
1.273641441222207872e-08
1.307340539223467080e-08
1.342924986215543076e-08
1.379857013358832253e-08
1.417515934412885553e-08
1.455223375640546939e-08
1.492260428301409621e-08
1.527896931343137415e-08
1.561414241435286985e-08
1.592127292444197948e-08
1.619413344525527842e-08
1.642726719150408543e-08
1.661622740730112396e-08
1.675770127370278945e-08
1.684959183624947734e-08
1.689114283623562747e-08
1.688289004513512770e-08
1.682669676512538877e-08
1.672565929989502675e-08
1.658397169701315740e-08
1.640684040048186383e-08
1.620023839131728632e-08
1.597076306405558791e-08
1.572538995916096697e-08
1.547121748627484840e-08
1.521528236039812097e-08
1.496430463442501909e-08
1.472444663128833012e-08
1.450116883129229501e-08
1.429899339388025552e-08
1.412141461824792790e-08
1.397076704074687562e-08
1.384813366756713385e-08
1.375336882935785018e-08
1.368505210436680873e-08
1.364059425422649594e-08
1.361630973817446841e-08
1.360752660312601129e-08
1.360880194240486586e-08
1.361405576194118999e-08
1.361683539519060904e-08
1.361052127863076480e-08
1.358853893598619845e-08
1.354464284373621054e-08
1.347308065797838796e-08
1.336885006092061859e-08
1.322785734524983535e-08
1.304704542988859041e-08
1.282455726701171145e-08
1.255975097435534597e-08
1.225327851157571939e-08
1.190704855162449846e-08
1.152414826990401159e-08
1.110878893981415598e-08
1.066611658114253209e-08
1.020208590941792960e-08
9.723244495408688314e-09
9.236502752141361898e-09
8.748946944354589849e-09
8.267570024175425655e-09
7.799086363144511504e-09
7.349708829674700270e-09
6.924951861488885574e-09
6.529502835213533529e-09
6.167065172767908949e-09
5.840296999405144705e-09
5.550749477700633367e-09
5.298848021383100607e-09
5.083943105845684850e-09
4.904350777356410261e-09
4.757471499959924521e-09
4.639907051854680223e-09
4.547601550562654012e-09
4.476024987374233138e-09
4.420326878979108096e-09
4.375532085642763764e-09
4.336707126116481162e-09
4.299117337835900797e-09
4.258393854402560245e-09
4.210643590007636858e-09
4.152573128755720954e-09
4.081561924958537892e-09
3.995708677908070117e-09
3.893873703011879854e-09
3.775659053843323361e-09
3.641398321991174096e-09
3.492100339762316095e-09
3.329374642962455177e-09
3.155361491468012291e-09
2.972619808008989707e-09
2.784037044277914962e-09
2.592715809464713088e-09
2.401862766377261126e-09
2.214696482753347440e-09
2.034339454956684253e-09
1.863740993523215432e-09
1.705596695919838950e-09
1.562281866585736089e-09
1.435807532628940032e-09
1.327774053398207785e-09
1.239351211757616608e-09
1.171260296038873003e-09
1.123767596572193732e-09
1.096694072863460431e-09
1.089422661883585388e-09
1.100923121992316826e-09
1.129776598787405079e-09
1.174206052731717861e-09
1.232119097539231980e-09
1.301145905433927428e-09
1.378693298716791758e-09
1.461997410590260533e-09
1.548181141514120440e-09
1.634326089941012960e-09
1.717535891059601758e-09
1.795017757779749236e-09
1.864157392143313948e-09
1.922593873244133033e-09
1.968304655681299114e-09
1.999668871986406530e-09
2.015540723323202405e-09
2.015299978273799145e-09
1.998887738698587410e-09
1.966837179428666407e-09
1.920265174183064164e-09
1.860860171696707140e-09
1.790833988165600948e-09
1.712850606414732834e-09
1.629943845043613433e-09
1.545398457554247397e-09
1.462631371808111608e-09
1.385050781171464815e-09
1.315910673334138138e-09
1.258175033190501466e-09
1.214376788363046448e-09
1.186504044112912811e-09
1.175898917438531205e-09
1.183183258837679188e-09
1.208222698410231679e-09
1.250113126155592100e-09
1.307213598255586090e-09
1.377206188062943420e-09
1.457187247887158786e-09
1.543795430023764377e-09
1.633348369522022087e-09
1.722008611833542756e-09
1.805947743414262442e-09
1.881508787130083460e-09
1.945370391303149182e-09
1.994684509812789188e-09
2.027190169170710944e-09
2.041311958372263547e-09
2.036206774663091144e-09
2.011796140701084157e-09
1.968750845313480142e-09
1.908442992119514207e-09
1.832881581382414835e-09
1.744603978006845552e-09
1.646567174958108845e-09
1.542013524102767343e-09
1.434331349373779365e-09
1.326926008623457204e-09
1.223082078402850143e-09
1.125851531856687935e-09
1.037947886226397318e-09
9.616601624727102946e-10
8.987940939814535285e-10
8.506240691202118791e-10
8.178756291616314028e-10
8.007209123993704625e-10
7.987921189489242633e-10
8.112155983587715701e-10
8.366506534215783213e-10
8.733470709568574741e-10
9.192057352591880475e-10
9.718454591451939844e-10
1.028681232316283877e-09
1.086996899125034315e-09
1.144030700588690839e-09
1.197056360747204363e-09
1.243464572276960689e-09
1.280852690924804641e-09
1.307100312934743859e-09
1.320453774595935391e-09
1.319595714268285245e-09
1.303704944152858238e-09
1.272512722962375415e-09
1.226329081276970286e-09
1.166062976196148786e-09
1.093210616599161334e-09
1.009819541166660863e-09
9.184342693957309121e-10
8.220048638689081790e-10
7.237821145226106684e-10
6.271847637386063605e-10
5.356521538669024478e-10
4.524918273275264101e-10
3.807189473990580332e-10
3.229083268277180757e-10
2.810580739765001830e-10
2.564779941647937082e-10
2.497114664738907028e-10
2.604921431939320807e-10
2.877456847185325891e-10
3.296338982989288995e-10
3.836421863204322317e-10
4.467095756595606506e-10
5.153893060674904580e-10
5.860393967974713999e-10
6.550261845066210153e-10
7.189309301112085652e-10
7.747529197400975951e-10
8.200848471117270656e-10
8.532640604574601403e-10
8.734772749826037989e-10
8.808161464856469401e-10
8.762862908172038803e-10
8.617526063893436928e-10
8.398421245075478681e-10
8.137937615092419388e-10
7.872700013089169649e-10
7.641470599453158409e-10
7.482812009448541838e-10
7.432823995555922337e-10
7.522944852829182246e-10
7.778005456289914365e-10
8.214703404968521584e-10
8.840447459378336202e-10
9.652806119385341907e-10
1.063944782780109725e-09
1.177861619501595230e-09
1.304019466159024801e-09
1.438709320723792919e-09
1.577711985836609206e-09
1.716501270435577686e-09
1.850458035505310855e-09
1.975097795464549733e-09
2.086267296290001524e-09
2.180339641505989000e-09
2.254364640887684790e-09
2.306180085195065585e-09
2.334498475079131906e-09
2.338924623933852131e-09
2.319956766678863021e-09
2.278930704134786704e-09
2.217929666696312174e-09
2.139683792678302800e-09
2.047423151512900642e-09
1.944743433043152624e-09
1.835449117049351747e-09
1.723399453114801014e-09
1.612375932118707783e-09
1.505941015033826047e-09
1.407332806740837089e-09
1.319364306758770784e-09
1.244343233434277488e-09
1.184021388158951555e-09
1.139547819199383949e-09
1.111455055523122049e-09
1.099653041272171646e-09
1.103440097318340732e-09
1.121538266834161609e-09
1.152131050702905778e-09
1.192929278104365941e-09
1.241243216775873951e-09
1.294068543410346519e-09
1.348195709957989849e-09
1.400316589719519275e-09
1.447156220716424344e-09
1.485601000356278298e-09
1.512828510577756104e-09
1.526446379526065876e-09
1.524604479314312549e-09
1.506109610983895979e-09
1.470505914141446104e-09
1.418126886367986357e-09
1.350125224721762806e-09
1.268447023019047998e-09
1.175782628069209674e-09
1.075465331244126469e-09
9.713329808589108821e-10
8.675639973004985357e-10
7.684785722119793476e-10
6.783244643965305155e-10
6.010630291925180162e-10
5.401522695732585775e-10
4.983570447958774597e-10
4.775842332765878721e-10
4.787597215267899183e-10
5.017587911390446805e-10
5.453859481152716284e-10
6.074187730803651368e-10
6.847051205845620060e-10
7.733122515296433619e-10
8.687266025793426166e-10
9.660790744553730685e-10
1.060401028504080275e-09
1.146880885468445395e-09
1.221111138264946113e-09
1.279322337038145157e-09
1.318566707649612563e-09
1.336869850947162240e-09
1.333317303482486907e-09
1.308081097622591138e-09
1.262397205187078023e-09
1.198468867857814210e-09
1.119335225696602824e-09
1.028687092863406618e-09
9.306538147801331422e-10
8.295820483761596461e-10
7.297989462176934663e-10
6.353980707723556843e-10
5.500403118617584939e-10
4.767896046581605424e-10
4.179942401149151755e-10
3.752070850630088611e-10
3.491595461184010777e-10
3.397773232114015937e-10
3.462382050995862925e-10
3.670675114042304699e-10
4.002554853196282438e-10
4.433962041718767005e-10
4.938309015612435568e-10
5.487887460550618581e-10
6.055218118944908178e-10
6.614167960024249970e-10
7.140924059862177936e-10
7.614681959899277584e-10
8.018081806475235017e-10
8.337482114588098642e-10
8.562932842043174945e-10
8.688091562105697077e-10
8.709955257555598114e-10
8.628521297387916137e-10
8.446500088317746998e-10
8.168922746614951115e-10
7.802894779196270703e-10
7.357316926522146161e-10
6.842653704979771096e-10
6.270797727441573914e-10
5.654848969854881224e-10
5.008972110126055307e-10
4.348152724464610309e-10
3.687901935317020061e-10
3.043922331280782274e-10
2.431635901836952378e-10
1.865688402732175085e-10
1.359364363635500753e-10
9.239867138583763487e-11
5.683428408296833219e-11
2.981546463767753981e-11
1.156722386673649908e-11
1.941399482415012899e-12
4.102878768653525091e-13
6.082085571114102036e-12
1.773920474271043823e-11
3.389891834160034092e-11
5.289383589137318352e-11
7.296774052064079830e-11
9.238178867886266319e-11
1.095229696725755429e-10
1.230090922377357822e-10
1.317811806699160705e-10
1.351766951497687568e-10
1.329791943161642524e-10
1.254371214525948133e-10
1.132530504980600642e-10
9.754023649861609856e-11
7.975014077291571543e-11
6.157609083706296559e-11
4.483718165895618533e-11
3.135262303319983321e-11
2.281327489793748350e-11
2.066027280871931606e-11
2.597917535029440291e-11
3.941656594004058510e-11
6.112567316095053178e-11
9.074439726075257104e-11
1.274071394784703846e-10
1.697907516099483431e-10
2.161891678788599581e-10
2.646146487018947764e-10
3.129159171655777050e-10
3.589054752495930223e-10
4.004913926733743461e-10
4.357975066317785071e-10
4.632737647262004405e-10
4.817818312976159587e-10
4.906538665136471611e-10
4.897267098515778961e-10
4.793389991937610289e-10
4.603061306076289515e-10
4.338643234532447077e-10
4.015932546080116491e-10
3.653268177379159188e-10
3.270480008712912141e-10
2.887863518337503514e-10
2.525144465674866227e-10
2.200534617694259121e-10
1.929940938588930125e-10
1.726301497930257351e-10
1.599137131939747694e-10
1.554271179147456772e-10
1.593736594319500326e-10
1.715865859288613614e-10
1.915515523672420497e-10
2.184410785597146688e-10
2.511602064550562156e-10
2.883958134070128121e-10
3.286731908497845189e-10
3.704125401256286335e-10
4.119850577171839701e-10
4.517717148378355535e-10
4.882144358414411234e-10
5.198704650977197966e-10
5.454592132567187350e-10
5.639042029779805705e-10
5.743752803192532531e-10
5.763162944430512999e-10
5.694733276362632045e-10
5.539080229050940586e-10
5.300001750487213350e-10
4.984437918929564226e-10
4.602219171840816296e-10
4.165760284062488510e-10
3.689570197537747984e-10
3.189651913269747324e-10
2.682844156093462163e-10
2.186045529120302834e-10
1.715464174739933201e-10
1.285854866210938464e-10
9.098322244631871945e-11
5.973090225068146673e-11
3.550691376627882313e-11
1.865406307850876964e-11
9.176315066920856482e-12
6.756701949018468204e-12
1.079486695314771211e-11
2.046125876479961914e-11
3.476408845592354807e-11
5.262351179336992083e-11
7.294678624955564434e-11
9.469890704663251616e-11
1.169613852527360606e-10
1.389761522271747085e-10
1.601692473159632315e-10
1.801528458485635679e-10
1.987080683765606363e-10
2.157467667803295281e-10
2.312619941486403353e-10
2.452686595333895865e-10
2.577431002733568643e-10
2.685721553063534933e-10
2.775126733427348859e-10
2.841756794001564679e-10
2.880331338351164334e-10
2.884520715003789586e-10
2.847588141521713584e-10
2.763222366479803148e-10
2.626588235037110135e-10
2.435431132073477102e-10
2.191161433133532753e-10
1.899825763918360380e-10
1.572784784833999933e-10
1.227064008275120000e-10
8.852335791932105024e-11
5.747935166189502238e-11
3.270518685802819629e-11
1.755018647043698936e-11
1.537952548991306904e-11
2.934113053199255001e-11
6.211808366331945437e-11
1.156845014782940559e-10
1.910831837024105079e-10
2.882459662328023554e-10
4.058729384719363627e-10
5.413837098198963416e-10
6.909568467605708721e-10
8.496502450710749905e-10
1.011616095935147476e-09
1.170388054442473700e-09
1.319228269661324701e-09
1.451530207019686199e-09
1.561220201914071715e-09
1.643170968262992681e-09
1.693563821148060670e-09
1.710185162417971160e-09
1.692654410845113621e-09
1.642518463338081567e-09
1.563256302550797841e-09
1.460142851711839694e-09
1.339996406960268266e-09
1.210836833527453479e-09
1.081434715117667136e-09
9.608237657311146664e-10
8.577698352747780417e-10
7.802472228129180343e-10
7.349625828467358006e-10
7.269343167464588750e-10
7.591820417261311864e-10
8.325248870543638300e-10
9.455097427040193582e-10
1.094483167511008973e-09
1.273778541498482999e-09
1.476035544276804995e-09
1.692605413772578904e-09
1.914021444285259391e-09
2.130527105170529395e-09
2.332580586183931455e-09
2.511364474037480728e-09
2.659218508183422479e-09
2.769988110032223569e-09
2.839304820505932069e-09
2.864711969429808701e-09
2.845723990541748461e-09
2.783746081998573349e-09
2.681897029242084822e-09
2.544784330947998230e-09
2.378174168374980561e-09
2.188672440083837406e-09
1.983363739832132977e-09
1.769465018040627335e-09
1.554031743387226600e-09
1.343675479656528743e-09
1.144366645337769582e-09
9.612746505991432174e-10
7.986690507778830270e-10
6.598824360803938235e-10
5.472992544915055585e-10
4.623902422585731081e-10
4.057570513664485467e-10
3.771877681064714016e-10
3.757171358246833314e-10
3.996745052990531247e-10
4.467316477548686310e-10
5.139411735777564576e-10
5.977741058698055192e-10
6.941700559165598865e-10
7.985991557578066004e-10
9.061471508863812466e-10
1.011642312333060835e-09
1.109804724003263172e-09
1.195448354841960584e-09
1.263705725332629647e-09
1.310274511982443075e-09
1.331689308761777838e-09
1.325563418149027513e-09
1.290825453802810639e-09
1.227891134604774940e-09
1.138766035425994712e-09
1.027076281453301026e-09
8.979790282057978497e-10
7.579886440996850901e-10
6.146863471385442904e-10
4.763401138555005243e-10
3.514573576515980211e-10
2.482782843660434081e-10
1.742607678889816651e-10
1.355767936679754239e-10
1.366640434649611537e-10
1.798663397252267325e-10
2.651886978870429576e-10
3.901952540254606396e-10
5.500597345963263684e-10
7.377704945458607414e-10
9.444908658825458161e-10
1.160038031973937461e-09
1.373474718457533512e-09
1.573755078271492533e-09
1.750385640786175209e-09
1.894080220576089820e-09
1.997315995091431510e-09
2.054810735878150166e-09
2.063836584613019853e-09
2.024367264395980130e-09
1.939075251668688845e-09
1.813118282584993212e-09
1.653803650197274451e-09
1.470094552239327472e-09
1.272022222791222628e-09
1.070060901222930082e-09
8.744674892401154589e-10
6.946816998755290130e-10
5.387887821193979277e-10
4.130999309027863668e-10
3.218779715943989885e-10
2.672066529972684953e-10
2.490234486641290546e-10
2.652922472381660107e-10
3.123004698868105922e-10
3.850525893277050668e-10
4.777152632403809526e-10
5.840858097267616102e-10
6.980357369697157953e-10
8.138956701493464224e-10
9.267644804009409714e-10
1.032701229664630023e-09
1.128819447874411006e-09
1.213261499521135702e-09
1.285073468966275634e-09
1.344019962297844571e-09
1.390328888376130631e-09
1.424444721789574267e-09
1.446783014754727022e-09
1.457530741578427719e-09
1.456535379245311132e-09
1.443252809572083609e-09
1.416814003162573310e-09
1.376159937612679900e-09
1.320248442961060863e-09
1.248326002247181652e-09
1.160191265245362710e-09
1.056467070779678680e-09
9.388051249820202829e-10
8.100118348707543564e-10
6.740809184119476163e-10
5.360893520281626511e-10
4.019863768975812836e-10
2.782581645216933811e-10
1.715025789970633778e-10
8.794552261254821130e-11
3.293008006953521656e-11
1.043156018316445009e-11
2.263764223043085808e-11
6.963859108719874253e-11
1.492615110075891591e-10
2.570718043128407464e-10
3.865548931218188108e-10
5.294721486977043132e-10
6.763695231347523509e-10
8.172150591245090553e-10
9.421023361527111769e-10
1.041989280165645746e-09
1.109393687759650514e-09
1.138994301272006643e-09
1.128103058193821401e-09
1.076931319341336561e-09
9.886650800665674242e-10
8.693016470308579340e-10
7.272710632499015116e-10
5.728763707590415595e-10
4.175659847748716176e-10
2.731222299330170247e-10
1.508042166140981528e-10
6.052415848684809444e-11
1.011958175569856577e-11
4.774293109664478604e-12
4.663816979653712798e-11
1.346731257118961917e-10
2.647367664922192155e-10
4.298978735453560321e-10
6.209521662072302325e-10
8.271037441476162305e-10
1.036748642068968657e-09
1.238295027369788724e-09
1.420972188961561533e-09
1.575530403582833934e-09
1.694821096602247154e-09
1.774176690788278834e-09
1.811577975222069704e-09
1.807627152387102020e-09
1.765297692699418256e-09
1.689511060940508345e-09
1.586608647267324007e-09
1.463716641948207534e-09
1.328130819011034416e-09
1.186725036705923947e-09
1.045461840449544904e-09
9.090591885465913159e-10
7.808020053372982704e-10
6.625513525705136619e-10
5.549069042890673860e-10
4.575128367172779981e-10
3.694698112899475802e-10
2.897838010840341284e-10
2.178148346072503812e-10
1.536538063932540391e-10
9.838561540280739076e-11
5.420087119459228387e-11
2.432991902286506869e-11
1.280163420441931123e-11
2.404068501314108534e-11
6.234096680101766848e-11
1.312667189533343752e-10
2.330431787058879817e-10
3.680070083556377570e-10
5.341813447989605811e-10
7.270311542437092798e-10
9.394522354511546732e-10
1.161998703773633852e-09
1.383374289751957313e-09
1.591140107223593526e-09
1.772594358977916983e-09
1.915781864247116865e-09
2.010496356228849211e-09
2.049249641441378947e-09
2.028058881217161633e-09
1.946991304801903103e-09
1.810429518380408541e-09
1.626949734118179155e-09
1.408878086912997492e-09
1.171480061522568844e-09
9.318650807616914950e-10
7.076963431191716120e-10
5.157711234603743251e-10
3.706302611546512958e-10
2.832869929476755280e-10
2.602076084963576763e-10
3.026426935083122301e-10
4.063732887059387334e-10
5.619233734026980036e-10
7.552309106189426571e-10
9.687376838203521790e-10
1.182832602159900039e-09
1.377511014468008514e-09
1.534147647879196794e-09
1.637202073681971582e-09
1.675713739397015846e-09
1.644473519266980845e-09
1.544703639678813971e-09
1.384231691188489141e-09
1.177069605565690983e-09
9.424376220970671006e-10
7.033092477445843122e-10
4.845488030276423181e-10
3.108294497605023971e-10
2.044722841083727250e-10
1.834078538304862181e-10
2.594379328669553400e-10
4.369513824531477476e-10
7.122292439137405027e-10
1.073412780627443890e-09
1.501155145410350031e-09
1.969941808191286377e-09
2.449950574731651835e-09
2.909359058046376329e-09
3.316869154152843806e-09
3.644246790431876038e-09
3.868714592437644135e-09
3.974880962168062683e-09
3.956161886979485947e-09
3.815445928855143111e-09
3.564974639654727301e-09
3.225480996203141127e-09
2.824523502666080830e-09
2.394283118136539065e-09
1.968887370648916036e-09
1.581540918052657258e-09
1.261722727331483108e-09
1.032635213163287789e-09
9.092019206965729250e-10
8.967473664803956067e-10
9.905119900277946111e-10
1.176066524051859093e-09
1.430576833344527148e-09
1.724859510302476237e-09
2.026028176805845416e-09
2.300510009088522438e-09
2.517199875067405205e-09
2.650404950895159343e-09
2.682389599227109893e-09
2.605209050342596754e-09
2.421676497668752720e-09
2.145389614094087730e-09
1.799710629571465535e-09
1.415860431376010360e-09
1.030201588733599169e-09
6.809781609658283177e-10
4.048008907011164493e-10
2.331636706391392060e-10
1.893460379384556409e-10
2.859757654076648840e-10
5.235069411733262319e-10
8.897826079651299515e-10
1.360746625330297809e-09
1.902293216390511294e-09
2.473105937176698216e-09
3.028251237564097753e-09
3.523262745396603136e-09
3.918277368372677145e-09
4.181944305065506276e-09
4.294646646212615032e-09
4.250743530222573576e-09
4.059649137369004443e-09
3.745473205613407364e-09
3.345355210725118600e-09
2.906462944323554959e-09
2.481939841647205620e-09
2.126156634411783625e-09
1.889587962365347257e-09
1.813866993486006172e-09
1.927400812363011274e-09
2.242005073417480525e-09
2.750924209336064088e-09
3.428441903142196918e-09
4.231197059860135093e-09
5.101211702245345512e-09
5.970328113704325773e-09
6.765858246814086886e-09
7.416869406858898989e-09
7.860605310937443586e-09
8.048581245703548955e-09
7.951575228014939004e-09
7.563291626577481765e-09
6.902082481583592302e-09
6.010591875591123326e-09
4.953338656766409544e-09
3.812164617975832483e-09
2.680081283592435916e-09
1.653806416640950512e-09
8.256855607729503833e-10
2.756700633475961121e-10
6.400868688585434091e-11
2.253629765310087461e-10
7.648855680498309711e-10
1.656685469576668895e-09
2.844909775466718651e-09
4.247419427091959646e-09
5.761880452873819525e-09
7.273786929243049232e-09
8.665775829204666324e-09
9.827583476449929703e-09
1.066559410895802259e-08
1.111140254695045091e-08
1.112837880452515980e-08
1.071568426265659715e-08
9.909440886596077014e-09
8.780555866908740572e-09
7.429635993981416457e-09
5.979045109304390197e-09
4.562851885324136759e-09
3.315514509143867125e-09
2.360096493125979254e-09
1.797201747605082064e-09
1.695492967261203855e-09
2.084739679690004347e-09
2.952087368709720623e-09
4.241933176423776183e-09
5.859601256938152229e-09
7.678564035605711986e-09
9.550679917871876872e-09
1.131874931393886828e-08
1.283015107095545358e-08
1.395065543508894996e-08
1.457695788417382325e-08
1.464685719347206055e-08
1.414626762825307911e-08
1.311196801199008053e-08
1.163013295456949041e-08
9.830260454662774581e-09
7.875051334498067906e-09
5.947067605830828687e-09
4.233007222384732826e-09
2.907170343016140671e-09
2.115357704382641645e-09
1.960756644233594420e-09
2.493133490487676829e-09
3.702367877323328295e-09
5.517134388932214743e-09
7.808996763951749767e-09
1.040174645674033467e-08
1.308545395712984953e-08
1.563397344377531224e-08
1.782473410058275742e-08
1.945891240729726588e-08
2.038026423313130929e-08
2.049110332890498559e-08
1.976344566524257325e-08
1.824466557574942508e-08
1.605647570462037224e-08
1.338725751159078435e-08
1.047826506568108344e-08
7.604326834378087572e-09
5.050910816991588177e-09
3.089128115792658686e-09
1.950965293985638511e-09
1.806923306075567379e-09
2.748080697990277953e-09
4.774428608775864753e-09
7.790731580790527461e-09
1.161059186128651249e-08
1.596879487438910326e-08
2.054103245950963859e-08
2.496982650287141245e-08
2.889441131529003089e-08
3.198214306954856243e-08
3.395902889760467436e-08
3.463607348309016696e-08
3.392964920631533283e-08
3.187321752895807631e-08
2.861925672749307859e-08
2.443103310068674635e-08
1.966390836973233692e-08
1.473804736246689600e-08
1.010400838174616375e-08
6.204231172554205755e-09
3.433642191362081691e-09
2.102654839413572812e-09
2.406137394487916681e-09
4.401254024922266029e-09
7.996608009542988691e-09
1.295420326561941576e-08
1.890457931357691850e-08
2.537454976350106509e-08
3.182556788187875197e-08
3.769980925465040577e-08
4.247053510373258234e-08
4.569193622891744605e-08
4.704464835653726625e-08
4.637204852357933641e-08
4.370382240366179135e-08
3.926429589425029413e-08
3.346322741950183806e-08
2.686968849580742847e-08
2.016969987134061037e-08
1.411078217560565773e-08
9.437596361111180749e-09
6.823611260259127150e-09
6.804814751875324391e-09
9.721449775287980137e-09
1.567336105135763920e-08
2.449392522719866152e-08
3.574601125414041191e-08
4.874177518471775392e-08
6.258643081901029171e-08
7.624333901090438657e-08
8.861686643051789807e-08
9.864644387492783427e-08
1.054045803777179134e-07
1.081911647904341314e-07
1.066144217683400357e-07
1.006519232135559903e-07
9.068362923584397349e-08
7.749250738901695683e-08
6.223045418131167840e-08
4.634871392073956873e-08
3.149693498253639403e-08
1.939602249045135391e-08
1.169385842368054797e-08
9.814580219284429610e-09
1.481340435730515199e-08
2.724990836012245621e-08
4.709194298081497584e-08
7.366101742615729316e-08
1.056278537694725034e-07
1.410629437129536956e-07
1.775441362302805530e-07
2.123178162782177686e-07
2.425065013581898835e-07
2.653523219597681943e-07
2.784798197063751537e-07
2.801623122259392206e-07
2.695707158288554588e-07
2.469857843475761809e-07
2.139556972030077243e-07
1.733809719178269120e-07
1.295159654583791175e-07
8.787762314132017807e-08
5.506016268598226179e-08
3.845969707318174841e-08
4.591865597252764305e-08
8.530671182581904152e-08
1.640593355751730884e-07
2.886994650550930901e-07
4.643706811705339412e-07
6.944101213209693160e-07
9.799903378331127358e-07
1.319854398377504395e-06
1.710164968720764824e-06
2.144484411514286069e-06
2.613889677121928495e-06
3.107227077465093029e-06
3.611494246000633314e-06
4.112334795817507610e-06
4.594625639286863337e-06
5.043121433220100850e-06
5.443130707153828099e-06
5.781181524432989815e-06
6.045644041050212290e-06
6.227277113539695470e-06
6.319665183652594250e-06
