2.996753502E+1
2.976681519E+1
2.958938599E+1
2.940471840E+1
2.920964622E+1
2.902183533E+1
2.883843040E+1
2.866655540E+1
2.846321297E+1
2.826930618E+1
2.810549736E+1
2.781116676E+1
2.763114929E+1
2.742487717E+1
2.726365280E+1
2.706095695E+1
2.688934517E+1
2.663871574E+1
2.639378929E+1
2.618239212E+1
2.598068237E+1
2.581154633E+1
2.561378860E+1
2.539347458E+1
2.519058990E+1
2.501398849E+1
2.481667709E+1
2.461006355E+1
2.438581657E+1
2.419897842E+1
2.401602173E+1
2.378257942E+1
2.363720131E+1
2.342941284E+1
2.324961281E+1
2.305645943E+1
2.282590866E+1
2.265460396E+1
2.244939613E+1
2.226609612E+1
2.208401108E+1
2.187355232E+1
2.167931938E+1
2.146195984E+1
2.130420113E+1
2.100388336E+1
2.079465485E+1
2.062277222E+1
2.040578651E+1
2.022653389E+1
2.001638603E+1
1.982925606E+1
1.962583923E+1
1.944284821E+1
1.924564743E+1
1.905735016E+1
1.883208466E+1
1.864154243E+1
1.844692802E+1
1.825358963E+1
1.805815315E+1
1.788836861E+1
1.764557457E+1
1.738311005E+1
1.720932388E+1
1.698633385E+1
1.678519058E+1
1.659154320E+1
1.640176201E+1
1.619241905E+1
1.603103828E+1
1.583247375E+1
1.564114094E+1
1.543378067E+1
1.524517727E+1
1.505513477E+1
1.486104298E+1
1.465083790E+1
1.447444439E+1
1.424833202E+1
1.407291698E+1
1.388896084E+1
1.365292263E+1
1.347645378E+1
1.326280022E+1
1.308660030E+1
1.277135849E+1
1.259949589E+1
1.242894459E+1
1.219925404E+1
1.200221443E+1
1.181384659E+1
1.165171051E+1
1.140396023E+1
1.121810722E+1
1.104947472E+1
1.083341217E+1
1.066660976E+1
1.046492577E+1
1.026380444E+1
9.963958740E+0
9.798458099E+0
9.576378822E+0
9.367196083E+0
9.188380241E+0
8.997155190E+0
8.782072067E+0
8.568694115E+0
8.404280663E+0
8.170528412E+0
8.020964622E+0
7.805101871E+0
7.614714146E+0
7.434856892E+0
7.200047016E+0
7.024250984E+0
6.816514492E+0
6.640373707E+0
6.428018093E+0
6.240099430E+0
6.048394680E+0
5.841588020E+0
5.636309147E+0
5.461433887E+0
5.267771721E+0
5.052305222E+0
4.874672890E+0
4.666778088E+0
4.479447842E+0
4.276869774E+0
4.087892056E+0
3.892108679E+0
3.716114998E+0
3.500209808E+0
3.297915936E+0
3.074319363E+0
2.772146463E+0
2.586946487E+0
2.394626617E+0
2.187537193E+0
1.989618540E+0
1.800076842E+0
1.640642762E+0
1.430494308E+0
1.232171774E+0
1.007424712E+0
8.019179702E-1
6.029086709E-1
3.843722045E-1
2.179171443E-1
7.108259480E-3
-1.835426092E-1
-3.665731251E-1
-5.832281709E-1
-7.913780808E-1
-9.737659097E-1
-1.136263490E+0
-1.402171850E+0
-1.556026816E+0
-1.764585257E+0
-1.984279513E+0
-2.177080870E+0
-2.370763063E+0
-2.598017693E+0
-2.762443304E+0
-2.949724674E+0
-3.145503521E+0
-3.375544071E+0
-3.537914038E+0
-3.761057854E+0
-3.971424103E+0
-4.191794395E+0
-4.398367882E+0
-4.584547997E+0
-4.817383289E+0
-4.977872372E+0
-5.213368893E+0
-5.435795307E+0
-5.626563072E+0
-5.810464859E+0
-6.034008503E+0
-6.246525764E+0
-6.434709072E+0
-6.630604267E+0
-6.840527534E+0
-7.009333611E+0
-7.245931149E+0
-7.446860790E+0
-7.605841160E+0
-7.803514481E+0
-8.020392418E+0
-8.182050705E+0
-8.411772728E+0
-8.586099625E+0
-8.809892654E+0
-8.991130829E+0
-9.198751450E+0
-9.426269531E+0
-9.615719795E+0
-9.824900627E+0
-1.001113129E+1
-1.023403454E+1
-1.043490982E+1
-1.064300251E+1
-1.088353062E+1
-1.110939407E+1
-1.128758049E+1
-1.129867458E+1
-1.159632206E+1
-1.179848289E+1
-1.198433208E+1
-1.223373890E+1
-1.241236973E+1
-1.261369896E+1
-1.281855583E+1
-1.299827480E+1
-1.319445896E+1
-1.338558197E+1
-1.357410240E+1
-1.380028057E+1
-1.399123573E+1
-1.417962456E+1
-1.443311882E+1
-1.461040974E+1
-1.477315998E+1
-1.503246307E+1
-1.521927166E+1
-1.538916588E+1
-1.561700535E+1
-1.577323914E+1
-1.598967934E+1
-1.617266273E+1
-1.637335205E+1
-1.660309601E+1
-1.677708435E+1
-1.700832939E+1
-1.718042946E+1
-1.734811592E+1
-1.756229973E+1
-1.777866554E+1
-1.797980881E+1
-1.813687515E+1
-1.836220551E+1
-1.855831909E+1
-1.876296425E+1
-1.896920967E+1
-1.915964127E+1
-1.934368896E+1
-1.954477501E+1
-1.971644592E+1
-1.990602112E+1
-2.013038254E+1
-2.032912254E+1
-2.049901009E+1
-2.079153442E+1
-2.101580429E+1
-2.119270706E+1
-2.137034988E+1
-2.159886742E+1
-2.180480194E+1
-2.199417877E+1
-2.220091248E+1
-2.241743851E+1
-2.257650375E+1
-2.276285934E+1
-2.299413300E+1
-2.317237854E+1
-2.337052155E+1
-2.359086990E+1
-2.378281784E+1
-2.398204994E+1
-2.416633415E+1
-2.436133003E+1
-2.456043434E+1
-2.474036407E+1
-2.495758438E+1
-2.516554642E+1
-2.535836983E+1
-2.555563354E+1
-2.574722481E+1
-2.597353363E+1
-2.615221786E+1
-2.635895920E+1
-2.653894997E+1
-2.674390030E+1
-2.695282555E+1
-2.715662003E+1
-2.733356285E+1
-2.754004478E+1
-2.773279572E+1
-2.791915894E+1
-2.815509033E+1
-2.831721687E+1
-2.849861717E+1
-2.870339203E+1
-2.892729759E+1
-2.910188675E+1
-2.931589508E+1
-2.951515770E+1
-2.969350624E+1
-3.003931236E+1
