8.622729033E-2
-1.115729213E-1
-4.568424821E-2
-7.019120455E-2
-1.286095474E-2
7.796357572E-2
-1.034887955E-1
-2.679585665E-2
-1.923076250E-2
-2.909103967E-2
7.791358232E-2
-1.027553082E-1
-8.007055521E-2
-1.834005490E-2
-4.879317433E-2
-9.009993635E-3
1.318664756E-2
5.590376630E-2
1.958145387E-2
-2.234955505E-2
-1.005134545E-2
-2.839834057E-2
1.348135713E-2
2.996141836E-2
2.954369411E-2
4.854852334E-2
7.752085477E-2
7.348109782E-2
6.930384785E-2
-1.803876832E-2
-1.525156200E-3
7.350342814E-3
2.446324192E-2
4.893335700E-2
5.882915482E-2
4.779990762E-2
6.507463753E-2
8.142773062E-2
1.035855636E-1
1.524764206E-2
1.843155921E-2
4.186953232E-2
3.238356486E-2
5.954422057E-2
9.402526170E-2
-8.321435004E-2
2.022021078E-2
5.071148276E-2
3.779754043E-2
5.680236965E-2
8.167178929E-2
-8.968085796E-2
8.148891479E-2
9.511989355E-2
-8.842110634E-2
3.073305823E-2
2.531579323E-2
8.896253072E-3
-7.800956070E-2
-8.502799273E-2
-6.353326142E-2
-3.043499589E-2
-1.367864292E-2
-2.570319362E-2
-2.812537597E-3
2.369291708E-2
-9.254112095E-2
-7.136346400E-2
-1.575081982E-2
-3.718240187E-2
-2.784247138E-2
3.819050908E-4
2.942331135E-2
1.094343327E-2
4.926161468E-2
-6.187091768E-2
-1.921892166E-2
2.890691161E-2
3.672198206E-2
6.985840201E-2
6.281102449E-2
-8.663245291E-2
-6.694544852E-2
-7.179434597E-2
-6.047038734E-2
2.500131261E-3
-1.194195673E-1
-8.900789171E-2
-4.747421667E-2
-2.719713561E-2
-1.449172571E-2
-3.584834980E-3
3.901321813E-2
3.820737079E-2
6.444180012E-2
-1.174118593E-1
-1.207891777E-1
2.356858738E-2
5.360858515E-2
6.802699715E-2
5.832130834E-2
-1.507048458E-1
-8.928352594E-2
-5.759565160E-2
-3.308672458E-2
-4.064392298E-2
8.668316901E-2
-6.445752084E-2
-8.978742361E-2
-7.290477306E-2
-3.547400609E-2
-1.451080292E-2
1.118420064E-2
2.040111460E-2
-2.463643614E-5
7.418497652E-2
-9.786102176E-2
-6.923799962E-2
-3.494049981E-2
2.336268499E-2
2.308113128E-2
2.043334953E-2
6.640674919E-2
9.700524807E-2
-1.112413704E-1
-4.155765474E-2
-2.359022945E-2
6.111907586E-2
-7.060827315E-2
-8.253283054E-2
-4.361404479E-2
-3.056853451E-2
9.361999109E-3
1.842954778E-3
6.488978118E-2
4.051307961E-2
8.458796889E-2
1.236431650E-3
-1.595803723E-2
5.562349223E-3
4.268064350E-2
-1.180611402E-1
8.538328856E-2
-6.647510082E-2
-6.629024446E-2
-3.311830014E-2
-3.417087253E-3
9.498171508E-3
3.601744026E-2
3.660883382E-2
5.963500217E-2
-1.325361282E-1
1.111960486E-1
-9.391665459E-2
-2.226732671E-2
-1.517389994E-2
4.026306327E-3
1.400499325E-2
3.635030612E-2
5.718983337E-2
7.639793307E-2
8.598192036E-2
-4.771958664E-2
-5.572740361E-2
-1.819927990E-2
-2.045630850E-2
7.847664878E-3
-1.426481060E-3
4.434956983E-2
6.259525567E-2
-1.130023971E-1
1.115861386E-1
-1.216496620E-2
8.116526157E-2
5.985800922E-2
8.720944077E-2
1.188052148E-1
-6.713885069E-2
-9.783997387E-2
-2.769051120E-2
-3.568451107E-2
-2.510522306E-2
-2.509276150E-3
-6.535259308E-4
5.212845653E-2
5.467624962E-2
-1.278312951E-1
-8.627853543E-2
-1.202379093E-1
-7.995346189E-2
-7.997385412E-2
-2.149831690E-2
-6.089867558E-3
-9.637567215E-3
2.162666060E-2
-5.789694190E-2
-2.928181179E-2
-1.887750626E-2
7.408231962E-3
1.491477806E-2
6.962816417E-2
7.030704618E-2
-1.152298227E-1
-9.250822663E-2
-5.127189308E-2
-3.850464523E-2
-2.877462097E-2
9.880373254E-3
1.436351240E-2
4.147680476E-2
4.983787984E-2
-1.305277497E-1
9.213267267E-2
-7.172066718E-2
-6.779537350E-2
1.489039976E-3
-3.157242900E-3
1.733297668E-2
3.688051924E-2
5.811869726E-2
7.300153375E-2
-8.996109664E-2
-6.963599473E-2
-4.256874695E-2
-1.483314205E-2
-3.357023373E-2
1.813487709E-2
2.987392806E-2
4.267143458E-2
7.468362153E-2
6.547459960E-2
-8.396098763E-2
-4.186552018E-2
-1.123413071E-2
9.496160201E-4
3.422352672E-2
6.369515508E-2
7.989695668E-2
-4.298778623E-2
-5.449067429E-2
-2.072207257E-2
9.292926639E-3
2.174770087E-2
2.324558981E-2
3.794748802E-3
-2.151015773E-2
2.749256790E-2
5.484465510E-2
4.451797530E-2
4.999378696E-2
1.179177985E-1
-1.143127978E-1
5.734245107E-2
7.690314949E-2
-1.045288295E-1
-4.140635207E-2
-5.053709075E-2
2.339031361E-2
3.055412695E-2
2.813527174E-2
4.820052907E-2
9.071043134E-2
7.282063365E-2
-9.014331549E-2
-8.332617581E-2
-3.803166375E-2
-1.785658533E-3
3.920004144E-2
5.554327369E-2
7.823460549E-2
8.214345574E-2
9.294048697E-2
-8.536019921E-2
-5.072260275E-2
-2.156344242E-2
-9.312462062E-2
-9.262992442E-2
-3.614499420E-2
-3.053038009E-2
-3.066326305E-2
5.890851025E-5
2.112144418E-2
4.750322551E-2
5.231528357E-2
-1.211667731E-1
-9.776761383E-2
-6.225048751E-2
-4.586778581E-2
-1.981031522E-2
4.008746147E-2
4.971157387E-2
3.826197237E-2
6.227094680E-2
6.513581425E-2
8.730153739E-2
9.745322913E-2
-1.012304500E-1
-3.135333210E-2
-4.918063805E-2
-1.091573946E-2
-4.303847905E-3
