3.898435008386969289e-06
3.919431792279477072e-06
3.936876554366260248e-06
3.950464414627383324e-06
3.959973172802407732e-06
3.965267558998046447e-06
3.966301516980155643e-06
3.963118476335697697e-06
3.955849615935001953e-06
3.944710167232254569e-06
3.929993850815305625e-06
3.912065585284244970e-06
3.891352622370333819e-06
3.868334379600609219e-06
3.843531129055938346e-06
3.817491843647070103e-06
3.790781516844998858e-06
3.763968228230605810e-06
3.737610216177449390e-06
3.712243282335096287e-06
3.688368858539830640e-06
3.666442977835214402e-06
3.646866354399957417e-06
3.629975829532202091e-06
3.616037422252710789e-06
3.605241098381528224e-06
3.597697316699383550e-06
3.593435462024957691e-06
3.592404245166344301e-06
3.594474003000431445e-06
3.599440772296872227e-06
3.607032077510671231e-06
3.616914348855037835e-06
3.628701733550957578e-06
3.641966014589469909e-06
3.656247450393443205e-06
3.671066345571306027e-06
3.685935014097151187e-06
3.700369790034147782e-06
3.713902725820831427e-06
3.726093194415561009e-06
3.736538366786112830e-06
3.744882894533356235e-06
3.750827386219867066e-06
3.754135250754234505e-06
3.754638416297483511e-06
3.752240959343116397e-06
3.746920938588267775e-06
3.738730844442594580e-06
3.727795760168373620e-06
3.714309992049036421e-06
3.698532025786907007e-06
3.680777671830275225e-06
3.661412343731530043e-06
3.640841684248008233e-06
3.619501215246703950e-06
3.597845759433384581e-06
3.576337871208044647e-06
3.555436357607417007e-06
3.535584902068818621e-06
3.517200777021380099e-06
3.500664764995347441e-06
3.486311459653204850e-06
3.474420673110725059e-06
3.465210692143910170e-06
3.458832436366665057e-06
3.455365530726557004e-06
3.454816099790461310e-06
3.457116021462609051e-06
3.462124588986345410e-06
3.469631371635803018e-06
3.479360743119630372e-06
3.490978572202900282e-06
3.504099689690929938e-06
3.518296922799750619e-06
3.533111169087544100e-06
3.548061915362998068e-06
3.562659005504317538e-06
3.576414058643336066e-06
3.588851872317381518e-06
3.599522226043005936e-06
3.608010414229428925e-06
3.613947356621156447e-06
3.617018689376815082e-06
3.616972223164223580e-06
3.613624768501403766e-06
3.606866683332375823e-06
3.596664720185946750e-06
3.583063844476583695e-06
3.566186445762405999e-06
3.546230163217777114e-06
3.523463971312237605e-06
3.498222277978203670e-06
3.470897825853670016e-06
3.441933729239000813e-06
3.411812580302107845e-06
3.381047104865515299e-06
3.350167595758548920e-06
3.319710559414280461e-06
3.290207169126163784e-06
3.262170131758989424e-06
3.236083405452995411e-06
3.212390030443551328e-06
3.191482485520132178e-06
3.173694133513467134e-06
3.159290460152389793e-06
3.148463277271822289e-06
3.141326541927479827e-06
3.137912378185987540e-06
3.138170385808594926e-06
3.141968774092234016e-06
3.149095578477375806e-06
3.159264192500608007e-06
3.172117965983833356e-06
3.187238048175909378e-06
3.204152625686035437e-06
3.222345531534879853e-06
3.241268512289608520e-06
3.260351492092082600e-06
3.279015117647865814e-06
3.296683549320636342e-06
3.312795476701154358e-06
3.326816510013971411e-06
3.338251033958017570e-06
3.346651471472488858e-06
3.351628265326350104e-06
3.352858653622782197e-06
3.350092016167558533e-06
3.343156703341716581e-06
3.331962174319393927e-06
3.316501445247220521e-06
3.296851796513176381e-06
3.273171684690066778e-06
3.245699029823340461e-06
3.214744814003123055e-06
3.180687229726262184e-06
3.143964459161373989e-06
3.105064458277975207e-06
3.064515587706377568e-06
3.022876456291097731e-06
2.980723463075392908e-06
2.938639842732561544e-06
2.897204639804298834e-06
2.856979979006042131e-06
2.818501646523053891e-06
2.782267494582241190e-06
2.748728626351723565e-06
2.718281621799544908e-06
2.691260173917344959e-06
2.667930836410495410e-06
2.648487519193585430e-06
2.633049348920764095e-06
2.621660103244839150e-06
2.614287630394479679e-06
2.610826438030753684e-06
2.611101779855242043e-06
2.614873535076505260e-06
2.621842973012589413e-06
2.631660661347037509e-06
2.643933513508600639e-06
2.658235335869886933e-06
2.674115194974588700e-06
2.691107962622206931e-06
2.708745023320296990e-06
2.726562995663045946e-06
2.744115006837665319e-06
2.760978595826284322e-06
2.776764836379801696e-06
2.791126627249497763e-06
2.803764174940872771e-06
2.814431106624555586e-06
2.822939364715318656e-06
2.829160950745410979e-06
2.833030124900147661e-06
2.834544247812135848e-06
2.833761193610754825e-06
2.830798541852274141e-06
2.825828420631225766e-06
2.819073271329469516e-06
2.810800589188224448e-06
2.801314693557387502e-06
2.790950886637384642e-06
2.780065930964170978e-06
2.769030224536171041e-06
2.758219772076876556e-06
2.748006280823058216e-06
2.738749290218807670e-06
2.730788641038243065e-06
2.724435601523391386e-06
2.719966511391014515e-06
2.717617222218937304e-06
2.717576393320243521e-06
2.719982887449900781e-06
2.724921155287398840e-06
2.732419809663095138e-06
2.742451366371976612e-06
2.754931048371061050e-06
2.769719858732681557e-06
2.786625586935487739e-06
2.805406927576670720e-06
2.825778336937002128e-06
2.847414855499033948e-06
2.869957611914750817e-06
2.893020998537586210e-06
2.916199412285619627e-06
2.939074502990414865e-06
2.961222103864150154e-06
2.982221469368382107e-06
3.001659762402357944e-06
3.019140864313630498e-06
3.034291486870574254e-06
3.046766747259722288e-06
3.056257521921503058e-06
3.062492315955212265e-06
3.065243143510272351e-06
3.064328203294473503e-06
3.059614180058669401e-06
3.051017196999700689e-06
3.038505326588316317e-06
3.022095415647426067e-06
3.001853948505120294e-06
2.977894730308431429e-06
2.950375889805340976e-06
2.919498618571725243e-06
2.885500647309922223e-06
2.848654002773717739e-06
2.809260037511446248e-06
2.767644227352585094e-06
2.724153026642721999e-06
2.679146184116116074e-06
2.632993549316553819e-06
2.586069731547699232e-06
2.538748972786529512e-06
2.491402313536604486e-06
2.444390937784806410e-06
2.398063998674698183e-06
2.352754754091791830e-06
2.308777529678053198e-06
2.266424742574747203e-06
2.225966200350126309e-06
2.187645136485459003e-06
2.151678374097004952e-06
2.118255030457574650e-06
2.087535632588909399e-06
2.059653279841020264e-06
2.034711710813682821e-06
2.012787067011030713e-06
1.993928183544345659e-06
1.978157428990413722e-06
1.965471395359822734e-06
1.955843329981401094e-06
1.949222466474473002e-06
1.945536654662920623e-06
1.944693445659429160e-06
1.946581230065510818e-06
1.951072004019646430e-06
1.958020989345180690e-06
1.967269461124420527e-06
1.978646019274966546e-06
1.991967888974390417e-06
2.007043893850349390e-06
2.023674230814015292e-06
2.041653553627461088e-06
2.060772505119140191e-06
2.080819308190481826e-06
2.101583138938804259e-06
2.122854180897938201e-06
2.144427145230339452e-06
2.166103163191802180e-06
2.187692065576090557e-06
2.209014327241122254e-06
2.229904821968749512e-06
2.250212931900044579e-06
2.269806191393282871e-06
2.288572017274847814e-06
2.306419257746557403e-06
2.323281421420832758e-06
2.339115865514700026e-06
2.353906440621954366e-06
2.367663886942382468e-06
2.380426192877958800e-06
2.392258103594218292e-06
2.403252098999639926e-06
2.413524924151149267e-06
2.423217494815536535e-06
2.432492290348962527e-06
2.441530183049959857e-06
2.450528731761381627e-06
2.459695956915317015e-06
2.469247645026027991e-06
2.479402233840295522e-06
2.490375335263538957e-06
2.502376027090535466e-06
2.515598879485550159e-06
2.530219976962010867e-06
2.546390929053647157e-06
2.564233009228425452e-06
2.583833655823183405e-06
2.605239161641637756e-06
2.628452057178183921e-06
2.653427024233040008e-06
2.680067961160699202e-06
2.708225440832747446e-06
2.737697309813652586e-06
2.768225873494407802e-06
2.799500555113940804e-06
2.831159460784374110e-06
2.862792042887248877e-06
2.893945226998589896e-06
2.924125978868795859e-06
2.952809580961016418e-06
2.979446573392295763e-06
3.003471050514954882e-06
3.024309240402919653e-06
3.041391190245511468e-06
3.054158010797373372e-06
3.062074353101384243e-06
3.064638556894497234e-06
3.061392722881389973e-06
3.051935009887561566e-06
3.035926463241344656e-06
3.013102157290818695e-06
2.983278961013268036e-06
2.946362254833150446e-06
2.902353803210097811e-06
2.851353405547324939e-06
2.793563833782178404e-06
2.729291693873559587e-06
2.658946600083636164e-06
2.583040720496753475e-06
2.502182143672138505e-06
2.417070819986160051e-06
2.328490537666277920e-06
2.237299659302092484e-06
2.144419944462688031e-06
2.050825700261919919e-06
1.957528165438012060e-06
1.865562417775850750e-06
1.775971687969510648e-06
1.689791217261002734e-06
1.608033215230449921e-06
1.531669051732459832e-06
1.461614554528821912e-06
1.398714485140434436e-06
1.343728185230511979e-06
1.297316179310896438e-06
1.260029253906146454e-06
1.232297103690230860e-06
1.214420993804401984e-06
1.206567434716381761e-06
1.208764115747714023e-06
1.220899154802176341e-06
1.242720846846744319e-06
1.273841794633811011e-06
1.313744516029679538e-06
1.361789406453180768e-06
1.417226048915708264e-06
1.479204507802024265e-06
1.546790667488835294e-06
1.618982206722801924e-06
1.694725931057693736e-06
1.772937551771321069e-06
1.852519607709414364e-06
1.932382436259434484e-06
2.011463913454990517e-06
2.088749142767489536e-06
2.163289118277910895e-06
2.234220031484615565e-06
2.300777796007168849e-06
2.362314174503891624e-06
2.418309186803662179e-06
2.468381127461549725e-06
2.512295947872482349e-06
2.549970021207466459e-06
2.581473839963139826e-06
2.607030803465894611e-06
2.627013351075157918e-06
2.641935667493729109e-06
2.652445516536853874e-06
2.659309145722455712e-06
2.663397702977252526e-06
2.665669226017105531e-06
2.667148552616716846e-06
2.668907570268434602e-06
2.672039950840622040e-06
2.677639088778163571e-06
2.686773445910597655e-06
2.700461830640273949e-06
2.719651168157113474e-06
2.745190959256320976e-06
2.777813234882723788e-06
2.818112189083140757e-06
2.866525967197019719e-06
2.923323221520837898e-06
2.988588185466955588e-06
3.062213328624757259e-06
3.143893277627959468e-06
3.233122802894263434e-06
3.329198045157473836e-06
3.431224082634039922e-06
3.538121238989058156e-06
3.648640108501441713e-06
3.761377630432113072e-06
3.874796388410057724e-06
3.987249880220764117e-06
4.097004622910768732e-06
4.202270345302616797e-06
4.301229112409381337e-06
4.392066349355303704e-06
4.473001982738061293e-06
4.542325205635776539e-06
4.598422175270021782e-06
4.639809529986942646e-06
4.665163094097396917e-06
4.673344527945892764e-06
4.663428963321671171e-06
4.634722553911784205e-06
4.586782916809382476e-06
4.519436324054451018e-06
4.432780400076328032e-06
4.327200152552138815e-06
4.203358423083774858e-06
4.062201597714671782e-06
3.904947159587503906e-06
3.733067278184917438e-06
3.548279440333961732e-06
3.352515435203354681e-06
3.147903156122207774e-06
2.936733493030239531e-06
2.721425123760349370e-06
2.504495239240333424e-06
2.288515273574929978e-06
2.076078056067627463e-06
1.869752237865243030e-06
1.672046909542143072e-06
1.485369849867776149e-06
1.311988062150393660e-06
1.153994442155942834e-06
1.013270543625121410e-06
8.914584708424552357e-07
7.899325764136199067e-07
7.097760997842092324e-07
6.517647169816276096e-07
6.163517155410191184e-07
6.036617494124235038e-07
6.134880782035726022e-07
6.452955993123071998e-07
6.982313041008368288e-07
7.711375722114814047e-07
8.625736877713064627e-07
9.708406515619174840e-07
1.094010303821131131e-06
1.229961555467526889e-06
1.376415995317939498e-06
1.530981262876701799e-06
1.691193768204451785e-06
1.854562326711585945e-06
2.018617648879300347e-06
2.180954496926546956e-06
2.339280993829068407e-06
2.491461163392082691e-06
2.635554333577960286e-06
2.769858659697038667e-06
2.892940022542827830e-06
3.003667574912358712e-06
3.101236693800218776e-06
3.185185703494680720e-06
3.255415399220733665e-06
3.312188869909244541e-06
3.356139071615724660e-06
3.388254880977202472e-06
3.409874343089489830e-06
3.422661842609961272e-06
3.428578680954991786e-06
3.429857182828724202e-06
3.428954658050362639e-06
3.428516694984381533e-06
3.431326330293336069e-06
3.440249511252333905e-06
3.458187255974986823e-06
3.488011364961693714e-06
3.532513489081679144e-06
3.594344503449325369e-06
3.675954604588656674e-06
3.779545305709434034e-06
3.907009214021323840e-06
4.059888938835465209e-06
4.239330639399265159e-06
4.446042507740888292e-06
4.680271411286845646e-06
4.941768822169351997e-06
5.229782691927472586e-06
5.543045347496601418e-06
5.879768526797470066e-06
6.237662438447984630e-06
6.613940430970434446e-06
7.005358203519531877e-06
7.408234083715620589e-06
7.818504264716816019e-06
8.231767768552267681e-06
8.643336427377316762e-06
9.048313669381061248e-06
9.441644710767893949e-06
9.818205976065364629e-06
1.017287447405437696e-05
1.050059746722029476e-05
1.079649074355079321e-05
1.105589508486329583e-05
1.127447331835390243e-05
1.144827620915999492e-05
1.157380311770923363e-05
1.164808817963549146e-05
1.166873385949701086e-05
1.163398329399961087e-05
1.154275298794536127e-05
1.139465620747904922e-05
1.119004705047214020e-05
1.093000785772163859e-05
1.061637105583177814e-05
1.025169908407290338e-05
9.839254322548896063e-06
9.382984731857539946e-06
8.887458146464799629e-06
8.357825324920478124e-06
7.799746790863444794e-06
7.219313108774469509e-06
6.622977375908388345e-06
6.017450526220313994e-06
5.409619897858942568e-06
4.806444302762006330e-06
4.214849278267323705e-06
3.641633448314253663e-06
3.093356998043786491e-06
2.576249977678082829e-06
2.096109188247675835e-06
1.658213106850876532e-06
1.267235651182734187e-06
9.271707083809957745e-07
6.412697029218748745e-07
4.119857530224793260e-07
2.409342353934922634e-07
1.288643349160881046e-07
7.564573780666956423e-08
8.027028595548476113e-08
1.408682061750798514e-07
2.547399880819902742e-07
4.184032383125312629e-07
6.276538351255177629e-07
8.776422113306489353e-07
1.162960987287861142e-06
1.477746960081037486e-06
1.815792361942239845e-06
2.170663891100130533e-06
2.535833837018503606e-06
2.904809453660786499e-06
3.271273670961193416e-06
3.629221637779475238e-06
3.973094472933867780e-06
4.297918833284700469e-06
4.599426699495473546e-06
4.874182854857850105e-06
5.119684677869777139e-06
5.334466236185437793e-06
5.518176153717908021e-06
5.671637771795248685e-06
5.796904772237444809e-06
5.897276233200343545e-06
5.977311584559490694e-06
6.042809467381859092e-06
6.100763603543908122e-06
6.159310781831869028e-06
6.227633607431351458e-06
6.315863458807166668e-06
6.434946917385102517e-06
6.596491553543088334e-06
6.812608762770208777e-06
7.095715862561888449e-06
7.458347782108057820e-06
7.912940744120884804e-06
8.471605349892809305e-06
9.145912936321703418e-06
9.946649650078508189e-06
1.088360188678875002e-05
1.196532593116824252e-05
1.319892184203165552e-05
1.458984829525336620e-05
1.614170827078274199e-05
1.785610085298517993e-05
1.973246442382078824e-05
2.176793849519276689e-05
2.395730217451831533e-05
2.629287112555599967e-05
2.876450512878603940e-05
3.135960005284996047e-05
3.406310645910017758e-05
3.685766170664323780e-05
3.972364597694846535e-05
4.263940618000053908e-05
4.558137665692010008e-05
4.852437519363013668e-05
5.144183996997302974e-05
5.430608564256903019e-05
5.708871042697326434e-05
5.976084389372072206e-05
6.229360510160786638e-05
6.465844972119362435e-05
6.682751738649228058e-05
6.877413718124278114e-05
7.047310455220076033e-05
7.190118469171823308e-05
7.303744783523307522e-05
7.386358003989505598e-05
7.436434009365914849e-05
7.452773116779106669e-05
7.434539240743232036e-05
7.381277698643285258e-05
7.292928381611095922e-05
7.169850832325426102e-05
7.012818348547909266e-05
6.823031434891351952e-05
6.602108210641976387e-05
6.352069265139441282e-05
6.075331172433734152e-05
5.774671146413871416e-05
5.453208575025337321e-05
5.114358335192055590e-05
4.761798258256579616e-05
4.399417892959638554e-05
4.031263855261009004e-05
3.661490756189158402e-05
3.294293900216450053e-05
2.933853186766983287e-05
2.584265887319285937e-05
2.249480036171954867e-05
1.933233613505913208e-05
1.638986449565612023e-05
1.369862324970060421e-05
1.128589440058841159e-05
9.174467351622212446e-06
7.382184755984455668e-06
5.921522144417188121e-06
4.799282026618109339e-06
4.016360081617003921e-06
3.567619729643162535e-06
3.441887483771253614e-06
3.622056074161850760e-06
4.085328864943917605e-06
4.803591609249812465e-06
5.743922688435977495e-06
6.869256844048263272e-06
8.139176833954151342e-06
9.510868200675078184e-06
1.094020467125883335e-05
1.238296725721635507e-05
1.379622079062284489e-05
1.513977914109554607e-05
1.637782569770122773e-05
1.748061150329039242e-05
1.842623916169844721e-05
1.920256062141874762e-05
1.980907622415081077e-05
2.025893683366951709e-05
2.058089978681400590e-05
2.082134658179385570e-05
2.104623371387547037e-05
2.134299481660512741e-05
2.182241623828468300e-05
2.262034817725315934e-05
2.389936289203796222e-05
2.585022187663499308e-05
2.869316832375555631e-05
3.267908006998811204e-05
3.809031922927361320e-05
4.524143280442033014e-05
5.447953586032536227e-05
6.618439141405046521e-05
8.076831057620914253e-05
9.867555841725942712e-05
1.203816411094964895e-04
1.463921309763928618e-04
1.772410763267274559e-04
2.134893790613001999e-04
2.557223415225864179e-04
3.045474123442734821e-04
3.605912471336485104e-04
4.244962704539414784e-04
4.969176847257055375e-04
5.785190054702720169e-04
6.699687429584579457e-04
7.719351559537915080e-04
8.850825252209060809e-04
1.010066075719031307e-03
1.147526328460640255e-03
1.298085422123935236e-03
1.462340118316184665e-03
1.640858199770952848e-03
1.834172565197314531e-03
2.042774714677002279e-03
2.267112088503739440e-03
2.507579754722558986e-03
2.764518364661792613e-03
3.038208246907020578e-03
3.328862835984574241e-03
3.636628603323113079e-03
3.961575894154384381e-03
4.303700040439101433e-03
4.662916284956007164e-03
5.039053944218141110e-03
5.431860502090727662e-03
5.840991920892904705e-03
6.266018398464232031e-03
6.706420741203116508e-03
7.161585826489931007e-03
7.630816132801088170e-03
8.113319552213517014e-03
8.608220881557663434e-03
9.114559868211653121e-03
9.631288145763717071e-03
1.015728492209874885e-02
1.069134593734798883e-02
1.123220115860057260e-02
1.177851422727027933e-02
1.232888057041100181e-02
1.288184925430932090e-02
1.343591036419470273e-02
1.398952136042452832e-02
1.454109356303562306e-02
1.508901792407808459e-02
1.563166508674768834e-02
1.616738382943234270e-02
1.669453016375929341e-02
1.721145086037109348e-02
1.771651362634842075e-02
1.820810621445275584e-02
1.868463381605467433e-02
1.914455153310227684e-02
1.958634399300487883e-02
2.000855824203063779e-02
2.040980068712520967e-02
2.078873235696219318e-02
2.114410287273929545e-02
2.147472550885366066e-02
2.177951092220481791e-02
2.205746094152712111e-02
2.230766087866372163e-02
2.252931311661346761e-02
2.272170749006632157e-02
2.288425407198735329e-02
2.301647327900127604e-02
2.311798487273524633e-02
2.318853955420966881e-02
2.322798517358437217e-02
2.323630147586188549e-02
2.321356492955571962e-02
2.315997790751054414e-02
2.307585385920315341e-02
2.296160213659799096e-02
2.281775501308452511e-02
2.264493009162167614e-02
2.244385599209283710e-02
2.221535494674950484e-02
2.196032568099277882e-02
2.167976666091133570e-02
2.137473787012607318e-02
2.104638285980879597e-02
2.069591004740830784e-02
2.032457492550006004e-02
1.993369970293707577e-02
1.952463641034621333e-02
1.909878561592050911e-02
1.865757789924273394e-02
1.820245677904598972e-02
1.773489527220551559e-02
1.725636217474442805e-02
1.676833802630711689e-02
1.627229817099230813e-02
1.576969767414130447e-02
1.526198549239044487e-02
1.475057540639143974e-02
1.423685990711741171e-02
1.372219597093889826e-02
1.320789291330761762e-02
1.269522484680444922e-02
1.218540718810664711e-02
1.167960906173146247e-02
1.117894247706846533e-02
1.068445361807835933e-02
1.019713410874233291e-02
9.717903384325505406e-03
9.247621638934798438e-03
8.787074485693964834e-03
8.336983913021123183e-03
7.898002432579138629e-03
7.470709110223186337e-03
7.055619592196026545e-03
6.653176051147072917e-03
6.263757244047862653e-03
5.887675756093569898e-03
5.525176824166879407e-03
5.176447481447073000e-03
4.841610860091754426e-03
4.520735249726930659e-03
4.213833712532906971e-03
3.920864919693577838e-03
3.641741247130132753e-03
3.376326292922415297e-03
3.124442737560072757e-03
2.885873480108954500e-03
2.660363635646334837e-03
2.447627369086368635e-03
2.247347468987295847e-03
2.059181809086747458e-03
1.882765188449582981e-03
1.717711713309931758e-03
1.563620201446884505e-03
1.420074798747661448e-03
1.286650136119490972e-03
1.162912132856971622e-03
1.048422323510391895e-03
9.427396188961422894e-04
8.454222773772263012e-04
7.560312411062398985e-04
6.741309894837349635e-04
5.992923916268162298e-04
5.310939574252607686e-04
4.691231544880128238e-04
4.129784019904441219e-04
3.622696039557726788e-04
3.166197159685594218e-04
2.756653633320215574e-04
2.390574486818035555e-04
2.064620437560659935e-04
1.775604755898278829e-04
1.520498878488909448e-04
1.296432777836916707e-04
1.100694970251126013e-04
9.307334421418017080e-05
7.841524973487928830e-05
6.587115121505118895e-05
5.523210690357970709e-05
4.630387844879148491e-05
3.890653559827147306e-05
3.287387767032284082e-05
2.805292890783345701e-05
2.430332268391797461e-05
2.149667417162970119e-05
1.951596953582075981e-05
1.825488457956800969e-05
1.761715078288177320e-05
1.751588401609557996e-05
1.787294088007028052e-05
1.861825383231928264e-05
1.968923668324504544e-05
2.103015311951307467e-05
2.259153476247915566e-05
2.432962593730041159e-05
2.620581780391628910e-05
2.818618522146789431e-05
3.024098076315094848e-05
3.234419567719895252e-05
3.447315598067373732e-05
3.660809729630925315e-05
3.873187572407974449e-05
4.082960645689826836e-05
4.288839687082948742e-05
4.489703324110688916e-05
4.684582551556047404e-05
4.872635012984247139e-05
5.053128185705547124e-05
5.225425274237355711e-05
5.388965365588081112e-05
5.543261416457943012e-05
5.687884412635467826e-05
5.822457017859805173e-05
5.946649001127319190e-05
6.060165035826609292e-05
6.162751598815537199e-05
6.254187074132986561e-05
6.334281630303852876e-05
6.402878005941504264e-05
6.459843307842522034e-05
6.505080496722098131e-05
6.538521108527126297e-05
6.560127819586713779e-05
6.569897255981903587e-05
6.567853123522779477e-05
6.554058962518514249e-05
6.528611288935006049e-05
6.491642446669531274e-05
6.443323275671895291e-05
6.383856077200057960e-05
6.313486485167695017e-05
6.232495967742351537e-05
6.141203669418195490e-05
6.039967839190550582e-05
5.929178114047560494e-05
5.809265343808976874e-05
5.680693257279302767e-05
5.543958827887541054e-05
5.399592137738439619e-05
5.248148105681802508e-05
5.090213815414762873e-05
4.926399673716553391e-05
4.757338363206302010e-05
4.583683301543067524e-05
4.406100277860433616e-05
4.225272317111632115e-05
4.041890911143276600e-05
3.856653931824405865e-05
3.670263126545198200e-05
3.483416262113359909e-05
3.296809901110348142e-05
3.111131374018646673e-05
2.927056208098666320e-05
2.745245265585070997e-05
2.566338016854489022e-05
2.390953860469749120e-05
2.219685494175634532e-05
2.053096512765317235e-05
1.891718874507790845e-05
1.736047869361730380e-05
1.586542774926899007e-05
1.443622187336868379e-05
1.307662441608156920e-05
1.178996063416695519e-05
1.057908850451791647e-05
9.446406738424556181e-06
8.393831265224383493e-06
7.422792858351201494e-06
6.534236372838312173e-06
5.728614281866028628e-06
5.005902594242241780e-06
4.365600908947301830e-06
3.806746900830416486e-06
3.327926814404935541e-06
2.927300145567392548e-06
2.602616198352222948e-06
2.351239361521152255e-06
2.170176505932340807e-06
2.056103909086668186e-06
2.005402412818021393e-06
2.014188413914733246e-06
2.078349596607240450e-06
2.193581918344846067e-06
2.355424663273389762e-06
2.559301816738835100e-06
2.800558036261129830e-06
3.074497310968796201e-06
3.376421483907018637e-06
3.701663552228573523e-06
4.045628409787499973e-06
4.403823620860171069e-06
4.771892526076981101e-06
5.145645768253242863e-06
5.521083774431111152e-06
5.894429747078945446e-06
6.262146888535976597e-06
6.620958995396679317e-06
6.967868468533727522e-06
7.300162098862377317e-06
7.615431340126692985e-06
7.911571634218144867e-06
8.186787141799170458e-06
8.439592660994567138e-06
8.668801555556865444e-06
8.873532164582164088e-06
9.053189928110363187e-06
9.207457460279745118e-06
9.336282424430415199e-06
9.439851293586468096e-06
9.518584899930448092e-06
9.573108639662635970e-06
9.604233128051048332e-06
9.612933883683637000e-06
9.600318124999804133e-06
9.567615491762764248e-06
9.516144341650497641e-06
9.447290438385401256e-06
9.362486075622282209e-06
9.263178259504140145e-06
9.150821528634774826e-06
9.026848487632535339e-06
8.892653716674581941e-06
8.749579221609290236e-06
8.598890899326844681e-06
8.441778906848632715e-06
8.279338229100263451e-06
8.112562467735828911e-06
7.942339616376951569e-06
7.769440283720631288e-06
7.594527822997808417e-06
7.418150832489575644e-06
7.240749417079870957e-06
7.062652523541842731e-06
6.884094899106571251e-06
6.705217746479676856e-06
6.526079819021367076e-06
6.346669459200746818e-06
6.166909935150566379e-06
5.986681046582957574e-06
5.805825669945153464e-06
5.624164436599034864e-06
5.441510183332595641e-06
5.257675670075625342e-06
5.072494070041917981e-06
4.885825549896321917e-06
4.697569702051856337e-06
4.507676677696051916e-06
4.316151755745863200e-06
4.123069435092644807e-06
3.928575130675113377e-06
3.732890845379872265e-06
3.536318943333600672e-06
3.339240079181286601e-06
3.142117930843625741e-06
2.945493706060256061e-06
2.749983363008174538e-06
2.556272994076604033e-06
2.365109736197936964e-06
2.177297437941931357e-06
1.993684903881412367e-06
1.815156216916445174e-06
1.642619895727965755e-06
1.476995405374860531e-06
1.319203062150330240e-06
1.170149595289374876e-06
1.030715620929687958e-06
9.017429735054125007e-07
7.840212569114290030e-07
6.782770232800320670e-07
5.851613880682044024e-07
5.052396201004449664e-07
4.389815943316633632e-07
3.867528869053072050e-07
3.488081877149734160e-07
3.252850359006444802e-07
3.161995888560881267e-07
3.214439003848884468e-07
3.407844426576352997e-07
3.738629498911594903e-07
4.201981808206584915e-07
4.791896255215545628e-07
5.501228091893818274e-07
6.321754844497691646e-07
7.244263527012962544e-07
8.258639499335259065e-07
9.353972231140176854e-07
1.051867235857166304e-06
1.174058602903514670e-06
1.300713795756596147e-06
1.430545814567727927e-06
1.562252228777450235e-06
1.694529517148570494e-06
1.826085559937370281e-06
1.955655444292041204e-06
2.082013370342850286e-06
2.203985691330617570e-06
2.320463366713193214e-06
2.430411066107205749e-06
2.532880103595565657e-06
2.627015405667377559e-06
2.712064179442990627e-06
2.787379912979853816e-06
2.852430647662712116e-06
2.906800153150530760e-06
2.950190429985854074e-06
2.982422798449038350e-06
3.003434403456123304e-06
3.013279521837129177e-06
3.012123277974138689e-06
3.000237164552512617e-06
2.977993354133018415e-06
2.945854817803233226e-06
2.904370662222610607e-06
2.854164407319241087e-06
2.795924667417280617e-06
2.730395211252772667e-06
2.658361805270625411e-06
2.580644468571607757e-06
2.498083952934320197e-06
2.411531149047279190e-06
2.321836610397973747e-06
2.229838072326929156e-06
2.136353261727905558e-06
2.042168518649643406e-06
1.948030600292108907e-06
1.854639222520941753e-06
1.762638668046801269e-06
1.672614208439531284e-06
1.585085767446892689e-06
1.500504637634657285e-06
1.419251226396336675e-06
1.341632524280935445e-06
1.267883585670149416e-06
1.198167203264541896e-06
1.132576117789571546e-06
1.071136142643557239e-06
1.013809157170089308e-06
9.604990924918517498e-07
9.110564933498756315e-07
8.652848221659654105e-07
8.229472296785738707e-07
7.837729304416741840e-07
7.474654935516180489e-07
7.137096512492250528e-07
6.821789767267739383e-07
6.525434339347404605e-07
6.244760923922949475e-07
5.976607982278016786e-07
5.717981361480180410e-07
5.466115193589928391e-07
5.218526391420793695e-07
4.973057310478533613e-07
4.727921018518500618e-07
4.481728402824295318e-07
4.233512070904550984e-07
3.982741385887537099e-07
3.729325065484185521e-07
3.473612838228275020e-07
3.216380941639822779e-07
2.958814020672388287e-07
2.702475817200991187e-07
2.449278499018947314e-07
2.201439833702609252e-07
1.961437707841061008e-07
1.731959621605787912e-07
1.515846729258840567e-07
1.316038365058080066e-07
1.135511289009544657e-07
9.772198600719085510e-08
8.440361942862004592e-08
7.386907395614297823e-08
6.637166430449050964e-08
6.213955672191857417e-08
6.137083489253328818e-08
6.422903798046492329e-08
7.083919217689822354e-08
8.128456523267064640e-08
9.560397427855906533e-08
1.137898525705154626e-07
1.357870621753703203e-07
1.614923409102654294e-07
1.907547272500268732e-07
2.233765178312261980e-07
2.591150582597177979e-07
2.976852648776620159e-07
3.387625515635080836e-07
3.819868568494327752e-07
4.269667393124637248e-07
4.732841861535077325e-07
5.204998714673934063e-07
5.681582977605509262e-07
6.157940449199149335e-07
6.629373206279971077e-07
7.091199919998630028e-07
7.538816381963972786e-07
7.967748530589386524e-07
8.373716067510251929e-07
8.752680833756477396e-07
9.100897757082822236e-07
9.414961900632001489e-07
9.691842718232977956e-07
9.928928550541062139e-07
1.012404961917206804e-06
1.027550248982353726e-06
1.038206818493402226e-06
1.044301495706053549e-06
1.045811154558244922e-06
1.042761648604535882e-06
1.035226943057687881e-06
1.023327609146136372e-06
1.007227873155822577e-06
9.871337992300703900e-07
9.632892636151956540e-07
9.359723261411522204e-07
9.054911863985111657e-07
8.721790750400226227e-07
8.363903835763432403e-07
7.984951116132786511e-07
7.588739658188432161e-07
7.179133922848188754e-07
6.760000721047625318e-07
6.335167125790398838e-07
5.908368338940898775e-07
5.483204110131039548e-07
5.063097865970360996e-07
4.651255442464384315e-07
4.250636243897882963e-07
3.863920545071167137e-07
3.493486501382489735e-07
3.141388632755769126e-07
2.809347298312653399e-07
2.498737732391093824e-07
2.210587419351536836e-07
1.945578445894986188e-07
1.704053429792094933e-07
1.486029482038072913e-07
1.291213486808414041e-07
1.119023230996981458e-07
9.686120894197253892e-08
8.388962194922023987e-08
7.285860586862605439e-08
6.362184050309957412e-08
5.601909365435500778e-08
4.987976555798388889e-08
4.502643782901752194e-08
4.127848453519939185e-08
3.845553008731936205e-08
3.638082016611017100e-08
3.488440979680992651e-08
3.380609820359388136e-08
3.299814596280978327e-08
3.232763138968290212e-08
3.167849378527849070e-08
3.095321009118489679e-08
3.007406363537714723e-08
2.898406070156442799e-08
2.764739698363024143e-08
2.604954357091595422e-08
2.419693523512166272e-08
2.211625775005235350e-08
1.985340737475143015e-08
1.747207457119089060e-08
1.505203706501523472e-08
1.268717603717361045e-08
1.048324626048200316e-08
8.555470216166443213e-09
7.025960613587996855e-09
6.021047262825144187e-09
5.668543066215832101e-09
6.094993269949866392e-09
7.422965899523986918e-09
9.768412497243449715e-09
1.323815418246975021e-08
1.792753096499072491e-08
2.391823832727618577e-08
3.127641780288944688e-08
4.005098880315513371e-08
5.027227648477487947e-08
6.195095248477107196e-08
7.507725629013577708e-08
8.962062461691809517e-08
1.055295811959744741e-07
1.227319958731527419e-07
1.411356830974877372e-07
1.606292243486367698e-07
1.810832696676282760e-07
2.023519443229135430e-07
2.242746248857437037e-07
2.466777798452453630e-07
2.693772913797967762e-07
2.921806587477710796e-07
3.148894646272133892e-07
3.373019469953793870e-07
3.592154038738939604e-07
3.804290390151271422e-07
4.007463576635566164e-07
4.199777076264390182e-07
4.379427359617365452e-07
4.544724329205029441e-07
4.694115659023058491e-07
4.826203696042697360e-07
4.939762904639844476e-07
5.033755001595261419e-07
5.107338329518493026e-07
5.159880842705130889e-07
5.190963954409058302e-07
5.200386653745025594e-07
5.188166751405341399e-07
5.154536027284071642e-07
5.099939069830116035e-07
5.025022942168406626e-07
4.930627558726042208e-07
4.817773645369145285e-07
4.687645582806305789e-07
4.541578314956746861e-07
4.381036603942799412e-07
4.207595935001456614e-07
4.022922227505760626e-07
3.828748327792196400e-07
3.626854994767146476e-07
3.419046741865974659e-07
3.207130363867588629e-07
2.992893772226946417e-07
2.778083779368198819e-07
2.564388562314375829e-07
2.353417691142160929e-07
2.146685543938748979e-07
1.945596275513942421e-07
1.751429512062047212e-07
1.565330439471471726e-07
1.388299622124376375e-07
1.221186277218530516e-07
1.064683691968208499e-07
9.193262995638694976e-08
7.854903136238801570e-08
6.633952521170075231e-08
5.531082799002625606e-08
4.545504871701031387e-08
3.675047895584990186e-08
2.916261078753557550e-08
2.264525141105586381e-08
1.714180178872227438e-08
1.258664269578964645e-08
8.906602684889136397e-09
6.022507206512070007e-09
3.850752190029774986e-09
2.304903226687592344e-09
1.297285433072539313e-09
7.405413028276113650e-10
5.491362082134704086e-10
6.407863508742443890e-10
9.377920517371462435e-10
1.368256839857125822e-09
1.867175416352300202e-09
2.377378275056061527e-09
2.850318792570012861e-09
3.246695545157849505e-09
3.536900522560283123e-09
3.701294301422831584e-09
3.730300354613895935e-09
3.624324596697447872e-09
3.393502607044611637e-09
3.057279157375257476e-09
2.643834341299335572e-09
2.189360057877763329e-09
1.737205561838412750e-09
1.336904950466456382e-09
1.043102695014520491e-09
9.143973349944059683e-10
1.012119238138691567e-09
1.399064606575903005e-09
2.138205172091870279e-09
3.291393025927878972e-09
4.918083576599206002e-09
7.074093252529029577e-09
9.810413496238086093e-09
1.317209972582463243e-08
1.719724512048264843e-08
2.191607224686611363e-08
2.735013433041956523e-08
3.351165403890739117e-08
4.040300764471042599e-08
4.801634091032874203e-08
5.633337684616317644e-08
6.532534813993119555e-08
7.495310648667384117e-08
8.516739548319665593e-08
9.590923959323479319e-08
1.071105582081141258e-07
1.186948463977167258e-07
1.305780225183287295e-07
1.426694004628329773e-07
1.548727022258298537e-07
1.670872868761048628e-07
1.792093278108308867e-07
1.911331067738069050e-07
2.027523512124513652e-07
2.139614996537533458e-07
2.246571450778805977e-07
2.347392818382453332e-07
2.441126015982985381e-07
2.526877378161161568e-07
2.603823258447715508e-07
2.671221934377517490e-07
2.728422277896142565e-07
2.774872334300810319e-07
2.810126633086817535e-07
2.833850897565147959e-07
2.845827703868182029e-07
2.845958203315513785e-07
2.834263491803359433e-07
2.810884407380829540e-07
2.776078581514906460e-07
2.730218350255723795e-07
2.673784804785084942e-07
2.607361860908446800e-07
2.531627702130755464e-07
2.447347222119064393e-07
2.355361209346595222e-07
2.256575723160829478e-07
2.151950662762236812e-07
2.042486863134839463e-07
1.929214550010592613e-07
1.813179755399163481e-07
1.695431579766311970e-07
1.577009514188659696e-07
1.458930425672749733e-07
1.342177295596102242e-07
1.227687283832839158e-07
1.116341240339108635e-07
1.008954085392226323e-07
9.062658442993648827e-08
8.089346554553711623e-08
7.175302034556477309e-08
6.325289029657208458e-08
5.543104184005222284e-08
4.831553828566465961e-08
4.192449817956377709e-08
3.626615005008021764e-08
3.133904897925560658e-08
2.713242396580192540e-08
2.362664173649607254e-08
2.079380952122165406e-08
1.859846374566179530e-08
1.699836561180798850e-08
1.594537806223864050e-08
1.538640530856260454e-08
1.526439716644858932e-08
1.551937907420204816e-08
1.608950941791006128e-08
1.691214186240804590e-08
1.792487074514728971e-08
1.906656106197959141e-08
2.027832487627417768e-08
2.150444681448541352e-08
2.269324000432264126e-08
2.379781225315381431e-08
2.477675440152565382e-08
2.559471157289772761e-08
2.622285210185009214e-08
2.663922123990305929e-08
2.682896663000711244e-08
2.678445977231948720e-08
2.650527831579269022e-08
2.599807709032947648e-08
2.527634259961236415e-08
2.436002825924034958e-08
2.327510195430173975e-08
2.205298145975523930e-08
2.072989251454973787e-08
1.934615189997568794e-08
1.794538207778744167e-08
1.657368891616815346e-08
1.527879118259029356e-08
1.410913485145018322e-08
1.311299960104872396e-08
1.233760823808343863e-08
1.182826515879431238e-08
1.162752098377604786e-08
1.177438867090430733e-08
1.230361875313002059e-08
1.324504124078697440e-08
1.462299448836066340e-08
1.645583547073793402e-08
1.875554991942496335e-08
2.152745732562019562e-08
2.477003059728116580e-08
2.847481257815215000e-08
3.262644458363846334e-08
3.720280208440857566e-08
4.217522367036995268e-08
4.750885841041053121e-08
5.316308735416854514e-08
5.909204025540686717e-08
6.524519151610764778e-08
7.156800714929038572e-08
7.800268285511079436e-08
8.448889569297287361e-08
9.096460657304496773e-08
9.736688712223000552e-08
1.036327320243583841e-07
1.096999180415551088e-07
1.155078004371104725e-07
1.209981070742917513e-07
1.261156966356292714e-07
1.308092378353574216e-07
1.350318926140032710e-07
1.387418716959245668e-07
1.419029465538398904e-07
1.444848818370644331e-07
1.464637479234090239e-07
1.478222128721051356e-07
1.485496742251414091e-07
1.486423323526656104e-07
1.481031715353049680e-07
1.469418165379656471e-07
1.451743699934466043e-07
1.428230982463314409e-07
1.399160737587985513e-07
1.364867454312409092e-07
1.325734148905293050e-07
1.282187180351017080e-07
1.234689985657981016e-07
1.183736749768631336e-07
1.129845784692206576e-07
1.073552491012808552e-07
1.015402729206178513e-07
9.559457205129964974e-08
8.957273148933276771e-08
8.352834531265910374e-08
7.751337561530572118e-08
7.157758408078831557e-08
6.576797353154888713e-08
6.012829917029464411e-08
5.469863564667243054e-08
4.951499537234888625e-08
4.460903430575565701e-08
4.000780346683687196e-08
3.573358144000894924e-08
3.180377568273538511e-08
2.823088721844315006e-08
2.502255525952338314e-08
2.218165442865625492e-08
1.970646076602972302e-08
1.759087026224211523e-08
1.582467704088967911e-08
1.439389086537061935e-08
1.328109910184956768e-08
1.246586238595721587e-08
1.192513541349804347e-08
1.163371215674007629e-08
1.156467983151122722e-08
1.168988103582880305e-08
1.198037485950963720e-08
1.240688846583535526e-08
1.294025840027962184e-08
1.355184823670156614e-08
1.421394271707679702e-08
1.490011173609547884e-08
1.558553767558627172e-08
1.624730906847995926e-08
1.686466905313708614e-08
1.741922294304728500e-08
1.789510142397137155e-08
1.827907613840555631e-08
1.856063511533350100e-08
1.873200886331201505e-08
1.878815588571265286e-08
1.872670711761752808e-08
1.854786936555597739e-08
1.825429810526196382e-08
1.785093325613413806e-08
1.734480911816680647e-08
1.674484000036908535e-08
1.606158388798056595e-08
1.530699475193258855e-08
1.449415970271113598e-08
1.363703174886171939e-08
1.275016032221628107e-08
1.184842252593800368e-08
1.094676354433846843e-08
1.005994407574993721e-08
9.202302777765536529e-09
8.387535193479983213e-09
7.628491157030225339e-09
6.936995667027170240e-09
6.323691491478797441e-09
5.797907710837842374e-09
5.367554158269930719e-09
5.039041880140576969e-09
4.817231259822535998e-09
4.705405397088040490e-09
4.705269617714566338e-09
4.816975458065322658e-09
5.039167326564377682e-09
5.369051323679951463e-09
5.802482630392043839e-09
6.334070469206343003e-09
6.957297885440200647e-09
7.664653311313168720e-09
8.447772853612860379e-09
9.297588675832452169e-09
1.020448234758225925e-08
1.115844014961127498e-08
1.214920707568722948e-08
1.316643932430127565e-08
1.419985022219898984e-08
1.523934966092344091e-08
1.627517456742944696e-08
1.729800784316429900e-08
1.829908714268603041e-08
1.927029874849186936e-08
2.020425858559183375e-08
2.109437750316310530e-08
2.193491363318482169e-08
2.272100775677110239e-08
2.344870478519320128e-08
2.411496072569098931e-08
2.471763473275726984e-08
2.525546992995784414e-08
2.572806001932772329e-08
2.613580569490476182e-08
2.647986104377746015e-08
2.676207043413368503e-08
2.698489976520147207e-08
2.715136013392030792e-08
2.726492790451815792e-08
2.732946172278725358e-08
2.734911734395593927e-08
2.732826350284215078e-08
2.727139765691550622e-08
2.718306474105109286e-08
2.706777938857008818e-08
2.692995236897880630e-08
2.677382326042693535e-08
2.660339867572659975e-08
2.642239785453438100e-08
2.623420571226422272e-08
2.604183370126179863e-08
2.584788908382430144e-08
2.565455226680765242e-08
2.546356258211927852e-08
2.527621219721604652e-08
2.509334810042167870e-08
2.491538144119800263e-08
2.474230424094908834e-08
2.457371261366909337e-08
2.440883593367460813e-08
2.424657167423330683e-08
2.408552416052529867e-08
2.392404780882715372e-08
2.376029306985417166e-08
2.359225453648725825e-08
2.341782100000037141e-08
2.323482500434325051e-08
2.304109326782931076e-08
2.283449560714391262e-08
2.261299212093760346e-08
2.237467873283091630e-08
2.211782827049080458e-08
2.184092941727799063e-08
2.154272087268609758e-08
2.122222096810553753e-08
2.087875330156136990e-08
2.051196545988776802e-08
2.012184413817965744e-08
1.970872390750760472e-08
1.927329042982870846e-08
1.881657915647059357e-08
1.833996667122615025e-08
1.784515877153215535e-08
1.733417240135033953e-08
1.680931413046806400e-08
1.627315231891662479e-08
1.572848743910321659e-08
1.517831799313609906e-08
1.462580355407846611e-08
1.407422646462721614e-08
1.352694979238083426e-08
1.298737610899554106e-08
1.245890471327677027e-08
1.194488891899429338e-08
1.144859491445900830e-08
1.097316001997664483e-08
1.052155461260044077e-08
1.009654547959707740e-08
9.700662058559649378e-09
9.336166846242554669e-09
9.005027882303396437e-09
8.708897032617055724e-09
8.449091849915732215e-09
8.226582112230150513e-09
8.041981983076727763e-09
7.895545551956197697e-09
7.787168922748833104e-09
7.716396459134313197e-09
7.682431859795833549e-09
7.684154682106451355e-09
7.720139678496019383e-09
7.788681804101195171e-09
7.887824143337877671e-09
8.015389089180991360e-09
8.169013216671647699e-09
8.346182631617047677e-09
8.544271800789875656e-09
8.760582609702936902e-09
8.992383877696565697e-09
9.236951846349907355e-09
9.491607764934586903e-09
9.753756273347864392e-09
1.002092077883442552e-08
1.029077626789919413e-08
1.056118042964673781e-08
1.083019860311130304e-08
1.109612742969912727e-08
1.135751289334667210e-08
1.161316369635087658e-08
1.186216143865957048e-08
1.210386261020482756e-08
1.233789875762600904e-08
1.256417005644586744e-08
1.278283391434780775e-08
1.299429076592946998e-08
1.319916163422576400e-08
1.339826535840255325e-08
1.359259026853472757e-08
1.378326259717728196e-08
1.397151441915262100e-08
1.415864519100272569e-08
1.434598618484127549e-08
1.453486201495246894e-08
1.472655202296925506e-08
1.492225474926583140e-08
1.512304880730477723e-08
1.532986062811473167e-08
1.554343240801380963e-08
1.576429322380038396e-08
1.599273673412910823e-08
1.622879764440470726e-08
1.647223841687735656e-08
1.672253770579233898e-08
1.697888776669178593e-08
1.724019127838874576e-08
1.750506986525584111e-08
1.777187518814928629e-08
1.803870542103545013e-08
1.830343048023713491e-08
1.856371528463716184e-08
1.881705447436291485e-08
1.906080777302121914e-08
1.929223954290895886e-08
1.950856041491921980e-08
1.970697589801730065e-08
1.988472359378065094e-08
2.003913035904052426e-08
2.016765413838481961e-08
2.026792432224072998e-08
2.033779753073129815e-08
2.037538507632051978e-08
2.037910307732926059e-08
2.034770119377299626e-08
2.028028637657914089e-08
2.017635943174482640e-08
2.003581875432150503e-08
1.985898503691889503e-08
1.964660136130002003e-08
1.939982660652919398e-08
1.912024024694287923e-08
1.880981324642598936e-08
1.847089945196930095e-08
1.810620255336501475e-08
1.771873738312198216e-08
1.731180141016687624e-08
1.688892546192189620e-08
1.645382066623902073e-08
1.601033846081186797e-08
1.556240314709439835e-08
1.511396716931365566e-08
1.466894916301135420e-08
1.423117267442311122e-08
1.380432079315575582e-08
1.339187041769856330e-08
1.299705143711462498e-08
1.262279501120180139e-08
1.227168702993204509e-08
1.194594020487020687e-08
1.164735226327263633e-08
1.137729044202491085e-08
1.113666997846657101e-08
1.092594044318095935e-08
1.074509187968291299e-08
1.059365048242371052e-08
1.047070013657345688e-08
1.037489951179343459e-08
1.030450658707063781e-08
1.025742175886901405e-08
1.023121966750853213e-08
1.022320430847745040e-08
1.023045734447268054e-08
1.024989037718449649e-08
1.027831230224103386e-08
1.031248084015942620e-08
1.034917321541956596e-08
1.038524484172047080e-08
1.041768674674961987e-08
1.044369341713809268e-08
1.046070867588962732e-08
1.046648631015000777e-08
1.045913298153532920e-08
1.043714501570045976e-08
1.039945148839839752e-08
1.034543043919251312e-08
1.027493671450505610e-08
1.018830844079036118e-08
1.008636491693247545e-08
9.970408845719153128e-09
9.842200356157810306e-09
9.703941998875707805e-09
9.558242549127024038e-09
9.408073267272675969e-09
9.256729611860973844e-09
9.107767714894970116e-09
8.964954029766886552e-09
8.832197884699408098e-09
8.713480683579876921e-09
8.612794564940483900e-09
8.534061806209878486e-09
8.481071928706343362e-09
8.457407999223012956e-09
8.466375226848497626e-09
8.510944731077536085e-09
8.593684130821695202e-09
8.716711493351549313e-09
8.881644044964234857e-09
9.089553917180652899e-09
9.340944778457695277e-09
9.635718058501909257e-09
9.973167958468670945e-09
1.035197312146410474e-08
1.077019711560206709e-08
1.122531397257880265e-08
1.171422033873202473e-08
1.223328060847426639e-08
1.277836523152243796e-08
1.334489577511000261e-08
1.392791687886842786e-08
1.452214570460618773e-08
1.512205704623096197e-08
1.572195303859129588e-08
1.631603443689424026e-08
1.689849852045339252e-08
1.746360123124852641e-08
1.800575655529287418e-08
1.851960914773169876e-08
1.900010224098121511e-08
1.944257087295642638e-08
1.984278567796120914e-08
2.019703523728245968e-08
2.050217103091492129e-08
2.075564280475726724e-08
2.095555831069281720e-08
2.110068361644595850e-08
2.119048379634748328e-08
2.122511964416441521e-08
2.120543334387203621e-08
2.113295901162955876e-08
2.100987038360806876e-08
2.083897152147317993e-08
2.062364293763971581e-08
2.036777927387510998e-08
2.007575411426191388e-08
1.975232565866151989e-08
1.940258856471140601e-08
1.903188632182598411e-08
1.864572086418529206e-08
1.824969278714286305e-08
1.784939130762898145e-08
1.745033329552566041e-08
1.705787134321518086e-08
1.667710568157282469e-08
1.631283021045305893e-08
1.596943858800386588e-08
1.565088118984527355e-08
1.536059954719337447e-08
1.510146966869884360e-08
1.487578177465414239e-08
1.468518778345883533e-08
1.453069981265905776e-08
1.441267128263692724e-08
1.433078854431808712e-08
1.428409917424924640e-08
1.427101027744306678e-08
1.428933628198470384e-08
1.433632933064561320e-08
1.440871796842159061e-08
1.450277784634648590e-08
1.461438524008143337e-08
1.473907603846572480e-08
1.487213755305722722e-08
1.500866221608307162e-08
1.514364617444258360e-08
1.527206121066718786e-08
1.538892626474873968e-08
1.548940782130239709e-08
1.556887355841243068e-08
1.562298774086429197e-08
1.564777229812400808e-08
1.563966215470964588e-08
1.559558544565248812e-08
1.551299013956193095e-08
1.538990955106790104e-08
1.522498831061804463e-08
1.501749966532655431e-08
1.476738440385469732e-08
1.447523436129744587e-08
1.414231222800452267e-08
1.377053133747285092e-08
1.336242718527213323e-08
1.292114834298504072e-08
1.245039660028717694e-08
1.195440081471283433e-08
1.143785564419536169e-08
1.090585538073411526e-08
1.036384592385566540e-08
9.817536246420158390e-09
9.272840752014387693e-09
8.735795562905643578e-09
8.212474900662735643e-09
7.708925123288066456e-09
7.231071274530995545e-09
6.784651662800504840e-09
6.375136917935264031e-09
6.007653978719208406e-09
5.686927915845336238e-09
5.417208131299552332e-09
5.202220344454055045e-09
5.045111927631658117e-09
4.948405289402121489e-09
4.913970012967856605e-09
4.942986346830433093e-09
5.035933826188145253e-09
5.192577698957113806e-09
5.411963895741003359e-09
5.692434584809461853e-09
6.031634720284021273e-09
6.426545501593511456e-09
6.873514133115789366e-09
7.368289940125028494e-09
7.906083852787166097e-09
8.481610713375963234e-09
9.089162985170423642e-09
9.722673339904508491e-09
1.037577940224866623e-08
1.104191532983898882e-08
1.171437185340711571e-08
1.238639435868909229e-08
1.305125810650038735e-08
1.370234054768791214e-08
1.433322403905663159e-08
1.493774975427696709e-08
1.551011713528009406e-08
1.604494718121870417e-08
1.653733823634893966e-08
1.698295515556601434e-08
1.737805362203579279e-08
1.771955679493949449e-08
1.800508418495853960e-08
1.823297013883910160e-08
1.840231765192938665e-08
1.851297639194298372e-08
1.856557791136951652e-08
1.856151608679978625e-08
1.850291689179714298e-08
1.839264452199827827e-08
1.823422843607865010e-08
1.803185014418683933e-08
1.779027458066295316e-08
1.751477349191073007e-08
1.721108595153025551e-08
1.688530450110636874e-08
1.654382192708537097e-08
1.619322827011625059e-08
1.584020506447185395e-08
1.549145819473031358e-08
1.515358694145110930e-08
1.483301419705773918e-08
1.453587674735650267e-08
1.426791926646440377e-08
1.403442986495671655e-08
1.384012399093273234e-08
1.368909103317886643e-08
1.358471126617342774e-08
1.352958233267523421e-08
1.352549164942101400e-08
1.357334577174862347e-08
1.367316567296404104e-08
1.382405877589703307e-08
1.402420359730211976e-08
1.427088514161725554e-08
1.456048799036801718e-08
1.488855977641962066e-08
1.524985059598980483e-08
1.563836385269743447e-08
1.604746142479581704e-08
1.646991771535055623e-08
1.689804833452914988e-08
1.732380574972620679e-08
1.773888074568973232e-08
1.813485873836686314e-08
1.850330868008195849e-08
1.883594862570483032e-08
1.912476346058065488e-08
1.936211989378673716e-08
1.954093273214449946e-08
1.965474563789995117e-08
1.969788667216364263e-08
1.966556058779252917e-08
1.955392988350522127e-08
1.936023974085127205e-08
1.908284512323074692e-08
1.872130627285262321e-08
1.827641146451812880e-08
1.775018351127139204e-08
1.714592064696788227e-08
1.646813980271194524e-08
1.572257824032612601e-08
1.491612422386784584e-08
1.405673250374730404e-08
1.315336133170383582e-08
1.221585091200883157e-08
1.125479051335147256e-08
1.028140699532463315e-08
9.307387552549913792e-09
8.344742847538073459e-09
7.405628016137047996e-09
6.502162922091673823e-09
5.646270812890959714e-09
4.849483833444680326e-09
4.122780876231586706e-09
3.476410423145891328e-09
2.919725106447558853e-09
2.461036665624682605e-09
2.107468302086992648e-09
1.864836375333257448e-09
1.737540695967975928e-09
1.728475989915968722e-09
1.838969736931171910e-09
2.068734500383757559e-09
2.415852327749004902e-09
2.876778701385974271e-09
3.446369823015273495e-09
4.117943916791398703e-09
4.883352899151817882e-09
5.733093680098893945e-09
6.656431894448149559e-09
7.641542069276910120e-09
8.675688430725490842e-09
9.745389999976702447e-09
1.083663558313386441e-08
1.193508683542797048e-08
1.302628354176222958e-08
1.409589312552542717e-08
1.512990371121153114e-08
1.611487738005937833e-08
1.703815726490926029e-08
1.788806017193128732e-08
1.865411343441146380e-08
1.932719308490338336e-08
1.989973023144873807e-08
2.036583865658987749e-08
2.072141500394703523e-08
2.096428074313735989e-08
2.109419597221416589e-08
2.111294598642036566e-08
2.102432944173921870e-08
2.083411505068975705e-08
2.055003760483127819e-08
2.018165880239983501e-08
1.974030253197287876e-08
1.923889177893137860e-08
1.869176079114945802e-08
1.811450717729420204e-08
1.752372503883212651e-08
1.693681384769960321e-08
1.637170755742112486e-08
1.584659423285843551e-08
1.537968208654400712e-08
1.498887684036711520e-08
1.469153971955997498e-08
1.450419388004323472e-08
1.444223950722235857e-08
1.451972951506324362e-08
1.474908446958393101e-08
1.514090119790869020e-08
1.570373362499471538e-08
1.644389645452347601e-08
1.736535176310466753e-08
1.846954242779882293e-08
1.975534414749546608e-08
2.121899511407662520e-08
2.285405328041040051e-08
2.465146562963050591e-08
2.659955907492442012e-08
2.868418784496677649e-08
3.088883693238941044e-08
3.319474654495573175e-08
3.558118121092400952e-08
3.802556065665443533e-08
4.050379520273944764e-08
4.299052892893555339e-08
4.545938814455132899e-08
4.788340577395756143e-08
5.023522361327014554e-08
5.248754995038981833e-08
5.461345977708608959e-08
5.658668095518590540e-08
5.838208001475598094e-08
5.997583846366582390e-08
6.134592723417022444e-08
6.247235836754809017e-08
6.333740621063970038e-08
6.392603825765424559e-08
6.422597026412481054e-08
6.422804233704357285e-08
6.392632537489552566e-08
6.331818887945480617e-08
6.240457038567715329e-08
6.118984509101951442e-08
5.968201033031057073e-08
5.789258695426424263e-08
5.583648490182980480e-08
5.353204389721386870e-08
5.100070325022653838e-08
4.826694915437446611e-08
4.535800564267810912e-08
4.230350308145785148e-08
3.913528186130668288e-08
3.588690378215688844e-08
3.259337948825232763e-08
2.929070278688606246e-08
2.601538352277357582e-08
2.280407278569182380e-08
1.969300677118193594e-08
1.671759732590281700e-08
1.391191535295374062e-08
1.130819735719414724e-08
8.936412211685562766e-09
6.823762577983907248e-09
4.994277001007681885e-09
3.468382922498890866e-09
2.262526561357668519e-09
1.388843426991045023e-09
8.548575924492053829e-10
6.632398410366702937e-10
8.116252953737264540e-10
1.292488102978529904e-09
2.093089079319393200e-09
3.195494218601988122e-09
4.576665372120741297e-09
6.208644386962294685e-09
8.058798900627242773e-09
1.009018056507864081e-08
1.226195357845434319e-08
1.452989656284691995e-08
1.684704321210281616e-08
1.916433070691293693e-08
2.143141850553517621e-08
2.359752967302174048e-08
2.561235075938547557e-08
2.742710129859401023e-08
2.899551824474144063e-08
3.027505213353593013e-08
3.122800451624268053e-08
3.182269080342650024e-08
3.203476053242604257e-08
3.184833527489966527e-08
3.125734497661145564e-08
3.026671670199984114e-08
2.889353777078774155e-08
2.716830385109141575e-08
2.513591919990287074e-08
2.285680649894670823e-08
2.040780176899396475e-08
1.788295877675399354e-08
1.539431698726906556e-08
1.307240456043261392e-08
1.106670695821670679e-08
9.545891658079796944e-09
8.697870213446804720e-09
8.729708936634508425e-09
9.867276109056082810e-09
1.235473930444415695e-08
1.645381262511383482e-08
2.244276830493311504e-08
3.061529660626460780e-08
4.127902073277212186e-08
5.475393414830679420e-08
7.137053690309625342e-08
9.146766459448716993e-08
1.153904376966442724e-07
1.434875131002305215e-07
1.761087495552840903e-07
2.136023452877490466e-07
2.563115919796843397e-07
3.045724843361476634e-07
3.587097377228588828e-07
4.190344106915693906e-07
4.858404053488888491e-07
5.594004888767885428e-07
6.399645631083372112e-07
7.277545862878612366e-07
8.229632770264353501e-07
9.257505058416566373e-07
1.036239074330513946e-06
1.154514951638772579e-06
1.280621232542838863e-06
1.414559278813416179e-06
1.556285540045618113e-06
1.705707573970218301e-06
1.862687635650013834e-06
2.027035653672982796e-06
2.198514142717915534e-06
2.376835810605467133e-06
2.561660118944440394e-06
2.752601405572022134e-06
2.949220587847088322e-06
3.151034874870040551e-06
3.357516173018614554e-06
3.568088160171973965e-06
3.782139649808075687e-06
3.999014412734665911e-06
4.218026175399704551e-06
4.438457416019430563e-06
4.659556548899806237e-06
4.880556591324764388e-06
5.100662246820774697e-06
5.319070010330851790e-06
5.534966576789983833e-06
5.747525424503561438e-06
5.955930165096721064e-06
6.159357967556827968e-06
6.357003949442054748e-06
6.548078222760317126e-06
6.731801036644486638e-06
6.907429626315407786e-06
7.074237251957705097e-06
7.231540576084697306e-06
7.378694427014340669e-06
7.515084771856369977e-06
7.640157546928319393e-06
7.753393041148718464e-06
7.854334731980927903e-06
7.942581160559339306e-06
8.017776344418354098e-06
8.079639015850947377e-06
8.127932717425664257e-06
8.162494608939279192e-06
8.183224348245872145e-06
8.190072036176944696e-06
8.183066482198465553e-06
8.162282059730463434e-06
8.127866250649643675e-06
8.080025984196409955e-06
8.019013706227559810e-06
7.945153646330385580e-06
7.858807042022274389e-06
7.760397557321612255e-06
7.650396006082250041e-06
7.529305522935603347e-06
7.397685212394238415e-06
7.256115660843942468e-06
7.105221745811651286e-06
6.945656947101371257e-06
6.778088774677869980e-06
6.603219542165311712e-06
6.421754077730627155e-06
6.234419751793251590e-06
6.041951609100504729e-06
5.845079151058583787e-06
5.644544238090415347e-06
5.441072601484157590e-06
5.235391125445851656e-06
5.028214836448165573e-06
4.820235882555706513e-06
4.612136309778621229e-06
4.404576521942281800e-06
4.198185831372763793e-06
3.993576130218796016e-06
3.791321473620604405e-06
3.591971305195195849e-06
3.396041683705900614e-06
3.204008603766657273e-06
3.016319341457518485e-06
2.833377381047861868e-06
2.655553386985196865e-06
2.483179259276636345e-06
2.316544111611530047e-06
2.155903562125561179e-06
2.001469600178680826e-06
1.853419551651455576e-06
1.711892709917530432e-06
1.576988595698823066e-06
1.448774471872683475e-06
1.327279384456655314e-06
1.212501383269586737e-06
1.104406261760213463e-06
1.002927566158589773e-06
9.079726063401492415e-07
8.194197051733725598e-07
7.371239319177630485e-07
6.609173682781881718e-07
5.906102701352564372e-07
5.259958120720239263e-07
4.668495212928064629e-07
4.129337439133380026e-07
3.639988173670552430e-07
3.197847919293191647e-07
2.800250808455391452e-07
2.444471079927229677e-07
2.127756597355968488e-07
1.847343688269620018e-07
1.600474577102334144e-07
1.384423851717825799e-07
1.196508746566912867e-07
1.034112299396301744e-07
8.946961783989732345e-08
7.758139667800955303e-08
6.751278740094428838e-08
5.904165447464541630e-08
5.195881892295243469e-08
4.606876822455476650e-08
4.119028349791773787e-08
3.715715398671307318e-08
3.381833807349802890e-08
3.103832389660684433e-08
2.869708975642435792e-08
2.668993685441927528e-08
2.492732878070243654e-08
2.333433888025933091e-08
2.185019359813717531e-08
2.042753101404475130e-08
1.903155652587016352e-08
1.763920869747431518e-08
1.623805659589400222e-08
1.482528660115673676e-08
1.340651323350583501e-08
1.199455651103478470e-08
1.060826456636211614e-08
9.271205865126800134e-09
8.010470960569320792e-09
6.855420657472474297e-09
5.836481985866016064e-09
4.984032996175803333e-09
4.327292875345018627e-09
3.893344863284538437e-09
3.706215877835532929e-09
3.786064657738052002e-09
4.148503693563565622e-09
4.804007805481695686e-09
5.757484801677143160e-09
7.007956967056425480e-09
8.548368253252314297e-09
1.036556907410538548e-08
1.244036766306776106e-08
1.474778704627134597e-08
1.725739834577471912e-08
1.993374746758758839e-08
2.273699693585363846e-08
2.562350276799156991e-08
2.854665392966536159e-08
3.145766598365219357e-08
3.430639945352558147e-08
3.704241549217637376e-08
3.961576297107899579e-08
4.197808389023083718e-08
4.408350294037278806e-08
4.588946417432377834e-08
4.735780201487018885e-08
4.845534499182982484e-08
4.915486887336394915e-08
4.943568131178519233e-08
4.928409811453892975e-08
4.869412105748288643e-08
4.766753856374830234e-08
4.621436160545474881e-08
4.435282044960283421e-08
4.210924182819139166e-08
3.951807052758775841e-08
3.662134628465618713e-08
3.346845173066280350e-08
3.011546763680598254e-08
2.662444555167381614e-08
2.306276127008184451e-08
1.950209335873866753e-08
1.601757812566651219e-08
1.268672238051693914e-08
9.588302179306657479e-09
6.801300484564895620e-09
4.403707174339600314e-09
2.471414259998889719e-09
1.077061544926577750e-09
2.889377989358627050e-10
1.699328407109502460e-10
7.765418303185372995e-10
2.157955055971977190e-09
4.355241462456269647e-09
7.400625743494660616e-09
1.131690248780841495e-08
1.611696830686728932e-08
2.180344584278171172e-08
2.836855414995479303e-08
3.579394783310973308e-08
4.405090520133829691e-08
5.310052737795548288e-08
6.289398253751897693e-08
7.337324198627227833e-08
8.447139496439735830e-08
9.611368677599240853e-08
1.082182645015447531e-07
1.206968798330431095e-07
1.334564057772091237e-07
1.463993137846213992e-07
1.594253829057682988e-07
1.724326575343579539e-07
1.853182640992980929e-07
1.979804019450129561e-07
2.103185592545110938e-07
2.222355368501511567e-07
2.336381967223423259e-07
2.444379978931506856e-07
2.545530539064235326e-07
2.639077138321025632e-07
2.724345024993277065e-07
2.800743092463920968e-07
2.867763471289412990e-07
2.924999148589119600e-07
2.972131596221238592e-07
3.008946319626601512e-07
3.035327601379838626e-07
3.051251416723358789e-07
3.056798084498931457e-07
3.052132458679363275e-07
3.037514453630274728e-07
3.013287522399613484e-07
2.979866275785714963e-07
2.937744195127510293e-07
2.887469419675946497e-07
2.829651021493410331e-07
2.764944067418216129e-07
2.694034989735935930e-07
2.617646056943112772e-07
2.536510978030875616e-07
2.451378998851017168e-07
2.363000228451495087e-07
2.272112288522060310e-07
2.179443951601075304e-07
2.085694526230915095e-07
1.991538096775814185e-07
1.897612290569613092e-07
1.804508954981499448e-07
1.712778999936846693e-07
1.622918041119966935e-07
1.535372365873724457e-07
1.450532802879017394e-07
1.368730555298387476e-07
1.290244138998117758e-07
1.215291694218422668e-07
1.144038977444937660e-07
1.076598142476995515e-07
1.013028086796353832e-07
9.533430395806173401e-08
8.975100978605632950e-08
8.454583243158677281e-08
7.970807772362624507e-08
7.522374715922547301e-08
7.107642211331546170e-08
6.724729272818183063e-08
6.371602034593297324e-08
6.046103803484246877e-08
5.745988251170945323e-08
5.468994187717600410e-08
5.212851449686982503e-08
4.975347597978618911e-08
4.754348270234142833e-08
4.547816600519565242e-08
4.353863090037744592e-08
4.170738545724539621e-08
3.996873519697497442e-08
3.830879206889747033e-08
3.671546165372910288e-08
3.517867045705055523e-08
3.369012677811303258e-08
3.224345936687897736e-08
3.083404542661613889e-08
2.945882760985774355e-08
2.811633508551958569e-08
2.680633826782320581e-08
2.552982331662602184e-08
2.428873114626082878e-08
2.308570656817904162e-08
2.192402748733863966e-08
2.080726234789555232e-08
1.973919978597294225e-08
1.872361139202913341e-08
1.776404237353333364e-08
1.686375997621243386e-08
1.602550768415367878e-08
1.525148648569931440e-08
1.454322095146912079e-08
1.390145886910504954e-08
1.332620473967955827e-08
1.281660912487208953e-08
1.237104297712111157e-08
1.198708520244872834e-08
1.166153624913642083e-08
1.139054180749607821e-08
1.116959292176862700e-08
1.099367656667204958e-08
1.085734606612718753e-08
1.075480221777601458e-08
1.068006452960638336e-08
1.062701769777756470e-08
1.058958513698440915e-08
1.056181571438035267e-08
1.053796614704315167e-08
1.051265979313948012e-08
1.048091151824486760e-08
1.043826710623385446e-08
1.038084739145304526e-08
1.030537976530925835e-08
1.020929861141741007e-08
1.009070791639967326e-08
9.948452907334615045e-09
9.782095203754505055e-09
9.591875983250867422e-09
9.378744572906286786e-09
9.144257873060161957e-09
8.890584855560280798e-09
8.620424045301515629e-09
8.336916253137550075e-09
8.043613654477276391e-09
7.744379266853835440e-09
7.443287171688360267e-09
7.144583626974579870e-09
6.852554490363284307e-09
6.571485714273258613e-09
6.305565809933403606e-09
6.058796624529550089e-09
5.834960738341008082e-09
5.637518364334320450e-09
5.469586795522425170e-09
5.333877958982436119e-09
5.232647039413200314e-09
5.167693594168249583e-09
5.140305654725818357e-09
5.151278050851888724e-09
5.200896330767853656e-09
5.288929101547340574e-09
5.414671492576328978e-09
5.576930676161032260e-09
5.774084142852534634e-09
6.004100276151520263e-09
6.264561249700686465e-09
6.552740784325954858e-09
6.865609013640011768e-09
7.199918287156969195e-09
7.552238697711802085e-09
7.918989428748263059e-09
8.296534493088314008e-09
8.681181080750224954e-09
9.069276195284569613e-09
9.457235015999008494e-09
9.841560669078296597e-09
1.021894221629609681e-08
1.058622750255950463e-08
1.094051716497253581e-08
1.127917138931905978e-08
1.159980674606405470e-08
1.190038623039533365e-08
1.217915904430032818e-08
1.243474461303025341e-08
1.266611305022499101e-08
1.287255695990398476e-08
1.305376917762756345e-08
1.320975176961193942e-08
1.334088767974154022e-08
1.344789743566581226e-08
1.353178978952433409e-08
1.359392657725197788e-08
1.363590855250040348e-08
1.365963507379539039e-08
1.366724308840007632e-08
1.366104283352886561e-08
1.364357150256013261e-08
1.361746500731119609e-08
1.358550817946036135e-08
1.355056345232832551e-08
1.351549861035721187e-08
1.348323370875720472e-08
1.345660780966773466e-08
1.343842539467348715e-08
1.343138341870476661e-08
1.343799917099138542e-08
1.346065906649421988e-08
1.350148931161653085e-08
1.356240863702841140e-08
1.364506376193646975e-08
1.375076666905780398e-08
1.388055792329408604e-08
1.403508945746872377e-08
1.421469688743918917e-08
1.441935304079826170e-08
1.464862322981598989e-08
1.490175634392110356e-08
1.517758456229251046e-08
1.547462700544332636e-08
1.579106654084066163e-08
1.612472678485001774e-08
1.647319870791715755e-08
1.683375500422095547e-08
1.720348899584353551e-08
1.757931108117984081e-08
1.795794231642571010e-08
1.833607316348324139e-08
1.871028110908864241e-08
1.907719660654265702e-08
1.943350523365688223e-08
1.977594316408652066e-08
2.010147235175928411e-08
2.040718310531470739e-08
2.069046790384773376e-08
2.094900889742955515e-08
2.118075567396918803e-08
2.138409402511399249e-08
2.155771534326390560e-08
2.170077560610785350e-08
2.181285003667884604e-08
2.189387744923713981e-08
2.194430266041566225e-08
2.196490389583264351e-08
2.195692136748177064e-08
2.192197264551520679e-08
2.186196052923726765e-08
2.177918222948044027e-08
2.167612175082620117e-08
2.155554807776070773e-08
2.142040175054209190e-08
2.127367958032040002e-08
2.111852133990206115e-08
2.095798933583199807e-08
2.079515300699547742e-08
2.063297125876246498e-08
2.047417932664228098e-08
2.032137699248507888e-08
2.017682426827729051e-08
2.004253832779100833e-08
1.992019956450430991e-08
1.981106657774023147e-08
1.971609132710481309e-08
1.963575340681756842e-08
1.957019102426564491e-08
1.951914849537460484e-08
1.948193301607973317e-08
1.945755082061470440e-08
1.944467989935734877e-08
1.944165007035924233e-08
1.944661994389910208e-08
1.945747391409824863e-08
1.947200973627709967e-08
1.948793915421590648e-08
1.950289018091691423e-08
1.951460271448090881e-08
1.952083557767103073e-08
1.951956079512318237e-08
1.950896249289336957e-08
1.948743119772146768e-08
1.945374674822886192e-08
1.940696429370472528e-08
1.934658369470242676e-08
1.927251693155354541e-08
1.918504727459374927e-08
1.908497208025056446e-08
1.897344722255481400e-08
1.885211042161548783e-08
1.872300280488785577e-08
1.858848305175989297e-08
1.845132153986400672e-08
1.831450410670193442e-08
1.818131054957767934e-08
1.805519952873281435e-08
1.793969077990805874e-08
1.783842693511868686e-08
1.775495872180551417e-08
1.769280335871838872e-08
1.765532148912277332e-08
1.764559726518154967e-08
1.766650237823168555e-08
1.772049423848324580e-08
1.780969137380972429e-08
1.793577589330965961e-08
1.809990242961861327e-08
1.830280078918164015e-08
1.854461053352552257e-08
1.882500500245260351e-08
1.914313968890601041e-08
1.949760538264225036e-08
1.988658999646900055e-08
2.030775075674923269e-08
2.075839760071444319e-08
2.123548307975428272e-08
2.173559031975763276e-08
2.225514898678670717e-08
2.279032129230907561e-08
2.333723000530828235e-08
2.389196192907541762e-08
2.445056046081505039e-08
2.500926871895188617e-08
2.556439114060498643e-08
2.611253467644464161e-08
2.665058818938665994e-08
2.717568383300863547e-08
2.768543375033030104e-08
2.817773343834775602e-08
2.865098579185917796e-08
2.910402857047021091e-08
2.953604200892003852e-08
2.994675775432288372e-08
3.033619181659194546e-08
3.070483936155786075e-08
3.105354690252198518e-08
3.138336890626523534e-08
3.169575196256833864e-08
3.199221310751703324e-08
3.227451848648193305e-08
3.254452321669176176e-08
3.280400382695553150e-08
3.305484336058967478e-08
3.329869051391184270e-08
3.353715316454045492e-08
3.377164268093159083e-08
3.400321872038792294e-08
3.423280888847446224e-08
3.446088501290408348e-08
3.468770243263767211e-08
3.491317916682643826e-08
3.513677936880283495e-08
3.535778907140707472e-08
3.557502761519934594e-08
3.578714471400667536e-08
3.599254163024133563e-08
3.618929483377344229e-08
3.637548323566656720e-08
3.654892549172170182e-08
3.670751909550085623e-08
3.684918339706465713e-08
3.697179942394278985e-08
3.707355815180919182e-08
3.715269352189279915e-08
3.720782664292224221e-08
3.723789467620017099e-08
3.724207093337255020e-08
3.722009304983524794e-08
3.717195923718912432e-08
3.709823863807548658e-08
3.699995532522803038e-08
3.687846198263288920e-08
3.673571837388819945e-08
3.657393647699238989e-08
3.639583743131377731e-08
3.620448401056378454e-08
3.600310693421944039e-08
3.579533249639230042e-08
3.558479089576165081e-08
3.537533123077663491e-08
3.517082562515426637e-08
3.497497523550894386e-08
3.479151607362868572e-08
3.462382748032841665e-08
3.447514224823640711e-08
3.434836387425114416e-08
3.424589323260593122e-08
3.416985639139085784e-08
3.412175272399505869e-08
3.410270257624445033e-08
3.411331429390334312e-08
3.415356310820180084e-08
3.422307487868096209e-08
3.432083250953774447e-08
3.444548454540832357e-08
3.459527174926507933e-08
3.476796073511618912e-08
3.496118752300040849e-08
3.517220681115671296e-08
3.539825129353461018e-08
3.563649262262019730e-08
3.588399911165428360e-08
3.613806710114806940e-08
3.639617977849692204e-08
3.665595587133800481e-08
3.691551854996554532e-08
3.717321709927564733e-08
3.742798155615866997e-08
3.767923784406465484e-08
3.792680417996697583e-08
3.817121789567519514e-08
3.841338246954522065e-08
3.865486883913457875e-08
3.889775634015126293e-08
3.914445338231969461e-08
3.939796539022639655e-08
3.966145906094929233e-08
3.993850978680642000e-08
4.023287686579476726e-08
4.054826438754619875e-08
4.088855597092116087e-08
4.125732705694145086e-08
4.165807972242100393e-08
4.209399763444642005e-08
4.256769613465517362e-08
4.308148365262087868e-08
4.363687497359464001e-08
4.423487905762757209e-08
4.487579230364890802e-08
4.555899358978372632e-08
4.628329708192363399e-08
4.704651023345705734e-08
4.784583070493269080e-08
4.867771555211040113e-08
4.953775086371237892e-08
5.042112976275427750e-08
5.132226080348984026e-08
5.223528810956967077e-08
5.315402771648027464e-08
5.407189422095256308e-08
5.498248455383288732e-08
5.587919490557371953e-08
5.675582393804933268e-08
5.760651992729026842e-08
5.842570366158095096e-08
5.920869078671793281e-08
5.995124536108025297e-08
6.065018888361022295e-08
6.130328061471193976e-08
6.190906232535202734e-08
6.246743743008020783e-08
6.297909644038194698e-08
6.344605757625674301e-08
6.387142312181793838e-08
6.425909886514369423e-08
6.461427891038635438e-08
6.494272311025388704e-08
6.525120107248269477e-08
6.554712294273151422e-08
6.583814378771687067e-08
6.613256681850466710e-08
6.643851431966177800e-08
6.676431492973804062e-08
6.711807051674133838e-08
6.750721439511257930e-08
6.793891063182400560e-08
6.841920527323545261e-08
6.895345120067742154e-08
6.954590905620178116e-08
7.019935525589256706e-08
7.091558481915034079e-08
7.169463158254559187e-08
7.253533367103391125e-08
7.343505235188166527e-08
7.438940265576107018e-08
7.539294100314076169e-08
7.643849579435164865e-08
7.751792933844213899e-08
7.862199625263014366e-08
7.974020349430549844e-08
8.086168981556191110e-08
8.197463277487192712e-08
8.306717929162895655e-08
8.412738400754620280e-08
8.514312863158411965e-08
8.610311306512587492e-08
8.699624059995595514e-08
8.781261064909661557e-08
8.854342022625174051e-08
8.918082610009661019e-08
8.971891320843674232e-08
9.015294378181120356e-08
9.048027532740535757e-08
9.070010929685572931e-08
9.081319254976408971e-08
9.082264006970618905e-08
9.073298046525047795e-08
9.055090118885684774e-08
9.028479339690577652e-08
8.994426089820463430e-08
8.954075143825798781e-08
8.908642190176220732e-08
8.859470667024765442e-08
8.807970798500491433e-08
8.755557791286188041e-08
8.703702008067846566e-08
8.653808808657537518e-08
8.607267620564699517e-08
8.565388928965735714e-08
8.529343587384212025e-08
8.500214479788285661e-08
8.478885056023466296e-08
8.466096313236217689e-08
8.462397285725173300e-08
8.468099850674379532e-08
8.483347355401016889e-08
8.508023518492968282e-08
8.541830617801811127e-08
8.584263020442412691e-08
8.634584731245360484e-08
8.691923025850691112e-08
8.755199129254894989e-08
8.823230909768189232e-08
8.894727245868975798e-08
8.968283784487390073e-08
9.042485186409643214e-08
9.115905856027129409e-08
9.187109816176140313e-08
9.254769712861366996e-08
9.317606822082733439e-08
9.374508914506990542e-08
9.424526329470928075e-08
9.466863593139070382e-08
9.500990576531547138e-08
9.526564677065413403e-08
9.543533311876218268e-08
9.552107453402751488e-08
9.552728855708747293e-08
9.546156330642695466e-08
9.533358578776942876e-08
9.515588309310584267e-08
9.494325371150211354e-08
9.471214471532001308e-08
9.448121958499979558e-08
9.427001359638515533e-08
9.409941002057794357e-08
9.399084106312414106e-08
9.396546691577114428e-08
9.404457045638371569e-08
9.424809490909899014e-08
9.459503437518060328e-08
9.510260609825974087e-08
9.578543896464587518e-08
9.665604411581046345e-08
9.772345088879632906e-08
9.899377956593984777e-08
1.004696193712902551e-07
1.021494445015189499e-07
1.040284241810489246e-07
1.060973201231874523e-07
1.083434710000229698e-07
1.107505207003187967e-07
1.132981747412082597e-07
1.159634945886925797e-07
1.187200707192228979e-07
1.215394887494619092e-07
1.243913750004335773e-07
1.272434292163741075e-07
1.300631428902727123e-07
1.328170866191572733e-07
1.354727163195563748e-07
1.379985225412431778e-07
1.403641126297300672e-07
1.425420973945056891e-07
1.445072206027264790e-07
1.462382028305735160e-07
1.477176913519948814e-07
1.489321025317701422e-07
1.498733354939701652e-07
1.505374905572800993e-07
1.509264240159171392e-07
1.510472521692633914e-07
1.509117445686971460e-07
1.505376003166707840e-07
1.499466542214566067e-07
1.491659520434846449e-07
1.482267498492176674e-07
1.471634425386015110e-07
1.460143529552439534e-07
1.448195436094060916e-07
1.436214633958945156e-07
1.424636177772362261e-07
1.413892355818589088e-07
1.404417770004856076e-07
1.396626483502864436e-07
1.390917058063721374e-07
1.387659380629059607e-07
1.387182088178220353e-07
1.389778633289517779e-07
1.395686886238108908e-07
1.405096712622387832e-07
1.418140431578047782e-07
1.434884133720596292e-07
1.455338538554279247e-07
1.479443238408778482e-07
1.507080053461787063e-07
1.538068991356484086e-07
1.572164785461889300e-07
1.609074537974035415e-07
1.648446365187698759e-07
1.689889454798091362e-07
1.732974737951942548e-07
1.777235401950029021e-07
1.822190482812030940e-07
1.867335187069547759e-07
1.912165749946820404e-07
1.956181613040613495e-07
1.998886569334226782e-07
2.039814964157146694e-07
2.078519667242959506e-07
2.114597851820234925e-07
2.147690505542390734e-07
2.177480314980707043e-07
2.203716182853853849e-07
2.226195426181430428e-07
2.244786449486445948e-07
2.259422446607786186e-07
2.270093470813747261e-07
2.276866068923386942e-07
2.279858593529174212e-07
2.279258523731261574e-07
2.275309808254604289e-07
2.268299204691211787e-07
2.258570446483183656e-07
2.246494520849658094e-07
2.232482227374354862e-07
2.216967535349363858e-07
2.200390942822526326e-07
2.183210432828874154e-07
2.165870753409986694e-07
2.148814278460097222e-07
2.132464564556196996e-07
2.117210849241344198e-07
2.103419687965515387e-07
2.091407582848974163e-07
2.081454067572710716e-07
2.073789429739828258e-07
2.068583826515189705e-07
2.065963093796484934e-07
2.065987313557399275e-07
2.068668849798277004e-07
2.073966037080490053e-07
2.081778031938154583e-07
2.091966067009639061e-07
2.104337563315810050e-07
2.118669227040465153e-07
2.134705472760919152e-07
2.152157229672777812e-07
2.170724430184560724e-07
2.190095633136585801e-07
2.209947458268279849e-07
2.229970341037005356e-07
2.249854466134356889e-07
2.269315066990012522e-07
2.288090683300995155e-07
2.305940437899952877e-07
2.322667781426237120e-07
2.338102479739195116e-07
2.352122632388204663e-07
2.364648314410259839e-07
2.375633975625071211e-07
2.385087588352334383e-07
2.393047073693934576e-07
2.399597460080278254e-07
2.404859269350850891e-07
2.408976047488054848e-07
2.412129050190995112e-07
2.414509531320184998e-07
2.416332342512669296e-07
2.417821372120418420e-07
2.419194946469996077e-07
2.420678868513644661e-07
2.422478239984188905e-07
2.424790984698635705e-07
2.427794318359263416e-07
2.431631983156487554e-07
2.436429546374231551e-07
2.442269642771046670e-07
2.449209088327051835e-07
2.457269773898625939e-07
2.466430668901771477e-07
2.476648063940169620e-07
2.487836117764084564e-07
2.499889181069621788e-07
2.512677898225616089e-07
2.526046103367059917e-07
2.539835714106967213e-07
2.553871271279449817e-07
2.567985854316386979e-07
2.582019920476623808e-07
2.595820112242600079e-07
2.609265405413500228e-07
2.622251677542658766e-07
2.634716995980812671e-07
2.646638660738635332e-07
2.658029314526424451e-07
2.668959579967005847e-07
2.679538132042766877e-07
2.689931826834284578e-07
2.700356855139029018e-07
2.711068484339293125e-07
2.722376846721530137e-07
2.734620020799691990e-07
2.748176959092739059e-07
2.763451621937736984e-07
2.780855933168305815e-07
2.800819176006475499e-07
2.823755306403600341e-07
2.850070895722432410e-07
2.880145193988873271e-07
2.914309874585821983e-07
2.952856808028278249e-07
2.996004314549037935e-07
3.043906171644697665e-07
3.096633565850730587e-07
3.154157770656866460e-07
3.216363493813882356e-07
3.283020040665036390e-07
3.353798575958569075e-07
3.428262011454631286e-07
3.505856270173881408e-07
3.585935231368517830e-07
3.667740843424848413e-07
3.750433158647245107e-07
3.833090897678940634e-07
3.914713236288193986e-07
3.994257614146145272e-07
4.070628364227373729e-07
4.142718348967231810e-07
4.209417553389005519e-07
4.269621941872996551e-07
4.322278993279456421e-07
4.366379509741971029e-07
4.401003486946397245e-07
4.425329211511133123e-07
4.438641314588076336e-07
4.440373929248507246e-07
4.430097597267042611e-07
4.407558431471094984e-07
4.372678484174984364e-07
4.325554133991168297e-07
4.266485984799054375e-07
4.195953973183396021e-07
4.114640116148838195e-07
4.023413715490515062e-07
3.923314643338745898e-07
3.815563483267845937e-07
3.701522996035798401e-07
3.582700816979168937e-07
3.460719560504971689e-07
3.337286271510145994e-07
3.214184344321942328e-07
3.093226384224190964e-07
2.976241743220013100e-07
2.865039023000065209e-07
2.761370009424718615e-07
2.666913116411531246e-07
2.583228181725846617e-07
2.511740862925561181e-07
2.453709869181313141e-07
2.410197676867862503e-07
2.382059716177228210e-07
2.369912882360243479e-07
2.374131010298055597e-07
2.394828763183511671e-07
2.431850069330391759e-07
2.484775524326796490e-07
2.552912277030036856e-07
2.635310573393712685e-07
2.730770235024043658e-07
2.837851149308993599e-07
2.954902042995290149e-07
3.080079511897378107e-07
3.211369962953304094e-07
3.346631772965724306e-07
3.483614676429390931e-07
3.620007310147950091e-07
3.753469081381830920e-07
3.881662264104895659e-07
4.002303665174335632e-07
4.113187258274841552e-07
4.212234896793396007e-07
4.297525969324950119e-07
4.367324495985227022e-07
4.420123547638593292e-07
4.454656132145881201e-07
4.469932250789679883e-07
4.465251430245550872e-07
4.440211000002743276e-07
4.394728379347234343e-07
4.329029781183964868e-07
4.243661534218525325e-07
4.139477353096056435e-07
4.017621554537300869e-07
3.879522976125632664e-07
3.726860497543439304e-07
3.561546940310511197e-07
3.385693666903623684e-07
3.201573255422069261e-07
3.011590601028993719e-07
2.818234649487331069e-07
2.624044724981662184e-07
2.431565128651075333e-07
2.243301075897274083e-07
2.061682223263234216e-07
1.889016818031633248e-07
1.727457797326676402e-07
1.578964973908974229e-07
1.445271638941103139e-07
1.327858902753022052e-07
1.227928536876727799e-07
1.146386121937104334e-07
1.083825802431492483e-07
1.040521055535359331e-07
1.016423246981228100e-07
1.011162494420653903e-07
1.024057364006596262e-07
1.054127975958873712e-07
1.100114522180851395e-07
1.160502404880114753e-07
1.233549288094442045e-07
1.317318716173888552e-07
1.409715450851969202e-07
1.508523602419457122e-07
1.611448520427681995e-07
1.716157557959877550e-07
1.820323917883115021e-07
1.921668673991026780e-07
2.018001980928026741e-07
2.107264009733956770e-07
2.187561438809298222e-07
2.257202832874054323e-07
2.314729008222186195e-07
2.358939451275384062e-07
2.388914622648888548e-07
2.404032262729878775e-07
