3.988807054692389949e-11
6.867706400853684045e-10
3.391654814641963570e-09
5.460835243564473281e-09
3.959254627918885233e-09
1.073890262799921195e-09
1.210842490168734356e-09
3.640630885076530939e-09
4.010893417879433088e-09
1.770500941363863755e-09
1.510124197352588853e-10
6.063112017508901193e-10
1.760846409745524613e-09
1.962240458765540077e-09
1.541418477784852805e-09
3.834026083895574996e-09
1.021904109841956250e-08
1.395234963272878934e-08
8.879280428685849084e-09
3.022423874731315179e-09
7.780879292510597445e-09
1.719876056907171737e-08
1.825455848843184627e-08
1.511996819028653935e-08
1.977189872949275327e-08
2.721911625519190689e-08
2.378375716898792858e-08
1.109491452305585827e-08
2.056651014566368761e-09
1.338388104682147684e-09
3.325711513612910667e-09
2.770785636878316444e-09
7.515442178304461356e-10
2.597998992973344317e-09
9.291024311654754555e-09
1.303063227489981603e-08
8.222120665956469874e-09
1.449982001516795514e-09
9.384217462445366274e-10
3.834601697755316055e-09
3.416272251378528880e-09
6.587028838304360345e-10
5.671470922008854671e-10
2.876932674970402584e-09
3.687390204191155505e-09
6.628217703754823209e-09
2.375148637808558833e-08
5.556127614066336580e-08
8.384295635692865033e-08
1.056155677937042974e-07
1.494972091335607596e-07
2.205563999319898733e-07
2.632027053037582900e-07
2.316557611211066001e-07
1.602205371438658500e-07
1.108373799662914939e-07
9.374722498335750448e-08
8.376929648086735621e-08
6.762514285154579055e-08
4.470395278378364619e-08
1.876837591019568141e-08
9.814632752842586011e-10
3.644264227711246926e-08
2.974230926968310485e-07
1.121513442715616878e-06
2.849818565455598820e-06
5.745617729147583561e-06
1.023250997571765898e-05
1.680570964316126345e-05
2.507667976169294382e-05
3.317644598413893082e-05
3.904810452675093902e-05
4.238291670355756759e-05
4.438282116932875944e-05
4.556312665052775652e-05
4.492121378864027975e-05
4.161866483999862663e-05
3.635967569194798593e-05
3.047294284463583636e-05
2.452940331303828228e-05
1.858501952806792320e-05
1.306820748456491351e-05
8.602738088866357068e-06
5.311297548716781594e-06
2.908781228711290927e-06
1.252221117938839567e-06
3.547981078028165464e-07
5.056538492537263545e-08
1.372905448079709064e-08
2.902447353463864418e-08
4.986227896632632397e-08
8.482637906755075155e-08
1.478955560577211334e-07
2.451181590424585913e-07
3.519687642210536931e-07
4.478929808533912326e-07
5.502635611397458305e-07
6.538856087010177983e-07
6.893220573582617750e-07
6.085338559648828299e-07
4.583467854956757487e-07
3.153265608989952097e-07
2.026012813784023233e-07
1.107942555812430391e-07
4.524379061071406096e-08
1.368879462476627233e-08
4.257506566384051438e-09
1.366841327296506100e-09
1.909831629290141136e-09
5.956969361448550416e-09
8.517886582998742621e-09
6.225144950883211550e-09
2.123266982612651659e-09
3.987044977412223120e-10
1.169606209668913855e-09
2.260869405947846419e-09
2.658956397742402608e-09
2.198944598530359865e-09
1.297423817493832076e-09
2.361585040338534565e-09
6.649898893307735809e-09
1.102443241001410377e-08
1.515730690479304997e-08
2.577734310029129164e-08
4.278786701278697449e-08
5.301852321761249507e-08
5.174191038761508023e-08
5.248705675269939423e-08
5.994357985573695733e-08
5.716575279829345802e-08
3.638579393430747259e-08
1.542786580434254384e-08
8.295909870076876705e-09
6.874094620021654031e-09
2.639951738341565391e-09
1.515639528274416831e-11
1.720205129324650681e-09
3.226981605201967284e-09
3.056491001538849141e-09
2.750844253083427915e-09
1.466461106660013124e-09
4.630333361451970965e-10
3.480860184016692159e-09
7.888339848554420020e-09
7.065593889240220503e-09
2.161197670063204151e-09
9.402440567997815382e-11
2.283151972477964082e-09
4.679559158324959570e-09
4.965734566077695510e-09
3.543432950027461718e-09
1.577095669726873449e-09
6.531537417832750247e-10
1.056904384087137675e-09
1.177507700888542826e-09
6.539040943358446182e-10
8.725902417850576404e-10
1.594949904587417250e-09
1.345502692479631201e-09
6.418367628338205548e-10
7.843678894925778001e-10
1.086880825905588162e-09
5.611182885436020739e-10
1.385980073532047238e-11
2.333402792379278581e-10
5.375764156900610262e-10
3.515449727653412194e-10
8.439920859363292203e-11
1.622351877499909489e-11
5.138558415005186521e-12
2.655414334350808091e-10
1.122722890594258626e-09
2.078371100475018051e-09
2.149464835632637524e-09
1.234509503791213961e-09
3.116963994492673969e-10
6.029144968173533445e-11
1.380673021276168832e-10
1.050257234757409524e-10
8.243899993346327781e-11
1.807954488847547043e-10
2.087922426583751496e-10
1.246478629326605879e-10
6.502048674206858222e-11
6.061289272586501099e-11
1.715928497078489610e-10
5.063733555045590125e-10
9.067638504985127693e-10
1.054380005439770732e-09
8.510796030408532419e-10
4.528827769650786944e-10
1.543968411669858810e-10
1.655036283027308603e-10
2.808527981587804636e-10
2.320809747037090895e-10
3.660488022478487071e-10
1.088467846505232846e-09
1.881828351201353070e-09
1.976371596657707628e-09
1.576167518546498765e-09
1.561190797658348993e-09
2.617820551871081028e-09
4.880501787640109301e-09
7.386462094050500959e-09
8.315770221445771779e-09
7.202388745328312613e-09
6.092141892550053856e-09
7.020733156041867590e-09
9.363811312905119103e-09
1.096247805947351113e-08
1.081766657238998427e-08
9.698823013029086788e-09
8.891592428303697172e-09
8.899331266563068886e-09
9.040447055773212407e-09
8.364899236435023054e-09
6.970939214710580504e-09
5.817324890855839521e-09
5.331145515769105624e-09
5.200148868806208193e-09
5.517970223707799325e-09
6.788139989115039424e-09
8.622537341096761695e-09
1.035772158321570608e-08
1.358444714778176845e-08
2.104109506078768354e-08
3.090805839580201866e-08
3.582482739827997329e-08
3.160022646974132239e-08
2.390040761619189820e-08
2.138653897263551884e-08
2.453951065996238171e-08
2.642946496494466859e-08
2.295726925452097450e-08
1.733096937514123238e-08
1.472475665087829923e-08
1.622277946380534242e-08
1.857496766534732017e-08
1.800657696618679335e-08
1.372349102583944568e-08
8.426793100233761416e-09
5.797125722792368786e-09
7.203165956862080264e-09
1.040042091446410897e-08
1.160034924294094584e-08
9.365259487282084667e-09
6.105199872532320398e-09
5.042198563650019669e-09
6.404061486676812363e-09
7.629776741935445932e-09
6.698796436244144997e-09
4.133869868524294438e-09
1.834972349356293059e-09
7.745686455567747599e-10
4.744979470722790423e-10
5.031865525680329104e-10
1.108984573965152428e-09
1.926566194671737514e-09
1.825892109220325486e-09
7.972516405722263610e-10
1.255158382415849849e-10
2.954998232702460278e-10
7.522535040574651873e-10
1.539658007306169767e-09
3.006510851633096122e-09
4.579345410254219833e-09
5.854070604700022058e-09
7.837744028703087742e-09
1.134908226607284903e-08
1.524687422515738518e-08
1.768831695890395765e-08
1.876020640834905174e-08
2.098881485735393500e-08
2.644350428902635157e-08
3.320363306295016139e-08
3.647340193626482145e-08
3.437078839935721705e-08
3.072000940796916338e-08
3.101145445168069435e-08
3.752771079717387861e-08
4.854129266013030147e-08
5.980816492089931694e-08
6.754836563454663696e-08
7.276296937718323657e-08
8.120856573221027904e-08
9.607663243949620923e-08
1.123604640953683765e-07
1.219116514862012441e-07
1.237228411684882811e-07
1.265359203276020526e-07
1.396365186052872230e-07
1.612585457048066050e-07
1.784040869543581179e-07
1.805289940080475206e-07
1.725445567388156390e-07
1.719281692220393708e-07
1.926728954947301173e-07
2.319889476342952425e-07
2.715935579910794209e-07
2.935157159234927232e-07
2.983251751837344354e-07
3.074905613589468140e-07
3.433030174728107695e-07
4.046225822010293224e-07
4.653455324345101272e-07
5.001300915393670541e-07
5.113058976892441389e-07
5.263237804826616257e-07
5.657949722960942595e-07
6.177074483131805301e-07
6.495565958831607926e-07
6.459668725598342922e-07
6.285347641733373523e-07
6.350425034790750335e-07
6.798507476044022649e-07
7.367069112179056333e-07
7.635443592754630056e-07
7.467991780386642743e-07
7.192584827856529122e-07
7.293639789165502566e-07
7.916776552068151869e-07
8.703470292378307355e-07
9.137629087323320452e-07
9.059124712146544613e-07
8.821178126374848487e-07
8.915542221673733153e-07
9.440710083740978844e-07
9.979240962436256945e-07
1.003276167909819305e-06
9.559978233940268909e-07
9.036410550704601968e-07
8.956479026769089897e-07
9.306076391366965112e-07
9.584952711604478509e-07
9.356594079047719224e-07
8.718731912829657748e-07
8.206946123029675651e-07
8.272394121017282590e-07
8.853763843433925730e-07
9.414605372494891111e-07
9.424522473235460157e-07
8.875152354019645364e-07
8.293405570982748759e-07
8.165110023137342594e-07
8.388643612343406903e-07
8.399556788752054259e-07
7.799863241828631814e-07
6.759115305229249619e-07
5.821796804593811123e-07
5.424389754895895098e-07
5.582413537373166496e-07
5.929047181174088618e-07
6.020393455894861369e-07
5.681728669168858008e-07
5.126585789395757067e-07
4.732903794857460486e-07
4.676261926871553358e-07
4.786210827484626523e-07
4.767090927023343885e-07
4.526042533167477973e-07
4.255426051569684507e-07
4.233314868903872799e-07
4.600149031538993210e-07
5.300857440324080866e-07
6.170034466300881020e-07
7.086007924150712309e-07
8.111107788666322093e-07
9.447822392472941171e-07
1.114248030042071719e-06
1.283499157594677782e-06
1.394723000868737916e-06
1.420351942416392649e-06
1.389740654132176413e-06
1.356673284148405823e-06
1.342138768306962891e-06
1.313095917970436632e-06
1.216848097189019663e-06
1.033853788423523501e-06
7.969767682919142971e-07
5.630361080712748129e-07
3.714981330170225714e-07
2.309467089094588879e-07
1.342172188260264376e-07
7.371233952923206580e-08
4.257881920639972658e-08
3.172338340008470862e-08
3.149094977635463961e-08
3.477666155279824759e-08
3.810338156684254754e-08
4.128025517147651458e-08
4.528730385429511768e-08
4.903864486160910604e-08
4.907665196335576476e-08
4.329447665933330153e-08
3.377349213595198301e-08
2.490260157304841427e-08
1.920503297839110708e-08
1.572864780449620803e-08
1.230560354340119776e-08
8.395134827231197723e-09
5.145468684201127008e-09
3.576047676113919417e-09
3.756571101293374564e-09
5.089487324977529995e-09
6.441672288048421834e-09
6.767310125269733992e-09
6.281151760791545207e-09
6.051472478046380830e-09
6.163448680805968976e-09
5.595907218800803992e-09
4.014425548295110023e-09
2.304810270113093983e-09
1.335082987989844599e-09
1.304339613655194893e-09
2.021351933459972393e-09
2.898767699538327753e-09
3.105584576865816458e-09
2.430541656611923752e-09
1.566323057024387534e-09
1.160171483297981626e-09
1.098549715275702781e-09
9.852177439064043856e-10
7.980619687519521872e-10
7.533390074975759266e-10
8.739719347580862412e-10
1.030892348651327163e-09
1.219298490922512364e-09
1.472092239888000243e-09
1.633928693583279121e-09
1.549238501449339605e-09
1.348785951817246533e-09
1.245458574557431819e-09
1.217582837823496195e-09
1.157110079385221888e-09
1.114935056168666488e-09
1.209762986448058170e-09
1.496408090221646330e-09
1.947002689720657164e-09
2.360949334371950955e-09
2.442390759418997389e-09
2.167831548227235756e-09
1.837991708242445663e-09
1.653817349711570770e-09
1.553557656285210532e-09
1.474867215420720807e-09
1.438359428312932600e-09
1.443290312103670247e-09
1.528969183105201911e-09
1.735252258017028162e-09
1.861478393106824135e-09
1.622603612254943064e-09
1.146882309514514077e-09
8.991036664223291194e-10
1.030931323745539329e-09
1.204774967402887775e-09
1.109715390997409945e-09
8.165565925489504707e-10
5.962062199683716806e-10
6.307246297439348852e-10
8.960980119969288359e-10
1.159786329857388657e-09
1.134985082295158637e-09
7.927244762938584484e-10
5.090925424509472080e-10
7.484342117872753019e-10
1.499223040468100905e-09
2.103235481796454718e-09
1.870706521371457858e-09
9.540117655240896430e-10
3.363192510874473070e-10
6.876302142501494617e-10
1.498251022687699509e-09
1.753347469590847569e-09
1.216340572814733927e-09
5.159415586903459257e-10
1.751828202947926257e-10
1.637268960896504337e-10
2.799224204489408285e-10
4.009101198478493608e-10
4.178323583806717982e-10
3.292218640724103746e-10
2.905628271846164114e-10
3.463547683441362518e-10
3.379996662086074254e-10
2.009987689605411430e-10
6.641255882182365838e-11
1.699089454858671539e-11
1.954227453173551027e-11
6.760345899327706799e-11
1.555461977398120292e-10
2.123797077393947645e-10
2.345238313572445495e-10
3.245758483295811835e-10
4.777787091782232763e-10
5.227429561418987721e-10
3.719087904316264086e-10
1.597593158051957269e-10
6.264605223685074168e-11
1.101265609382078996e-10
2.059092044462421193e-10
2.318333639612425484e-10
1.322340020677055233e-10
6.734123707780760232e-12
1.171259489617353692e-10
6.808971163115272934e-10
1.651479642877430910e-09
2.829392750065428265e-09
4.205679465410258312e-09
6.078232403454457146e-09
8.788999543543583185e-09
1.233340726756353945e-08
1.609499968095682108e-08
1.893919890038779940e-08
1.983180519478234581e-08
1.858051913897334577e-08
1.591540560165223784e-08
1.282441240467395129e-08
9.934740238567411063e-09
7.469099456157375331e-09
5.482322197943104590e-09
3.947900182888058882e-09
2.725449490724865749e-09
1.659227415429539207e-09
7.724104631245936021e-10
2.345852450867354992e-10
7.188995854067758436e-11
7.312342882216415312e-11
6.255732580518517114e-11
6.177246358233368148e-11
1.059703404991862058e-10
1.305306597343351332e-10
1.000393303630002748e-10
5.648340987993744741e-11
4.485822453571250194e-11
1.044512992910816317e-10
2.197836204449455811e-10
2.530472241429195632e-10
1.307685183578305155e-10
1.499913746184104966e-11
2.999118425400779496e-11
4.583521445900796646e-11
2.513537314838152375e-11
1.990849726869021285e-10
5.643817733072492362e-10
6.926054587166326816e-10
4.003961272702759678e-10
9.975901081211479425e-11
1.446136540783669181e-10
3.215819210455729536e-10
2.959671367732142260e-10
1.285083205582922067e-10
5.851512210543824116e-11
9.301310688591833969e-11
8.138591273980053072e-11
3.985068487697311533e-11
1.909128304815603399e-10
6.686267152406051713e-10
1.252324334913880831e-09
1.480447809259494635e-09
1.122917073253439346e-09
4.969633591891156563e-10
1.479669671511138467e-10
2.313926076449543531e-10
4.291827815933449583e-10
4.588650051220052304e-10
3.597725876968090536e-10
2.603634664383487433e-10
1.930377602601237320e-10
1.669986050593231004e-10
1.600544862939816673e-10
9.713276551618812022e-11
1.195741376316325929e-11
2.234326486496548395e-11
6.599954322175770600e-11
3.174717587559891681e-11
1.192065253941357147e-10
5.326727695795215705e-10
9.455634205139357150e-10
9.164057266300166012e-10
6.365426839109177968e-10
5.887836969161062208e-10
7.306906190312167763e-10
6.718321236537733762e-10
3.862241586826138640e-10
1.868860665146842148e-10
2.165263045297203766e-10
3.437720755644247084e-10
3.918669135827972169e-10
2.867408355466907307e-10
1.061524408999796179e-10
5.235908946720806294e-12
1.927027344299384444e-11
3.898652570601097310e-11
1.799275260797391764e-11
3.729838860287363531e-11
1.330187264457894469e-10
2.245192779860100758e-10
2.471343256050542220e-10
2.453782165520152993e-10
3.180060497724516123e-10
5.204219562984730434e-10
7.806832850816304113e-10
8.790109684205544823e-10
6.471976597177762290e-10
2.845885430786102713e-10
2.382702793484972483e-10
5.590122214812426424e-10
7.197816261839910403e-10
4.158686134728493976e-10
8.570145058823466366e-11
1.652221287886872843e-10
3.790918261123287882e-10
3.233442168198263523e-10
1.488248702889916671e-10
1.395075343835274638e-10
2.170872306757597606e-10
2.371894471388588429e-10
2.087434835325417690e-10
1.268744258129841113e-10
1.138838397037382895e-10
4.652504731049013692e-10
1.051383800212446983e-09
1.257123149552036481e-09
9.911404043218109492e-10
9.463019193272478055e-10
1.449051738268605070e-09
1.968231632120909245e-09
2.058971541329191780e-09
1.864841165689906746e-09
1.527395713148661385e-09
9.774704905209139380e-10
3.938749465221302108e-10
1.520390998945200963e-10
2.873105738422862252e-10
4.837013284402911133e-10
5.371654170676788342e-10
5.273309974243131036e-10
6.056359305593375186e-10
8.015704429566415524e-10
1.052557675018439733e-09
1.377928403928064756e-09
1.905014539554753265e-09
2.596373668073390693e-09
3.076236077719662019e-09
2.965126309299295695e-09
2.354762969310157880e-09
1.797474749459132718e-09
1.932766020640228063e-09
3.276103462101404365e-09
6.064830898167045426e-09
9.756096146805602037e-09
1.271932585265501328e-08
1.316481294460886014e-08
1.078700798213297501e-08
7.101290081007748696e-09
3.928103653746605848e-09
1.977827123946906743e-09
9.964215322873048888e-10
5.608681219487214576e-10
3.582548609618075317e-10
1.889737019794724007e-10
5.739748275718014691e-11
8.293450845763887210e-11
2.781817779649029283e-10
5.328557820993890241e-10
7.065088517035350641e-10
6.936238245715131105e-10
5.521559407247862946e-10
4.791218455952775755e-10
5.065845396401148932e-10
4.476921860581094274e-10
2.527413670107853158e-10
9.113131164042432368e-11
4.734937341054830750e-11
8.406626148000544572e-11
2.070262851193516182e-10
3.487178163321465602e-10
3.284346090912868656e-10
1.579393072953189820e-10
4.130947256190411607e-11
1.336252880618557476e-11
1.578104576252778655e-11
1.760056604167917250e-10
4.942895141842015650e-10
5.967553323090276291e-10
3.309478096954532376e-10
1.169366287142851971e-10
2.415180589751770925e-10
4.136141281931346647e-10
3.757143099968918761e-10
2.794743472294463318e-10
2.359087535158678417e-10
1.661684824493112439e-10
1.496478081670321638e-10
2.964062627480566910e-10
3.971644743615543766e-10
2.524830610433610336e-10
7.856035320581723329e-11
1.139250870648160523e-10
1.951794076515664641e-10
1.210126343526919377e-10
3.153081477904549738e-11
9.925758843565002919e-11
2.122404650261441150e-10
2.058917964619976675e-10
1.152472938634149336e-10
4.793157574074970019e-11
2.595644936272008029e-11
3.161340010751206924e-11
6.272030512637192930e-11
1.066895826183426979e-10
1.381967496021289393e-10
1.512470485806417024e-10
1.653768921110122306e-10
1.993568536700490566e-10
2.346610565573108014e-10
2.169585914668997062e-10
1.294900699453281810e-10
4.502238808156358089e-11
4.165685727259763881e-11
8.430044696278893300e-11
7.534920249727049008e-11
1.667633419311428149e-11
1.089788586049809504e-11
8.238801951251353325e-11
1.245736953962886958e-10
7.438060639861084750e-11
9.224279969108526788e-12
7.093273750403754884e-12
3.527815513731163387e-11
3.762686635011774955e-11
1.973166813301663565e-11
6.951991201160542510e-12
3.871924416566933696e-12
5.109963094221135639e-12
2.281593820128450202e-12
1.982595275324971871e-12
2.395644913704224568e-11
4.369694112895962236e-11
2.179846639151457938e-11
1.571841603026341901e-11
9.314873679900729658e-11
1.521091080428830923e-10
8.035703378025445674e-11
5.238069564888957653e-12
6.756054878275734647e-11
1.293931299313796191e-10
5.788169575007291751e-11
1.713914561896882787e-11
1.312336713889021460e-10
2.184320642882697467e-10
1.528549782941579485e-10
8.574161317649613469e-11
1.142200022985859595e-10
1.341186300933194103e-10
9.485193847803415923e-11
5.337515001259468353e-11
2.350777304018855575e-11
1.110207181579124100e-11
4.855773622109812371e-11
9.053558693846715569e-11
7.767239209416534866e-11
6.206950130965770035e-11
7.737268646743239675e-11
6.127733326045156682e-11
3.611308596250256156e-11
9.348845441071908910e-11
1.683575665484376561e-10
1.311154860030964735e-10
3.075632378390534944e-11
3.202807910048786618e-11
3.621449653304390022e-10
1.419622320901940059e-09
3.425426387334624381e-09
5.772347449453357114e-09
7.224929375563666922e-09
7.022943739722426166e-09
5.538280976420772377e-09
3.801675538590409823e-09
2.612183815504821820e-09
2.133044055733179268e-09
2.141960133791633257e-09
2.407103750965815718e-09
2.713265386969628808e-09
2.806697612947166498e-09
2.604824320935846832e-09
2.244221934511310759e-09
1.752025459502222599e-09
1.043969337917068249e-09
3.340230231266506001e-10
1.303476560854716406e-11
6.945527262858125167e-11
1.572703093379186937e-10
1.494100356382454312e-10
1.403803939571074464e-10
1.300093024440386660e-10
9.970589887732513608e-11
1.120038208848859172e-10
1.471774838795550817e-10
1.844232097618868321e-10
3.816512000879651164e-10
7.622265459093084579e-10
9.570234494873861794e-10
6.888545899663832036e-10
2.247600623633034941e-10
4.138810132103069676e-12
1.139615315310238179e-10
3.507241434326897246e-10
5.263576294788766478e-10
5.655441783040289037e-10
4.772219608520828606e-10
3.408860273744431686e-10
2.859269133184677250e-10
3.880073853869002081e-10
5.220533788285676341e-10
4.796014519088737656e-10
3.552931930963558364e-10
5.021025199647986156e-10
9.031458841623361140e-10
1.045267649868052001e-09
6.971001980999533773e-10
3.180079845594482997e-10
4.053628551889021864e-10
8.908765684493580743e-10
1.429149613878522808e-09
1.906230910393505186e-09
2.388500708041949992e-09
2.714374459462603525e-09
2.479350106577936847e-09
1.754429870058616448e-09
1.605780586477714770e-09
3.099822404518571386e-09
5.650151999778250860e-09
7.282580808987107395e-09
6.892315146742094710e-09
5.351601937801322876e-09
4.038051335765099447e-09
3.232045090221075255e-09
2.509906453202714887e-09
1.922922647244085487e-09
2.003618575232424636e-09
2.841485131640201853e-09
3.736844686165180028e-09
3.881518581862509992e-09
3.114109763017479889e-09
1.896762668836248361e-09
7.971594116961883611e-10
1.703351755998090476e-10
9.985633563204791980e-11
3.688971992638442288e-10
5.909582742789632683e-10
5.484413706391612420e-10
3.557930708210328979e-10
2.497655592041085570e-10
3.158225517195156440e-10
4.845303711859999557e-10
7.610470340713790227e-10
1.299748357978538623e-09
2.070799896856785527e-09
2.615315521075610579e-09
2.513978082154016537e-09
1.994339197639493416e-09
1.626141834440853138e-09
1.536135600094580323e-09
1.397750876532748228e-09
1.050520850198222946e-09
6.646248636907214516e-10
4.000658397019217671e-10
2.504815470851913751e-10
1.571275940134661369e-10
9.287872447846951340e-11
5.973892822152460992e-11
4.466949183685193992e-11
1.781965187472462941e-11
2.827607718123104775e-11
1.630400552346957478e-10
3.145377570353777889e-10
2.511054519480608229e-10
4.103179033419175837e-11
5.608615050953197819e-11
4.088180160669832589e-10
7.290282690909542123e-10
6.479397425155430118e-10
2.833480490670651294e-10
1.264823164937702978e-10
4.664443106557643495e-10
9.855603324807660231e-10
1.126312434671118781e-09
8.438837014064561533e-10
5.849765521112993282e-10
5.203743550501637434e-10
3.875276587633198753e-10
1.301576847493494571e-10
4.397966473480662595e-11
2.145389825370296519e-10
3.588848695525086650e-10
2.743183443356634977e-10
7.799132434313909643e-11
2.212391848709124761e-12
1.207318625595086192e-10
2.631463442987957060e-10
2.292806309927001226e-10
7.593498165011006810e-11
9.346142774398968855e-13
1.472128367960255950e-11
8.833757276200984012e-12
3.608730563556362587e-12
4.213142138525040742e-11
5.257228122742219822e-11
1.884989518201468216e-11
2.886390682941214921e-11
8.512846397906757384e-11
1.235454804369420067e-10
1.421893177950115219e-10
1.277949034957068767e-10
6.133700135078761250e-11
4.480896902019037782e-11
1.305269229388475728e-10
1.528460189877665707e-10
4.773801240137179285e-11
2.745297999516418664e-11
1.496430399830430140e-10
1.727303781772006529e-10
4.755403243299009020e-11
1.273249992224901748e-11
1.066961793135447128e-10
1.259427627433069137e-10
4.289379816079088471e-11
3.266918588150587114e-13
1.926137782682169690e-11
4.395549818689857227e-11
7.762340444186425697e-11
9.666767580175391686e-11
5.473367327576484767e-11
5.903979837377612771e-12
2.213851167345567490e-11
6.249652221674146958e-11
6.876396448407957900e-11
5.839466436382378180e-11
4.964143188199155947e-11
3.210812961206667066e-11
1.706222701762334788e-11
1.660207472115273537e-11
1.706493899135545693e-11
1.675784256383443971e-11
2.478976197891985535e-11
3.046843344979066962e-11
2.564714543914652605e-11
1.703795731049283160e-11
6.891359873895982635e-12
1.078516350595909684e-11
4.969517444165741654e-11
8.812021908207952199e-11
7.111204421351408707e-11
2.759394830410777226e-11
2.075638121496685368e-11
3.310629556952609420e-11
1.980310091852519330e-11
2.003192076594538110e-12
7.389296191102303156e-12
1.220537575273981789e-11
3.619137963570838517e-12
1.923377641014784610e-12
5.306230932049037924e-12
8.099445512392604270e-13
6.616312739059768671e-12
3.310173201495907559e-11
4.825252112137891539e-11
3.065856914061023040e-11
5.701652001078666933e-12
8.835038896930466897e-13
9.733955038434621013e-12
1.524874263218474480e-11
1.752609473376540676e-11
2.848394643438130167e-11
5.791123530346866804e-11
1.085876226903205757e-10
1.650952353401964571e-10
1.863920571456685807e-10
1.450599010564159171e-10
7.752321973591160843e-11
4.574988194604726095e-11
5.236674977988868696e-11
5.475695827313692064e-11
4.146156374291001952e-11
2.596193592236952245e-11
8.061028833827822719e-12
2.968031509776558614e-12
4.070810014406118356e-11
9.428693202143256425e-11
9.716848837426383143e-11
4.924711143699667169e-11
1.031818893731734321e-11
1.268688370752268207e-12
1.158135248408052375e-12
5.927847924265482239e-12
1.881878458725266102e-11
2.734330772685152913e-11
2.951005180262463205e-11
4.034843619256595689e-11
6.337038276430910621e-11
8.488730803014935096e-11
8.813234758383335755e-11
6.994243085018909374e-11
5.623282221577503540e-11
7.428659000378305118e-11
1.051650187961211214e-10
1.115172613007085825e-10
1.008757252684842531e-10
1.160729371764828242e-10
1.992461069423192921e-10
3.743787311830821354e-10
5.813061822303913719e-10
6.570581966237505040e-10
5.133561324265032047e-10
2.774801418106115177e-10
1.244891780809238081e-10
7.602184647357653205e-11
9.258986874453489246e-11
2.015028072808674714e-10
3.880867786522050188e-10
5.202554460315862437e-10
5.095129919489130170e-10
4.238670846958276942e-10
3.771546937671144522e-10
4.167371149295294031e-10
5.332003107709726713e-10
6.701299553275713260e-10
7.211660705690518412e-10
6.103924997238246275e-10
3.899776636293539409e-10
2.033732716652965320e-10
1.395037232216219199e-10
1.584563579471743777e-10
1.694745781700197923e-10
1.377520319784069665e-10
8.961233744056700513e-11
6.021190537729590786e-11
7.208770610562072838e-11
1.255348042563295322e-10
1.859526498471629301e-10
2.116808442317886048e-10
1.924968671763556968e-10
1.427825789123403548e-10
9.183481331227601059e-11
8.205857452894931807e-11
1.154807013957973628e-10
1.257305370370355464e-10
7.451083786043050233e-11
1.662437142324537765e-11
1.607688049995172296e-12
6.894219639823888679e-12
1.806873304942066261e-11
5.043811040402527782e-11
7.151461167515686150e-11
3.990223276968590063e-11
2.035344730569738654e-12
1.843829576819156270e-11
5.456495688450333224e-11
5.699790114478904846e-11
4.482028070308717753e-11
4.434951453674874745e-11
4.313547824400106455e-11
5.071561035154252505e-11
9.258466515698019426e-11
1.376377136969144201e-10
1.315240007337152107e-10
8.246119349049432428e-11
3.929112295778818778e-11
2.025636923527672715e-11
1.295413383553461891e-11
8.368711261419877930e-12
5.819991591754417921e-12
5.874934419266933978e-12
1.171736866602210619e-11
3.309050003551069892e-11
7.577830696308587037e-11
1.146195651966607447e-10
1.090874171933992700e-10
7.663361745271419013e-11
8.706840561025554039e-11
1.371367050616632729e-10
1.333777999159115386e-10
6.166894972452888098e-11
3.373005195444501210e-11
9.136202403799046721e-11
1.369021938550015461e-10
1.412569902452737529e-10
2.163449106141784028e-10
3.711645355096664313e-10
4.128136723361377091e-10
2.406022963960894478e-10
4.548927083681275728e-11
3.973401322817399590e-11
1.484030749846496448e-10
1.698387683984224680e-10
1.187310280511968565e-10
1.758311768935521976e-10
3.529476314535467900e-10
4.452301369231865011e-10
3.335200527407321282e-10
1.382409481233799178e-10
2.415636057715563329e-11
1.032411995154906676e-11
3.555238672553253292e-11
8.098021205400149823e-11
1.465324657179066462e-10
1.928742964574179027e-10
1.849444878649313218e-10
1.457915621143907342e-10
1.142399644797700832e-10
8.810307603578564595e-11
5.149970959685908238e-11
2.015636744814079183e-11
1.555435888472836186e-11
2.403857832003440993e-11
2.109375486331938444e-11
1.050973344029124934e-11
6.856566703732436680e-12
5.603196643068408099e-12
9.767170338772829484e-13
1.280893301663567501e-11
6.937835930980390299e-11
1.656154820911001750e-10
2.443780970025119605e-10
2.366260820314470689e-10
1.484594849064843660e-10
8.007225782042349553e-11
9.726937056957618954e-11
1.278562315920820406e-10
8.418892612268813540e-11
2.479493815663312731e-11
4.661134764500421882e-11
9.112492903429767385e-11
5.290024103364603322e-11
6.489587537913097360e-12
9.545735627064959115e-11
2.603182358896127232e-10
3.132500477209343410e-10
2.240392578831800294e-10
1.183125381626918809e-10
6.389725987214531835e-11
4.003145100005535043e-11
3.374672924977639982e-11
3.335244166943051030e-11
1.593690307098212389e-11
4.560827019916319575e-13
1.194830949217207131e-11
1.584695718660690237e-11
1.109857664582401890e-12
3.072327841963608252e-11
9.719996142275954634e-11
9.285536854521489582e-11
2.243192037523233579e-11
2.621276690312936665e-11
1.156483548527395007e-10
1.396970958374191728e-10
6.381022790009090224e-11
1.935090780550015687e-11
5.208567325848954163e-11
6.771679075226443632e-11
2.891000853225972911e-11
6.216132334254157035e-13
1.392997676751334917e-11
3.397187271882649368e-11
3.862575009357272176e-11
3.927169819877236233e-11
4.931464090571905173e-11
6.931324162004041623e-11
8.489994748331134449e-11
8.122463834321319207e-11
6.539116965122903665e-11
5.350033597482385608e-11
4.585666490080398180e-11
3.791551168153923556e-11
3.072127104642698710e-11
1.941034595453403389e-11
4.133398763269509635e-12
1.927992968921682027e-12
1.461299876835568641e-11
1.809159106503303329e-11
8.662748646435009127e-12
9.244315232313077142e-12
1.956136095693062355e-11
1.931898488426931216e-11
1.286357033522280861e-11
1.475068837826433086e-11
1.625635113893988047e-11
8.480215995314939182e-12
1.457259605685876522e-12
1.448666566087006385e-13
2.555378309998308355e-12
1.429756013255137663e-11
2.719623327391564194e-11
1.871583873315690438e-11
1.191212346332521355e-12
1.318760914452467635e-11
4.610279514076410905e-11
5.223028122647825594e-11
2.684939749051548010e-11
6.260812505753908010e-12
2.658872588722917710e-12
1.576328302954555455e-11
6.965300383546666966e-11
1.594750342911911155e-10
2.094238116348686635e-10
1.628216579884812002e-10
7.035492326727717760e-11
2.078338629016135369e-11
2.688509458648416195e-11
3.968978475816596664e-11
3.400402045786437908e-11
2.164205354407852448e-11
1.120362491894214146e-11
6.316769829364345723e-12
2.220073403173268267e-11
6.208792990712177902e-11
9.433116925465174730e-11
8.797639639725279442e-11
5.695705758695350450e-11
3.906993164836229048e-11
4.417695854142418559e-11
5.189575985783131600e-11
4.956355722829837190e-11
4.247071523440745874e-11
3.284900941958980669e-11
1.821132519273752241e-11
7.004886342948212542e-12
8.740123328215866198e-12
1.492624560085635612e-11
1.541075078777175871e-11
1.815233866716054783e-11
2.590447126677674481e-11
2.185481090496453040e-11
8.661915253887570756e-12
1.863168073765272716e-11
5.101638892383964399e-11
5.632478484453442370e-11
2.130965846771628315e-11
2.959353188424476247e-12
3.603706500364666247e-11
7.462301317448506243e-11
6.798999512502001925e-11
3.385369269092776785e-11
1.703379825454403125e-11
2.332507032750416841e-11
2.909304594685167183e-11
2.496867487211209323e-11
1.995856433935817421e-11
1.725345772900444614e-11
1.119496665833064419e-11
3.446163942510460950e-12
6.190266192692534466e-13
1.416335236574508970e-12
6.272748743657875371e-12
2.127502618739223700e-11
3.296027201325557943e-11
2.129679453840365440e-11
1.401017303145496126e-11
5.445943762868387418e-11
1.062857353367209570e-10
9.409990350468216795e-11
3.404981617657567185e-11
1.397791881559093848e-12
2.154357874405451925e-12
4.109976955039640370e-12
2.041449001177165676e-11
4.641063009287461751e-11
3.242598986496650352e-11
8.621595231062013524e-13
2.670806760568167739e-11
7.335497323986671827e-11
5.152551098884764928e-11
1.167538701222408466e-11
5.228034475372717858e-11
1.181668795956105524e-10
1.050781828483150494e-10
4.311996705210396701e-11
8.376214621142566961e-12
1.451131337408253697e-12
8.077234571624815649e-12
2.473850825748247546e-11
1.969895574197646143e-11
2.998697006643869868e-12
3.987529548885395184e-11
9.974786689033185906e-11
7.769492468950828162e-11
1.072119526381240372e-11
2.596262780334212144e-11
9.048364417894261577e-11
8.728907290589644817e-11
5.916994846805563564e-11
1.015401772927082749e-10
1.438018042486986670e-10
8.793848152343309737e-11
8.989968650002432206e-12
1.510787113068641250e-11
6.509318964493937630e-11
6.961751158372456148e-11
3.507445469767017890e-11
1.478443872149547367e-11
2.146450006980524448e-11
4.033405566193483795e-11
6.577655731580162259e-11
9.490003783666350670e-11
1.102718529951718512e-10
9.344571219455225082e-11
5.620886477989793068e-11
3.036932763720525315e-11
2.130589737712199254e-11
1.136260465153654083e-11
2.363978009708110997e-12
3.665000773063662958e-12
4.035707659804900000e-12
2.530505187754196012e-12
1.613398048584317921e-11
3.021669071144594306e-11
1.787891905312636323e-11
3.523680140873397498e-12
1.583635964713875397e-11
2.215925527646788524e-11
3.685706746113000547e-12
1.289008320869151443e-11
6.948863646679611259e-11
1.053385992012768185e-10
7.937074562931593716e-11
3.769522723928969688e-11
2.331431752775581213e-11
2.485661562709067543e-11
2.382114091343965025e-11
1.912814528585295450e-11
1.218869355648144706e-11
4.766064678968637957e-12
4.035076238679795588e-13
8.238299357655113266e-12
4.451068764991480474e-11
9.615897017313534574e-11
1.072121491237241737e-10
6.071271451747197010e-11
2.319751016009785929e-11
3.773225619238510982e-11
5.164353493634915043e-11
2.309811540128448618e-11
1.089110478285218548e-12
2.776517236330759593e-11
5.956679629113533446e-11
4.784088868117906156e-11
1.456243667833419177e-11
1.908820742681656015e-12
9.797881523098830700e-12
1.463022964996150435e-11
8.716357883560300121e-12
1.277436089387756839e-12
1.470593813214849119e-12
1.005598268988218653e-11
1.883944165680004390e-11
1.720239293868223320e-11
5.978364246762059667e-12
3.278420156993834965e-13
8.317299926329965534e-12
1.596446490755007288e-11
1.002204375146234397e-11
1.324804273195349199e-12
4.131684611163629800e-12
1.107522907390339613e-11
1.106133908311588104e-11
1.006527454316684654e-11
1.563475907381133842e-11
2.429406343615085666e-11
3.477052922739370966e-11
4.848119541910463009e-11
5.403757562974205878e-11
3.872335149157671869e-11
1.563576354453063255e-11
1.052884172502325878e-11
1.998545621844930166e-11
1.614804976829228246e-11
1.195295533554862856e-12
1.365441023874945259e-11
5.853142902688841838e-11
8.318243782854562395e-11
5.742330704834714604e-11
2.050016852985680373e-11
1.159644157812123105e-11
1.745514016973012640e-11
2.007408875026537778e-11
2.826066711548252867e-11
4.144524543298845225e-11
4.416965380368600878e-11
3.761752297910849376e-11
2.981554931373378282e-11
2.067285371735503849e-11
2.675372791688116469e-11
6.768476523702135067e-11
1.114683340843093744e-10
1.036008531670177864e-10
5.433086703927456557e-11
2.042854794317886294e-11
1.238012116680434279e-11
3.870571520192180516e-12
1.079770337008341035e-11
6.265196720685427348e-11
1.131002335192840469e-10
8.829431560974432619e-11
1.873731682680920491e-11
8.610326445796899111e-12
7.168029564217262184e-11
1.163324746097502760e-10
9.715060135297489855e-11
6.185019130080188916e-11
4.752510791310814985e-11
3.963203815068756659e-11
2.792277247049594097e-11
2.216130248422094812e-11
2.803837623530104796e-11
4.448275801389264726e-11
5.815671577509830302e-11
4.789709076587151494e-11
2.071303533865142582e-11
4.124656496462202557e-12
9.511004930576473420e-13
5.886909298218461780e-12
2.522166122460732800e-11
3.611409611710082294e-11
1.804568458030395895e-11
2.495034593017653533e-11
8.810209239371529258e-11
1.162300432975054087e-10
5.530881691846983764e-11
2.629647655398697731e-12
1.684867511681333741e-11
2.943343550380501594e-11
2.513736093088056669e-11
5.022702940362279416e-11
6.006545341052187778e-11
1.704976415974613260e-11
5.104500559370297762e-12
4.562384128086829223e-11
4.250769873196752888e-11
7.229662591809679646e-12
2.934471873368849984e-11
6.101646770109373906e-11
4.056869116437304906e-11
4.896060633050054269e-11
1.006708259627465366e-10
8.162698418876249693e-11
2.140754482702043453e-11
5.802851370500677279e-11
1.416300126954238856e-10
1.320446679445473597e-10
6.034821430598428686e-11
2.470530728004187335e-11
3.483378560281775706e-11
8.065554959392063502e-11
1.308253300563616388e-10
1.079219066871245778e-10
3.697198883280279108e-11
3.141178024200857237e-11
6.666016601823628026e-11
4.099061763650418473e-11
8.097172961948957371e-13
2.674223339485846461e-11
6.397412313219189702e-11
6.649286527433646714e-11
7.479630576914447930e-11
7.855114833358311605e-11
4.688589538933255739e-11
3.534067478015321590e-11
7.142069243701859065e-11
8.681734781057592194e-11
5.580076121707624276e-11
2.318238850470904237e-11
1.586624766613215091e-11
5.502148981241257688e-11
1.396536536164725713e-10
1.863483303796430598e-10
1.412753951054352972e-10
7.524432381315352721e-11
4.667524762408648211e-11
3.442773508443409471e-11
3.712801876514574209e-11
4.912315970941036117e-11
2.461315498268091405e-11
9.286062327185041456e-13
5.555053232251492418e-11
1.146611093635086902e-10
7.387428023754497337e-11
1.238290924569725784e-11
3.330731975738019403e-11
8.697105649127086356e-11
1.099521872317427990e-10
1.071586357931185705e-10
8.596537451022584285e-11
9.180625087139685195e-11
1.633152263827091029e-10
1.946018117796251434e-10
9.981651742073190899e-11
8.429087516594622954e-12
1.977738973548902483e-11
3.258173719776944292e-11
1.573248907911638678e-11
6.197587499773784743e-11
1.197291494639547517e-10
8.194401534052108834e-11
2.592817820619908181e-11
3.414517470174115328e-11
3.576499624132704503e-11
8.490673237628352804e-12
1.609759017746024231e-11
3.589495684829465262e-11
2.942609723510808934e-11
4.419189726562733481e-11
8.132490461517050937e-11
7.750545691814832673e-11
4.156291206902839397e-11
2.291083765222474952e-11
3.147820427390739352e-11
5.995965904508705209e-11
6.831027156887127707e-11
2.569779681219336963e-11
1.158322640380907953e-11
7.229305047226443040e-11
8.844682398640044395e-11
2.431273103248129301e-11
1.857115503972577679e-11
6.847009129936191564e-11
4.492895850960746692e-11
4.262017816312199075e-13
2.604943069099063716e-11
4.691743425010506645e-11
6.309030431316116403e-11
1.585293251874838064e-10
2.158283110306250764e-10
1.331048232596241125e-10
8.569966475386749011e-11
1.465995104568108855e-10
1.339890578514250300e-10
4.175022551216132784e-11
2.902496385050971264e-11
5.638928432859228212e-11
3.328828055966165688e-11
1.528812314121271847e-11
1.584000537112789751e-11
1.958345172503029540e-11
8.037571105480566291e-11
1.295022870115189301e-10
6.799240962288102829e-11
2.191206765653745214e-11
5.172036987768880026e-11
2.395708643102135586e-11
1.789439973246064407e-11
1.381262748049570612e-10
1.397491012801898292e-10
6.953701535834279405e-12
9.940460032874620338e-11
2.715354935779345789e-10
1.390966746913273598e-10
1.621620972370025881e-11
1.592357297420432232e-10
1.368856287965820529e-10
8.221240114258343118e-13
2.465767956661723180e-10
4.524183585549560115e-10
1.555190450605096392e-10
2.008684991129406814e-11
2.600181037615254725e-10
1.681806461272702991e-10
9.788636329009717306e-12
3.734402483331334913e-10
4.903859179332187445e-10
6.853239911590486096e-11
1.564934709856805869e-10
5.369950389230924618e-10
2.330237789448392322e-10
8.970730294530240428e-11
6.438500764348687749e-10
5.488401940631655121e-10
3.859528936683919770e-11
5.803035416602080513e-10
9.909999576006977182e-10
2.332740179107412073e-10
2.986527536143913244e-10
1.158916074590055239e-09
5.354726540446632107e-10
1.213090794652316675e-10
1.755365485155060338e-09
1.935385809497896014e-09
1.436781581528953647e-10
9.717257413228824089e-10
2.463935173659072590e-09
5.577882271088702402e-10
1.023954956292840504e-09
5.225531422579331093e-09
3.180848763790061423e-09
3.816495203269272681e-10
1.123021759998189651e-08
1.687395842436804211e-08
1.442569331896807063e-09
2.589149143184124682e-08
1.512580478466632988e-07
2.920525171530304742e-07
